1.0000000000000,-0.2768469261616,0.2741571004711,0.4140523398514,0.2612479601207,0.1802184253063,0.4929179353450,0.7104093832820,0.4340229729717,0.4740974110726,0.3538262714173,-0.0172498854753,0.5045168936787,-0.2054453038369,0.7121042740745,0.5891082460013,-0.2340492831014,0.3562214528811,0.3882615792385,0.1678792828115,0.3326864967342,-0.4806362513037,0.0715149274962,-0.3182611679604,0.3164901237109,0.0522504116158,-0.4116614056648,-0.3598201800687,0.0023854913250,0.3861069942098,0.3905475604169,0.3683578318147,0.1128286033635,0.4450539121411,0.2953024147933,0.3726855651442,-0.3414783456465,-0.1436932566177,-0.0140088211369,-0.1590951648884,0.4879165086667,0.3418083525290,0.4761496292453,-0.0898338506880,0.4446124034944,0.1402689204727,-0.3363523859698,0.1417623756210,-0.3061046913982,0.3358049844809,0.5315348883497,-0.1069765435109,0.3159455346101,-0.3126468155580,-0.1194431340147,0.3212636322467,-0.2388544856076,-0.1284620408927,-0.1091219421060,0.0409907221757,-0.2618276824348,-0.5842743260592,-0.3729958940659,-0.5084342307972,0.1122805298902,0.0659809192640,0.2540637818813,-0.0961528717775,0.2481464522585,0.1278877329904
-0.2768469261616,1.0000000000000,0.1140223213412,0.4297380339527,0.1231493823771,-0.2163721037172,-0.1730280473902,-0.4875034727796,-0.1067401057032,-0.2964228187466,-0.0447611000769,0.2114599420162,0.0017640895054,0.2060698410223,-0.3138804104532,-0.2332266822917,0.6219465951141,0.2877353025142,-0.0720025334243,0.2319993103624,0.2842523817514,0.6382851103149,0.4394829099438,0.6746906607132,0.0460239838646,0.0876315959472,0.6102162373014,0.4811070419707,0.2288967066150,-0.0326820141217,0.0709227589748,-0.2275118114691,-0.0134395486374,0.1065412972308,0.3659963623016,0.0414747691158,0.7531176585847,0.2214440216811,0.2254324271753,0.2247920902815,-0.3380979416681,-0.1277165486637,-0.5496650951893,0.2059263688264,-0.3658588896095,0.1352781846344,0.2807913263654,0.2456447160664,0.1223817842084,-0.2934254423964,-0.2364059693679,0.6085945830641,0.2238757896982,0.2809385276341,0.3220259860132,0.2461658184721,0.4550448491423,0.5845365166527,0.5290805237774,0.1508926715135,0.2227306530975,0.4848511235235,0.5007973278434,0.1080748827446,-0.0834840940472,0.0133659597293,-0.0939383756812,0.1322383422446,-0.0448268666912,0.2652202611388
0.2741571004711,0.1140223213412,1.0000000000000,0.1554760245114,0.0400847041260,-0.0837259561596,-0.2983498082419,0.3435350827425,-0.0749096214406,0.3155531544686,-0.1397390109286,0.1758979669954,-0.0846460500512,0.3381921919929,0.4684768457679,-0.0082482364680,0.1440272770024,0.5484059441107,0.5155064669652,0.5284081266793,0.3669953208714,0.1571832499950,-0.0572419346442,0.3399107808629,0.1978567294539,0.3218072985118,0.4216656149777,0.6182413984167,0.1926224684835,-0.0885394435924,0.0248402320143,0.1337682843003,-0.1066117519925,-0.1477313605724,-0.0820813817943,0.1324559852262,-0.0672547537517,0.6441445941296,0.1004974022238,-0.0181305962355,-0.1618537364856,-0.3778951337969,0.0761542960394,-0.1125521708141,0.0866834170292,-0.1954131769901,0.1736329073858,0.0250797677570,0.2139949452964,0.3143584672688,-0.1390914615173,0.0462206951651,0.2110583324698,0.2842920134063,0.2705416587053,0.4238322254416,-0.0410520820316,-0.1724637656299,0.0124807327483,-0.0930278095945,0.3235000341281,0.2055675106014,0.4660748445140,-0.1406955539604,-0.4511887564314,-0.5683153243037,0.3316609030491,-0.1108236603086,-0.2798060310787,-0.3335049020964
0.4140523398514,0.4297380339527,0.1554760245114,1.0000000000000,0.3868783975779,0.0953396395379,0.4025165118044,0.2235160197603,0.3395740130271,0.3674052414678,0.2628045474160,0.2555804478633,0.4875745417996,0.0594909023205,0.1789878179210,0.4661858816449,0.2829047749451,0.4174988765002,0.1815684763250,0.2125353516140,0.4720207819296,0.0948440201419,0.6613442490472,0.2132346609803,0.5058348568082,0.3554787399255,0.1618586539471,-0.0141224402930,0.1492158013523,0.5068298332072,0.5070246480785,0.1634559043246,0.0362970745618,0.5537903331873,0.6856596616928,0.1879196244985,0.3935304875351,-0.0386219863580,0.5207768262504,0.0662905050004,0.2757343938277,0.3446304127632,0.0515246415108,0.1530134062046,0.3183560330159,0.1154392303686,-0.0508844722382,0.3418054020845,-0.1096584715206,-0.0473950707126,0.4181621979696,0.3604296394973,0.2460240134677,-0.1721486975219,0.1254227974719,0.4146893741318,0.1564955258782,0.5249049985797,0.3581270517483,0.4348938626389,0.0617660505175,-0.0851104022693,0.0459091068356,-0.3420277695328,0.2475133936244,0.1716841451951,0.1789530787002,0.0426292098126,0.3840612956813,0.5363254047300
0.2612479601207,0.1231493823771,0.0400847041260,0.3868783975779,1.0000000000000,-0.0626130716892,0.4188127070962,0.1518650279331,0.0988956295310,0.2517264166776,0.5491881712146,-0.0985574668939,0.7187718452127,-0.2330683528622,-0.0497502460425,0.2266224427265,0.2596580070937,0.1848440418707,0.0622056930337,0.0371209650317,0.6338456527309,0.1098503374518,0.4054399893306,0.1721328764428,0.6051297807900,0.0543567305265,0.0027203251672,-0.1656438814810,0.4711386992879,0.3071530961834,0.3055699531521,0.0310660227666,-0.2563423329765,0.3452968310896,0.2819772422401,-0.1222651661536,0.0975367586317,-0.0924593033700,0.1304029939568,0.6852466871228,-0.0069198726602,0.2555746426898,0.0757705292338,-0.1578944022241,0.2545933380622,0.4232173405224,-0.2464001190687,0.7093573122795,-0.3350028080944,-0.2433816710818,0.2322383703676,0.2386675897521,-0.0475757676729,-0.2490122241841,-0.1218693974629,0.5518491869172,0.2035603161174,0.3140870174738,0.2298249920563,0.3774516053403,-0.1818877606673,-0.2993950112730,-0.2383901632638,0.0258705936170,0.0907431856634,0.1368608192535,0.0667993515665,-0.3012075616509,0.2398599453279,0.1022226979745
0.1802184253063,-0.2163721037172,-0.0837259561596,0.0953396395379,-0.0626130716892,1.0000000000000,0.3082713490785,0.2046047129519,0.4108688366510,0.2493906287549,-0.0476674915313,0.3355959019493,0.0666465568501,0.1385910940630,0.2000001086376,0.4352838465245,-0.1721807585740,0.0468070880358,0.0841910443377,0.0381062439964,-0.0858447777087,-0.1914341236790,0.1779486906309,-0.1203314674500,0.0525439536171,0.1396962805320,-0.1905526723077,-0.2135698428202,-0.1178808311864,0.5063190360409,0.2077237009554,0.0123710241744,0.2081259153043,0.1915193162884,0.2143072270637,-0.0333849143522,-0.0994349723606,-0.2149322718373,0.1662716174528,-0.2337626721947,0.6761594928864,0.3934727918872,0.0511553206019,0.1210923919858,0.2843172667186,-0.2481649835789,0.0625486020735,-0.0739673444644,0.0412243221628,0.1076381421253,0.4721994115297,-0.1856312811709,-0.1787559987882,-0.1513582342679,-0.0956586506761,-0.0468704394719,-0.0507891514771,-0.0541039188966,0.0176138061887,-0.0284226596093,-0.1056790372937,-0.3030388811963,-0.2116120619855,-0.2951740977804,0.4690192160642,0.0744019389224,-0.1361210688981,0.1370550941510,0.2634460033962,0.3321705293297
0.4929179353450,-0.1730280473902,-0.2983498082419,0.4025165118044,0.4188127070962,0.3082713490785,1.0000000000000,0.4229834758277,0.6798430689741,0.2825252991667,0.6803470847728,0.0154855790819,0.7395947235731,-0.3052245252922,0.1609774964501,0.6417927394450,-0.2587494583587,0.0405692924779,0.0547108369746,-0.0747981986573,0.2735187834807,-0.4470445405513,0.2430231625663,-0.4110629665991,0.3293395627974,-0.0131463098572,-0.3313090788578,-0.6543980380282,-0.0111284858791,0.5501791375069,0.4882899393606,0.3498447674808,0.1362634703405,0.5580387869203,0.4518580472803,0.0159988651304,-0.1184510505037,-0.5857382455259,0.0911038174928,0.0765203858771,0.6369411358563,0.8721342855520,0.3071278422455,0.1470306565446,0.3743646281973,0.3877475943460,-0.4196367910480,0.4386107254570,-0.4358533811223,-0.0897614413412,0.6320779455291,-0.1153556613440,-0.0590355482683,-0.5297852012331,-0.3099850401974,0.2107923683619,-0.1757617013414,0.0239514885319,-0.0649209509704,0.2093528034585,-0.4447458893892,-0.6104725483746,-0.6437548613072,-0.3818418731643,0.4075296615936,0.3785021479200,0.0294004769962,-0.0195680607747,0.4602840578052,0.4453016632730
0.7104093832820,-0.4875034727796,0.3435350827425,0.2235160197603,0.1518650279331,0.2046047129519,0.4229834758277,1.0000000000000,0.4553721582412,0.6653787463664,0.3450471497884,-0.0615535300850,0.3573246499478,-0.1315221171637,0.5599547803099,0.6441874769217,-0.4647737219440,0.2028383740063,0.2740863541983,0.0229751738490,0.1908903556977,-0.5956339949769,-0.0009406446590,-0.4813548208958,0.4454729445247,0.2014853668927,-0.3808661528596,-0.3978146292594,0.0859089774170,0.2138906239038,0.4157081030118,0.4751067001328,0.1570485619746,0.3004910477039,0.0682551402283,-0.0261433330835,-0.4115802772971,-0.0844448443390,-0.0141315120422,-0.2272599857299,0.5171061489401,0.2654486221342,0.7310293909941,-0.2030847553135,0.5991416278289,0.0462222076782,-0.4355275136857,-0.0287671067180,-0.2176977183615,0.2632243841948,0.4947705690581,-0.4065528597807,-0.0429240960252,-0.5107186929672,-0.3391747192275,0.2468513579695,-0.3384803792900,-0.3303050957064,-0.3023253339110,0.0934906070151,-0.2350977431680,-0.5798604280546,-0.4832903583539,-0.3733263323332,-0.0158873472914,0.0425895940779,0.3448004176902,-0.1085634715932,0.1681835601686,0.0209585240358
0.4340229729717,-0.1067401057032,-0.0749096214406,0.3395740130271,0.0988956295310,0.4108688366510,0.6798430689741,0.4553721582412,1.0000000000000,0.1111190973242,0.4691799596678,0.2722350833574,0.3958845357182,-0.0571886723070,0.2976005202871,0.5037003614724,-0.2807910936922,0.1893522706198,0.1973311888689,0.1787795304333,0.1445091374521,-0.4003998435287,0.1354405589816,-0.3354763385828,0.1214897403816,-0.0350333939594,-0.1970156359388,-0.4452793315333,0.0181971804088,0.3175483266970,0.5933327082137,0.3933947015320,0.3891832503885,0.3213843654582,0.3780814024250,0.1082377173999,-0.0526758126974,-0.3842527935546,0.0371011127888,-0.1547550788973,0.6014671725474,0.5756104851076,0.2529432435164,0.3212914743172,0.1145498980244,0.1585921850518,-0.1277112301776,0.1213526951678,-0.2650495725218,0.0190758773623,0.4127571946136,-0.1995015953110,0.0234028126372,-0.3203716142792,-0.1616532911311,0.1506702386089,-0.2450204257984,-0.0437985704597,-0.1322408494625,0.0103502680089,-0.3796989507596,-0.3891382808205,-0.4424024059823,-0.3633033662845,0.1592966136504,0.3128101900199,0.0687306963801,0.1390646263842,0.1404954325693,0.4690827749968
0.4740974110726,-0.2964228187466,0.3155531544686,0.3674052414678,0.2517264166776,0.2493906287549,0.2825252991667,0.6653787463664,0.1111190973242,1.0000000000000,0.1031458411460,0.0131450072009,0.3183075775826,0.1305140804175,0.3771573494170,0.5871165180228,-0.1572594181592,0.0860583693702,0.2901468621320,-0.0367035047935,0.3011089492620,-0.2621810858941,0.2673021058956,-0.1476193583932,0.5638268904654,0.5517235144075,-0.1459717531569,-0.1017090360038,-0.0348459623203,0.3917462355548,0.1511612242574,0.3657131665820,-0.0514142543649,0.3261361830548,0.1931888489785,-0.1652300860266,-0.2095870016752,-0.0594394904635,0.2858437155269,-0.1135983024514,0.4143422531191,0.2230257935833,0.4467682578368,-0.2177583538751,0.8689847606501,-0.0974838061225,-0.3183567922654,0.0712202876521,0.0995062322115,0.1981676302330,0.5189492603193,-0.1474517331551,-0.2191388833225,-0.3647490692720,-0.2422126371279,0.3313823950948,-0.0738255930051,-0.0460425905991,-0.0441653015103,0.2787834808518,0.1808335359145,-0.4559898434262,-0.2033440871557,-0.4019506140933,0.1522915225581,-0.1851103765721,0.3528897939743,-0.1559780079953,0.3891893399317,0.0261548954737
0.3538262714173,-0.0447611000769,-0.1397390109286,0.2628045474160,0.5491881712146,-0.0476674915313,0.6803470847728,0.3450471497884,0.4691799596678,0.1031458411460,1.0000000000000,-0.1055881741573,0.7144536716412,-0.2576922989392,0.0883089211154,0.3529884656691,-0.1196599777028,-0.0378327248005,0.0515212478077,-0.1120819300689,0.4251197140584,-0.1661069950807,0.1225109920703,-0.2160200203642,0.2713144064070,-0.0042491836893,-0.2354361965170,-0.4445875599116,0.2858056961914,0.2281834954150,0.4360553806648,0.2485410438159,0.1696228585057,0.3910731865510,0.1931383997648,-0.0118434278781,-0.0425840847606,-0.3791324026899,-0.1204187433227,0.3967474957538,0.2179962919858,0.5458716550445,0.3002185656931,0.0440640551027,0.1296810735481,0.7921045240631,-0.3396227343905,0.5387854225970,-0.3683736376680,-0.1476266001499,0.2884174430441,-0.0362116126877,-0.0720569795000,-0.4033784746588,-0.3495665673518,0.3845191061950,-0.0246367917598,-0.0047100755531,-0.0067003132838,0.1231494980475,-0.3056011673819,-0.4222430314128,-0.4346568100918,-0.0698060480551,0.0788527725299,0.3046761133162,0.0692226489611,-0.0268194882796,0.1494185805028,0.2203562359108
-0.0172498854753,0.2114599420162,0.1758979669954,0.2555804478633,-0.0985574668939,0.3355959019493,0.0154855790819,-0.0615535300850,0.2722350833574,0.0131450072009,-0.1055881741573,1.0000000000000,-0.0658903494885,0.5635584961165,0.2005694416850,0.1631476282169,0.0777826845886,0.2300817261727,0.4371978009248,0.4050479328217,0.0528781283298,0.1374640088453,0.2483598495082,0.1477523648127,-0.0489717538706,0.2940535040334,0.3080817445458,0.2841177720615,-0.0432047027113,0.3475192953008,0.1685766981877,0.0163264879784,0.1994125883145,-0.0614649139293,0.2588422788452,0.2066839393940,0.2541154928000,0.0372838457856,0.3396197093777,-0.0793551541722,0.1213008238618,0.0362217911999,-0.1820656053480,0.2033062314788,0.0316869467702,-0.1803226277467,0.6744064762742,0.0007011406465,0.3557754133356,0.1026275168177,0.1013360986184,0.0082126064511,0.0272252661469,0.3517914268459,0.2823294411173,0.0692417585606,-0.0149199169462,0.1474505559041,0.0466393867573,0.0101553847791,0.2219516629468,0.1790605281349,0.3018275333231,-0.1940438692822,0.1447831867155,-0.0590377865755,0.1562727587385,0.2995061519169,-0.0725321997290,0.2464124877020
0.5045168936787,0.0017640895054,-0.0846460500512,0.4875745417996,0.7187718452127,0.0666465568501,0.7395947235731,0.3573246499478,0.3958845357182,0.3183075775826,0.7144536716412,-0.0658903494885,1.0000000000000,-0.2396094183524,0.1029433539380,0.5121648974025,0.0211399905607,0.1735532938114,0.1836913241703,0.0211454482954,0.6508578962055,-0.1590617743528,0.3080044656389,-0.0757419428825,0.3795149241713,0.1038152150243,-0.1639387486448,-0.4245708973748,0.2400990833314,0.4995833210171,0.4727971031485,0.2446033790844,0.0169487654570,0.5483042093074,0.4147131706052,-0.0176746197163,-0.0314874840187,-0.3227372801095,-0.0295178424738,0.3008392819100,0.3120825005716,0.5581614465297,0.2079363135273,-0.1344085120709,0.3678656730393,0.4590233088488,-0.3308793254066,0.7906135235745,-0.4323043985728,-0.1985570373233,0.4278301967860,0.1104041429903,-0.0024422228267,-0.3834534575093,-0.2180303587817,0.5721307929167,0.1699366123977,0.1665802995834,0.1979627914147,0.1494587684305,-0.3484722117213,-0.4899530478172,-0.4137750414464,-0.3579095721035,0.2665195313635,0.3253831623414,0.1221536354585,-0.0393016033767,0.3095358050824,0.3195294275955
-0.2054453038369,0.2060698410223,0.3381921919929,0.0594909023205,-0.2330683528622,0.1385910940630,-0.3052245252922,-0.1315221171637,-0.0571886723070,0.1305140804175,-0.2576922989392,0.5635584961165,-0.2396094183524,1.0000000000000,0.1928656845491,-0.0556730027432,0.2549822973919,0.0798231077266,0.3533702781771,0.2473058417160,0.0383790002962,0.4044496247328,0.0542751736472,0.3564449266370,-0.1605199971213,0.5660305963507,0.5041089348559,0.5917699612101,-0.0866014531462,0.0686687019127,-0.2505248459592,0.0780984535225,0.2352665823915,-0.1939852667302,-0.1208731425242,0.0630134475023,0.1344785326944,0.1973028888206,0.1994711607423,-0.0769371343235,-0.1013137454253,-0.1704885587847,-0.2438136124239,0.1806534137415,0.0334858163649,-0.2184081984664,0.5993745130053,-0.0754945599431,0.8262646822218,0.2490506436910,-0.1042882182801,0.1821355610517,-0.1996570589137,0.3830859667450,0.1525712130695,0.0598063405503,0.1436944543287,0.0607111627447,0.0920223962641,-0.0961918144804,0.5754009216286,0.3400049936278,0.5273497010774,-0.1012425810262,-0.0755280832275,-0.4240644459374,0.2271315609311,0.4343766141846,-0.2613802953371,-0.1517415162685
0.7121042740745,-0.3138804104532,0.4684768457679,0.1789878179210,-0.0497502460425,0.2000001086376,0.1609774964501,0.5599547803099,0.2976005202871,0.3771573494170,0.0883089211154,0.2005694416850,0.1029433539380,0.1928656845491,1.0000000000000,0.3289736619897,-0.1604941504043,0.2850176765626,0.6063519605873,0.2916886758271,0.0596958918577,-0.2755274898608,-0.1039135826491,-0.2529890523677,0.1039266419489,0.1890844728413,-0.1035448774183,0.0475807865726,-0.1599793804736,0.2781624181498,0.1668250789764,0.2993737896413,0.1237627349795,0.0852662154103,-0.0255583753482,0.5132389689468,-0.4000304131166,0.0363130006671,0.0890527386512,-0.1393637822114,0.3475647582587,0.1152275827205,0.4229940031095,0.1079571452581,0.2990713574104,-0.0980378001329,0.0212946044823,-0.0931171985492,0.1186401771451,0.7232629633040,0.3172215629575,-0.0945574831377,0.2253198095660,0.0549275002499,0.0183840802961,0.0539735971298,-0.4228501600731,-0.2626167422357,-0.2947520075272,-0.0096033536210,0.1140356913097,-0.2137631108257,0.0047958876992,-0.3184978677608,-0.0621818210879,-0.2974760443275,0.2361287498240,0.0190168639551,0.0079677701904,-0.1407543197463
0.5891082460013,-0.2332266822917,-0.0082482364680,0.4661858816449,0.2266224427265,0.4352838465245,0.6417927394450,0.6441874769217,0.5037003614724,0.5871165180228,0.3529884656691,0.1631476282169,0.5121648974025,-0.0556730027432,0.3289736619897,1.0000000000000,-0.2810424713928,0.1423953289183,0.1494809055872,-0.0494166858956,0.2576501583736,-0.4508969545672,0.3150848277547,-0.3610022383237,0.3765626789960,0.2996950278277,-0.3608500089208,-0.4643518712301,-0.0641242663655,0.5846735450776,0.4300216582616,0.3308284268635,0.2649140434759,0.5815832060646,0.4522133022306,-0.0055674873605,-0.1294584043730,-0.3180352484605,0.1970097862979,-0.1792385846918,0.6753576226794,0.5662953062929,0.4213094619401,-0.0980080899728,0.6639234360799,0.0580207115110,-0.2797995566347,0.1905286193028,-0.1668905875660,0.0420082981346,0.7693842845924,-0.2169839142490,-0.0665557614409,-0.4955793651964,-0.2112218441249,0.2809373590825,-0.1010812751068,-0.0101660929930,-0.0593832332894,0.1959248343147,-0.2224136307888,-0.6001566823935,-0.4560374651591,-0.5767709246675,0.3730743864378,0.2031575576984,0.1666603803174,0.1008637758784,0.4246088927907,0.4066890390027
-0.2340492831014,0.6219465951141,0.1440272770024,0.2829047749451,0.2596580070937,-0.1721807585740,-0.2587494583587,-0.4647737219440,-0.2807910936922,-0.1572594181592,-0.1196599777028,0.0777826845886,0.0211399905607,0.2549822973919,-0.1604941504043,-0.2810424713928,1.0000000000000,0.1634560023373,0.0402079545621,0.1594184021893,0.1938662661453,0.7896473635429,0.4957397484939,0.7497252363176,0.1072983427062,0.1118107246609,0.5085177729817,0.5014240820312,0.2584327257955,0.0895308522224,0.0221487535901,-0.3407365385389,-0.2412760297875,0.0732474816333,0.2214204617251,0.0863001110412,0.4202576379613,0.2721709049979,0.1836445048401,0.3754077313118,-0.3915543042216,-0.1948093495820,-0.4512566844440,0.0949432092493,-0.2033695993503,0.0135449322889,0.3370752048002,0.3028279541963,0.1496884306761,-0.1245432809699,-0.2252520185116,0.8843177474156,0.0710952787194,0.3683397202144,0.3035413120437,0.1526961846861,0.5003417843812,0.6790959994567,0.5929839386629,0.2292718344580,0.2898290536334,0.4142890976789,0.5084959838675,0.1850714396660,0.0303182409800,-0.0741478907119,-0.1037454385853,0.0135514192938,0.0135252989764,0.0572131837973
0.3562214528811,0.2877353025142,0.5484059441107,0.4174988765002,0.1848440418707,0.0468070880358,0.0405692924779,0.2028383740063,0.1893522706198,0.0860583693702,-0.0378327248005,0.2300817261727,0.1735532938114,0.0798231077266,0.2850176765626,0.1423953289183,0.1634560023373,1.0000000000000,0.2773661747664,0.8082207407880,0.4034416586417,0.0355035084068,0.2002832318920,0.3781320660246,0.2615100667673,0.0453190545236,0.3547479187182,0.2754171492364,0.3045064246793,0.2353266122737,0.3801468439399,0.0883945703161,-0.1266386947117,0.1940737258275,0.4445452239563,0.2040946625232,0.1882475295257,0.2726729392481,0.2078037544491,-0.0305947512727,0.0482069804135,-0.1259720082428,-0.1510589430162,-0.0832882846649,-0.0353203138309,-0.1634408365779,0.0599010693491,0.1810364302809,-0.1531690728664,-0.0670538403792,0.0788135638648,0.1541408203929,0.5889379823892,0.0534056915184,0.5137809133223,0.3983448109435,0.0060835832508,0.0908971201258,0.3076778072933,-0.0157391124033,-0.1355551726932,0.0462879292242,0.1863474552486,-0.1845191874522,-0.0462810917614,-0.0965648665894,0.1798962432530,-0.1276407219846,0.1062337310482,0.2112381668079
0.3882615792385,-0.0720025334243,0.5155064669652,0.1815684763250,0.0622056930337,0.0841910443377,0.0547108369746,0.2740863541983,0.1973311888689,0.2901468621320,0.0515212478077,0.4371978009248,0.1836913241703,0.3533702781771,0.6063519605873,0.1494809055872,0.0402079545621,0.2773661747664,1.0000000000000,0.4559012911106,0.2839924897112,-0.0158509541888,-0.0449581284369,0.0779704228290,0.0483116825316,0.2623700290790,0.2120779647546,0.2850908136821,-0.0095805518736,0.2842580645474,0.0941220864927,0.3824207394240,-0.0909277805912,-0.0116171725344,0.0445676363202,0.2318426281330,-0.2040224445016,0.2087662019179,-0.0343343491830,-0.0869032764781,0.0897333097013,-0.0476254800726,0.1175171997034,0.0083039028880,0.2102978745751,-0.1674411591672,0.3006761725583,0.1609647509401,0.1626662993783,0.3884299212348,0.0816177317613,0.0267931468608,0.0683051364552,0.4037054940417,0.1837510787442,0.3102365919806,-0.1056497169342,-0.1484276285402,-0.0431324464874,-0.1049875701313,0.1556389333082,-0.0304797568614,0.2283033617067,-0.3033997670868,-0.1245759602501,-0.3734453623647,0.4437649492242,-0.0950179929896,-0.0506000892456,-0.1457462113332
0.1678792828115,0.2319993103624,0.5284081266793,0.2125353516140,0.0371209650317,0.0381062439964,-0.0747981986573,0.0229751738490,0.1787795304333,-0.0367035047935,-0.1120819300689,0.4050479328217,0.0211454482954,0.2473058417160,0.2916886758271,-0.0494166858956,0.1594184021893,0.8082207407880,0.4559012911106,1.0000000000000,0.3076065898714,0.1348746627258,0.0413550874476,0.3898976876080,0.0789472042686,0.0593407292686,0.4970862357921,0.4177546777571,0.2633277032997,0.1625141888362,0.2759469060262,0.0901001958361,-0.1703910499017,-0.0887250418751,0.2889280696892,0.2445051684119,0.1192125351065,0.3039737459019,0.0925197587366,-0.0675418153274,-0.1014793887743,-0.2554545076034,-0.2722833744509,-0.0267531610176,-0.1564528984642,-0.2241106358206,0.3277126527904,0.1591990224884,-0.0082814518211,-0.0042155595058,-0.1044894031160,0.0884791903038,0.5031368950242,0.3584844957147,0.6891250006671,0.3244590342935,0.0139226731581,0.0048258443532,0.2183993217596,-0.1602311376194,0.0125001516765,0.2244503438941,0.3628980430402,-0.0803591682048,-0.0947832028187,-0.2522409181333,0.2108856509588,-0.0964197478227,-0.0749469333606,0.0750992537128
0.3326864967342,0.2842523817514,0.3669953208714,0.4720207819296,0.6338456527309,-0.0858447777087,0.2735187834807,0.1908903556977,0.1445091374521,0.3011089492620,0.4251197140584,0.0528781283298,0.6508578962055,0.0383790002962,0.0596958918577,0.2576501583736,0.1938662661453,0.4034416586417,0.2839924897112,0.3076065898714,1.0000000000000,0.1077103256870,0.2376379573743,0.3000006841348,0.3420565116724,0.2545578088661,0.1662655367126,0.1000984705839,0.3260778263221,0.2092515745145,0.2667089551935,0.2705408182231,-0.0350362598963,0.3515007776125,0.3477469734941,-0.0201667505356,0.1805617632412,0.1207789062814,0.0409843492589,0.3050080845718,-0.0160728933117,0.0984817783201,-0.0454026575835,-0.1930764224614,0.2110076642424,0.3455922946657,-0.1120122333531,0.7081293518435,-0.1038427413561,-0.1811323707975,0.1447335936651,0.1903240985895,0.1343929072390,-0.0915480627568,0.0861087906306,0.9365882966420,0.2739621973730,0.1898196633804,0.2946888674096,0.0581592087899,-0.0090413930514,-0.1616817671564,0.0500758132938,-0.2939353436667,-0.1052453310839,-0.1185628992604,0.3735270955933,-0.0840069112197,0.0999697515414,0.1004369241860
-0.4806362513037,0.6382851103149,0.1571832499950,0.0948440201419,0.1098503374518,-0.1914341236790,-0.4470445405513,-0.5956339949769,-0.4003998435287,-0.2621810858941,-0.1661069950807,0.1374640088453,-0.1590617743528,0.4044496247328,-0.2755274898608,-0.4508969545672,0.7896473635429,0.0355035084068,-0.0158509541888,0.1348746627258,0.1077103256870,1.0000000000000,0.3148151646807,0.8590486526535,-0.0393047688036,0.1587418166299,0.6155305128488,0.6631961045575,0.3363575621748,-0.0508484699584,-0.1256851395117,-0.4044179942366,-0.1694820613324,-0.1665435344688,0.0153333152028,-0.0059972627839,0.4318485117536,0.3869136874117,0.1082901474775,0.3735194173003,-0.5499986406988,-0.3289330753977,-0.5381575462440,0.1524874310119,-0.3349885311106,0.0205918148473,0.4612381949691,0.2143602675150,0.3354128543070,-0.1312207644805,-0.4232451919511,0.6558106895408,-0.0477873005168,0.4815640676302,0.3072815699008,0.0889280376904,0.6570451084045,0.4954875558321,0.5895054414764,0.0936097490969,0.4279808454421,0.5832708892444,0.6808020442493,0.4211757613278,-0.0395291961037,-0.2002495415296,-0.1025580781517,0.0934848742626,-0.1805741256171,-0.0474866735240
0.0715149274962,0.4394829099438,-0.0572419346442,0.6613442490472,0.4054399893306,0.1779486906309,0.2430231625663,-0.0009406446590,0.1354405589816,0.2673021058956,0.1225109920703,0.2483598495082,0.3080044656389,0.0542751736472,-0.1039135826491,0.3150848277547,0.4957397484939,0.2002832318920,-0.0449581284369,0.0413550874476,0.2376379573743,0.3148151646807,1.0000000000000,0.3472193746923,0.4757593500903,0.2744472078442,0.1724689123627,0.0017895578426,0.1944387158310,0.5018372636404,0.4691505426502,-0.1407745083482,-0.0735470964628,0.4467297533506,0.6044307588921,-0.0325524377408,0.5151271966090,-0.0763296489557,0.5271541891656,0.2166668761281,0.1884886113721,0.2620377599399,-0.0864393633160,0.1045609626118,0.2767332945146,0.0580077578496,0.0504298761713,0.2678771588454,-0.0899945292328,-0.1967672626474,0.3396565355016,0.4879846175383,0.0000686816465,-0.1499008374529,0.0827401846897,0.1966054111082,0.2971648028004,0.7845221645301,0.5095851616457,0.5060322103775,0.0551746480727,-0.0350887933095,0.0346084317542,-0.1227044357602,0.3796439165492,0.3103136283697,-0.0743324236712,0.0143239670229,0.4590360934029,0.5392350188480
-0.3182611679604,0.6746906607132,0.3399107808629,0.2132346609803,0.1721328764428,-0.1203314674500,-0.4110629665991,-0.4813548208958,-0.3354763385828,-0.1476193583932,-0.2160200203642,0.1477523648127,-0.0757419428825,0.3564449266370,-0.2529890523677,-0.3610022383237,0.7497252363176,0.3781320660246,0.0779704228290,0.3898976876080,0.3000006841348,0.8590486526535,0.3472193746923,1.0000000000000,0.0531468641103,0.1653288654374,0.6298247281010,0.6759242802155,0.4459372391755,0.0181023773905,-0.0309806786623,-0.3230997338430,-0.2625061189024,-0.0767921862489,0.1867257330669,-0.0757940659274,0.4577233629858,0.4819055841853,0.0926418339371,0.2308432549720,-0.4834361591065,-0.4055893827508,-0.6249886730244,-0.0097572282223,-0.2978820465907,-0.0906272489198,0.3922097160241,0.2556490000232,0.2062063820445,-0.2552311313685,-0.3570894020176,0.6204042538812,0.1307316886869,0.4485361482656,0.4327354441366,0.3103682335365,0.6830006722373,0.4751456109314,0.7641579875124,-0.0186490487973,0.2883067924244,0.4667698260123,0.6450417566553,0.2472934551819,-0.0471861743725,-0.2327138052574,0.0146588117481,-0.0400388821649,-0.1014576271496,0.0215436428965
0.3164901237109,0.0460239838646,0.1978567294539,0.5058348568082,0.6051297807900,0.0525439536171,0.3293395627974,0.4454729445247,0.1214897403816,0.5638268904654,0.2713144064070,-0.0489717538706,0.3795149241713,-0.1605199971213,0.1039266419489,0.3765626789960,0.1072983427062,0.2615100667673,0.0483116825316,0.0789472042686,0.3420565116724,-0.0393047688036,0.4757593500903,0.0531468641103,1.0000000000000,0.1861273050885,0.0331728669848,-0.1144352456545,0.4207052277331,0.3208930879042,0.4078519232559,0.1686597708216,-0.2523040354579,0.3313340632714,0.3327204316100,-0.0992769660831,0.1234210878047,0.0146124119819,0.4053405915722,0.2708107114411,0.1900430918577,0.2162823113974,0.3250558824827,-0.0729163515503,0.5317062462955,0.1175285210698,-0.3407398565294,0.2262733530931,-0.2071318833127,-0.0748081123444,0.4163471517403,0.1225966283673,0.0005031979573,-0.3345642652755,-0.0727363642140,0.3020255652756,0.0167286434133,0.2297201711149,0.1592585081012,0.7165956851214,-0.0564067209998,-0.2312565896177,-0.1778394000239,0.0621580109698,0.1135883916695,0.0330672485843,0.1356014126890,-0.3381157897309,0.3853272979116,0.1587652931113
0.0522504116158,0.0876315959472,0.3218072985118,0.3554787399255,0.0543567305265,0.1396962805320,-0.0131463098572,0.2014853668927,-0.0350333939594,0.5517235144075,-0.0042491836893,0.2940535040334,0.1038152150243,0.5660305963507,0.1890844728413,0.2996950278277,0.1118107246609,0.0453190545236,0.2623700290790,0.0593407292686,0.2545578088661,0.1587418166299,0.2744472078442,0.1653288654374,0.1861273050885,1.0000000000000,0.3370890668126,0.3174834822595,-0.0406671273524,0.2870171887234,-0.0588843370224,0.1712780552440,0.0858863202870,0.1183272638285,0.1491006563264,-0.1917597762809,0.0985987333433,0.0833699801341,0.3266098862598,-0.0691511652168,0.0920261555783,0.0196292358424,0.0671248227691,-0.0615400490419,0.4236121057814,-0.0811686869999,0.1385120343184,0.0825781351967,0.5016115784961,0.1506042985920,0.1796222730226,0.0747948646061,-0.3077542275977,-0.0476682384593,-0.0355591576868,0.2794414585593,0.1286236437324,0.1443503697536,0.0631560746170,0.0680833539837,0.6281653245904,0.0730386957084,0.2699699591858,-0.2800324438064,0.0589726012911,-0.2966757538814,0.3232486963080,0.1568367694016,0.0770183698599,0.0271486662200
-0.4116614056648,0.6102162373014,0.4216656149777,0.1618586539471,0.0027203251672,-0.1905526723077,-0.3313090788578,-0.3808661528596,-0.1970156359388,-0.1459717531569,-0.2354361965170,0.3080817445458,-0.1639387486448,0.5041089348559,-0.1035448774183,-0.3608500089208,0.5085177729817,0.3547479187182,0.2120779647546,0.4970862357921,0.1662655367126,0.6155305128488,0.1724689123627,0.6298247281010,0.0331728669848,0.3370890668126,1.0000000000000,0.7978610796566,0.1896758155651,-0.0766629846809,-0.1000195239866,-0.1235825353306,-0.2143453639079,-0.2431492878219,0.0447160342443,-0.0503738257035,0.4926456950703,0.3778272126012,0.2861575459426,0.2036459423728,-0.4092699612242,-0.3005809014778,-0.4629935813893,0.2236023657849,-0.2824184263727,-0.1658189275173,0.4164203232532,0.1576547005725,0.3974241732415,-0.0312092680042,-0.3530844644055,0.4129563649046,0.0452178514262,0.4693456849273,0.4387574842352,0.1367464900601,0.1880683661333,0.2780519609791,0.2313107446608,0.0369848664057,0.4864386374895,0.7323788595096,0.7143835811149,0.1762029656376,-0.2654433323889,-0.3942385224842,0.0137897547266,0.0469120268481,-0.2316335568314,-0.1217288221222
-0.3598201800687,0.4811070419707,0.6182413984167,-0.0141224402930,-0.1656438814810,-0.2135698428202,-0.6543980380282,-0.3978146292594,-0.4452793315333,-0.1017090360038,-0.4445875599116,0.2841177720615,-0.4245708973748,0.5917699612101,0.0475807865726,-0.4643518712301,0.5014240820312,0.2754171492364,0.2850908136821,0.4177546777571,0.1000984705839,0.6631961045575,0.0017895578426,0.6759242802155,-0.1144352456545,0.3174834822595,0.7978610796566,1.0000000000000,0.0755606023552,-0.2345552145034,-0.3375525478673,-0.2133455301304,-0.1471046474068,-0.4219000134459,-0.1684432487084,0.0791991175382,0.3198170355729,0.6052981333987,0.2206389980615,0.1431617007800,-0.5139805637185,-0.5518548620824,-0.4269629459750,0.1009193378518,-0.2613646161071,-0.2668753556870,0.5294244138164,-0.0408684662362,0.5817311098368,0.1649362633885,-0.4565552882013,0.3673271616185,0.0922633184647,0.6392211810407,0.4534315973747,0.1195872681065,0.1852156435071,0.1343571442582,0.1937169785879,-0.0653821205196,0.6453982682292,0.7163936343135,0.9019331762356,0.1873505364022,-0.3930169883714,-0.6010619731015,0.0516015090808,0.0861033983909,-0.3786359179867,-0.3245568981588
0.0023854913250,0.2288967066150,0.1926224684835,0.1492158013523,0.4711386992879,-0.1178808311864,-0.0111284858791,0.0859089774170,0.0181971804088,-0.0348459623203,0.2858056961914,-0.0432047027113,0.2400990833314,-0.0866014531462,-0.1599793804736,-0.0641242663655,0.2584327257955,0.3045064246793,-0.0095805518736,0.2633277032997,0.3260778263221,0.3363575621748,0.1944387158310,0.4459372391755,0.4207052277331,-0.0406671273524,0.1896758155651,0.0755606023552,1.0000000000000,-0.0213546527531,0.2951754895811,-0.1352386192306,-0.2788058952794,-0.0686618184543,0.1241407704424,-0.2129974307561,0.1191129243536,0.2920692430559,-0.1196560217839,0.2871725762893,-0.2979326851090,-0.2054983666137,-0.0737270436176,-0.1594560348605,-0.1329667985728,0.2470490497639,0.0250417614863,0.3406065268301,-0.2902559674440,-0.2894987845045,-0.1246018192591,0.1068630957952,-0.0099991951172,0.0095562332164,0.1427764549007,0.3518430626844,0.4275718627372,0.2026799659077,0.4265404647000,0.0689115427945,-0.1704240275985,0.0451786031060,0.0625725006104,0.4822380046864,-0.0854206832052,0.0779764816326,0.1719522773734,-0.2842653747046,-0.0663312485304,0.0282944798119
0.3861069942098,-0.0326820141217,-0.0885394435924,0.5068298332072,0.3071530961834,0.5063190360409,0.5501791375069,0.2138906239038,0.3175483266970,0.3917462355548,0.2281834954150,0.3475192953008,0.4995833210171,0.0686687019127,0.2781624181498,0.5846735450776,0.0895308522224,0.2353266122737,0.2842580645474,0.1625141888362,0.2092515745145,-0.0508484699584,0.5018372636404,0.0181023773905,0.3208930879042,0.2870171887234,-0.0766629846809,-0.2345552145034,-0.0213546527531,1.0000000000000,0.4394121231376,0.1212655719897,-0.0213128292132,0.5689787787595,0.5680438655108,0.1035469335406,0.0114314724695,-0.2810066615029,0.3190246797444,-0.0228193874278,0.5205566410206,0.5154256359618,0.0637094273948,0.0245715167645,0.4826991331699,-0.0630743394224,0.0243446573676,0.3149832042747,-0.1191613627190,0.0174960405268,0.5958379734286,0.1349069362655,0.0135372992271,-0.1611573194623,0.0211565722766,0.1495825779085,0.0839876439461,0.2676703746404,0.2431215628334,0.2490928128849,-0.1193717734191,-0.3668751399570,-0.1865039344746,-0.3803927174958,0.7430056257762,0.1862725699903,0.0622125655764,0.0407475091566,0.5897650721507,0.4679659911589
0.3905475604169,0.0709227589748,0.0248402320143,0.5070246480785,0.3055699531521,0.2077237009554,0.4882899393606,0.4157081030118,0.5933327082137,0.1511612242574,0.4360553806648,0.1685766981877,0.4727971031485,-0.2505248459592,0.1668250789764,0.4300216582616,0.0221487535901,0.3801468439399,0.0941220864927,0.2759469060262,0.2667089551935,-0.1256851395117,0.4691505426502,-0.0309806786623,0.4078519232559,-0.0588843370224,-0.1000195239866,-0.3375525478673,0.2951754895811,0.4394121231376,1.0000000000000,0.1617934090822,0.0917465490365,0.4355579171250,0.5813236585852,0.1024614309682,0.1405352868844,-0.1441739270548,0.1397337854755,-0.0277365080597,0.4016383176461,0.3296037652157,0.2256552506895,0.0072462203547,0.1605338168464,0.1152728491544,-0.1641177287105,0.2582136010277,-0.4716547469520,-0.1889117989283,0.2957381842885,0.0707877885687,0.2404052168809,-0.3089799721396,0.0346599623341,0.2725860134675,0.0279029430844,0.2979398856817,0.2310689391986,0.2551752284162,-0.4235540711028,-0.2459977185272,-0.2547832290803,-0.2072217602962,0.2831578466404,0.5493144748388,0.0563402792944,-0.0231892242309,0.3065163133285,0.6003096880444
0.3683578318147,-0.2275118114691,0.1337682843003,0.1634559043246,0.0310660227666,0.0123710241744,0.3498447674808,0.4751067001328,0.3933947015320,0.3657131665820,0.2485410438159,0.0163264879784,0.2446033790844,0.0780984535225,0.2993737896413,0.3308284268635,-0.3407365385389,0.0883945703161,0.3824207394240,0.0901001958361,0.2705408182231,-0.4044179942366,-0.1407745083482,-0.3230997338430,0.1686597708216,0.1712780552440,-0.1235825353306,-0.2133455301304,-0.1352386192306,0.1212655719897,0.1617934090822,1.0000000000000,0.1749389855675,0.2494229267014,0.0869716570921,-0.0535720733276,-0.2179958183312,-0.2170813329314,-0.0737578439361,-0.1922967797089,0.3157418975246,0.2234841456792,0.3047595820704,-0.0119177395244,0.3072800253764,0.0672265775047,-0.3004139459407,0.0175507319698,0.0157071383133,0.1106208363803,0.2382847395816,-0.2194984807139,-0.0113654338068,-0.2539201098367,-0.1820648300145,0.2451655588027,-0.2715949310331,-0.2815140948315,-0.2230279211216,0.0253928625566,-0.1184466799740,-0.3255203228217,-0.2747170580045,-0.3529875549392,-0.0701731836849,-0.1321234975992,0.6137696605310,-0.0231315300382,0.1372314054769,0.0148533326173
0.1128286033635,-0.0134395486374,-0.1066117519925,0.0362970745618,-0.2563423329765,0.2081259153043,0.1362634703405,0.1570485619746,0.3891832503885,-0.0514142543649,0.1696228585057,0.1994125883145,0.0169487654570,0.2352665823915,0.1237627349795,0.2649140434759,-0.2412760297875,-0.1266386947117,-0.0909277805912,-0.1703910499017,-0.0350362598963,-0.1694820613324,-0.0735470964628,-0.2625061189024,-0.2523040354579,0.0858863202870,-0.2143453639079,-0.1471046474068,-0.2788058952794,-0.0213128292132,0.0917465490365,0.1749389855675,1.0000000000000,0.1164830148408,-0.0333553223337,0.1402076898044,0.0359202538087,-0.2623176703769,-0.0324940921970,-0.1843698259034,0.2693894084165,0.2386356383700,0.1222308090331,0.1058720002322,-0.0002176131785,0.1500716175134,0.0207272658431,-0.1152279938620,0.2055914746246,0.0594158131980,0.0371427560217,-0.1387924095611,-0.0640823663543,-0.2086852107750,-0.3037881635113,-0.0156589237455,-0.0804688971271,-0.1351002428287,-0.1686478780870,-0.1362430543128,-0.0524509859353,-0.1445807324251,-0.1181633737634,-0.2981631436540,0.0372911916938,0.1825020191006,-0.0698186354999,0.7826248584395,-0.2120050277697,0.1955248939432
0.4450539121411,0.1065412972308,-0.1477313605724,0.5537903331873,0.3452968310896,0.1915193162884,0.5580387869203,0.3004910477039,0.3213843654582,0.3261361830548,0.3910731865510,-0.0614649139293,0.5483042093074,-0.1939852667302,0.0852662154103,0.5815832060646,0.0732474816333,0.1940737258275,-0.0116171725344,-0.0887250418751,0.3515007776125,-0.1665435344688,0.4467297533506,-0.0767921862489,0.3313340632714,0.1183272638285,-0.2431492878219,-0.4219000134459,-0.0686618184543,0.5689787787595,0.4355579171250,0.2494229267014,0.1164830148408,1.0000000000000,0.5744654667737,0.0496344349928,0.1412206446680,-0.3634074086408,0.1730414944052,0.0169010100853,0.4516629062400,0.5096320385174,0.1250191968322,-0.0410955741359,0.3622211683936,0.2241446801328,-0.4175010584844,0.2933123881744,-0.2823008312420,-0.1839402575746,0.5292908159814,0.2110983285334,0.1919046766242,-0.4757757007370,-0.2139051560920,0.2950334336054,0.0913134427216,0.2741418002721,0.2619527132924,0.2553408557131,-0.2899170945743,-0.4770040218206,-0.4165778896473,-0.3762469791562,0.4881838058434,0.3601872053098,0.0200474131185,-0.0077095146774,0.6433893025871,0.4744158974344
