1.0000000000000,0.2368360044448,-0.2350392832844,0.1402830270390,0.2827790395478,0.6091728831187,0.5780375072614,0.5823369535794,0.4973237272453,0.0860885010100,0.4543426072680,0.6564374884396,0.2305314687978,0.5037474005508,0.8010371720946,0.5541698008422,0.1810021695593,0.5666901676562,0.6354155070001,0.7221299087175,-0.0595001409035,0.2771237720866,0.3731922963416,0.1478000421333,0.1057965780594,0.5058816288377,0.3001474451733,0.1948356207487,0.3409691707774,0.7662551719091,0.5574765323179,0.5831316146757,0.5442968453689,0.6774311274695,0.6502841771934,-0.2454611358933,0.0583506473437,-0.5983523863302,0.1617128180836,0.1714363201122,-0.1630079261764,-0.1901081946349,-0.5153186444338,-0.2149788645795,-0.2460855199667,-0.2443550994103,-0.5810636554854,-0.0639039069778,-0.3095129338690,-0.4201507426163,-0.1759035524283,0.0780845799594,-0.6387217052903,-0.6203948386554,-0.6506532007525,-0.1126243021757,-0.4352217549915,0.0215375688685,-0.5388745391069,-0.0622376946105,0.1936316000127,-0.6657034532914,-0.3608337275659,-0.2467849231460,-0.3410189815781,-0.6657373770895,-0.3613106097617,-0.3489443118032,-0.1295145771577,-0.3262029034907
0.2368360044448,1.0000000000000,-0.0045202163264,0.7112683732470,0.0667704501816,0.2430610108121,0.1430262856528,0.4002987242680,0.2138095263018,0.1302771877292,-0.0390484457844,0.3685367273774,-0.0782154501663,0.3731684517662,0.1346713913297,0.3533781767132,-0.0239221375277,0.3237028007195,0.1574907070991,0.4387325952377,-0.1652149193083,0.1850587345409,0.6241495507300,0.1169393314587,0.2022902852557,0.6648097643882,0.5730217979122,0.2782231849537,0.1779802843933,0.3420419128449,0.5953432160109,0.2751896325934,0.1226641717657,0.3885093829120,0.5451315986261,0.0109516542742,0.7175858701395,-0.0063568441017,0.4670483025161,-0.0692929160625,-0.0894086635119,-0.3545954850493,-0.2787926990729,-0.2824544451558,0.0403444351081,-0.3307033611433,-0.0074274490198,-0.1855197276021,-0.2799798981898,-0.2695241812418,-0.2487359530172,-0.0328562826304,-0.0134951405303,-0.1873327274734,-0.1785757657135,-0.2375980849082,-0.1955343636989,0.2932972322933,-0.1993772567140,0.1708155685944,0.4265363839200,0.0228066795084,0.2181241852874,-0.1671675296826,-0.2805141345945,-0.0572286792372,-0.2310529177720,-0.1003473293511,-0.0773887938108,0.3393971952187
-0.2350392832844,-0.0045202163264,1.0000000000000,0.1158319032356,-0.0244623546594,-0.0849317269000,-0.2194926618771,0.0834009730732,-0.1839577681169,0.1467805406380,-0.1704255738956,-0.1605136027539,-0.0040629571473,0.0295764713447,-0.1337126255357,-0.1097754656191,0.2558005462170,0.0483526602791,-0.0340125712801,-0.1135751978060,0.1987842274828,0.3420405587917,0.0315508706522,0.4883773596944,0.2057203772552,-0.0807849930123,0.4042936300933,0.5614413941378,0.2751719952397,-0.1193595701741,0.1102182413771,-0.3422982097351,-0.2332665592769,-0.2377337042863,-0.2468545888923,0.0629447384134,-0.0768834354452,0.6127855659511,-0.1020702345821,-0.0092965950482,0.1186851062124,0.0581273631011,0.2387322105377,0.0254968131030,0.1240428858915,0.1021671165561,0.3367353523820,0.0179907235259,0.2860586897040,0.1685865685428,0.1916816559906,0.2785536441455,0.4516436067535,0.4090217898531,0.4547613600310,0.1180843482533,0.3675006545337,-0.0124560781850,0.4411460948143,0.2295023783030,0.1468918676123,0.4882369740831,0.6830836306580,0.2658235274504,0.0617100130670,0.3076371352860,0.2122908675163,0.2471410811987,0.0402521732363,0.1840867876010
0.1402830270390,0.7112683732470,0.1158319032356,1.0000000000000,0.0594327293319,0.1461495119926,0.1850976592108,0.2930945179045,0.1839669360399,0.2986379270297,-0.1294693418610,0.2497396438357,-0.0079521857539,0.4219840904162,0.1883236178438,0.4605328787016,0.0039504376965,0.1774020964377,0.0279288498808,0.3509642194167,-0.1002683591468,0.1128517580129,0.7155866262174,0.0583015983918,0.2707122399432,0.5724667279847,0.5208927859134,0.0985311467969,0.1055183356308,0.2944846003194,0.4947417193797,0.1938878759234,0.1145256004314,0.3410554639656,0.3338479011604,0.2428116241768,0.5210907411458,0.1717946129119,0.4981419177897,-0.1500275607101,0.1274187470846,-0.1668542424368,-0.3056306020200,-0.1943426996652,0.2700099212634,-0.2424206611435,0.2170483157200,-0.1882129379903,-0.2093106529023,0.0165398336698,-0.0138723660917,0.1006854865000,0.2351344169843,0.0295494977999,0.0255515719064,-0.2010889955953,-0.0784828560069,0.3551382450918,-0.0249324456466,0.3294731861152,0.3155201017687,0.1614740048105,0.3110756683911,-0.3231361463815,-0.1648512482513,0.0592543213039,-0.0464287367561,0.0846156049553,0.0317629970305,0.4870250095943
0.2827790395478,0.0667704501816,-0.0244623546594,0.0594327293319,1.0000000000000,0.0906557868187,0.2593362367680,0.1638970960088,-0.0735624541065,0.2602970602939,0.4858229403527,-0.1359156591284,0.7201698973037,0.0937769676040,0.2504281850281,0.1631820039175,0.1050549322047,-0.0796677242276,-0.0270973540627,-0.0434590677103,0.6428589985195,0.2863409010669,0.1557368913186,0.1310498336636,0.3080195236029,-0.0360869207544,-0.1342676158803,-0.0658804810363,0.3735004004820,0.2706304839590,0.0065767836616,-0.0436880618927,0.0023847122304,0.3672900031545,-0.0028082948184,0.2351000454746,0.0246326823678,-0.1836657927235,-0.0485740891331,0.8735591828814,0.1019475067626,0.2773283109210,-0.0101653873336,-0.0950351939551,0.1290747076502,0.4616860148347,-0.0857777336951,0.6104425749708,-0.1562656359073,0.0633649401063,0.2185451882448,0.1173610466297,-0.1143359064201,-0.1016285722438,-0.0896585900585,0.6788933108163,0.2094829822673,0.1734529291676,0.0847462476983,0.3281151227850,-0.0046870981154,-0.2273925692015,-0.1686568910355,0.2570433976060,0.2073562165645,-0.0671715088765,-0.1523607250610,0.0105104224515,0.4199883500792,0.1069866469436
0.6091728831187,0.2430610108121,-0.0849317269000,0.1461495119926,0.0906557868187,1.0000000000000,0.6152216816878,0.5091457130273,0.6615845120247,0.0351048283789,0.5395722561107,0.5564782637565,0.0420577793910,0.3848814960725,0.5747039725122,0.6075207208039,0.0103801417915,0.3624175248118,0.4552285131364,0.5120728751003,-0.1437740285454,0.1134364483411,0.2921082254583,0.0455132211113,0.1044377393214,0.4486971687220,0.4058681286699,0.3359111981376,0.3103549230543,0.5673942884483,0.4458586405009,0.4743900745210,0.7249304116827,0.4811024378086,0.5456503699782,-0.4506157858489,0.1398272416037,-0.3725760387410,0.2165123049295,0.0362019211376,0.1993842996985,-0.1249917099802,-0.4244938597207,0.0136367766088,-0.1935313174947,-0.2403591226405,-0.5245825146530,-0.2795047262923,-0.2415215206909,-0.4717095774638,-0.0076135654566,-0.0626293047053,-0.5364240613697,-0.5909517579613,-0.5734981972709,-0.2593374888582,-0.4942985725902,0.0074803680858,-0.5445871279692,-0.0419149156736,0.0974302760725,-0.4925207032393,-0.1699393755681,-0.1918957154459,-0.4972555531338,-0.5413574171003,-0.4057646414485,-0.1539925633210,-0.3512196158511,-0.3173317323279
0.5780375072614,0.1430262856528,-0.2194926618771,0.1850976592108,0.2593362367680,0.6152216816878,1.0000000000000,0.3940442291855,0.7859847517667,0.0649350405276,0.6586909890036,0.5272354977417,0.4002741355402,0.4631477907903,0.6847573719550,0.7178878312477,0.0101539307697,0.2449561061597,0.3934195061054,0.3896180985132,-0.0911883179980,0.1398610588644,0.2202650883435,0.0518560262649,0.0470798804002,0.3755170444538,0.2451743303187,0.1808484878100,0.2321603293237,0.6136817775572,0.3267180391364,0.5085098190294,0.5741374840027,0.5080401239513,0.4030922471417,-0.3683812279917,-0.0478131128853,-0.5188652295957,0.0993416591891,0.1336806313944,0.1435551643682,0.2741674716906,-0.5407459031310,0.1618345653413,-0.1437518066965,-0.0210850380918,-0.4408975874887,-0.0182944084501,-0.3184464316564,-0.3719584909669,0.1064418213521,-0.0089543401730,-0.5513765253701,-0.5767924922984,-0.6064212843517,-0.0954109127368,-0.4181739317536,-0.1360998918772,-0.4867779482036,-0.0251004302188,-0.0455611848671,-0.5667052549576,-0.3114065024655,-0.2037885038055,-0.3917036150678,-0.6066245971468,-0.4809778346065,-0.1061788298032,-0.2188034074753,-0.2164937390673
0.5823369535794,0.4002987242680,0.0834009730732,0.2930945179045,0.1638970960088,0.5091457130273,0.3940442291855,1.0000000000000,0.4738254967227,0.2462048380866,0.3851709720327,0.6300749459580,0.0616419229886,0.4929377383522,0.5212921990120,0.4693743621146,0.1086315330138,0.4778458440349,0.5399760966459,0.6365054983459,-0.1028888191447,0.2163247247041,0.4076984765923,0.1050179521229,0.4805518449733,0.6622594846857,0.5648458049191,0.4122709591293,0.6739843640899,0.4479531359796,0.7313203046924,0.4834102113591,0.3231733947237,0.3713225069032,0.5733453813031,-0.3964857061517,0.1059966144339,-0.3067012929914,0.2750037745982,0.1278654029872,-0.2406182019106,-0.3419626100423,-0.1005244952297,-0.2284369454428,-0.0132200791384,-0.2693819975973,-0.3855032809480,-0.0990064148771,-0.2816699682774,-0.5018888092447,-0.2578559226317,0.0243493602969,-0.4785285770483,-0.4474958344369,-0.4949522127722,-0.2102605809583,-0.3964149216539,-0.1301755385915,-0.5133726278022,0.2172143020281,0.3843107666722,-0.3927341684088,-0.1087592800062,0.1212101577879,-0.6274899283017,-0.5101376627094,-0.3625406001990,-0.2833405816751,-0.3912767510087,-0.1549026236121
0.4973237272453,0.2138095263018,-0.1839577681169,0.1839669360399,-0.0735624541065,0.6615845120247,0.7859847517667,0.4738254967227,1.0000000000000,-0.1176062642138,0.5112196183335,0.7298092900662,-0.0428680178301,0.5258148635118,0.6348632722482,0.6726162688385,-0.1216582304998,0.3693717299403,0.5166210379845,0.5134574236367,-0.4145771064982,-0.0011278876232,0.2141158063549,-0.0567488287345,-0.1134807671736,0.5300109698028,0.4168701274418,0.3258666636282,0.1291647413508,0.5746636903469,0.4390405151478,0.4915146470556,0.5445617378226,0.4586866753947,0.5033485328908,-0.5299002614828,0.0873705981109,-0.4041797645304,0.2058783932528,-0.1534253253627,0.0379381013559,-0.0658606678466,-0.5319669892775,0.1097491943545,-0.3056638304680,-0.3585825292461,-0.4213532491247,-0.3978196482131,-0.2296580411751,-0.5066941366536,-0.1261019403246,-0.1532630960338,-0.5642406540462,-0.5693414712645,-0.6275322896700,-0.4443305430093,-0.5770856348425,-0.1647840228786,-0.6077062902697,-0.1883489402846,0.1381784244464,-0.4841018881475,-0.1856643757940,-0.2802920428736,-0.5852881147159,-0.6007746618938,-0.4154532886397,-0.2231457357122,-0.3729902165240,-0.2723712523253
0.0860885010100,0.1302771877292,0.1467805406380,0.2986379270297,0.2602970602939,0.0351048283789,0.0649350405276,0.2462048380866,-0.1176062642138,1.0000000000000,-0.0744122538096,-0.1119467656242,0.4284257820743,0.1988960155639,0.2057622381823,0.3341269296426,0.3049835597972,-0.0998238068634,-0.1867203914881,-0.1093179261206,0.3632349662428,0.2653436734947,0.3502000132983,0.1219071313743,0.6793374074316,0.1292137412644,-0.0296083082159,0.0280822415085,0.3459404189687,0.0801013401234,0.0929862786318,0.1392492956031,0.0468817556373,-0.0406170324281,0.0037523364470,0.1693893877420,-0.0617554209964,-0.0072301803745,0.0578647125242,0.2099019160427,0.0874323496412,0.1342294649308,0.0871920185606,-0.1374318415525,0.8364062727897,0.0813112451698,0.1445633388143,0.3580034517210,0.0215419217671,0.1476739985964,0.4893357141896,0.3836797415582,0.0450636242545,-0.0366435442738,0.0333547153673,0.2653321041023,0.2665225240703,0.0098716635968,0.1720661369364,0.6825200682690,-0.0230807387822,-0.0852155286606,0.0296690146552,0.1224459724329,-0.0362417038407,0.0632838000233,-0.0816436569824,0.3669464047837,-0.0104024912770,0.2561010009048
0.4543426072680,-0.0390484457844,-0.1704255738956,-0.1294693418610,0.4858229403527,0.5395722561107,0.6586909890036,0.3851709720327,0.5112196183335,-0.0744122538096,1.0000000000000,0.2461318674653,0.4175937354983,0.1817688038079,0.4756340690381,0.3261538220159,0.0373714753475,0.1340815207242,0.3392504544055,0.2013716419825,0.2621894041104,0.1961791876908,0.0356356152592,0.1200689872127,0.0986332132894,0.0540620674227,0.0325148031195,0.1011899484524,0.3827915505696,0.4131819602042,0.2308390305933,0.1655799281365,0.3361786295931,0.4125536908786,0.2291042934923,-0.2652401675480,-0.0627990153311,-0.3884582499411,0.0281059653473,0.5153430215102,0.1603458302374,0.2690634173516,-0.1115438833794,0.1809945422284,-0.2006157753159,0.3766001463681,-0.3962801182169,0.2522561317854,-0.1743639735113,-0.3408042888165,0.0088655848085,-0.0358107121089,-0.4333589521678,-0.3512485660832,-0.3937206428399,0.2632333021798,-0.2137186225199,-0.0557714259448,-0.3042750591548,0.0659774563346,0.0312216540397,-0.4148667903158,-0.2814096130423,0.2512701254237,-0.1931633631666,-0.3875224141983,-0.3145044474557,-0.1856887178090,-0.0087449937072,-0.2176007183856
0.6564374884396,0.3685367273774,-0.1605136027539,0.2497396438357,-0.1359156591284,0.5564782637565,0.5272354977417,0.6300749459580,0.7298092900662,-0.1119467656242,0.2461318674653,1.0000000000000,-0.1801573836212,0.6526895761634,0.6096186858383,0.5545837279629,-0.0364470800898,0.5876826034268,0.7658341223510,0.7974671633543,-0.4608466753179,0.0843319475784,0.3616336789755,0.0175185344905,-0.0755908357423,0.7295673731190,0.5476549847098,0.3727729351105,0.1998913387576,0.6129105360660,0.6313280064499,0.6083067107206,0.4968437599260,0.5241839368896,0.7578374181127,-0.5089300380884,0.1957550469296,-0.4663921443765,0.3618002890621,-0.2371421708192,-0.2248982701924,-0.3512041830168,-0.5180656096296,-0.0685514148359,-0.3645121652606,-0.5702028916837,-0.4196273415331,-0.4467299324634,-0.0637515096215,-0.4991665710605,-0.3370108341675,-0.1332795690857,-0.6035928098200,-0.5412561705690,-0.6366111419350,-0.5172415420121,-0.6278708785006,-0.0605940125335,-0.6806901305576,-0.2751302324586,0.4532219458956,-0.5258413441865,-0.1938819087062,-0.3589905987491,-0.5663160343601,-0.6641381462612,-0.2197018250919,-0.4386694138892,-0.3701770158203,-0.3364939981047
0.2305314687978,-0.0782154501663,-0.0040629571473,-0.0079521857539,0.7201698973037,0.0420577793910,0.4002741355402,0.0616419229886,-0.0428680178301,0.4284257820743,0.4175937354983,-0.1801573836212,1.0000000000000,0.1298471683165,0.2983443522391,0.2526418867676,0.2716065253964,-0.1193144215147,-0.0902839952588,-0.1289704440984,0.6951887673476,0.4058295010345,0.0482745258965,0.2561797262991,0.3267726903501,-0.1504318705423,-0.2096266642355,-0.0924358474919,0.3471703833573,0.2520247241139,-0.0338696718580,0.0473274075568,0.0763049248575,0.1834082877566,-0.0578757930016,0.1895744271066,-0.2262769869518,-0.1995547054789,-0.2525829971385,0.6044965997824,0.2075129227881,0.5495682489122,-0.0234757245817,0.0236977175253,0.2775302392259,0.5711319470772,-0.0012656495051,0.7819407082422,-0.1369935188581,0.1173131282810,0.4566146873607,0.3305254905906,-0.0632427924756,-0.0810506012194,-0.0177326729393,0.7315993619365,0.3467446906954,-0.0699102974536,0.2067130795182,0.3640361634206,-0.2251962614329,-0.2249190856851,-0.2013224518078,0.2560279687800,0.1654505939498,-0.0230707530577,-0.1867540603402,0.2678037974863,0.2784796598069,0.1619436273307
0.5037474005508,0.3731684517662,0.0295764713447,0.4219840904162,0.0937769676040,0.3848814960725,0.4631477907903,0.4929377383522,0.5258148635118,0.1988960155639,0.1817688038079,0.6526895761634,0.1298471683165,1.0000000000000,0.6278646412945,0.5954869424335,0.0559441087268,0.4371682234477,0.5931150659609,0.5903621548117,-0.1801083579319,0.2344157721671,0.3977891273295,0.1287306338268,0.0911908277605,0.7026300099752,0.5024800088276,0.4529751879619,0.1550358131473,0.6324776391267,0.4752207332373,0.5233462129932,0.3868195141340,0.4933886968257,0.4956385560643,-0.3769874337370,0.0962176745598,-0.2544444098140,0.2129789618975,-0.0757339477526,-0.0883013264010,-0.2374830766467,-0.5523932443447,-0.2041184795501,-0.0386282538768,-0.3176395481841,-0.1928751914828,-0.1565370959650,0.0932241065957,-0.2938898552149,-0.1362922774040,0.0471985245895,-0.3493901697622,-0.3376762844595,-0.3504059073617,-0.2066064191439,-0.3175883059150,-0.0977222698017,-0.3690902487194,-0.0456395621136,0.4491916573692,-0.3496121746173,0.0636211609721,-0.3796898937523,-0.4144805913568,-0.5113791280271,-0.1072880573362,-0.1491534966197,-0.1941235884618,-0.1055707565372
0.8010371720946,0.1346713913297,-0.1337126255357,0.1883236178438,0.2504281850281,0.5747039725122,0.6847573719550,0.5212921990120,0.6348632722482,0.2057622381823,0.4756340690381,0.6096186858383,0.2983443522391,0.6278646412945,1.0000000000000,0.6602051012046,0.0696139305209,0.4024412736472,0.6327951570058,0.5675621699231,-0.0471449085196,0.2258181307419,0.3337127248708,0.1170960986514,0.0953400865853,0.4520367186311,0.2898476520305,0.2743244537376,0.2409978885605,0.8285744070235,0.4338451065914,0.5108478603592,0.5812937423498,0.6002084704057,0.4600250894508,-0.3207741259089,-0.0557769256340,-0.4756007776881,0.1097487227335,0.1543800528713,-0.0387883059087,-0.0724016840073,-0.5183391040842,-0.1276973262728,-0.0737341375885,-0.2354520043149,-0.4644231279115,-0.0782242775716,-0.1820681477567,-0.3250009980839,0.0451980968988,0.0267124503775,-0.5538697339677,-0.5360181565115,-0.5539898840477,-0.0958389271580,-0.3860352424622,-0.0695290647415,-0.4570082749666,-0.0036136062415,0.1411999503959,-0.6013534865085,-0.2258126919771,-0.2375383633224,-0.3414624159896,-0.6226394701128,-0.2942300546263,-0.1375236523690,-0.1634313077633,-0.2760597873282
0.5541698008422,0.3533781767132,-0.1097754656191,0.4605328787016,0.1631820039175,0.6075207208039,0.7178878312477,0.4693743621146,0.6726162688385,0.3341269296426,0.3261538220159,0.5545837279629,0.2526418867676,0.5954869424335,0.6602051012046,1.0000000000000,0.0847742362245,0.2724855685013,0.2959297774479,0.4654667328368,-0.2164939413392,0.1353850173036,0.4533093316807,-0.0103763078605,0.1453281860156,0.6000911393966,0.3564729670815,0.2605330484192,0.1864233670014,0.5978692046121,0.4150895326769,0.5250361419554,0.5832715077960,0.4582763622866,0.4994873741551,-0.3043810119450,0.0715020291228,-0.3750607812087,0.1804353451098,-0.0310183125630,0.1957664350380,0.0568903799855,-0.5663466561751,-0.0088865442031,0.1035739045279,-0.2539880054002,-0.2716423384291,-0.1163904048114,-0.2711810176399,-0.2581177292704,0.2602428071781,0.1234090128055,-0.4514678160815,-0.5210704207523,-0.5319631029668,-0.2410836177773,-0.3337798930577,-0.1113234442259,-0.4198830987275,0.1547715217082,0.0747624886836,-0.4789765097472,-0.1590426308306,-0.3334493350079,-0.4963276443275,-0.5394925711656,-0.4053601437064,0.0506058337448,-0.2858971844248,-0.0192321904990
0.1810021695593,-0.0239221375277,0.2558005462170,0.0039504376965,0.1050549322047,0.0103801417915,0.0101539307697,0.1086315330138,-0.1216582304998,0.3049835597972,0.0373714753475,-0.0364470800898,0.2716065253964,0.0559441087268,0.0696139305209,0.0847742362245,1.0000000000000,0.1296321871581,0.0485457713162,0.0185165747134,0.2657704819278,0.6917562733354,0.2143312579542,0.6568447970164,0.3262722337257,-0.0246693652752,0.0272313255457,0.0806950277904,0.4329345691084,0.1137311835526,0.1647564111500,-0.0526116153023,-0.0077138188195,0.0694410714909,0.1159157212254,0.0692115558260,-0.1087126093711,0.0529051998459,-0.1733994218245,0.0738807942083,-0.0010439245826,0.1049015865660,-0.0026798278764,-0.1312742208115,0.1711072842558,0.1383274363444,0.0358059528218,0.2624478912367,-0.0330457880979,-0.0075761929788,0.1586489496784,0.9062152826604,0.0942293194089,0.0035774125761,0.0785529763988,0.2101713471544,0.4679989424365,0.0563017008424,0.3952768754376,0.3969860448140,-0.0120473367750,-0.0161622520326,0.0506653746826,0.2166661697978,0.0635919119958,0.0959857595621,-0.0315847433912,0.1144171746331,0.1173433795911,0.1622959294567
0.5666901676562,0.3237028007195,0.0483526602791,0.1774020964377,-0.0796677242276,0.3624175248118,0.2449561061597,0.4778458440349,0.3693717299403,-0.0998238068634,0.1340815207242,0.5876826034268,-0.1193144215147,0.4371682234477,0.4024412736472,0.2724855685013,0.1296321871581,1.0000000000000,0.6655339290634,0.8331706787408,-0.2566741115794,0.2364463565095,0.2853248711961,0.2622633681248,0.0558224032272,0.5151074615384,0.6205379928119,0.4196108612381,0.2586109455049,0.4706841560170,0.6576882721926,0.4896909711988,0.3270404475979,0.3639241896409,0.5902033599012,-0.4232400526430,0.2102307509004,-0.2325719255652,0.3021520817214,-0.1231798212601,-0.2918361149337,-0.4636111754553,-0.4333287291487,-0.3733992186142,-0.3563414095543,-0.4948408526914,-0.4537529287106,-0.2982107582002,-0.1770712389986,-0.5607507256800,-0.4112764049471,0.0055521614311,-0.3169325360333,-0.3828606102357,-0.3203597924771,-0.3324346533637,-0.3975645166589,-0.0116977716275,-0.3863668225576,-0.1536533260951,0.3311498912935,-0.2215706215882,0.0475056081507,-0.1999049989837,-0.4373559486050,-0.4599249557969,-0.1087690226754,-0.3806900735520,-0.3063107631489,-0.3047199390570
0.6354155070001,0.1574907070991,-0.0340125712801,0.0279288498808,-0.0270973540627,0.4552285131364,0.3934195061054,0.5399760966459,0.5166210379845,-0.1867203914881,0.3392504544055,0.7658341223510,-0.0902839952588,0.5931150659609,0.6327951570058,0.2959297774479,0.0485457713162,0.6655339290634,1.0000000000000,0.7989705801148,-0.2629052333377,0.1972501629802,0.2155029585372,0.2071394216726,-0.0731954221741,0.4774812266713,0.4985049111239,0.4473982687506,0.2331494486122,0.6011320665810,0.5183009676652,0.4631983182713,0.4347234357033,0.4817979379339,0.5647035937243,-0.5746115671445,0.0540767111082,-0.3836612005890,0.2149597952878,-0.0594077892240,-0.3401707115211,-0.4228415013915,-0.4125465138458,-0.2638153412868,-0.4475244526666,-0.4185604672718,-0.5838572500581,-0.3236806761232,-0.0266675420067,-0.5572279799258,-0.4010304571779,-0.0967633015185,-0.5264699453843,-0.4505297694853,-0.4626058809875,-0.3137945114048,-0.5152975778079,-0.0412997872193,-0.5280923429651,-0.3128758831440,0.4025928266414,-0.4412428812797,-0.1005080556656,-0.1784641176685,-0.4354974553300,-0.6341498987887,-0.0891666063017,-0.4891836166799,-0.3121073136074,-0.5272561939562
0.7221299087175,0.4387325952377,-0.1135751978060,0.3509642194167,-0.0434590677103,0.5120728751003,0.3896180985132,0.6365054983459,0.5134574236367,-0.1093179261206,0.2013716419825,0.7974671633543,-0.1289704440984,0.5903621548117,0.5675621699231,0.4654667328368,0.0185165747134,0.8331706787408,0.7989705801148,1.0000000000000,-0.3584160853249,0.1445428059429,0.4194426655237,0.1046698131467,0.0338715761090,0.7156821548326,0.6692271481714,0.3680365070786,0.2492875772324,0.6081223408083,0.7313568518758,0.6270671978854,0.4595477957185,0.5355320675354,0.7428046768664,-0.4478317731537,0.2580015219814,-0.3772494726723,0.4047796490248,-0.1565604753178,-0.2916962004830,-0.5231311284813,-0.5274902465871,-0.3781971708505,-0.3813210658837,-0.5674164910744,-0.5341875172857,-0.3843830807178,-0.2461991491803,-0.6034197466332,-0.4543678239342,-0.0820869051600,-0.4734781149689,-0.5105297169476,-0.5038192169885,-0.4503844125820,-0.5789513032017,0.0206020549340,-0.5883542401995,-0.2066580212306,0.4021824613886,-0.3863808660640,-0.0892301780950,-0.3504576437253,-0.5612332441588,-0.6126469381907,-0.1730755387996,-0.4752895989671,-0.3606071831026,-0.3385848667354
-0.0595001409035,-0.1652149193083,0.1987842274828,-0.1002683591468,0.6428589985195,-0.1437740285454,-0.0911883179980,-0.1028888191447,-0.4145771064982,0.3632349662428,0.2621894041104,-0.4608466753179,0.6951887673476,-0.1801083579319,-0.0471449085196,-0.2164939413392,0.2657704819278,-0.2566741115794,-0.2629052333377,-0.3584160853249,1.0000000000000,0.3859183067957,-0.0532038189182,0.3064115803743,0.4008168016866,-0.4363505429364,-0.3139261025597,-0.2398520570233,0.3516350943359,-0.0182852035358,-0.1392597862443,-0.4171767959591,-0.2259118902506,0.0040711399317,-0.2804698178712,0.4194599797491,-0.0642650517520,0.1668972537783,-0.1632976228305,0.7114080186840,0.1939661374581,0.4129432536848,0.3909574662637,-0.0052304672499,0.3617785384661,0.6885151104703,0.2398625657850,0.7386083688420,0.1820491771766,0.2812660703592,0.3867762955294,0.3179201393072,0.3233446126723,0.3034234673562,0.3841970165754,0.9138760798192,0.5743919361415,0.1761696503333,0.5109068729271,0.4773712747209,-0.0621185755771,0.1613333348272,0.0311970674760,0.5123507018407,0.4529279727753,0.4016236912103,0.1409047438054,0.2761867312954,0.4780997327230,0.2654266604404
0.2771237720866,0.1850587345409,0.3420405587917,0.1128517580129,0.2863409010669,0.1134364483411,0.1398610588644,0.2163247247041,-0.0011278876232,0.2653436734947,0.1961791876908,0.0843319475784,0.4058295010345,0.2344157721671,0.2258181307419,0.1353850173036,0.6917562733354,0.2364463565095,0.1972501629802,0.1445428059429,0.3859183067957,1.0000000000000,0.3874926302818,0.8991495804387,0.2969760164748,0.0622191436245,0.2115396684281,0.2339158335589,0.5132984634640,0.4312445919351,0.4241327947744,-0.0166073486322,0.0141902248700,0.3741494850090,0.2828728154831,0.0748994602473,0.0722731306937,0.0199833219545,-0.0498478101887,0.2464676752104,0.0332452633712,0.1104399966686,-0.0526702726807,-0.1057807316050,0.0725807414248,0.1893873778203,0.0202846076873,0.3264120963681,0.0203423577158,-0.0938635566803,0.0990092423576,0.6265767412172,0.0977324825998,0.0001879555993,0.0698300015606,0.3481887997774,0.4584054580317,0.2015425667100,0.3576011971938,0.3434491893177,0.1533272705393,-0.0341336996547,0.1471461412316,0.2754757971556,0.1480785233651,0.1040863172173,-0.0672079626072,0.0477907499238,0.2922764123277,0.2139129536920
0.3731922963416,0.6241495507300,0.0315508706522,0.7155866262174,0.1557368913186,0.2921082254583,0.2202650883435,0.4076984765923,0.2141158063549,0.3502000132983,0.0356356152592,0.3616336789755,0.0482745258965,0.3977891273295,0.3337127248708,0.4533093316807,0.2143312579542,0.2853248711961,0.2155029585372,0.4194426655237,-0.0532038189182,0.3874926302818,1.0000000000000,0.2793090859573,0.2985679867863,0.5686870986254,0.3893598694367,0.1932633699387,0.3045848813595,0.4716806656806,0.5700455023644,0.3334299717290,0.2219203309972,0.5523029108353,0.5042711641625,0.1054135681754,0.5056272967063,-0.0883386263562,0.5160191555169,0.0237686504844,-0.0043761229039,-0.2755369914592,-0.3204901470762,-0.3162113159843,0.2045256307989,-0.3039453800743,-0.0939210206451,-0.1362994732819,-0.2494554571945,-0.1856286600673,-0.0649348393388,0.2296811569581,-0.0678025685773,-0.2377445296200,-0.2455864369009,-0.1558176716887,-0.0819096824809,0.5860927580873,-0.1196718704766,0.3473873706026,0.3432424775276,-0.1539289045354,0.1411940524943,-0.1610284794237,-0.1768204847252,-0.1205787195512,-0.1372126822112,-0.0645206852901,0.0717375178666,0.2528353919707
0.1478000421333,0.1169393314587,0.4883773596944,0.0583015983918,0.1310498336636,0.0455132211113,0.0518560262649,0.1050179521229,-0.0567488287345,0.1219071313743,0.1200689872127,0.0175185344905,0.2561797262991,0.1287306338268,0.1170960986514,-0.0103763078605,0.6568447970164,0.2622633681248,0.2071394216726,0.1046698131467,0.3064115803743,0.8991495804387,0.2793090859573,1.0000000000000,0.2258887362737,-0.0622898320596,0.2842441016257,0.3180558785758,0.4925158544517,0.3107280575904,0.3715058943954,-0.1319088094091,-0.0384652457589,0.2430895873985,0.1656967512357,0.0328793419283,0.0407993439320,0.1912417851285,-0.1098402777415,0.1118497888157,0.0108920509959,0.1097192021599,-0.0143180837583,-0.0400441542179,-0.0316452033131,0.1800879369186,0.0693310774077,0.1813403278984,0.0697218410732,-0.0381462999915,0.0489333061510,0.5644946224582,0.2302294161746,0.1274131373833,0.1997652315906,0.2421881383635,0.4396421289353,0.1834497811838,0.4327577032136,0.2474657412030,0.0638149027661,0.1308694666199,0.2945151117201,0.3043507713854,0.1969562616382,0.1880218704708,0.0192785442823,0.0641836184861,0.2296476544810,0.1709552601333
0.1057965780594,0.2022902852557,0.2057203772552,0.2707122399432,0.3080195236029,0.1044377393214,0.0470798804002,0.4805518449733,-0.1134807671736,0.6793374074316,0.0986332132894,-0.0755908357423,0.3267726903501,0.0911908277605,0.0953400865853,0.1453281860156,0.3262722337257,0.0558224032272,-0.0731954221741,0.0338715761090,0.4008168016866,0.2969760164748,0.2985679867863,0.2258887362737,1.0000000000000,0.1736565999506,0.2298505021517,0.0796932847535,0.6656685637899,0.0121629290308,0.2930399225666,0.0892919579693,0.0035107020915,-0.0075860695624,0.1075835768497,0.0727859585379,0.0921507185387,0.0439963217369,0.2028499278402,0.3383295647239,-0.0874097411306,-0.0268100448433,0.2874322478097,-0.1880099164925,0.6082570815361,0.1250595114191,0.0044424318830,0.3031409445477,-0.1433957677852,-0.0315490501303,0.1625411882086,0.3078229358323,0.0564839476719,-0.0244258931673,0.0565975692179,0.2513836612604,0.1575417595811,0.0966676438310,0.0806488796293,0.8054912695509,0.0281359043893,0.0277380620929,0.0652636441311,0.3587843812061,-0.1327833503458,0.0822241022896,-0.1231136160966,0.1543318928835,-0.1303227235285,0.1927504669987
0.5058816288377,0.6648097643882,-0.0807849930123,0.5724667279847,-0.0360869207544,0.4486971687220,0.3755170444538,0.6622594846857,0.5300109698028,0.1292137412644,0.0540620674227,0.7295673731190,-0.1504318705423,0.7026300099752,0.4520367186311,0.6000911393966,-0.0246693652752,0.5151074615384,0.4774812266713,0.7156821548326,-0.4363505429364,0.0622191436245,0.5686870986254,-0.0622898320596,0.1736565999506,1.0000000000000,0.6530920229538,0.4351194176545,0.1748046338763,0.4750882651041,0.6479107995611,0.6141352720657,0.4024571302165,0.4153411375826,0.7154690354513,-0.3559085604736,0.3678388998786,-0.2853119788039,0.4965139429647,-0.2152702645551,-0.2378860492181,-0.4920735936745,-0.4828517836837,-0.3336969928701,-0.0582641184711,-0.5879632061656,-0.2935154477600,-0.3574465883260,-0.2779425695981,-0.4710877617479,-0.3414413098411,-0.0411938106969,-0.4117112691510,-0.4785959459696,-0.4861000878461,-0.5124343320314,-0.4863243906549,0.0211669353794,-0.5453059533403,0.0000120760517,0.5389409849275,-0.3322219857899,0.0122641125517,-0.4084540606132,-0.6589672525569,-0.5206682322820,-0.2881644078661,-0.2434947136566,-0.4151280203812,-0.0255942731275
0.3001474451733,0.5730217979122,0.4042936300933,0.5208927859134,-0.1342676158803,0.4058681286699,0.2451743303187,0.5648458049191,0.4168701274418,-0.0296083082159,0.0325148031195,0.5476549847098,-0.2096266642355,0.5024800088276,0.2898476520305,0.3564729670815,0.0272313255457,0.6205379928119,0.4985049111239,0.6692271481714,-0.3139261025597,0.2115396684281,0.3893598694367,0.2842441016257,0.2298505021517,0.6530920229538,1.0000000000000,0.6311019513208,0.3076765581367,0.3608293353109,0.7340474302502,0.3235463487625,0.2417908472320,0.2330337686953,0.4836599162362,-0.3432414197543,0.3371655059781,0.1234527242553,0.3788530594341,-0.2644026777383,-0.1471898539326,-0.4223544984930,-0.3114707012210,-0.2456580194310,-0.1744918111163,-0.4567089930076,-0.1589861275004,-0.4175098557044,-0.1635841588126,-0.4124266195683,-0.3492030270619,-0.0463226728589,-0.0390758276215,-0.1519351136359,-0.1117322322598,-0.4608421967061,-0.3570057524469,0.0175626603355,-0.2884637842770,0.0362246815981,0.3631930285731,0.1126740300890,0.3946243695950,-0.2087478269333,-0.5167063130238,-0.2284271141212,-0.1110959321095,-0.1873126021526,-0.4163102344965,-0.0250637957359
0.1948356207487,0.2782231849537,0.5614413941378,0.0985311467969,-0.0658804810363,0.3359111981376,0.1808484878100,0.4122709591293,0.3258666636282,0.0280822415085,0.1011899484524,0.3727729351105,-0.0924358474919,0.4529751879619,0.2743244537376,0.2605330484192,0.0806950277904,0.4196108612381,0.4473982687506,0.3680365070786,-0.2398520570233,0.2339158335589,0.1932633699387,0.3180558785758,0.0796932847535,0.4351194176545,0.6311019513208,1.0000000000000,0.2207625257702,0.2393758377410,0.3568231498058,0.2685740582983,0.2217758680297,0.0657831094399,0.2054640270895,-0.5084862167837,0.0974590505745,0.1553350173757,0.1192904687626,-0.1162911192762,-0.1499009656011,-0.2904751310521,-0.2277947141902,-0.1579990520062,-0.1408795419474,-0.3051994197277,-0.2259355282838,-0.2309545459229,0.0139723837145,-0.3859225664439,-0.1199977665477,0.0081352852889,-0.2064307430308,-0.2313678270240,-0.1593409089606,-0.2801592959440,-0.1701067046073,-0.1591214396534,-0.1581495777620,-0.0662404092558,0.2889075337840,-0.0351237800776,0.5392518253907,-0.0004970984130,-0.4836034155485,-0.3296016703248,-0.0745092280598,-0.0709286175533,-0.3974107143653,-0.2311898324595
0.3409691707774,0.1779802843933,0.2751719952397,0.1055183356308,0.3735004004820,0.3103549230543,0.2321603293237,0.6739843640899,0.1291647413508,0.3459404189687,0.3827915505696,0.1998913387576,0.3471703833573,0.1550358131473,0.2409978885605,0.1864233670014,0.4329345691084,0.2586109455049,0.2331494486122,0.2492875772324,0.3516350943359,0.5132984634640,0.3045848813595,0.4925158544517,0.6656685637899,0.1748046338763,0.3076765581367,0.2207625257702,1.0000000000000,0.2551735387379,0.5084383956923,0.1184377067816,0.0902560617144,0.2306219943770,0.2646494321898,-0.1156429845357,0.0136742836833,-0.0632882341711,-0.0215715411354,0.3590051901922,-0.0888551440925,-0.0194800455895,0.1608930963193,-0.1507774279520,0.1115584336428,0.1205862375837,-0.1633024598489,0.2161071342207,-0.2114281028352,-0.2499724535978,-0.0031122747659,0.3610896460798,-0.1331567328310,-0.1763448465503,-0.1632807542762,0.2253899286604,0.0956373056866,0.0323295853189,-0.0102102809131,0.4889935343140,0.0850315287634,-0.1681893371568,-0.0303634034099,0.5121365084259,-0.2188098378121,-0.0900837555980,-0.2616366351962,-0.0567350217344,-0.0763541356883,0.0104748580170
0.7662551719091,0.3420419128449,-0.1193595701741,0.2944846003194,0.2706304839590,0.5673942884483,0.6136817775572,0.4479531359796,0.5746636903469,0.0801013401234,0.4131819602042,0.6129105360660,0.2520247241139,0.6324776391267,0.8285744070235,0.5978692046121,0.1137311835526,0.4706841560170,0.6011320665810,0.6081223408083,-0.0182852035358,0.4312445919351,0.4716806656806,0.3107280575904,0.0121629290308,0.4750882651041,0.3608293353109,0.2393758377410,0.2551735387379,1.0000000000000,0.5684903036379,0.4421483731003,0.5203194847236,0.8407736591656,0.5922058753950,-0.1913454393187,0.1864827574651,-0.3908231532504,0.1865824986019,0.1426458716566,-0.0492925489418,-0.1426255534955,-0.5714791674635,-0.1971032859471,-0.1961291584475,-0.2555154706951,-0.3869911028051,-0.1274417608719,-0.2063804717303,-0.3680755077678,-0.0673812837660,0.0607983063071,-0.4173487914961,-0.4713852474908,-0.4976727149281,-0.0711777902569,-0.2865252389485,0.1564790407779,-0.3476207022406,-0.0347916117090,0.2245843664371,-0.5019598586763,-0.1498706275048,-0.2267492556406,-0.1725556181957,-0.4668815493571,-0.3395664483764,-0.1615163109498,0.0624891887734,-0.0931176903650
0.5574765323179,0.5953432160109,0.1102182413771,0.4947417193797,0.0065767836616,0.4458586405009,0.3267180391364,0.7313203046924,0.4390405151478,0.0929862786318,0.2308390305933,0.6313280064499,-0.0338696718580,0.4752207332373,0.4338451065914,0.4150895326769,0.1647564111500,0.6576882721926,0.5183009676652,0.7313568518758,-0.1392597862443,0.4241327947744,0.5700455023644,0.3715058943954,0.2930399225666,0.6479107995611,0.7340474302502,0.3568231498058,0.5084383956923,0.5684903036379,1.0000000000000,0.3925571218646,0.2743813973508,0.4767339915704,0.7022768255974,-0.2287817711330,0.3496516451869,-0.1385128023001,0.3866749996488,-0.0619777347756,-0.1671023562562,-0.3782676942961,-0.2561208390904,-0.2556597030089,-0.1420601091037,-0.3516164953088,-0.2256170852312,-0.2005898859418,-0.2519710673752,-0.4845558822375,-0.3790269628697,0.0710005773418,-0.1701603120651,-0.2806529885135,-0.2695429018371,-0.2640196810434,-0.3126725830105,0.0868139715353,-0.3437784774768,0.1675766336220,0.4180742514776,-0.1358638996955,0.0786897392453,-0.0286727894621,-0.4420455814283,-0.2497463291866,-0.2222445152223,-0.2691874727196,-0.2515289788898,0.0586177831607
0.5831316146757,0.2751896325934,-0.3422982097351,0.1938878759234,-0.0436880618927,0.4743900745210,0.5085098190294,0.4834102113591,0.4915146470556,0.1392492956031,0.1655799281365,0.6083067107206,0.0473274075568,0.5233462129932,0.5108478603592,0.5250361419554,-0.0526116153023,0.4896909711988,0.4631983182713,0.6270671978854,-0.4171767959591,-0.0166073486322,0.3334299717290,-0.1319088094091,0.0892919579693,0.6141352720657,0.3235463487625,0.2685740582983,0.1184377067816,0.4421483731003,0.3925571218646,1.0000000000000,0.5337149915888,0.3736593862182,0.5718398340334,-0.4648847977920,0.0674013652619,-0.5983655517367,0.2722977221550,-0.1566986353995,-0.2081169008263,-0.3033423732020,-0.5333648672132,-0.1794174045174,-0.0938477183091,-0.4465218192295,-0.5731844919767,-0.1902469978574,-0.3224885239466,-0.5218107737994,-0.2218685990400,-0.1089885426668,-0.6695697282446,-0.6818938951330,-0.7044034143248,-0.4203841855113,-0.5825866224194,-0.1236277730327,-0.6612563757685,-0.1547365204500,0.0689556499599,-0.6244055718173,-0.2934272018625,-0.3946694667602,-0.5682934800088,-0.7083321074402,-0.3207452760458,-0.3136389722455,-0.4283427474836,-0.3634218916951
0.5442968453689,0.1226641717657,-0.2332665592769,0.1145256004314,0.0023847122304,0.7249304116827,0.5741374840027,0.3231733947237,0.5445617378226,0.0468817556373,0.3361786295931,0.4968437599260,0.0763049248575,0.3868195141340,0.5812937423498,0.5832715077960,-0.0077138188195,0.3270404475979,0.4347234357033,0.4595477957185,-0.2259118902506,0.0141902248700,0.2219203309972,-0.0384652457589,0.0035107020915,0.4024571302165,0.2417908472320,0.2217758680297,0.0902560617144,0.5203194847236,0.2743813973508,0.5337149915888,1.0000000000000,0.3694080489054,0.5766866952683,-0.4807238960956,-0.0229062558059,-0.5232205072292,0.1315477681459,-0.0890974692684,-0.0050963937715,-0.1571751676099,-0.5435556679224,-0.0177464140890,-0.1407488499271,-0.2616860171095,-0.5208730233143,-0.2591262125329,-0.2247099026739,-0.3732827402947,-0.0096292231089,-0.0888523164771,-0.5437069629082,-0.5639743595878,-0.5275412929723,-0.2918295152295,-0.4983629748751,-0.1047428901865,-0.5346251265392,-0.1423439782148,-0.0063048683100,-0.5622256708670,-0.3168258538138,-0.3229282359115,-0.4404112561011,-0.5981182862229,-0.3330052534008,0.0924749915189,-0.4124436871111,-0.2819106426101
0.6774311274695,0.3885093829120,-0.2377337042863,0.3410554639656,0.3672900031545,0.4811024378086,0.5080401239513,0.3713225069032,0.4586866753947,-0.0406170324281,0.4125536908786,0.5241839368896,0.1834082877566,0.4933886968257,0.6002084704057,0.4582763622866,0.0694410714909,0.3639241896409,0.4817979379339,0.5355320675354,0.0040711399317,0.3741494850090,0.5523029108353,0.2430895873985,-0.0075860695624,0.4153411375826,0.2330337686953,0.0657831094399,0.2306219943770,0.8407736591656,0.4767339915704,0.3736593862182,0.3694080489054,1.0000000000000,0.5723015211238,-0.0350624334959,0.3417299195993,-0.4135475004278,0.2955973790114,0.2593150226776,-0.0371224840519,-0.1268674769013,-0.5261072158103,-0.1450057311128,-0.2447865436141,-0.1794973890813,-0.3855084795490,-0.1172354973712,-0.2359705836595,-0.2816922205989,-0.1607430386353,0.0059434692986,-0.3998231844762,-0.4400453720329,-0.5269660352961,-0.0249921151756,-0.2971504431791,0.3827562953668,-0.3714392106321,-0.0365951724546,0.2400172274871,-0.5075619628415,-0.1954372687692,-0.2478255665248,-0.0300929977427,-0.4099104140704,-0.3055698569358,-0.3470625543254,0.2879447310408,-0.0645144925412
