1.0000000000000,0.0412172552036,0.2250397650926,0.3873083223109,0.6101374526110,-0.1196967993680,0.4613048434954,0.1061000707579,0.0955498579515,0.5153508358458,0.5993713108725,-0.3050456543877,0.6581860620653,0.0365801296511,0.4380787701781,0.4153312260667,0.1523288891917,0.4094814872151,-0.0306974609842,0.2345196788125,0.6696337498742,0.0959157465478,0.1778495532526,0.2167246238435,0.4210613050889,0.2061621394868,0.1038836711820,0.1571034185355,0.2368123928327,0.2828830331738,0.3422245509306,-0.3747108924661,0.0192879214600,0.3460649980164,0.1732435409341,0.7099340895979,0.0585813757793,-0.0222243276329,0.3949767181668,0.4758441826980,-0.0789218010675,0.3180335941392,0.0844676158360,-0.1918542550971,0.4881484486430,0.4066013500417,0.0351944811585,0.5718082177682,-0.0343053138695,-0.1135433698896,0.2601443495615,0.1009079576444,0.1981582326097,0.0956067813917,0.2988973429379,0.5497992946617,-0.1499488325735,0.2016089242623,-0.0070125675219,0.5178545884955,-0.0493426204405,0.0163304430858,0.1536303262192,-0.0461530315120,0.0193240278245,-0.0824297614070,-0.0049906115056,-0.0240158091810,0.1016363060378,0.1496510627281
0.0412172552036,1.0000000000000,-0.0469194540986,0.6927152213877,0.0638875579615,0.2317535368226,0.1616278737930,0.0507789316809,0.1377294481435,0.2556145869034,0.0719598795529,0.2046917241472,0.0025788782919,0.2996620892266,0.2309861129591,0.2050602112993,0.6090972798488,0.2703031703494,0.2478690781736,0.2925443626001,0.0492712486722,0.4353771349883,0.6387515278618,0.4476721137533,0.3257570948371,0.4919398402040,0.4591059005022,0.4673866644805,0.1545734167095,0.4011765035829,0.5202649552705,-0.1228422065068,0.0060433058232,0.3333795909970,0.6200964457670,-0.1976513608102,0.7092410164300,-0.4127247829827,0.6624900435537,0.0599474645152,0.1736345970614,-0.0969589179365,-0.3242520947599,-0.0773156771867,0.2661402874101,-0.2772088491338,0.2617781932807,-0.0036667826232,0.0536181424430,-0.0252856942777,0.1076446521928,0.5000285201923,0.0387562810581,0.1520379194081,-0.1293170458941,-0.1345985898542,0.1234133931766,0.4998221375828,0.1714667457053,0.3581368844876,0.4362434287898,0.0119309111331,0.1687504489123,-0.1517949756121,0.1093746886474,0.0053630040204,-0.2402198268023,-0.1721365355487,0.2517443439528,0.5804937158788
0.2250397650926,-0.0469194540986,1.0000000000000,0.1571007911533,0.0644698341586,0.0836928158370,0.2204750963665,0.3789913417749,0.4229523920785,0.2542521979054,0.0853513784958,0.1762945662423,0.0419102125483,0.3110650551904,0.2843139271610,0.3373855625164,0.1883158554605,0.4528427836766,0.3408694918875,0.3159348858556,0.0477101673834,0.5078253428585,-0.0053148626915,0.5629864177481,0.3106130720907,0.3030323006897,0.4316366028813,0.6623947543782,0.3590308576561,0.1136886946437,0.2184789318872,-0.0223577264998,-0.0624617500932,0.0721581055902,0.1449069391605,0.0285075882341,-0.0699393385764,0.3494745203316,0.0803594372492,-0.0458662917689,0.1706324261308,0.1275741807757,0.0658872855925,0.1125644506986,0.1350742818790,-0.0342060852634,0.1371393555984,-0.0127329575487,0.1868979049702,0.0023430770478,0.1730374949869,0.2158883618845,-0.1293990485921,0.1388962502696,-0.0706448621557,0.0073832842950,0.1538921628118,-0.0105581519333,0.1499065668187,0.1070807333934,0.1226798689428,-0.0481389646134,0.4540931811178,0.1506087294877,-0.1480509838382,-0.2025390076371,-0.1376087960276,0.0322700295168,-0.0939207288598,-0.0828207074730
0.3873083223109,0.6927152213877,0.1571007911533,1.0000000000000,0.4125765905230,0.2404503847496,0.4095519093707,0.1943020790613,0.2605171248241,0.6059574704225,0.3943581596633,0.1442112823680,0.3670169376988,0.2828637322550,0.5183171711857,0.5086750692763,0.5314775006499,0.3549864128272,0.2987399673761,0.4437730094081,0.4314917374503,0.3276105537594,0.6759025358022,0.3459910317129,0.5849351823051,0.6445913651126,0.4017025672040,0.5488085700463,0.3834621249387,0.3572508378138,0.5668098368649,-0.2532975420807,0.1101897925711,0.3915074616720,0.4703769663081,0.1125127455283,0.4847768196355,-0.3349084632695,0.8824497361006,0.3505463726012,0.1855903151624,0.1876664259679,-0.3031484963270,0.0472018428577,0.6294891943296,0.0774678936835,0.3883624491483,0.3745392501112,0.2362401481251,0.1715988460013,0.3436124604053,0.4426589148120,0.1972420764844,0.3472949508644,0.1850125511898,0.2589300898234,-0.1003001020214,0.5113930598585,0.0338065411382,0.6456764978766,0.4838195317566,0.0941538299264,0.2917746444066,-0.1692766033911,-0.0070191681263,-0.2904580689439,-0.0889636217567,-0.0287175750063,0.0985123297599,0.5143220334243
0.6101374526110,0.0638875579615,0.0644698341586,0.4125765905230,1.0000000000000,-0.1069468912127,0.4734889507892,0.0499515832758,0.0184867804463,0.5703185687746,0.7402919310623,-0.2227829902072,0.8122217689468,0.0011773504260,0.2769558171011,0.4096772832956,0.1268020587908,0.1923621923373,-0.0547468639410,0.0742139705254,0.9095434048984,-0.0160298345664,0.1877221126230,0.0848531240477,0.4785202558315,0.1900796499182,0.0345851677220,0.0462244755684,0.4701485129411,0.0756729107363,0.1812350778521,-0.4015898136033,0.0063937675910,0.1676330124871,-0.0391177528397,0.3775207535215,-0.0351742700158,-0.0580845846468,0.3754969911254,0.9382716570324,-0.0900981362382,0.3882067050526,0.0110842295598,-0.1070914282827,0.5582855773039,0.5321952002607,0.1103689819845,0.8633209674866,0.0358141804482,-0.0723705830958,0.3049681992338,0.0597512852362,0.1636755115235,-0.0006121440638,0.2052280396173,0.8599419747234,-0.2034843044479,0.1562617125121,-0.0809074111965,0.6798589546885,-0.0719901438271,-0.0055688257964,0.0438691851939,0.1697973655842,-0.1903736667480,-0.1701931870570,0.0395262093611,-0.0394723599996,-0.0529510215615,0.0027270801606
-0.1196967993680,0.2317535368226,0.0836928158370,0.2404503847496,-0.1069468912127,1.0000000000000,0.2342275233273,0.1419176830765,0.5206353470557,0.0753344766733,0.0743314373232,0.4208912993599,-0.0909013477899,0.5164292391598,0.3462379179234,0.2173523881415,0.1998690290475,0.1655027240990,0.4926895807340,0.3383894631733,-0.1161052666638,0.1772904824873,0.1088071463563,0.1573888131510,0.0065432354069,0.3174088801119,0.3266265462307,0.2132644827892,0.0033883022200,0.3307034094154,0.2028399554666,0.1085244965046,0.2401906324530,0.1996959983837,0.3406222568125,-0.2239079840273,0.0577728282416,-0.1570411897014,0.2001358046597,-0.0989198169916,0.6821585477292,0.1254495187622,-0.1820540134351,0.3395333951638,0.0780862372915,-0.1099392568270,0.3444914609672,-0.1140556441704,0.2524521400733,0.1581150886597,0.3007898869995,0.1512692137711,-0.1386338899398,0.2164314909735,-0.1535977982288,-0.1889386500615,-0.0955826191903,0.0687706166090,-0.0640604841270,-0.0159544907700,0.3381645061400,-0.0119488522792,-0.0290840960966,-0.1797807482829,-0.0246780927516,-0.1883823037895,-0.1086470206035,0.1052811708446,0.0600929269833,0.2441798217412
0.4613048434954,0.1616278737930,0.2204750963665,0.4095519093707,0.4734889507892,0.2342275233273,1.0000000000000,0.2245987477280,0.5573457942689,0.4855479085225,0.7295747053642,0.0109771271520,0.6880088609554,0.3503431521664,0.5526066860084,0.6330845404183,0.1299930270597,0.3540091284354,0.2783759337856,0.3255548953480,0.5667504642156,0.1434127527589,0.1375707524819,0.1833134538380,0.4213557495088,0.2932540939571,0.2496994722689,0.1705595647732,0.2816739827774,0.3368659268953,0.3753477265263,-0.2704831244757,-0.1149514529967,0.2277852977586,0.1495654546712,0.2088984043368,-0.0839528496888,-0.1174973476080,0.3588340829315,0.3929607657600,0.2655017026209,0.7107066360597,-0.0722270632059,0.1987496796353,0.5230348069304,0.4177667978016,0.2721597118215,0.6133832991621,0.2256087998897,0.0538027381788,0.5397418176787,0.0567342231386,-0.0330307664378,0.1662205523418,-0.0092902048139,0.4944779843757,-0.2272459849578,0.0860752424599,-0.1835842290794,0.5121801735610,0.0298603983259,-0.1066352053379,-0.0037094308400,0.0085200408574,-0.0789030024724,-0.2495176757936,-0.2465577940997,-0.1063980157627,-0.1259281338264,0.0515812033344
0.1061000707579,0.0507789316809,0.3789913417749,0.1943020790613,0.0499515832758,0.1419176830765,0.2245987477280,1.0000000000000,0.2754657406441,0.3714337619603,0.1276980201400,0.1867019967571,0.0055278887451,0.1074890859605,0.3220923191667,0.2928289420242,0.0676893770863,0.3648696686243,0.1467555035760,0.2963351865627,-0.0123101158080,0.2633290535140,0.1655613248253,0.1948726585503,0.5853080059631,0.4027365235497,0.5890646344450,0.2953823466474,0.4768678862678,0.2125530193410,0.3760476551286,0.1921044452089,0.1245665893135,0.0134284594479,0.1354537774869,0.0894455298375,-0.0743144606842,-0.1221805256436,-0.0187230770103,0.1050366612301,-0.0332010607038,-0.0332403996793,0.4023428404200,-0.0295782813882,0.3100409213701,0.0181930246213,-0.1642676240427,-0.0493254197003,-0.0754795890585,0.0975235330229,-0.0130560371327,-0.0272004003791,-0.3672017488065,-0.1158208844472,-0.1622967293650,-0.0142971339953,-0.2348736695137,0.1054692494049,-0.2837214969510,0.3704695965598,0.1610983337459,0.0265672516594,-0.1063686719321,0.2712079295172,-0.2490095996241,-0.2405019615603,0.1163627980946,-0.0460826229805,-0.2382480282658,-0.2112050220238
0.0955498579515,0.1377294481435,0.4229523920785,0.2605171248241,0.0184867804463,0.5206353470557,0.5573457942689,0.2754657406441,1.0000000000000,0.2192706521175,0.2183899185181,0.2200327213288,0.1304003694374,0.6072586110083,0.7236156926466,0.3684152451645,0.1180670111886,0.4027993446712,0.6492215803779,0.5958987441145,0.0515854669700,0.2610715749822,0.1214258761880,0.3058605460319,0.2180668438705,0.3415146354790,0.4362218826959,0.3887931206834,0.0523242250289,0.4694909609248,0.2772193883229,0.0023339368440,-0.1486585307039,0.2850554412673,0.2954158927053,-0.0686333704883,-0.0915639090738,-0.0362228351423,0.2293071674550,-0.0345836466887,0.4990282247285,0.3014740035135,-0.1967569722247,0.3444427476713,0.1999063091063,-0.0701815031623,0.2905905450891,0.0557412748610,0.2853033413569,0.2119898091309,0.3537325559089,0.0705055696198,-0.1717304500510,0.2846054799410,-0.1262959070080,0.0011049068979,-0.0382984154564,0.1129271197231,-0.0594179760397,0.0792515450923,0.2346210611264,-0.0699355588649,0.0820523976214,-0.1979760528125,-0.0137622798649,-0.3884483717129,-0.3011705265703,-0.0873671034066,-0.0418339342273,0.0886708391719
0.5153508358458,0.2556145869034,0.2542521979054,0.6059574704225,0.5703185687746,0.0753344766733,0.4855479085225,0.3714337619603,0.2192706521175,1.0000000000000,0.4770648289712,-0.1478208714458,0.5381215494106,0.2046443917770,0.4634681272620,0.6413211830432,0.2401566511604,0.2673424500102,0.1132635023853,0.2540644442490,0.6016884194879,0.0776346269833,0.4688026175029,0.1290411051647,0.7680599102466,0.5433799659798,0.1659626396012,0.4072181994012,0.2702238995422,0.1834421821680,0.3117866763829,-0.2587814602816,0.0887167382654,0.1741050187095,0.1498225020337,0.2315570003397,0.0455580359841,-0.2425191324841,0.5751890296126,0.4805110633927,-0.0137506864537,0.2221369118991,-0.0388764651359,-0.1754512931483,0.8547721756863,0.2478200984199,0.0930355185180,0.5477387249984,0.1896861527999,0.0485429188631,0.4033428007266,0.1542275846001,-0.1011621260532,0.0977757943473,0.0205155906820,0.5005869746106,-0.2082845370945,0.3627250045210,-0.1246962056156,0.6997272952397,0.2553462128966,-0.1626380296830,0.1878014131462,-0.1776212329410,-0.1620568401568,-0.3436935670038,-0.0325064599471,-0.0405064938583,-0.0269014413602,0.0770278553144
0.5993713108725,0.0719598795529,0.0853513784958,0.3943581596633,0.7402919310623,0.0743314373232,0.7295747053642,0.1276980201400,0.2183899185181,0.4770648289712,1.0000000000000,-0.0926197996311,0.8518277716788,0.1842248740492,0.4023347296157,0.4860932821314,0.1206329662002,0.2200427190111,0.0957691890826,0.1796099009216,0.7772991441885,0.0068555034017,0.1318218353292,0.0685433293104,0.3698938595282,0.2390290477690,0.1061357952373,0.0781273309592,0.4162687233011,0.1189811883758,0.2878295566072,-0.3048410701761,-0.0165117738088,0.1682424667762,-0.0445052447801,0.3466967986272,-0.1073255393839,-0.0897099754503,0.3354652347477,0.7006920641506,0.0608112565811,0.6080514842913,0.0128020144886,-0.0348449807899,0.4851827985956,0.7379795115345,0.2525347887283,0.8070090488857,0.1067226479266,-0.1365497404543,0.3476647900677,0.0760053909534,0.0382180378816,0.0739447514037,0.0723265328571,0.7141899365203,-0.2511501310553,0.0483528166609,-0.1440946592781,0.5782085191562,-0.0744660462305,-0.0444980494049,0.0277918549643,0.1471088614866,-0.2631129709055,-0.2129596054264,-0.0727261682747,-0.0220019075541,-0.2129182036941,-0.0375414463206
-0.3050456543877,0.2046917241472,0.1762945662423,0.1442112823680,-0.2227829902072,0.4208912993599,0.0109771271520,0.1867019967571,0.2200327213288,-0.1478208714458,-0.0926197996311,1.0000000000000,-0.3170259782475,0.3519080024674,0.0291937252324,0.0680770643709,0.0501882259603,-0.0067520788073,0.4883011210637,0.1732833871971,-0.2919165300269,0.2048181163685,0.0770036732954,0.0966491117796,-0.0547380858021,0.3616634147741,0.3351935538640,0.2101072750656,0.1807898517543,0.0453050364425,0.0418221339650,0.2481804864481,0.1696633297123,0.0273936238991,0.1137550492182,-0.3447444716221,0.0480560854562,-0.0277900353377,-0.0045896924498,-0.2094161710868,0.3192366475041,-0.0194496541986,-0.0827617714675,0.2895069395381,-0.1593038985934,-0.1161376888448,0.5564529756177,-0.2816787519143,0.5345911348730,0.1842439377268,-0.0360082316513,0.0724103966648,-0.2528336659572,0.3715946979437,-0.1334356915299,-0.3256816969678,-0.0215520029928,-0.0749507141599,-0.0865907152687,-0.1380645588301,0.3681519648744,0.0405100586687,0.0060406269059,0.0268567846533,-0.0524876071471,-0.1833930166147,-0.0238116613429,0.2136113977329,-0.0821546253666,0.0063343827885
0.6581860620653,0.0025788782919,0.0419102125483,0.3670169376988,0.8122217689468,-0.0909013477899,0.6880088609554,0.0055278887451,0.1304003694374,0.5381215494106,0.8518277716788,-0.3170259782475,1.0000000000000,0.0590748866588,0.3434841350043,0.4721960574365,0.0817394840471,0.1779957165414,0.0111867885821,0.1117133661395,0.9105024365767,-0.0456825207402,0.1345892334331,0.0432930010879,0.3624965556050,0.1342336261786,-0.0444890386968,0.0087150791147,0.2913670245423,0.1178920041117,0.2544568571377,-0.3734454633989,-0.0810240285747,0.1982814821403,-0.0647474433124,0.4277954004907,-0.1438819671962,-0.1295688257422,0.3611114494511,0.7440125076252,-0.0885915842973,0.5761535412177,-0.0952957053716,-0.0927049843050,0.5586733287414,0.6881419845456,0.1269555396084,0.9417444434183,0.0586329213322,-0.0654696234817,0.3568254506304,0.0444240190379,0.1171188633920,0.0557230293264,0.1515158670491,0.8734753674195,-0.2301848262159,0.1082784720250,-0.1295868994639,0.5683681135533,-0.1571474271227,-0.1453203641616,0.0033216631065,0.0186974343105,-0.1242713531862,-0.2125862855359,-0.1021315729546,-0.1203389611878,-0.0975597464811,0.0191939331990
0.0365801296511,0.2996620892266,0.3110650551904,0.2828637322550,0.0011773504260,0.5164292391598,0.3503431521664,0.1074890859605,0.6072586110083,0.2046443917770,0.1842248740492,0.3519080024674,0.0590748866588,1.0000000000000,0.5201752215875,0.3067630575681,0.2303189382295,0.2182120391381,0.7852847820800,0.4970464694002,0.0204807160031,0.2922993757575,0.1772291489042,0.2927892916047,0.1430746775530,0.4874856040017,0.3727685012114,0.5043510433016,0.0035801187583,0.3149137725680,0.2104034627116,-0.0073344501486,-0.0821103311876,0.2868379048861,0.3164338300681,-0.2096955122915,-0.0068587338265,-0.1969713752877,0.3326966686145,-0.0780852411500,0.4707440965012,0.0815474941026,-0.2351857516454,0.0690934507410,0.1172915526246,-0.1040881125207,0.5928989282891,-0.0186188466046,0.3816214782331,0.0111984017261,0.2688730794719,0.1714279884868,-0.2761103093454,0.4259532638210,-0.2791931292966,-0.0705913896359,-0.0512802577941,0.0683276423470,-0.0372795042668,0.0497881953765,0.4604774099920,-0.1976020499983,0.1909415637535,-0.2408581626128,-0.1091703046732,-0.3565041909689,-0.4489545301626,-0.1239292226575,-0.0616964759385,0.1580610874595
0.4380787701781,0.2309861129591,0.2843139271610,0.5183171711857,0.2769558171011,0.3462379179234,0.5526066860084,0.3220923191667,0.7236156926466,0.4634681272620,0.4023347296157,0.0291937252324,0.3434841350043,0.5201752215875,1.0000000000000,0.4861397363214,0.2149930421572,0.4381169178974,0.5802785540586,0.7226902871390,0.3148389339748,0.1724421820559,0.3596865185330,0.2286204392453,0.3965272910460,0.5405573109160,0.4203969512287,0.4523943227961,0.1417900771329,0.6116025835494,0.4159469929844,-0.1850246361224,0.0704182535558,0.4488766237132,0.3668878658289,0.1953863511638,0.0319640681327,-0.2369534022026,0.4811282083450,0.1914275481027,0.2975363350740,0.2201808592152,-0.0938887577853,0.0476519522805,0.4454765793348,0.0769481473670,0.2837095695532,0.2586434055348,0.1235832682110,0.2175121180519,0.3392670427654,0.1310579519453,-0.1048215991242,0.3346499241004,0.0213928838637,0.1940507702446,-0.2550874671488,0.2900170802610,-0.1508535058491,0.3186438323368,0.3522529714031,-0.0542668749403,0.0950263580159,-0.2460377984494,-0.0067106623696,-0.4232083346502,-0.1372210559983,0.0057087818547,-0.0239161139058,0.1963932130618
0.4153312260667,0.2050602112993,0.3373855625164,0.5086750692763,0.4096772832956,0.2173523881415,0.6330845404183,0.2928289420242,0.3684152451645,0.6413211830432,0.4860932821314,0.0680770643709,0.4721960574365,0.3067630575681,0.4861397363214,1.0000000000000,0.2238157001129,0.2875693266518,0.2292860133219,0.2782909428830,0.4841105996758,0.2081544045066,0.2898609810770,0.2180240437036,0.5228581845110,0.5453021397197,0.2348649317391,0.3933229873032,0.3327528516073,0.2653457569369,0.3362458018077,-0.1848095664116,0.1064196869472,0.1843677350068,0.2596160387851,0.1329299028973,-0.0230434373890,-0.0163323149581,0.4295238489795,0.3074663518401,0.1240891777086,0.3906541051012,-0.0598611120996,-0.0027989326153,0.5907294692092,0.1824859348934,0.2504871720444,0.4291660278910,0.2780744575511,0.0318519521215,0.5851374529582,0.1687898260538,-0.0602938456510,0.2146951782373,0.0240201153030,0.3749205002667,-0.0975687714711,0.1873250844509,-0.0485531958652,0.5026048081770,0.2206468740255,-0.0114064803015,0.2804749913509,-0.0144659036715,-0.1620428416070,-0.2870797114541,-0.0296169048778,0.1234742617695,-0.1095265807245,0.1542755068001
0.1523288891917,0.6090972798488,0.1883158554605,0.5314775006499,0.1268020587908,0.1998690290475,0.1299930270597,0.0676893770863,0.1180670111886,0.2401566511604,0.1206329662002,0.0501882259603,0.0817394840471,0.2303189382295,0.2149930421572,0.2238157001129,1.0000000000000,0.3411721792526,0.1824777036700,0.2779481930959,0.1230640915395,0.6535077499292,0.4146060939332,0.7044381785185,0.2559465253735,0.3165722090996,0.3319436817304,0.5715852509145,0.3502085084431,0.3121862697354,0.6328824784122,-0.1543629224129,0.0435349091155,0.3042235172148,0.5736126294674,-0.1844771091937,0.5056916094253,-0.2227829632276,0.4913144237669,0.0936070358606,0.0785846344604,-0.1023655939045,-0.3246532300831,-0.1504011387116,0.2212784028245,-0.2634789686985,0.1972246874080,0.0800768091241,-0.0705778864493,-0.1952817296233,0.1185516690779,0.9092215119443,0.1453048738550,0.0486223401160,-0.1296429290439,-0.0622624395592,0.3662434675672,0.4265639219511,0.5348946189468,0.2892124189963,0.1704275565047,-0.1152350234967,0.3075687250552,0.0380088329879,0.0020228074536,0.2146996039793,-0.1858514596468,-0.0487962506941,0.2661761637848,0.5245509114800
0.4094814872151,0.2703031703494,0.4528427836766,0.3549864128272,0.1923621923373,0.1655027240990,0.3540091284354,0.3648696686243,0.4027993446712,0.2673424500102,0.2200427190111,-0.0067520788073,0.1779957165414,0.2182120391381,0.4381169178974,0.2875693266518,0.3411721792526,1.0000000000000,0.2009352139388,0.6451990316939,0.1884819897725,0.4231421653778,0.1500687301816,0.5722655489129,0.3490043305783,0.3155815344507,0.5598599806814,0.4148610697135,0.3257814604692,0.5056363095202,0.6018146550048,-0.1816397467425,-0.0063602884564,0.2767437179534,0.5220941215586,0.1314807096612,0.2375945062804,-0.0315680143839,0.2827236283943,0.1326790425170,0.0953279730275,0.0776861277073,-0.0775679926312,-0.0386378859334,0.2152566982396,-0.1230385387383,0.0044769300788,0.1251755098673,-0.1195170084552,-0.1158088799443,0.1980786337369,0.2898311475934,0.1965830298161,-0.0360335860037,0.0615420989110,0.0606886751671,0.0765006197789,0.1776296594170,0.1736439067744,0.2696805331165,0.0380559505697,0.0438982365017,0.0622469220329,0.0103133682211,0.0213540582716,0.0053649135562,-0.0801778776610,-0.1254289988115,0.1079919118979,0.3006117358752
-0.0306974609842,0.2478690781736,0.3408694918875,0.2987399673761,-0.0547468639410,0.4926895807340,0.2783759337856,0.1467555035760,0.6492215803779,0.1132635023853,0.0957691890826,0.4883011210637,0.0111867885821,0.7852847820800,0.5802785540586,0.2292860133219,0.1824777036700,0.2009352139388,1.0000000000000,0.6018392266458,-0.0449646775303,0.2458969307005,0.2077033786748,0.2506286897625,0.0520192276684,0.4511957754746,0.3904774530955,0.5302340140855,-0.0154842237494,0.3002625240982,0.2209362725693,-0.0734379286326,-0.0449590378589,0.2961544429340,0.3153648614246,-0.2574660612939,-0.0166368806759,-0.2546181233748,0.3023624632891,-0.1008357109333,0.4326961416754,0.0730092297434,-0.2857739124860,0.1973165520158,0.0892362102076,-0.1193738710821,0.6240965608731,-0.0459334449538,0.3841419103668,0.1624850119386,0.1969273112060,0.1578807023148,-0.2440326085933,0.6373578402833,-0.1856516083723,-0.1328780616458,-0.1082043964911,0.0874240647604,-0.0831976283039,-0.0592431868705,0.4622906022858,-0.1944110039016,0.1365784332095,-0.2930052342226,-0.0315364294139,-0.4410515694937,-0.4366312499502,-0.1199610616815,-0.0360003499661,0.1901857828690
0.2345196788125,0.2925443626001,0.3159348858556,0.4437730094081,0.0742139705254,0.3383894631733,0.3255548953480,0.2963351865627,0.5958987441145,0.2540644442490,0.1796099009216,0.1732833871971,0.1117133661395,0.4970464694002,0.7226902871390,0.2782909428830,0.2779481930959,0.6451990316939,0.6018392266458,1.0000000000000,0.0837103088112,0.2840942052312,0.3329145162227,0.3565369932255,0.2679905257098,0.5250288179119,0.5370819853500,0.5130492257152,0.0983800540927,0.5801024022939,0.4856454079284,-0.1507574614595,-0.0104950591771,0.5071648636893,0.5226315758022,-0.0107999788931,0.1934072814823,-0.3080304258950,0.4215463838753,0.0303770227474,0.2933707597256,0.0695038402692,-0.2437749264712,0.0542958474038,0.2053696937613,-0.1257193699753,0.2910482094754,0.0545824814743,0.1096917309229,0.0847329362812,0.2773243557938,0.2486274276226,0.0164426575368,0.3235046928100,0.0638077795665,-0.0276046834990,-0.0804476512358,0.2925068340297,0.0025721839207,0.1008830451028,0.4505146253452,-0.0879511860224,0.0115652182448,-0.2875461458176,0.1025867087398,-0.3397229850322,-0.3095024284590,-0.0839042819034,0.0817543103694,0.3554534569618
0.6696337498742,0.0492712486722,0.0477101673834,0.4314917374503,0.9095434048984,-0.1161052666638,0.5667504642156,-0.0123101158080,0.0515854669700,0.6016884194879,0.7772991441885,-0.2919165300269,0.9105024365767,0.0204807160031,0.3148389339748,0.4841105996758,0.1230640915395,0.1884819897725,-0.0449646775303,0.0837103088112,1.0000000000000,-0.0539925075152,0.1796259260279,0.0482012533638,0.4163029580164,0.1878376538569,-0.0871722676262,0.0494378728503,0.3474698637570,0.0761379032954,0.2331530483117,-0.4209920470510,-0.0034824080200,0.1807500141483,-0.0262916577154,0.4319117706553,-0.0697150433651,-0.1041648290661,0.4210830179635,0.7926369362429,-0.1065389217970,0.4578617784179,-0.0875272274101,-0.1144717876178,0.6002336312542,0.5869309639359,0.1410698036594,0.9196715083520,0.0782117546328,-0.0551416971600,0.3672816339638,0.0715378780748,0.1870553528414,0.0698998013512,0.2264128499657,0.9389211334976,-0.2259192853448,0.1640495373072,-0.0949842996522,0.6149651804853,-0.0906353638138,-0.0920255224551,0.0713877054553,0.0111473682086,-0.1503297802864,-0.1835567384035,-0.0106350104221,-0.0302740628834,-0.0391096338528,0.0784510503018
0.0959157465478,0.4353771349883,0.5078253428585,0.3276105537594,-0.0160298345664,0.1772904824873,0.1434127527589,0.2633290535140,0.2610715749822,0.0776346269833,0.0068555034017,0.2048181163685,-0.0456825207402,0.2922993757575,0.1724421820559,0.2081544045066,0.6535077499292,0.4231421653778,0.2458969307005,0.2840942052312,-0.0539925075152,1.0000000000000,0.2159270126751,0.9265025682615,0.1964606490316,0.2498800220815,0.4818718270228,0.5724122744250,0.4547941121670,0.4249373354037,0.6198905780046,0.0487328752289,-0.0763795417554,0.3058742580716,0.5736407262276,-0.2049070385796,0.4076227022519,-0.0003805100089,0.2052097972935,-0.0465582145039,0.0983646124869,-0.0926087732115,-0.1631543533356,-0.0420666031597,0.0532007152089,-0.3453523869003,0.1282250545015,-0.1034465289201,-0.0641223150715,-0.2461585381083,0.0545045488602,0.5719609805205,-0.0699256988933,-0.0078810724577,-0.2434497622225,-0.1686453856906,0.5110571051335,0.2694003947281,0.4774247478039,0.1300015389936,0.1072485261227,-0.1586715524488,0.2787430082433,0.2672242563986,0.0176623627416,0.1810102555896,-0.2586547727672,-0.1305534953826,0.2168441220775,0.3352777134526
0.1778495532526,0.6387515278618,-0.0053148626915,0.6759025358022,0.1877221126230,0.1088071463563,0.1375707524819,0.1655613248253,0.1214258761880,0.4688026175029,0.1318218353292,0.0770036732954,0.1345892334331,0.1772291489042,0.3596865185330,0.2898609810770,0.4146060939332,0.1500687301816,0.2077033786748,0.3329145162227,0.1796259260279,0.2159270126751,1.0000000000000,0.1980383777467,0.5243144018267,0.5355752816767,0.3199174872369,0.4277909645413,0.0935656511639,0.3467859233232,0.3830791385198,-0.1337661149206,0.0602245775456,0.3459242768802,0.3652218822427,0.0225545268767,0.4720191926778,-0.3609809323013,0.6960641448333,0.1906419711020,0.0435003890064,-0.0508823445113,-0.1677156092239,-0.1431309400697,0.5248630934951,-0.0796961091280,0.2060056719237,0.1124486856285,0.1377150381099,0.0993198053412,0.0558832136695,0.3429878952135,-0.0226312114474,0.2361090680005,0.0740424739073,0.0337758766957,0.0058206900603,0.8097356859535,0.0515326212984,0.4665506632296,0.5148161606800,0.0352581807342,0.1788389672235,-0.2243696985189,0.1362632993784,-0.2029170398362,-0.0552975604156,-0.0836980958962,0.1549595123500,0.3958738536537
0.2167246238435,0.4476721137533,0.5629864177481,0.3459910317129,0.0848531240477,0.1573888131510,0.1833134538380,0.1948726585503,0.3058605460319,0.1290411051647,0.0685433293104,0.0966491117796,0.0432930010879,0.2927892916047,0.2286204392453,0.2180240437036,0.7044381785185,0.5722655489129,0.2506286897625,0.3565369932255,0.0482012533638,0.9265025682615,0.1980383777467,1.0000000000000,0.2115305740424,0.2387899321668,0.5110545271583,0.6011703734092,0.4034672643806,0.4720766348660,0.6306884841018,-0.0514549206419,-0.1121636641617,0.3576317616926,0.6120478949682,-0.1354173861514,0.4145691515415,0.0195392285817,0.2577818227678,0.0243434957896,0.0795501188776,-0.0775715615585,-0.1799136209972,-0.0849646782261,0.0779373084092,-0.3171123883748,0.1102097322916,-0.0196811220185,-0.1228162321763,-0.2742402350515,0.0767527916017,0.6381455383485,0.0259800260153,-0.0285523167423,-0.2164105733712,-0.0958908731538,0.4934293531716,0.3008638800417,0.5502041401241,0.1596557384251,0.0521097300818,-0.1569204946773,0.2887237102874,0.1941719284087,0.0482450364690,0.2010752312181,-0.2950876109861,-0.1610181406069,0.2801011862644,0.3876115593040
0.4210613050889,0.3257570948371,0.3106130720907,0.5849351823051,0.4785202558315,0.0065432354069,0.4213557495088,0.5853080059631,0.2180668438705,0.7680599102466,0.3698938595282,-0.0547380858021,0.3624965556050,0.1430746775530,0.3965272910460,0.5228581845110,0.2559465253735,0.3490043305783,0.0520192276684,0.2679905257098,0.4163029580164,0.1964606490316,0.5243144018267,0.2115305740424,1.0000000000000,0.4795832090145,0.4247812782097,0.3729828865960,0.5127644139515,0.2128456352136,0.3897855446322,-0.1403190058657,-0.0090706590791,0.1742015069029,0.1720120812069,0.2816445873487,0.1891372562352,-0.1101180161523,0.4953997747441,0.4311768658920,0.0057546217900,0.1879342209883,0.1579355340065,-0.1291105123275,0.7262833245472,0.1485318696822,0.0261907782137,0.3394056013623,0.0948914171261,-0.0072488122625,0.3017035528532,0.1233295803008,-0.0950934092716,-0.0017425544801,0.0758080957776,0.3373077141146,-0.1823097930756,0.4366215950222,-0.1553703165258,0.8516787524449,0.2406801188456,0.0518818284369,0.1229325079679,0.1242909946151,-0.1634395812859,-0.2270850527602,-0.0033024703602,-0.0819617512535,-0.1151193621804,0.0083395535136
0.2061621394868,0.4919398402040,0.3030323006897,0.6445913651126,0.1900796499182,0.3174088801119,0.2932540939571,0.4027365235497,0.3415146354790,0.5433799659798,0.2390290477690,0.3616634147741,0.1342336261786,0.4874856040017,0.5405573109160,0.5453021397197,0.3165722090996,0.3155815344507,0.4511957754746,0.5250288179119,0.1878376538569,0.2498800220815,0.5355752816767,0.2387899321668,0.4795832090145,1.0000000000000,0.4812948165719,0.6469668331880,0.2525099542164,0.3608715860271,0.2943345862296,-0.1323338284693,0.2731715182918,0.3168090847439,0.4014084334573,-0.0381051685890,0.2041592991664,-0.2639397859585,0.5755554461898,0.1141313461749,0.2102539136529,0.0632630703433,-0.1231883699635,-0.0048794049418,0.3908741515009,0.0379625815505,0.3732411315549,0.0994971943948,0.3610959331818,0.2278232277558,0.2445264981548,0.2673069254987,-0.2507526677726,0.3364066001392,-0.0353440346072,0.0548603162265,-0.1714286341564,0.3539043416936,-0.1101614933617,0.3529887423197,0.7042404666205,0.0288031331583,0.2817766386634,-0.2080651377443,-0.0975842314328,-0.4611852000875,0.0360511677141,0.2128016168747,-0.0690723367450,0.2777125206024
0.1038836711820,0.4591059005022,0.4316366028813,0.4017025672040,0.0345851677220,0.3266265462307,0.2496994722689,0.5890646344450,0.4362218826959,0.1659626396012,0.1061357952373,0.3351935538640,-0.0444890386968,0.3727685012114,0.4203969512287,0.2348649317391,0.3319436817304,0.5598599806814,0.3904774530955,0.5370819853500,-0.0871722676262,0.4818718270228,0.3199174872369,0.5110545271583,0.4247812782097,0.4812948165719,1.0000000000000,0.5169780134910,0.3426050144191,0.4629594654260,0.5333435130393,0.0619912959232,-0.0237417242532,0.3204469291553,0.4909246242177,-0.0597564519013,0.2623918335772,-0.1416185785244,0.2500081802082,0.0479176567022,0.2425424515546,-0.0241498639422,0.1323678279485,0.0641926923378,0.1463416179640,-0.1709552855134,0.1277292661907,-0.1239898869606,-0.0255967184411,0.0494769745456,0.0913994797755,0.2355216690485,-0.1750302458490,0.0802708478493,-0.1622785945153,-0.1847562032095,-0.0997240272416,0.2536876406886,-0.0862560017308,0.2897786319583,0.3653085757893,0.1998447681509,0.0474426703889,0.1427972603883,-0.0518898607976,-0.1660064562478,-0.1400234715715,-0.1724806499664,-0.0169263121739,0.1564814734689
0.1571034185355,0.4673866644805,0.6623947543782,0.5488085700463,0.0462244755684,0.2132644827892,0.1705595647732,0.2953823466474,0.3887931206834,0.4072181994012,0.0781273309592,0.2101072750656,0.0087150791147,0.5043510433016,0.4523943227961,0.3933229873032,0.5715852509145,0.4148610697135,0.5302340140855,0.5130492257152,0.0494378728503,0.5724122744250,0.4277909645413,0.6011703734092,0.3729828865960,0.6469668331880,0.5169780134910,1.0000000000000,0.2595811500845,0.2582829216681,0.4266568936495,-0.1355558350814,0.1569583061379,0.2432923592144,0.4662069899324,-0.1949096747484,0.2900793326010,-0.1227065145547,0.5168500544800,-0.0437093382700,0.1816642953036,-0.0519042348000,-0.2513106146890,-0.0279745296472,0.2493049801449,-0.2036989260383,0.2790955229332,-0.0241548663238,0.1864222769170,0.0508703884001,0.2132352741125,0.5450823209993,-0.1692460795896,0.3407601443232,-0.2088830833792,-0.0999335608368,0.1762179594525,0.3294650117499,0.2424390155958,0.1925349059087,0.4772565844926,-0.1178563623200,0.5985451248550,-0.1457023359433,-0.1055309371205,-0.3179768146209,-0.2079426964266,-0.0177064505903,0.0211593629465,0.2789624440192
0.2368123928327,0.1545734167095,0.3590308576561,0.3834621249387,0.4701485129411,0.0033883022200,0.2816739827774,0.4768678862678,0.0523242250289,0.2702238995422,0.4162687233011,0.1807898517543,0.2913670245423,0.0035801187583,0.1417900771329,0.3327528516073,0.3502085084431,0.3257814604692,-0.0154842237494,0.0983800540927,0.3474698637570,0.4547941121670,0.0935656511639,0.4034672643806,0.5127644139515,0.2525099542164,0.3426050144191,0.2595811500845,1.0000000000000,0.0384411025507,0.3987029850138,0.0341418571110,0.0789415117087,0.0104806244675,0.0929725985430,0.1252911054353,0.1210383264684,0.1037327159083,0.1675873686062,0.4729061670414,0.0366750929887,0.2213925232266,0.1208511941489,0.0728306797322,0.2675739583721,0.2225098553531,0.0970387513819,0.3104788295963,-0.0013624898872,-0.0720637434008,0.1002090224946,0.2580509450929,0.1097387206149,-0.0881895136195,0.1291142568228,0.3146180754583,0.0223152007380,0.0173592685125,0.0436075160321,0.5513967640558,-0.0497714698796,0.1253963854555,0.0921341457979,0.6512581764222,-0.3002768777661,0.0094004323441,0.1560073880347,0.1307277552001,-0.2294075868451,-0.0143232574165
0.2828830331738,0.4011765035829,0.1136886946437,0.3572508378138,0.0756729107363,0.3307034094154,0.3368659268953,0.2125530193410,0.4694909609248,0.1834421821680,0.1189811883758,0.0453050364425,0.1178920041117,0.3149137725680,0.6116025835494,0.2653457569369,0.3121862697354,0.5056363095202,0.3002625240982,0.5801024022939,0.0761379032954,0.4249373354037,0.3467859233232,0.4720766348660,0.2128456352136,0.3608715860271,0.4629594654260,0.2582829216681,0.0384411025507,1.0000000000000,0.4650547978090,0.0130163537879,0.0658196667187,0.6758979798476,0.6442795888016,0.0999075150811,0.3344059844792,-0.1394120685998,0.3470528946943,0.0499272536325,0.1674551390973,-0.0196893039516,-0.0473874649918,-0.0735857775897,0.2361895860538,-0.2414664869663,0.0681995420465,0.0154516118673,-0.1133519386377,0.0404055629672,0.1695216469193,0.2414243925167,-0.0083780562394,0.0648836166926,-0.0558465519040,-0.0496691863107,0.1294865028572,0.4582148384744,0.1751156955270,0.2070968691974,0.2768758673518,0.0790086921359,0.0288894004571,-0.0799885729264,0.4088798131349,0.0157231002249,-0.1532354299737,-0.0909022445388,0.4467052457902,0.4398476622360
0.3422245509306,0.5202649552705,0.2184789318872,0.5668098368649,0.1812350778521,0.2028399554666,0.3753477265263,0.3760476551286,0.2772193883229,0.3117866763829,0.2878295566072,0.0418221339650,0.2544568571377,0.2104034627116,0.4159469929844,0.3362458018077,0.6328824784122,0.6018146550048,0.2209362725693,0.4856454079284,0.2331530483117,0.6198905780046,0.3830791385198,0.6306884841018,0.3897855446322,0.2943345862296,0.5333435130393,0.4266568936495,0.3987029850138,0.4650547978090,1.0000000000000,-0.1761502360165,-0.0829962517413,0.3202071586885,0.6175671325694,-0.0040930240658,0.3776430645660,-0.3143264439924,0.4361827159445,0.1590718189320,0.0377314261721,0.0273603930748,-0.2328189727206,-0.1048162721538,0.3584288285957,-0.1537141110865,0.1517178606128,0.1999845488514,-0.0944377186394,-0.1960277218702,0.1751541583140,0.4992053655836,0.1302357517866,0.0625965786628,-0.0715912212526,0.0694296133182,0.0811529690644,0.3774600052039,0.1811385002501,0.3826614520370,0.1087962210216,-0.0810041951797,0.0380020161375,0.0019364363178,-0.0201730441820,0.1294288780946,-0.2596519106046,-0.2476679525406,0.1218403942912,0.4594866332162
-0.3747108924661,-0.1228422065068,-0.0223577264998,-0.2532975420807,-0.4015898136033,0.1085244965046,-0.2704831244757,0.1921044452089,0.0023339368440,-0.2587814602816,-0.3048410701761,0.2481804864481,-0.3734454633989,-0.0073344501486,-0.1850246361224,-0.1848095664116,-0.1543629224129,-0.1816397467425,-0.0734379286326,-0.1507574614595,-0.4209920470510,0.0487328752289,-0.1337661149206,-0.0514549206419,-0.1403190058657,-0.1323338284693,0.0619912959232,-0.1355558350814,0.0341418571110,0.0130163537879,-0.1761502360165,1.0000000000000,0.0079482253918,-0.1092034849479,-0.0733073831257,-0.1959235001102,-0.0004331347928,0.1334151267327,-0.3313699791869,-0.3109138292336,0.0052567486064,-0.2546781568170,0.1995469592437,0.0011792049502,-0.2977424296794,-0.1801513316697,-0.2614705070668,-0.3975356782228,-0.0969109768681,0.0287139174005,-0.2959799629392,-0.1455163805605,-0.1549667073194,-0.2330296591852,-0.1628804642817,-0.3173614884184,0.0956432065284,-0.0665331834309,-0.0653991559120,-0.2477583979992,-0.0607161318558,0.0519958256266,-0.1264972553904,0.2533076240689,-0.0244849088569,0.0340027459153,0.1905315235020,0.0542148439773,-0.0393356716000,-0.1757193421367
0.0192879214600,0.0060433058232,-0.0624617500932,0.1101897925711,0.0063937675910,0.2401906324530,-0.1149514529967,0.1245665893135,-0.1486585307039,0.0887167382654,-0.0165117738088,0.1696633297123,-0.0810240285747,-0.0821103311876,0.0704182535558,0.1064196869472,0.0435349091155,-0.0063602884564,-0.0449590378589,-0.0104950591771,-0.0034824080200,-0.0763795417554,0.0602245775456,-0.1121636641617,-0.0090706590791,0.2731715182918,-0.0237417242532,0.1569583061379,0.0789415117087,0.0658196667187,-0.0829962517413,0.0079482253918,1.0000000000000,-0.0311030536602,0.0188057166444,0.0196782564573,0.0389978131167,-0.0948867347283,0.0760333128447,0.0034952813347,0.0589943883123,-0.0607469379987,-0.0050867689658,0.0973906045792,0.0209374563804,0.0934416331983,-0.0857080293386,-0.0414344238624,0.0590317342407,0.2656072379573,0.0694292756731,0.0653996577326,-0.1356949257192,0.0805142677514,0.0171236877106,-0.0397002699171,-0.1159467756602,0.0102611413235,-0.0289597751633,-0.0118566193458,0.1363845824340,0.0566698451961,0.1693545628656,-0.0801822025275,0.0253809021639,-0.1732972947552,0.4656019279633,0.3719954070474,0.0163858616016,-0.0106046283508
0.3460649980164,0.3333795909970,0.0721581055902,0.3915074616720,0.1676330124871,0.1996959983837,0.2277852977586,0.0134284594479,0.2850554412673,0.1741050187095,0.1682424667762,0.0273936238991,0.1982814821403,0.2868379048861,0.4488766237132,0.1843677350068,0.3042235172148,0.2767437179534,0.2961544429340,0.5071648636893,0.1807500141483,0.3058742580716,0.3459242768802,0.3576317616926,0.1742015069029,0.3168090847439,0.3204469291553,0.2432923592144,0.0104806244675,0.6758979798476,0.3202071586885,-0.1092034849479,-0.0311030536602,1.0000000000000,0.4774927941100,0.1483833237631,0.2429610273856,-0.2231096886107,0.4313126878043,0.1067537604704,0.2121740383993,0.0427640327302,-0.1319001140404,-0.0721462090514,0.2386166373782,-0.0815980863447,0.2289291459313,0.1075294037570,0.0278857071367,0.0213636287240,0.1636152461494,0.2695595901807,0.0985857658628,0.1966026148970,0.1677750112303,0.0795180296936,0.0450505307497,0.3886503819051,0.1437008761178,0.1874072065750,0.3807346028559,-0.0145489444075,0.0234362119370,-0.1561675509832,0.4015221537623,-0.0849531967341,-0.2925990833310,-0.0111530329781,0.5738530139643,0.4671405491611
0.1732435409341,0.6200964457670,0.1449069391605,0.4703769663081,-0.0391177528397,0.3406222568125,0.1495654546712,0.1354537774869,0.2954158927053,0.1498225020337,-0.0445052447801,0.1137550492182,-0.0647474433124,0.3164338300681,0.3668878658289,0.2596160387851,0.5736126294674,0.5220941215586,0.3153648614246,0.5226315758022,-0.0262916577154,0.5736407262276,0.3652218822427,0.6120478949682,0.1720120812069,0.4014084334573,0.4909246242177,0.4662069899324,0.0929725985430,0.6442795888016,0.6175671325694,-0.0733073831257,0.0188057166444,0.4774927941100,1.0000000000000,-0.1084999808671,0.5850280260193,-0.2906287803499,0.4658744371585,-0.0833688789138,0.1735478230304,-0.1353518007389,-0.2881643111300,-0.0142322985351,0.1360781585296,-0.4435676311183,0.1109020690729,-0.1012560596425,-0.0730154028476,-0.0461351646501,0.2565866424520,0.4578828009115,0.1571361680197,0.1564388120449,-0.0691358673314,-0.2101147108260,0.2273428505959,0.4605017685102,0.2723509458163,0.1392666910218,0.3969680502609,0.0083847726575,0.1469724293640,-0.1932656875083,0.3225411264193,0.0813803704451,-0.2432637219371,-0.1751250133866,0.4603517138446,0.7499454637331
