1.0000000000000,0.3701713337260,0.1841534403686,0.2226402587794,0.4678560998726,-0.1724343298295,-0.0239120653158,0.0336341626029,-0.2828464693076,0.0806932891314,0.4208781403338,-0.1564313251697,0.3488304114805,-0.0362927013724,0.3980368166646,0.0710922627691,0.3029313383770,0.6159024516960,-0.0947030848022,0.3801437923849,0.4879291376754,0.3753010083018,0.4506339795620,0.5005561859448,0.2214509811716,0.2196157972217,0.3049747059644,-0.2041262873502,0.2502204837779,0.4854830464418,0.4365740180134,-0.1971016866532,0.0363356337212,0.5760516775350,0.6128264792540,0.5595530040072,0.4224380327141,-0.0926310283453,0.2120347052195,0.3961400479802,-0.1828034134214,-0.2605023480865,0.2431523629941,-0.3567854865902,0.0814999905009,0.2166419725447,-0.2565989215565,0.3321939491692,-0.1436869250306,-0.1972319391567,-0.1124448110137,0.2542609864308,0.2961728181332,-0.3953264506641,0.1306489324726,0.3727946213264,0.1976148951176,0.4548876208410,0.1854287850981,0.2740531900838,-0.0096353790711,-0.0108204796327,-0.2354946315285,-0.0803427740657,0.1868701964128,0.4465228403266,-0.2432565201697,-0.1403725090576,0.3605216522573,0.2256997888759
0.3701713337260,1.0000000000000,0.1452505489014,0.6180451886119,0.2330728554909,-0.1965569738058,-0.3020267117344,0.1328090316155,-0.3907277780191,0.0395916942226,0.0832129170060,-0.0796079381757,-0.0070416721843,-0.0714579471556,-0.1632568924630,-0.3894030121690,0.1632475056936,0.5067494612954,-0.0751704595825,0.2514169573377,0.2545494753362,0.1335566340154,0.5642096178472,0.2862241106855,0.2405334720086,0.1717953973810,0.4069075136393,0.0866364831593,0.2085284341265,0.1514695680019,0.5312459412213,-0.2181211039636,0.0060571000072,0.1792997425033,0.4291626673430,0.0989984529254,0.8590031133589,0.0798730989349,0.5126952881226,0.3483822424561,-0.1334671757814,-0.3803190052352,0.2546367207782,-0.3192585934534,0.1160070047461,0.0816579280875,-0.1196297139179,0.0432297910308,-0.1498918175500,-0.3995659537872,-0.2776197449142,0.1608767787822,0.4653834506703,-0.0937763691480,0.3990172702360,0.2469007255785,0.1253974645630,0.5955506036225,0.2182620650626,0.3033742998175,0.2718517482561,0.2417954522158,0.0753663888525,-0.0078459325253,0.0081665539728,0.5585990654108,-0.0603398212524,-0.0080446868968,0.1417057305380,0.3773625284355
0.1841534403686,0.1452505489014,1.0000000000000,0.3675804443230,0.2752912025652,-0.0863681617737,-0.2210448985058,0.6294581625397,-0.2101767572346,0.4092955140277,0.0412258764150,0.1662033412602,0.0341065093141,0.2561510171005,0.2131119495564,-0.1084493560727,0.2977573311725,0.4423472864695,0.0948282069618,0.2785251624379,0.2647998657186,0.3716484124419,0.4635351252861,0.6028424117247,0.5855693583703,0.2330535899459,0.4683161119496,0.3881354903930,0.4719170340020,0.0298189014536,0.4517907305957,0.1572704111753,-0.0200581749639,0.0020539496574,0.1088882427961,-0.0622619604501,0.3248787305166,0.5901963005139,0.3302383043661,0.2721334388953,-0.1455814579675,-0.4593489852525,0.5531512734588,-0.2978968171812,0.3267730486345,-0.0626559600646,-0.0181617940921,-0.0030767451044,0.1104168107791,-0.3763704239831,-0.0893973293874,0.2905837585806,0.0645668243250,-0.0051813869202,-0.0375667184838,0.2331928928364,0.2836218599403,0.4049036905067,0.3432206840067,0.4682443829532,0.1019564986303,-0.1313502821988,0.2327251766560,0.2083144434594,-0.2364846806993,0.3725124194629,0.0091590292184,-0.0960783772914,-0.0515993100468,-0.1760670811066
0.2226402587794,0.6180451886119,0.3675804443230,1.0000000000000,0.3081548203752,-0.1603099790724,-0.1891712599619,0.4603280890460,-0.2806489540121,0.4625372991125,0.2283727980241,0.0416603666172,0.1969568525857,0.1111393974941,0.0938932349430,-0.2646398613692,0.0890666664955,0.4403606448447,-0.0488916738203,0.4390920933738,0.4613214483931,0.1126384970705,0.5774935047800,0.2531076855806,0.5263976572491,0.3124633795043,0.3541784206913,0.0542044912908,0.3203076816924,0.2204581395072,0.4837391431020,-0.0005132024221,-0.0946698379414,0.2365263489745,0.3992728053727,0.1176546551332,0.5434165613847,0.2729487912498,0.7812042054650,0.4045788809979,-0.0530628752583,-0.3713309452460,0.4862168118234,-0.3213421055667,0.5397965905396,0.1673049255660,-0.0720598545296,0.1928312262930,0.0390175594964,-0.1766436710085,-0.0344316560450,0.0985042647848,0.4048127133214,0.0844744760050,0.3855328609086,0.5434533864786,0.1235445993485,0.4788963224233,0.1787237839518,0.5588298411461,0.4469918113183,0.1416385410370,0.0964241993494,0.0912060186750,0.0697809405681,0.4386012061546,0.2155311330416,0.0050757976119,0.2799385308663,0.4188645610958
0.4678560998726,0.2330728554909,0.2752912025652,0.3081548203752,1.0000000000000,-0.3891921002429,-0.0518183302520,0.2492790839515,-0.3673705351492,0.4683353232989,0.5943274207149,-0.3980736706166,0.6083276620175,-0.1436566448577,0.2130800490870,-0.0808344191058,0.1927017724356,0.3214536725218,-0.3401397427802,0.1381761359804,0.7072444431595,0.4181044981312,0.5006749417147,0.4119800548193,0.4298744234820,0.0378995909395,-0.0345546560387,-0.1660331575924,0.3784654416227,0.1205115059097,0.2739545186760,-0.1876876777680,-0.0642544446681,0.3163904281139,0.1068599813697,0.4411770820691,0.1809415491901,0.0141631093258,0.1914767329741,0.8855205577393,-0.1644748859517,-0.1150228419457,0.3560699350889,-0.3769294088640,0.4973990419436,0.6467352806695,-0.4454586969344,0.6405739085190,-0.2172753130385,0.1036073976535,0.0299646757870,0.1720052717666,0.2780895430918,-0.2727984946484,0.0719451418124,0.6918092539169,0.3651826819715,0.3622352928574,0.3065774899565,0.5244371517428,-0.0251833484172,-0.1157479309185,-0.1574354039401,0.2228218775004,0.1709542336332,0.2339449541209,-0.0534181285120,-0.0937260825542,0.4404479411641,0.1867771479658
-0.1724343298295,-0.1965569738058,-0.0863681617737,-0.1603099790724,-0.3891921002429,1.0000000000000,0.4801142577606,-0.2598329897248,0.5765547752816,-0.1536254173708,-0.1345374070329,0.3982756391850,-0.1856658132717,0.3731223218443,0.1511829972236,0.4290631244584,-0.2518619988187,-0.2039979222718,0.4631826943524,-0.1270552008651,-0.3327639497401,-0.2294900932331,-0.1848185690176,-0.2168753238030,-0.2670199030744,-0.0745048778470,0.0668150704481,0.1075875891056,-0.3132156754213,0.1423570140652,-0.2010013288709,0.1248562799196,0.4403608119629,-0.2076704487093,-0.0384392605391,-0.3614404384414,-0.1536046671232,0.0290255128725,-0.1905654809782,-0.3387800808596,0.7506699540212,0.3989365842986,-0.2686594729445,0.5080040371651,-0.2117034585910,-0.2464807071487,0.4071967041996,-0.2143513038217,0.2512019225997,0.1007248096208,0.3682996918481,-0.2711777930845,-0.3057526875340,0.1955065893410,-0.2306790026315,-0.3082190301013,-0.1974812583142,-0.1727248019253,-0.1721197907411,-0.2757794477171,-0.1887533748424,-0.2007475979020,0.0090679107845,-0.2984686010305,-0.0910711277939,-0.1594787694489,-0.0071886072514,0.3447511901216,-0.2865815612785,-0.1178435174483
-0.0239120653158,-0.3020267117344,-0.2210448985058,-0.1891712599619,-0.0518183302520,0.4801142577606,1.0000000000000,-0.3980198423412,0.7252905406377,-0.1822634399514,0.4679905304283,0.3254462389098,0.2575772176710,0.1693392525167,0.3435697674326,0.6177025195805,-0.3428091761021,-0.1888920333416,0.4281681098481,-0.0828194261545,-0.0908700804111,-0.0712013678780,-0.2182009866266,-0.1605693728527,-0.4323354954777,-0.2270195774992,-0.1753288685014,-0.1326129446373,-0.1921947256936,0.2475905236277,-0.2110257325009,0.0828661053430,0.4013584613976,0.0006474694832,-0.0363550704668,-0.1584350813064,-0.3513152048683,-0.1585700001069,-0.2140017233148,-0.1215754486695,0.5632807675216,0.7423338727342,-0.4131911750972,0.5448838022273,-0.1822371673930,0.3583204081531,0.3391443967872,0.2372154217068,0.0031394346446,0.3794116138632,0.7157747049414,-0.3236670759339,-0.1028506199517,0.2785214098221,-0.1316745434377,-0.0181316727959,-0.0174206195952,-0.3254552262198,-0.0227980139966,-0.3482919358503,-0.3832589915482,-0.4288934717479,-0.3320376774653,-0.1537597906053,0.0970654114886,-0.2597648012133,-0.0701398733687,0.3371425521004,0.0407572765071,0.0857270904187
0.0336341626029,0.1328090316155,0.6294581625397,0.4603280890460,0.2492790839515,-0.2598329897248,-0.3980198423412,1.0000000000000,-0.2485321268349,0.5444173540850,-0.0131349690624,-0.0934143883566,-0.0484325015996,0.0826015164374,0.0926420337130,-0.2461639052555,0.1802096783731,0.3342453941117,-0.1458862613899,0.2848279012149,0.2290421491540,0.0869563169083,0.3072178562090,0.1800250868573,0.6981857858928,0.2136801441070,0.2918851790138,0.2247063575527,0.4504781510250,-0.1393349436361,0.3937852500993,0.1361912449860,-0.0723349714170,-0.1079909343705,-0.0516802621093,-0.1024245926445,0.1592033376635,0.4563317479404,0.3284954050201,0.2730845543239,-0.2341888524657,-0.4972785368288,0.7134011042538,-0.3625197266048,0.5341467165290,-0.1204633842992,-0.2478762873625,-0.0384552124641,0.0212424767191,-0.2278576509542,-0.2068107665740,0.1684822209710,0.1809644053018,-0.0816089212168,-0.0380023131410,0.2677633667580,-0.0103239511411,0.2072161839111,0.0012827948995,0.6048991786464,0.2138938083067,0.1685307442595,0.2702945290999,0.1674119815726,-0.1580601566000,0.1482998794299,0.1397407220447,-0.0267547149215,-0.1363957500408,-0.1678684588664
-0.2828464693076,-0.3907277780191,-0.2101767572346,-0.2806489540121,-0.3673705351492,0.5765547752816,0.7252905406377,-0.2485321268349,1.0000000000000,-0.2095858597570,0.1262093087150,0.4506466620619,-0.1724671410436,0.2083056877728,0.1587791059583,0.5489871707331,-0.3821824156723,-0.3521087318269,0.5840413064081,-0.2292421914177,-0.4099954640590,-0.2080536459135,-0.3986969100967,-0.3984235807206,-0.4456236023037,-0.2509041780138,-0.1374263626625,0.1182324650545,-0.2549867632830,0.0353689829698,-0.3103419191914,0.2451880587110,0.2937208913574,-0.1668145682364,-0.2744612594927,-0.4451577718987,-0.4488920131858,-0.0219320562009,-0.3215839215003,-0.4533659624970,0.4807402264088,0.6586277722929,-0.4417489740259,0.8093045061051,-0.2471129214478,-0.0153717883292,0.5327282884559,-0.1969015153088,0.0734545201800,0.2759796354954,0.5489696180207,-0.4000623103472,-0.2702679655303,0.4005333223582,-0.2948404516819,-0.3280027391946,-0.1864738011951,-0.4587481079189,-0.2148996697043,-0.4306387738435,-0.4471004257855,-0.3505073269323,-0.0019328477774,-0.2081673589710,-0.1183733715780,-0.4113652422594,-0.1030376868859,0.2639354972327,-0.2270147109001,-0.1998417017835
0.0806932891314,0.0395916942226,0.4092955140277,0.4625372991125,0.4683353232989,-0.1536254173708,-0.1822634399514,0.5444173540850,-0.2095858597570,1.0000000000000,0.2394119090950,-0.0812007995807,0.3534746947003,0.2500805910540,0.3318529662368,0.0465166718344,-0.0140699076283,0.2262577417891,-0.0722553865577,0.3509929040195,0.4319067338599,-0.0391415282693,0.2231314662877,0.0220923701992,0.5969355441478,0.4254319259942,0.1031888448828,-0.0622437619651,0.1505620165928,0.0575515460520,0.0200329332705,0.1991818831280,-0.1249667886123,0.1379875965067,0.0938230767021,0.0409634824468,-0.0259297717047,0.1076451909701,0.3663762064421,0.4097374696587,-0.1143551053661,-0.1858979963990,0.4928307031034,-0.2445437666901,0.8917789382804,0.1642935894958,-0.2076235492305,0.3668420564025,0.2629205839963,0.0516942366539,0.0225180604666,-0.0716320304714,0.0075022769064,-0.1108964780391,-0.0469690610857,0.4440987293822,-0.0971352185337,0.1272674573963,-0.1695396129562,0.5318841551197,0.2629778552496,-0.0404559281795,0.0473592572552,-0.0711644476267,0.0293136688291,-0.0291227117456,0.2362346092130,-0.0723827825530,0.1788038534546,-0.0676259851028
0.4208781403338,0.0832129170060,0.0412258764150,0.2283727980241,0.5943274207149,-0.1345374070329,0.4679905304283,-0.0131349690624,0.1262093087150,0.2394119090950,1.0000000000000,-0.0624220002002,0.7007377553839,0.0242051762208,0.4391224245845,0.2407021683019,0.0172436135956,0.1667413288889,0.0353973803201,0.1874825887416,0.5775492090724,0.3247975523243,0.2423249586149,0.2676424814935,0.0785174964207,-0.0504993510576,0.0027306140584,-0.2621415592420,0.3168385012060,0.3788372768368,0.1740051663618,-0.0437989520205,-0.0641226879365,0.4131459649301,0.2111507860434,0.2833177961517,-0.0350879915290,-0.0955855041055,0.1363381452928,0.5048462016366,0.0286459685063,0.3007377145642,-0.0010344676920,0.0059554493944,0.2696762605462,0.8060721682425,-0.0932308773997,0.6631702805795,-0.1488690716271,0.2051870209256,0.3540500425590,0.0119362153955,0.1421708360020,0.0009113166270,0.0840748716922,0.5772343029917,0.2321546494300,0.0999213755327,0.2127307825491,0.1857997746263,-0.2447700026511,-0.3093746192725,-0.3116004823274,0.1079950663345,0.2569031368533,0.0700987415437,-0.1572362454907,-0.0834205436922,0.4494875480315,0.2717222771870
-0.1564313251697,-0.0796079381757,0.1662033412602,0.0416603666172,-0.3980736706166,0.3982756391850,0.3254462389098,-0.0934143883566,0.4506466620619,-0.0812007995807,-0.0624220002002,1.0000000000000,-0.1073885085965,0.7107877717606,0.3049381383289,0.2975067971215,-0.1414873329816,-0.0142433274832,0.8274540212192,0.2092402045300,-0.2000566559723,-0.1334353677683,-0.2971780474082,-0.0836636226823,-0.2715285844040,0.3215033961500,0.4467108731579,0.4031378103882,-0.1714656021042,0.2001537009627,-0.2308940713546,0.5538208692840,0.1763595013289,-0.1586973858645,0.0563574739441,-0.4726879529076,-0.0335172821770,0.1859366129511,0.2192379057103,-0.4009304569769,0.2050790069553,0.1388113482024,-0.2951974104180,0.4634025561507,-0.1927485754753,-0.2082658120589,0.8428065539607,-0.1861330801731,0.5727670599846,-0.0512462242578,0.3203731093166,-0.1418950490585,-0.3220270690310,0.6207393865630,0.0030266636104,-0.2504050141005,-0.0758034548826,-0.2363707039781,-0.0243161770114,-0.3560901975046,0.1004236567704,-0.3073245009380,0.1866519400763,-0.1295199913323,-0.1903657129999,-0.1928437819267,0.2937207388695,0.1367344820074,-0.2776034575743,-0.1686429802604
0.3488304114805,-0.0070416721843,0.0341065093141,0.1969568525857,0.6083276620175,-0.1856658132717,0.2575772176710,-0.0484325015996,-0.1724671410436,0.3534746947003,0.7007377553839,-0.1073885085965,1.0000000000000,0.1217046568501,0.5040565020359,0.2603379409015,0.1260473996844,0.0993469760126,-0.1179469994874,0.2312224363691,0.7028369239010,0.2773753816351,0.2499273727132,0.2602581428217,0.1096758270481,0.1573095823284,-0.1461426489651,-0.3715521288709,0.2759578776266,0.4737040207736,0.0777800076085,0.0487062264485,-0.1558663158336,0.3910182753611,0.2347684831732,0.3735660076152,-0.0833934375529,-0.2235226407031,0.1206994864461,0.5416607669244,-0.0366058789540,0.2163216584987,0.0007629932406,-0.2150396678710,0.3883838398557,0.6383766071949,-0.1772632064797,0.9385602238771,0.0889179087804,0.3282173079107,0.2631234048145,0.1079732112872,-0.0160325152374,-0.1435249362716,0.0388846251611,0.6132840931627,0.2058928428486,0.1482678634130,0.1210890591784,0.2267518584528,0.0046891860926,-0.3125298967457,-0.3718802299951,0.1536373856736,0.5371034380657,0.0582954092265,0.0800823662742,-0.1590855344696,0.4488684915391,0.2644073014926
-0.0362927013724,-0.0714579471556,0.2561510171005,0.1111393974941,-0.1436566448577,0.3731223218443,0.1693392525167,0.0826015164374,0.2083056877728,0.2500805910540,0.0242051762208,0.7107877717606,0.1217046568501,1.0000000000000,0.4770147174596,0.2566199262344,-0.0026667441982,0.0128665453542,0.5368054224197,0.2816083798077,0.0847862664811,-0.0219564849485,-0.1600233426457,0.0323007191077,0.0278156499659,0.5664954447317,0.4141940579441,0.3429327943822,-0.0502900059302,0.1881169671069,-0.2274254603169,0.5696201711773,0.2412178344736,-0.1117146295924,0.1253909773833,-0.3304458960215,-0.0818930994479,0.1185091399115,0.2722396438716,-0.1688337877461,0.2459305677965,0.0658395259024,-0.0805784471559,0.2446945209818,0.1304757111579,-0.1362155252169,0.5175223578149,0.0520410610610,0.8008256686910,0.0889584693543,0.3039927319526,-0.0086104530170,-0.4097518450094,0.3330930919791,-0.1655322470973,-0.0088381239128,0.0059210702343,-0.1261612977407,-0.0067277827215,-0.0720160668436,0.2185028861748,-0.3711991975283,0.1962863778544,-0.0560381780547,-0.1453383762196,-0.1857177952790,0.4326876816367,0.2255028425501,-0.2513604756826,-0.1859805715616
0.3980368166646,-0.1632568924630,0.2131119495564,0.0938932349430,0.2130800490870,0.1511829972236,0.3435697674326,0.0926420337130,0.1587791059583,0.3318529662368,0.4391224245845,0.3049381383289,0.5040565020359,0.4770147174596,1.0000000000000,0.4368020204121,-0.0234020155087,0.2338332831829,0.2875700316805,0.3957351437500,0.2846536478795,0.0863783314681,0.0400349541284,0.1298275273075,0.0545254829694,0.3479530098475,0.1506128129728,-0.1158550811045,0.0483905415624,0.5311077631709,-0.0117077002925,0.2791443596992,0.1635609369942,0.2536008245064,0.2352608564117,0.1156192122373,-0.1384981115258,-0.0173535005150,0.1032850655042,0.1021568761139,0.1269809416620,0.1670469223333,0.0545231660553,0.0510529718582,0.2607463762227,0.1640397869795,0.1283989083983,0.4385733509162,0.4230184019710,0.3226123802596,0.3487761328649,-0.0834090916497,-0.1551661647392,0.0544014965622,-0.0794249424355,0.1886202729031,-0.0040260924798,-0.0086693145739,-0.0441568094114,0.0509580821209,0.0347378885109,-0.3523705586150,-0.2125634492502,-0.1689570039822,0.2556286580906,-0.0224497795417,0.1804761725109,0.1306348747635,0.1536208705470,-0.0400678147391
0.0710922627691,-0.3894030121690,-0.1084493560727,-0.2646398613692,-0.0808344191058,0.4290631244584,0.6177025195805,-0.2461639052555,0.5489871707331,0.0465166718344,0.2407021683019,0.2975067971215,0.2603379409015,0.2566199262344,0.4368020204121,1.0000000000000,-0.1260074497390,-0.1304409381941,0.4411136997787,-0.0139468289555,-0.1273700356163,-0.0446362384619,-0.2047078707613,-0.1577323711441,-0.2204613192034,0.0614039941795,-0.1693615522400,-0.0868036546944,-0.0744452460843,0.4236919127484,-0.2741658855636,0.2465608980507,0.2071653342186,0.0922513219985,0.0780433183581,-0.1811603058938,-0.3762786774460,-0.2108454698638,-0.2913358647799,-0.2450490218422,0.2932645414909,0.5061183199954,-0.2935491862952,0.4377495742169,0.0041526754290,0.0268840877235,0.3269635794383,0.2193115229551,0.2294491861132,0.2336376209603,0.6384241401913,-0.1799371418885,-0.3362510280691,-0.0064312504730,-0.4140208868682,-0.1731792341816,-0.1610232782594,-0.2075167319361,-0.2581437111365,-0.2270257911898,-0.3247406762632,-0.4689126312912,-0.2408719850437,-0.2027829315489,0.2507342208105,-0.2756055256165,-0.1363939788753,0.1410769419833,-0.0858598629341,-0.1783815037497
0.3029313383770,0.1632475056936,0.2977573311725,0.0890666664955,0.1927017724356,-0.2518619988187,-0.3428091761021,0.1802096783731,-0.3821824156723,-0.0140699076283,0.0172436135956,-0.1414873329816,0.1260473996844,-0.0026667441982,-0.0234020155087,-0.1260074497390,1.0000000000000,0.0737871514186,-0.2708574888802,-0.0350550408717,0.3015655457438,0.6957567212025,0.3811474973853,0.6597932294833,0.4178763908643,0.1583526444586,0.1767452630486,0.2644338069604,0.6253368253933,0.0806273331406,0.3545348162691,-0.0958674241999,-0.2691115154024,0.2608183487807,0.1342546798733,0.2646008142073,0.2436114554219,0.1432922689890,0.1408048651052,0.1533186541932,-0.3788842583326,-0.3199873716688,0.1505021340526,-0.3061130406328,-0.0013406310682,-0.0638685709309,-0.1960910140423,0.0836264024361,0.0160328694581,-0.3026514874321,-0.2157113716188,0.9283918946313,-0.2178422369966,-0.3030098428882,-0.1208839120896,0.1608275179405,0.5330014114393,0.5074124780195,0.4677453890955,0.3697475824601,0.0205068574990,-0.0739479271979,0.2401748166703,0.4957048539643,-0.0011034197675,0.3059951857589,-0.2219869758720,-0.3355891323348,0.0561217852025,-0.1160652166822
0.6159024516960,0.5067494612954,0.4423472864695,0.4403606448447,0.3214536725218,-0.2039979222718,-0.1888920333416,0.3342453941117,-0.3521087318269,0.2262577417891,0.1667413288889,-0.0142433274832,0.0993469760126,0.0128665453542,0.2338332831829,-0.1304409381941,0.0737871514186,1.0000000000000,0.0241292268610,0.6873043449234,0.3895224838574,0.1078412925531,0.3775140615196,0.4390859613187,0.2929102807624,0.3009782241367,0.5121780046011,-0.0105679925960,0.2070502189974,0.2401382454858,0.5104873857947,-0.0571959333507,0.1059383040488,0.2887264372140,0.6335367267042,0.2288770028312,0.5634501888903,0.1418345109403,0.4442100494980,0.3327232523083,-0.2174130225650,-0.4691919822008,0.4350692875806,-0.4767144353551,0.1647372053302,0.0376509863499,-0.2121186718520,0.1394740557071,-0.1156414073926,-0.4423513769254,-0.2249633651860,0.0631637966223,0.6165068675300,-0.1691607500508,0.4058148013270,0.3450172587371,0.0384252731447,0.3566435927408,0.1289227197463,0.2463712149022,0.2315863265087,0.1425197963988,-0.1163098300966,-0.1187392241842,-0.1029810077937,0.4877074121419,-0.0606102289493,-0.0399911030071,0.1630681084562,0.2671780925520
-0.0947030848022,-0.0751704595825,0.0948282069618,-0.0488916738203,-0.3401397427802,0.4631826943524,0.4281681098481,-0.1458862613899,0.5840413064081,-0.0722553865577,0.0353973803201,0.8274540212192,-0.1179469994874,0.5368054224197,0.2875700316805,0.4411136997787,-0.2708574888802,0.0241292268610,1.0000000000000,0.2383780911778,-0.3217782471899,-0.1673596247296,-0.2868225799910,-0.1712717326940,-0.3344218047304,0.1429549608864,0.3771593079073,0.3574516666274,-0.2487336408462,0.2401973275264,-0.2358133756717,0.4309816246164,0.1861734703552,-0.1342022181076,0.0156277565888,-0.5292570157396,-0.0890073585950,0.0992950868421,0.0071799530164,-0.3928939954749,0.2502886854436,0.2498269878923,-0.3412893977822,0.5448388985943,-0.2058501984701,-0.1662938767322,0.7521459730060,-0.1817234956781,0.3226282866214,-0.0623339722005,0.3361269099069,-0.3131705885956,-0.2584739974952,0.5015710499640,-0.0938726301605,-0.3511660813409,-0.1807697535307,-0.2675452534594,-0.1407214211853,-0.4116770887545,-0.2147100320447,-0.3478389170873,0.1471484892462,-0.2758026925697,-0.1453103912065,-0.1973036063308,0.0309959630272,0.1298193645677,-0.2528108270351,-0.2336362304640
0.3801437923849,0.2514169573377,0.2785251624379,0.4390920933738,0.1381761359804,-0.1270552008651,-0.0828194261545,0.2848279012149,-0.2292421914177,0.3509929040195,0.1874825887416,0.2092402045300,0.2312224363691,0.2816083798077,0.3957351437500,-0.0139468289555,-0.0350550408717,0.6873043449234,0.2383780911778,1.0000000000000,0.4109384230884,-0.0405983154431,0.1403905773440,0.2251184666332,0.2212464769870,0.5147894063257,0.4975775994498,-0.0064272325421,0.0729980578476,0.2854838809405,0.2126963008508,0.1446779454971,0.0139141915826,0.3314288449129,0.6466937541957,0.1518270382122,0.2149346097845,0.0540509243239,0.5361419635981,0.1298959105225,-0.1675929195586,-0.3139622646747,0.2766353547082,-0.3414531854047,0.2336981553920,0.0047957983176,-0.0203394856607,0.2196395346873,0.1809568427003,-0.1953283060501,-0.0555045358604,-0.0276406557697,0.3303918634392,0.0407189721921,0.4063816318800,0.3715550428749,-0.0881834375310,0.0808609659484,-0.0178570615987,0.1287396343844,0.3421383203014,0.0605253151982,-0.0498580211320,-0.1500151496023,-0.0561543740646,0.2038004807389,0.1930071216039,-0.0504508569268,0.2020183985955,0.2872053498948
0.4879291376754,0.2545494753362,0.2647998657186,0.4613214483931,0.7072444431595,-0.3327639497401,-0.0908700804111,0.2290421491540,-0.4099954640590,0.4319067338599,0.5775492090724,-0.2000566559723,0.7028369239010,0.0847862664811,0.2846536478795,-0.1273700356163,0.3015655457438,0.3895224838574,-0.3217782471899,0.4109384230884,1.0000000000000,0.3871349133383,0.4315940591873,0.5041512174924,0.4005226811963,0.3362746703605,0.1559330218615,-0.1778566293308,0.4166810762784,0.1758613918247,0.3008579327996,-0.0622311681688,-0.0833348842709,0.4628475349132,0.4329479073911,0.5283639175418,0.2121992225489,-0.0179500648211,0.4844567554543,0.6890961222089,-0.1796183345770,-0.2034612976579,0.3387661228456,-0.4659109778292,0.4666552985434,0.5525105432835,-0.2828023350058,0.7099793510661,0.0094423573236,0.0164148826375,-0.0086725493679,0.3412455506340,0.2230836835341,-0.2026750116137,0.2477692537083,0.9098217844409,0.3410119625980,0.3242028907285,0.3111658473160,0.4691753635431,0.2684816317825,-0.0561739007375,-0.1558684129840,0.2214386414624,0.1335665049907,0.2611696084972,0.1418338264749,-0.1842494013757,0.4582869328252,0.3628968387050
0.3753010083018,0.1335566340154,0.3716484124419,0.1126384970705,0.4181044981312,-0.2294900932331,-0.0712013678780,0.0869563169083,-0.2080536459135,-0.0391415282693,0.3247975523243,-0.1334353677683,0.2773753816351,-0.0219564849485,0.0863783314681,-0.0446362384619,0.6957567212025,0.1078412925531,-0.1673596247296,-0.0405983154431,0.3871349133383,1.0000000000000,0.5080021291861,0.8231364217130,0.2736149287838,-0.0810793981226,0.0058900031537,0.2415753581684,0.7034190644374,0.2146330317117,0.4689949112021,-0.0357286510857,-0.1730930542599,0.3701140079539,0.1035516675198,0.2745238879073,0.1908870540255,0.1640702360208,0.0593007299253,0.2964485215408,-0.1843655175906,-0.1833498824831,0.0688776358840,-0.2420508544949,-0.0057456075692,0.2554988822956,-0.2044732647088,0.2191667394804,-0.1456619553852,-0.1470355760048,0.0377509149504,0.6561846204720,-0.0113804660500,-0.1446417433190,-0.0298355300766,0.3057857716899,0.8351559092440,0.4903112575979,0.7546949633067,0.3008903287179,-0.1978840882204,-0.3765664272726,0.0878990762883,0.6204132307606,0.0838621710660,0.3917256932069,-0.2277550368150,-0.2236142763065,0.3039842402771,0.0767832025878
0.4506339795620,0.5642096178472,0.4635351252861,0.5774935047800,0.5006749417147,-0.1848185690176,-0.2182009866266,0.3072178562090,-0.3986969100967,0.2231314662877,0.2423249586149,-0.2971780474082,0.2499273727132,-0.1600233426457,0.0400349541284,-0.2047078707613,0.3811474973853,0.3775140615196,-0.2868225799910,0.1403905773440,0.4315940591873,0.5080021291861,1.0000000000000,0.5973965224025,0.5790258025709,-0.0350717905827,0.1333484582168,-0.0204167749537,0.5167426525971,0.2927962427266,0.7563307190635,-0.2720138390070,-0.1448879699386,0.3519005267305,0.3465600721417,0.3300218613388,0.6165047697662,0.2176069570698,0.3403630585348,0.5432422150719,-0.0567871207179,-0.4046419052476,0.5010540710408,-0.4472399394523,0.3420500141865,0.1836173809859,-0.3650304329682,0.2234329990815,-0.2812603810417,-0.2651644415558,-0.1077119522774,0.3538409789350,0.3458023320562,-0.2932920645807,0.1811487199198,0.4697184780920,0.4120755072335,0.8890626640864,0.4420661514575,0.6714438475594,0.0384427926713,-0.0032295828763,-0.0661915888850,0.2535019986009,0.1857656429411,0.7191263873692,-0.1856802762090,-0.1209809288187,0.3570171627910,0.3352745552293
0.5005561859448,0.2862241106855,0.6028424117247,0.2531076855806,0.4119800548193,-0.2168753238030,-0.1605693728527,0.1800250868573,-0.3984235807206,0.0220923701992,0.2676424814935,-0.0836636226823,0.2602581428217,0.0323007191077,0.1298275273075,-0.1577323711441,0.6597932294833,0.4390859613187,-0.1712717326940,0.2251184666332,0.5041512174924,0.8231364217130,0.5973965224025,1.0000000000000,0.3769618304148,0.0961019729716,0.3314695887852,0.2048768804845,0.6303816691454,0.2122724179668,0.5859320622159,-0.1440470289787,-0.1204810660915,0.3594657030560,0.3848990007719,0.3817549696181,0.4291875915007,0.2777907839163,0.2896853639325,0.3985995298162,-0.1934818193101,-0.4186938997811,0.2892140035294,-0.4648202347909,0.0161778710871,0.1855795041320,-0.2233892332447,0.2077418146943,-0.1036614997769,-0.3487806278713,-0.0897297318734,0.6833558736613,0.1609294123115,-0.1790414568781,0.1660347629551,0.4126207778601,0.7187114061892,0.5974812871704,0.7769099933161,0.3592130324883,0.0260028183603,-0.1515645782729,0.0351589689405,0.4572125371821,-0.0419002701970,0.5742549394582,-0.2092798647149,-0.2556085983541,0.2636247777118,0.1937875095981
0.2214509811716,0.2405334720086,0.5855693583703,0.5263976572491,0.4298744234820,-0.2670199030744,-0.4323354954777,0.6981857858928,-0.4456236023037,0.5969355441478,0.0785174964207,-0.2715285844040,0.1096758270481,0.0278156499659,0.0545254829694,-0.2204613192034,0.4178763908643,0.2929102807624,-0.3344218047304,0.2212464769870,0.4005226811963,0.2736149287838,0.5790258025709,0.3769618304148,1.0000000000000,0.2251194858402,0.2662565216719,0.0248494170699,0.5555778479284,-0.0002048593355,0.5040394477051,-0.0751887585053,-0.2129981371473,0.1275430917623,0.1959374117049,0.1728249440761,0.3071362531335,0.3181938314139,0.4090543713891,0.4594076079718,-0.2520270253052,-0.5086996747071,0.7632985086048,-0.4786412748254,0.6422792507723,-0.0345197200027,-0.4119704926240,0.1175804913335,0.0124112355750,-0.2339440256190,-0.2332579829226,0.3877975886812,0.1180724721408,-0.2965180188783,0.0054348713118,0.4137662856456,0.1637612329615,0.5437951600637,0.1330551289849,0.9122736726474,0.2132028523761,0.1829668530107,0.1694689042567,0.2667635440387,-0.0353847486332,0.3915782571314,-0.0081389201592,-0.1729071867168,0.1083106716587,0.0013544835467
0.2196157972217,0.1717953973810,0.2330535899459,0.3124633795043,0.0378995909395,-0.0745048778470,-0.2270195774992,0.2136801441070,-0.2509041780138,0.4254319259942,-0.0504993510576,0.3215033961500,0.1573095823284,0.5664954447317,0.3479530098475,0.0614039941795,0.1583526444586,0.3009782241367,0.1429549608864,0.5147894063257,0.3362746703605,-0.0810793981226,-0.0350717905827,0.0961019729716,0.2251194858402,1.0000000000000,0.5075645354463,0.1780482238083,0.0111962002407,0.1277877465281,-0.1779554799243,0.2723491111381,0.0621174319874,0.1533547248973,0.4537625333391,0.0346345780383,0.1603608934184,-0.0861953884465,0.4956171897561,0.0385988660840,-0.2680076836341,-0.2743070407604,0.1216322850644,-0.1870409064812,0.3079820726239,-0.1953533325641,0.1739192547973,0.1381920330904,0.6186586221274,-0.1724299114150,-0.1049125418411,0.1336998369289,-0.2054170147370,-0.1390118772182,-0.0868005922696,0.1911002141104,-0.1950197252899,0.0313404232543,-0.2191910128186,0.0911242581117,0.6180885185001,0.0190309291385,0.1571160496360,-0.2125414107582,-0.1258350707928,-0.1129628361485,0.3898357729503,-0.0705442877821,-0.1167323229356,-0.1016418472796
0.3049747059644,0.4069075136393,0.4683161119496,0.3541784206913,-0.0345546560387,0.0668150704481,-0.1753288685014,0.2918851790138,-0.1374263626625,0.1031888448828,0.0027306140584,0.4467108731579,-0.1461426489651,0.4141940579441,0.1506128129728,-0.1693615522400,0.1767452630486,0.5121780046011,0.3771593079073,0.4975775994498,0.1559330218615,0.0058900031537,0.1333484582168,0.3314695887852,0.2662565216719,0.5075645354463,1.0000000000000,0.3643874447944,0.0955149044902,0.0293898586935,0.2261778021445,0.0935039160791,0.0407708180429,0.0361866021643,0.4537612746575,-0.0680781058294,0.4736628224815,0.2280621277393,0.5337129396373,0.0563761818992,-0.1541326954600,-0.4110821509177,0.2600006993038,-0.1039393320729,0.0019903863467,-0.1836925900384,0.2697385044445,-0.1774169406254,0.2595578181417,-0.4261711325849,-0.1909737579440,0.1965313742447,0.0496553253165,0.1248357106464,0.1975229925433,0.0664520302034,-0.0636192103277,0.2086094883782,0.0888680815167,0.1447817533211,0.2918180472606,0.2360131177307,0.2827897808934,-0.1665471384089,-0.3804345663894,0.2568614756255,0.0511002843733,-0.0874259507253,-0.1892334336785,-0.0354605425122
-0.2041262873502,0.0866364831593,0.3881354903930,0.0542044912908,-0.1660331575924,0.1075875891056,-0.1326129446373,0.2247063575527,0.1182324650545,-0.0622437619651,-0.2621415592420,0.4031378103882,-0.3715521288709,0.3429327943822,-0.1158550811045,-0.0868036546944,0.2644338069604,-0.0105679925960,0.3574516666274,-0.0064272325421,-0.1778566293308,0.2415753581684,-0.0204167749537,0.2048768804845,0.0248494170699,0.1780482238083,0.3643874447944,1.0000000000000,0.0971735142702,-0.2772846569539,-0.0700325140871,0.2366502898229,0.0903660223526,-0.2367050464086,-0.2050597924625,-0.4546396957550,0.1300384046504,0.4384418867857,0.1173054698219,-0.2146757689582,-0.0503744787247,-0.1832139360623,-0.1131018924137,0.1907623308918,-0.1848368181921,-0.2603210259989,0.3807641271440,-0.4147046183419,0.2045109897893,-0.2582677581077,0.0008207809111,0.2670115167088,-0.2717248856973,0.2932300963738,-0.1567653000001,-0.2117679507536,0.2375733594155,-0.0185134763712,0.2929658288443,-0.1107884299445,0.0191444759495,-0.2308172850159,0.7200278818142,0.1640870407678,-0.4944824372715,-0.1471617001309,0.0944977324305,0.0138088672476,-0.3641604002767,-0.3286559750567
0.2502204837779,0.2085284341265,0.4719170340020,0.3203076816924,0.3784654416227,-0.3132156754213,-0.1921947256936,0.4504781510250,-0.2549867632830,0.1505620165928,0.3168385012060,-0.1714656021042,0.2759578776266,-0.0502900059302,0.0483905415624,-0.0744452460843,0.6253368253933,0.2070502189974,-0.2487336408462,0.0729980578476,0.4166810762784,0.7034190644374,0.5167426525971,0.6303816691454,0.5555778479284,0.0111962002407,0.0955149044902,0.0971735142702,1.0000000000000,0.1766423605905,0.6141651072817,0.0050355226860,-0.2290602316861,0.2508336421580,0.1306736689222,0.1541409030238,0.2361403792508,0.1911173658104,0.1720002611575,0.3273662649163,-0.2883951985147,-0.2670570246844,0.3446765288445,-0.3216396894306,0.2129245648064,0.1643044217286,-0.2393659594394,0.2322891228535,-0.1201833312431,-0.2400122876925,-0.0473696167900,0.6059265979203,0.0718985871909,-0.2018781320297,-0.0390868857479,0.3616371263424,0.5057140248812,0.4835317402610,0.4358522430547,0.5520903612343,-0.0835575867132,-0.1452026153004,0.0423032949102,0.6560276284586,0.1403877460318,0.4407541862418,-0.1851952525466,-0.2084997460422,0.1469400788312,0.0459583254086
0.4854830464418,0.1514695680019,0.0298189014536,0.2204581395072,0.1205115059097,0.1423570140652,0.2475905236277,-0.1393349436361,0.0353689829698,0.0575515460520,0.3788372768368,0.2001537009627,0.4737040207736,0.1881169671069,0.5311077631709,0.4236919127484,0.0806273331406,0.2401382454858,0.2401973275264,0.2854838809405,0.1758613918247,0.2146330317117,0.2927962427266,0.2122724179668,-0.0002048593355,0.1277877465281,0.0293898586935,-0.2772846569539,0.1766423605905,1.0000000000000,0.3023804469161,0.0464035755562,-0.0872082541811,0.5032080802409,0.4876095400363,0.2178966958829,0.1173116488897,-0.1357419890229,0.1061580293581,0.0435929063320,0.0948772619880,0.1035592827430,-0.0510739900813,-0.0311776510868,0.0915413836485,0.0817662199533,0.0735220958511,0.3919498662740,0.1019634303040,-0.0028466985513,0.2560749226303,0.0102923143839,0.0477675383593,-0.1008426553945,0.0381959002903,0.1057803855999,0.0416690307925,0.2890836174564,-0.0035064096166,0.0660756868537,-0.0705042627336,-0.2625223588607,-0.3369403466997,-0.1213806056174,0.6878841145913,0.3276222738513,-0.1267216772449,-0.0561799855217,0.3549989535033,0.3253026907853
0.4365740180134,0.5312459412213,0.4517907305957,0.4837391431020,0.2739545186760,-0.2010013288709,-0.2110257325009,0.3937852500993,-0.3103419191914,0.0200329332705,0.1740051663618,-0.2308940713546,0.0777800076085,-0.2274254603169,-0.0117077002925,-0.2741658855636,0.3545348162691,0.5104873857947,-0.2358133756717,0.2126963008508,0.3008579327996,0.4689949112021,0.7563307190635,0.5859320622159,0.5040394477051,-0.1779554799243,0.2261778021445,-0.0700325140871,0.6141651072817,0.3023804469161,1.0000000000000,-0.2674309665687,-0.1178896913050,0.3026761396592,0.3967934350601,0.2718332956343,0.5773755710060,0.2593005907362,0.2856126246583,0.3281531907290,-0.1036545575732,-0.4419277561276,0.5271110355927,-0.4449428268693,0.1367591102466,0.0213208547638,-0.3408994106985,0.0700123226058,-0.3516337768337,-0.3928998885420,-0.1714816740278,0.3465536378040,0.5215799685366,-0.1957748620314,0.3081608159435,0.3335958910126,0.3678198123703,0.6991244812438,0.4155709371003,0.5603243035363,-0.0058522096798,0.1505582283461,-0.1060352092121,0.2969151755171,0.1755197267631,0.8284381715944,-0.2452977685794,-0.1071025653794,0.2557606474394,0.3755202396021
-0.1971016866532,-0.2181211039636,0.1572704111753,-0.0005132024221,-0.1876876777680,0.1248562799196,0.0828661053430,0.1361912449860,0.2451880587110,0.1991818831280,-0.0437989520205,0.5538208692840,0.0487062264485,0.5696201711773,0.2791443596992,0.2465608980507,-0.0958674241999,-0.0571959333507,0.4309816246164,0.1446779454971,-0.0622311681688,-0.0357286510857,-0.2720138390070,-0.1440470289787,-0.0751887585053,0.2723491111381,0.0935039160791,0.2366502898229,0.0050355226860,0.0464035755562,-0.2674309665687,1.0000000000000,0.0345266510702,-0.1410012089545,-0.1696790972787,-0.4438382910274,-0.2051829688870,0.0918275370829,0.0898611558156,-0.2662705558869,0.0070340441337,0.0879511373727,-0.1192034266305,0.2240010840102,0.1118337110900,-0.0962022444434,0.4369104224986,0.0007424127297,0.5174695406186,0.0946249859469,0.2149878333829,-0.1576207833516,-0.3120728842216,0.3715551649487,-0.1485816140015,-0.1042863724030,-0.0189735092150,-0.2379931191374,-0.1148422821307,-0.1292229364661,0.0394824628657,-0.3800442894668,0.1363858279618,0.0651800599204,-0.0914040216522,-0.2907039322611,0.4647170265249,0.1316153853113,-0.2249690916525,-0.3351785462913
0.0363356337212,0.0060571000072,-0.0200581749639,-0.0946698379414,-0.0642544446681,0.4403608119629,0.4013584613976,-0.0723349714170,0.2937208913574,-0.1249667886123,-0.0641226879365,0.1763595013289,-0.1558663158336,0.2412178344736,0.1635609369942,0.2071653342186,-0.2691115154024,0.1059383040488,0.1861734703552,0.0139141915826,-0.0833348842709,-0.1730930542599,-0.1448879699386,-0.1204810660915,-0.2129981371473,0.0621174319874,0.0407708180429,0.0903660223526,-0.2290602316861,-0.0872082541811,-0.1178896913050,0.0345266510702,1.0000000000000,-0.2912546418074,-0.0097213822878,-0.2290077982661,-0.0171745475300,-0.0465866291614,-0.1191648833548,-0.0433523394023,0.4736120427016,0.2609436104325,-0.0990367927308,0.1959218840967,-0.1521060962604,-0.0723328901480,0.1519624145049,-0.0613966149447,0.0789872077846,0.0628704999177,0.2663048712244,-0.2243098794785,0.0109526218166,-0.0272220903915,-0.1856641012823,-0.0746871108482,-0.0993160517875,-0.1926520085378,-0.0847531156532,-0.2042723479036,-0.0703393749198,-0.1878382843053,-0.1304399431404,-0.2276170874662,-0.2109617009440,-0.1463127090484,0.1134083007454,0.7292866206916,-0.3649973091605,-0.0889596027193
0.5760516775350,0.1792997425033,0.0020539496574,0.2365263489745,0.3163904281139,-0.2076704487093,0.0006474694832,-0.1079909343705,-0.1668145682364,0.1379875965067,0.4131459649301,-0.1586973858645,0.3910182753611,-0.1117146295924,0.2536008245064,0.0922513219985,0.2608183487807,0.2887264372140,-0.1342022181076,0.3314288449129,0.4628475349132,0.3701140079539,0.3519005267305,0.3594657030560,0.1275430917623,0.1533547248973,0.0361866021643,-0.2367050464086,0.2508336421580,0.5032080802409,0.3026761396592,-0.1410012089545,-0.2912546418074,1.0000000000000,0.5588100997828,0.5354279345023,0.1557287721535,-0.1526390190143,0.2681437192907,0.1906540861793,-0.1954408958390,-0.1283707328294,0.0551776736985,-0.2169335276889,0.1394860371548,0.2399615097758,-0.1647688461941,0.3097421636159,-0.1722125782863,-0.1248919165256,0.0304997418655,0.2369996373170,0.2073568824332,-0.2560871639969,0.1880379184932,0.4032909484067,0.2221889411530,0.3107850765698,0.1779272543050,0.1672816067993,-0.0387645175545,-0.0756363038635,-0.2109806373280,-0.0122621347934,0.2721343872056,0.3380144807896,-0.2341683509155,-0.3249176540727,0.7527047800463,0.3647893116991
