1.0000000000000,0.2424189702355,0.3074163301094,0.1840801071643,0.0943630936923,0.0679537803229,0.0330319864394,-0.0644747609357,0.0557890838450,0.2387415289388,0.0378167582118,0.1493459340645,0.0042224402366,0.2233621879753,0.6437948426659,0.1863913095444,0.2696006897276,0.1788254018209,0.2975857850300,0.3579716938411,0.1960142191213,0.4083245626363,0.2031210827662,0.4792636147890,-0.1163988436841,0.0640509993143,0.0420657292749,0.3636924057278,-0.0041754276921,0.6452181934653,0.5130991515844,-0.0684677385741,-0.0337725695832,0.2464309468692,0.2663969365849,0.7673032973461,0.1839727255094,0.1902332053326,0.1478900216916,0.0138666606751,0.0087574321999,-0.2292353761443,-0.2696163223692,-0.1420495405383,0.1463266438877,0.0490424979870,0.2174975169511,-0.0638117835461,0.1226687932120,0.4754501191698,-0.0624064726343,0.3273019110701,0.3818492126982,0.1162250002984,0.1872620016371,-0.0049418658199,0.3657266511601,0.1987713838439,0.4754163748990,0.0155105789947,0.0643348854967,-0.0216970823466,0.4124165841348,-0.0718286787705,0.4994079935016,0.0952997377510,-0.2310460586619,-0.2583411503292,0.2081264909188,0.3795872934459
0.2424189702355,1.0000000000000,0.3460288753798,0.5662371400903,0.1443813188173,0.0662727828691,-0.0930237168968,-0.0490884872089,0.0975842630234,0.1188165952965,-0.1065640924320,0.4081003757491,0.0361873577278,0.3082241870588,0.0007163296821,0.2239811372617,0.2393989073383,0.4628632561531,0.2865909849389,0.2399343855696,0.1757571528453,0.3786722194351,0.6947462268345,0.4081630981861,0.1196549575137,0.5202772314404,0.4505279065422,0.4230774062568,0.0742526039688,0.3391175520406,0.5172721700106,-0.0475274151004,-0.0332742958723,0.5113895158692,0.6561721173948,0.0339561523584,0.8691843147880,-0.0272026771812,0.5472505918914,-0.0104635356299,0.0980276787234,-0.3241546520043,-0.3286905576109,-0.2772203495249,0.0637805934548,-0.1421922063194,0.3702652623087,-0.0358062255248,0.0982472652696,-0.3082968385505,-0.0866469536552,0.2350182652798,0.3310075778555,0.0833113598753,0.1009395142622,0.0294289924922,0.1453823758108,0.6397044492105,0.2677885616521,0.1006777140271,0.4369749604963,0.2514993751469,0.2903793274149,-0.0406387647706,0.3136162308427,0.0923778334848,-0.4040877843247,-0.1407976384300,0.4270114377991,0.7059870656168
0.3074163301094,0.3460288753798,1.0000000000000,0.3041542786646,0.1510783073650,0.0497873966864,0.0373567751866,0.1365873927955,0.3906571965773,0.3660260229510,0.0425806531745,0.5326008000155,0.0712837475754,0.4748653093381,0.1538652451669,0.4703240904997,0.3251300600565,0.4748969547264,0.6192036507839,0.2880895469806,0.3736165254253,0.4435293431689,0.2329832303723,0.7150004195657,0.0823728047148,0.1501215647944,0.4758792940998,0.8582206443801,0.2498430265413,0.0220085164633,0.5205631954121,-0.0089182937098,-0.1992155986299,0.0401212904280,0.1537789300888,0.1265084138629,0.2582233309396,0.5409094018452,0.2818519642684,0.0121099500058,0.0519960874228,-0.2546310561435,-0.4303088344508,-0.1571587141021,0.3122720258058,-0.0804639025606,0.5353401343177,0.0036815267302,0.2470239179451,-0.0658223959713,0.1205974011869,0.3058937552564,0.3014689219949,0.3416843672438,0.0893938669762,0.1363230101974,0.0223515725483,0.1597599681797,0.4009456425065,0.0095664989159,0.1499861262815,0.3292909469314,0.7871352096140,0.0093110500398,-0.0130759999745,-0.2392329509156,-0.4315284523164,-0.4950368589462,-0.1313066848767,0.4093857270088
0.1840801071643,0.5662371400903,0.3041542786646,1.0000000000000,-0.0631839691246,0.2448372074934,-0.1355309824310,0.3717442345794,0.2528495751256,0.3733623490359,-0.1286140809860,0.3920696390538,-0.1673861063894,0.3761777616121,0.0827464745983,0.3567822950655,-0.0632453253998,0.4998504180705,0.1550662748916,0.3216755774357,-0.0133983495819,-0.0298492814705,0.4499954171657,0.0626344461648,0.1213825843282,0.7026770870167,0.5807413681715,0.2919656427267,-0.1465002075216,0.1706086923802,0.2467342836569,0.2214683553366,-0.0168244269210,0.3704590208319,0.5754471220364,-0.0010448289893,0.4821316692930,-0.0426660121462,0.8008545021838,-0.1902287578866,0.0969486229799,-0.2890467678939,0.0794917011334,-0.1064923924153,0.2896198762135,-0.1820420596976,0.3219969990562,-0.2573800200918,0.1630952468266,-0.1957056469869,0.0619138666274,-0.0690445592218,0.2290217052360,0.0231477262933,0.1044489354212,-0.1503212622590,-0.2099932302476,0.4524379400940,-0.0731758801525,-0.0600874258583,0.6178827388608,0.2295920941909,0.2232424802850,-0.3017230416362,0.1212821586722,0.0668504191602,-0.0596786150107,-0.1032832222205,0.3901367397396,0.5341734876658
0.0943630936923,0.1443813188173,0.1510783073650,-0.0631839691246,1.0000000000000,-0.2927813645598,0.0941303959211,-0.2400867547250,-0.1993986096566,0.2373187311948,0.2901405017247,-0.0698153528244,0.7540322630510,0.1132693190386,-0.1385549241327,0.0914972146639,0.3817745224585,0.0335958518407,0.0931877293032,-0.0606715972716,0.7446570378564,0.4808076856007,0.2469705400044,0.4118839680424,0.5821961366928,-0.1301901473574,-0.0003471939778,0.1461189177844,0.5288040868565,0.0692563836038,0.2656297262660,-0.1149017494644,-0.2071965834213,0.0621913749626,-0.1001067202992,-0.0406273154418,0.1545939732169,0.0019274459473,-0.0508400015472,0.8840721580374,-0.2283786389921,0.1573766988135,-0.3537613615713,-0.3045584318790,0.3043161183543,0.2652273384343,0.0760920557891,0.7365463667120,0.0662008970526,-0.2022631112880,0.0754015072102,0.3665221460085,0.0391807654342,0.1045863004275,0.0483677835918,0.7253729083253,0.3477585052000,0.2435979330245,0.3738286309844,0.7236186204389,-0.1153430256485,0.1765587076238,0.1809059760364,0.4618180234301,0.1005138121762,-0.0443541378081,-0.3425397650808,-0.1259468500814,-0.0215751505273,0.1003933182292
0.0679537803229,0.0662727828691,0.0497873966864,0.2448372074934,-0.2927813645598,1.0000000000000,-0.0372553719272,0.1397066437857,0.3555475622044,0.0101872787162,-0.2112573062880,0.3386419426918,-0.3405962754584,0.2620694790011,0.1732809267255,0.4429504572145,-0.0181685591532,0.0362937292145,0.2532457698242,0.1804933802788,-0.2064286910497,-0.1085539510053,0.0237523067444,-0.0445153111597,-0.2736716944149,0.2131716798556,0.1288342629092,0.0415596623724,-0.2779141287935,0.0661813331947,0.0791545802254,0.2130599949087,0.3122669887906,0.1884165083424,0.2623062882500,0.0532695310822,0.0065881576196,0.0528763124438,0.1619986277610,-0.3715679813978,0.6143130318411,-0.0539354680549,0.0942652335783,0.3042808043662,-0.0394575768176,-0.3150402826672,0.2448970330021,-0.3175184857418,0.2725726909200,0.0591338186218,0.3222330790293,-0.0224340718061,0.0174114569347,0.2274602691884,-0.0245230190865,-0.3471092126972,-0.2309061750554,0.0452234935650,-0.0945433203524,-0.3260723413728,0.1859991477874,-0.0083734688559,0.0210401202262,-0.3709777209784,-0.0372471348848,0.1057591987367,0.1417089728710,-0.0639405908045,0.1259702469154,0.1262844259072
0.0330319864394,-0.0930237168968,0.0373567751866,-0.1355309824310,0.0941303959211,-0.0372553719272,1.0000000000000,-0.2662729095916,0.2255287645055,0.0213213084884,0.6860473915328,-0.0773750574109,0.5632574812006,0.0367662382280,-0.0661397654375,0.3390818989671,-0.0216847006800,-0.2432477299441,0.1421700070418,-0.0358948642517,0.4123082611866,0.2575508330785,-0.1724600349362,0.1692717127119,0.1995969255054,-0.4302172105445,-0.1309272039957,-0.1032131095460,0.2098268748251,0.0080530005776,0.0478630594479,-0.1217718265256,-0.0881536969143,-0.2262485583914,-0.2791074045807,-0.1176489224253,-0.1406109004575,-0.1242087195632,-0.2844403964555,0.2299829348128,-0.0544763789371,0.6847488071705,-0.3954330866316,0.1949991152013,0.1147971628816,0.7376825585754,0.1688936179722,0.5263383363409,0.0088765113737,0.0261234549453,0.2268141595244,0.0429501243989,-0.1586016865866,0.1972087484586,-0.1688769455815,0.4494750214777,0.1322347700081,-0.1853468988983,0.1671844329046,0.3347271373127,-0.3972053296069,-0.0132932127360,-0.0167152295894,0.2292426842991,-0.0377048965759,-0.3553384038022,-0.0858773940062,0.0738878686283,-0.2375599496843,-0.0632528787339
-0.0644747609357,-0.0490884872089,0.1365873927955,0.3717442345794,-0.2400867547250,0.1397066437857,-0.2662729095916,1.0000000000000,0.1333063845465,0.4164947949412,-0.1863386483923,0.1475063255365,-0.3770753384063,-0.0234710977421,0.1449953379356,0.0384680325261,-0.2841137994556,0.2772388778009,-0.0376706013080,0.0320171120826,-0.3203394191169,-0.4356452481049,-0.0341609206736,-0.3456884632256,0.2331825896130,0.3585722631521,0.2219596315360,0.0591997417921,-0.1492554743888,-0.1480148399099,-0.1442277607746,0.2629065496243,-0.0915540474194,0.1312037123608,0.0774092307782,-0.0324750128633,-0.0904958895912,-0.0194458367589,0.4394057925925,-0.2875385275047,0.1929194239680,-0.2282838207459,0.6292227150733,-0.0188974025363,0.3062032664891,-0.3203024456808,-0.0003620071589,-0.3895344715661,-0.0678408828022,0.1276380941197,0.0946923979340,-0.3725321957516,-0.1529408551513,-0.1612608855436,0.0010586901994,-0.3138660823400,-0.4813414507451,-0.0220064992404,-0.5055245806657,-0.1416914717088,0.3174657024947,0.0429195244471,-0.0540291960245,-0.3138160030736,-0.2358559787924,-0.1216378484849,0.3078030606005,0.1518320741070,0.0564449031378,-0.1116557011655
0.0557890838450,0.0975842630234,0.3906571965773,0.2528495751256,-0.1993986096566,0.3555475622044,0.2255287645055,0.1333063845465,1.0000000000000,0.0083897353522,0.2316637128670,0.4647003606648,-0.1080349269752,0.3082977004158,0.1891746414720,0.4976997328796,-0.0875004963803,0.1214050221907,0.5166321088170,0.2336592981790,0.0093098241304,0.0322827354843,0.0030053716314,0.1649218276419,-0.1003299108571,0.1014093271777,0.3227380438617,0.2479213121621,0.1169418044175,-0.0340135995628,0.2403420628095,0.0511137441389,0.1150011997878,0.0207279786234,0.0788184622478,-0.0172631123377,-0.0017078481613,0.1494242444008,0.1952837204084,-0.2309902041537,0.1197867172724,0.1823345068258,-0.1747436459759,0.5301913468847,-0.0300182012432,0.0378610411474,0.4121385697760,-0.1767946365244,0.1064603056293,0.0035145811287,0.2276777587487,-0.1047919671812,0.0003346520522,0.2776859288791,-0.1592587904897,-0.1009971195121,-0.2130208075458,-0.0751007000444,-0.0098027712297,-0.2394883987171,0.0296488364823,0.0568917324463,0.1460502568402,-0.0896278879336,-0.1271037738394,-0.1196026483524,-0.0715878895124,-0.1832424232799,-0.0524526085518,0.1524653112108
0.2387415289388,0.1188165952965,0.3660260229510,0.3733623490359,0.2373187311948,0.0101872787162,0.0213213084884,0.4164947949412,0.0083897353522,1.0000000000000,-0.1036586207478,0.1916337018672,0.1271830737365,0.4230824319139,0.1343609045853,0.3461331251510,0.1487686834764,0.2859319846431,0.1712802889960,0.0617357557894,0.2803709014958,0.1128991999921,0.2475211786831,0.2117289035314,0.3837493538764,0.2256939283009,0.1147688721142,0.3216106426933,-0.0448327996865,0.0946482268352,0.1138877252756,0.3236186305448,-0.1643077621055,0.2144529852212,0.0799104279856,0.0706184102104,0.0926472989760,0.1551691034027,0.2982545628859,0.1125811050080,0.0414903817535,-0.1769866124115,0.0158377370559,-0.2986446158337,0.8594542373922,-0.1183913185970,0.2824275730248,0.1498452877444,0.4181197943456,0.0544652534058,0.2251540133585,0.1301212140621,0.0772295133800,0.1721692418664,0.0976115785262,0.1617667902601,-0.0476309219890,0.2883993551112,0.1040449002621,0.2574182701637,0.2864458994799,0.0333079735200,0.3547742784009,-0.2221985006764,-0.0094711325300,-0.2588666372919,0.0477955340417,-0.1014908901037,0.0583938479996,0.1450959733647
0.0378167582118,-0.1065640924320,0.0425806531745,-0.1286140809860,0.2901405017247,-0.2112573062880,0.6860473915328,-0.1863386483923,0.2316637128670,-0.1036586207478,1.0000000000000,-0.1096237264578,0.5916537592585,-0.0714844976161,-0.1244720134937,0.2101428010188,0.0114619323709,-0.2210442312401,0.0616932681501,-0.0439029843695,0.4244375318325,0.2875216291972,-0.0918696753410,0.1435340591398,0.2525141819099,-0.3014455446219,-0.0875865306307,-0.1026179620536,0.4210419760998,0.0025636521862,0.0726572283425,-0.2763151380783,-0.2896990977059,-0.1351919899215,-0.2107598587328,-0.1110339425378,-0.1398066707635,-0.1611344351065,-0.1702363579578,0.4556578808970,-0.1508614275035,0.6943163125518,-0.3133891195555,0.2636367256762,-0.0143570296570,0.8279630761043,0.0659353567621,0.4706897541074,-0.1819529463681,0.0316055207844,0.1589055912227,0.0345436882914,-0.2353981851818,-0.0433476575059,-0.1639367717668,0.5411032032536,0.2353322556330,-0.1560213796496,0.1460132918007,0.3695697849676,-0.3085197672102,0.0276494410683,-0.0706349399480,0.4882310703845,-0.0273085781100,-0.2681055147311,-0.1296034527331,0.0092941579333,-0.1461164990038,-0.0267777726073
0.1493459340645,0.4081003757491,0.5326008000155,0.3920696390538,-0.0698153528244,0.3386419426918,-0.0773750574109,0.1475063255365,0.4647003606648,0.1916337018672,-0.1096237264578,1.0000000000000,-0.1350530866114,0.6050716674086,0.1258910091117,0.3884194561231,0.2212221670769,0.2521848831221,0.7616559433810,0.2724371625134,0.0700322063648,0.2118171808737,0.3384477084809,0.3419973362215,-0.0289171265896,0.4509722344929,0.5490012877735,0.5742465595992,-0.0110505566019,0.1502212503792,0.3300527759459,0.2413497473109,0.0818334889162,0.2599147868009,0.4159258188338,0.0210818572281,0.2871383097421,0.2846160560674,0.4186827835262,-0.2314794078227,0.0942907853782,-0.2702258345675,-0.2207065334001,-0.0348794816700,0.1239331048936,-0.2761090756194,0.7590480892603,-0.1732735103825,0.4405669433119,-0.0325233188732,0.1048085754492,0.1528241067033,0.1015758048779,0.4816732345918,0.0536832446769,-0.1353381413592,-0.1290652953688,0.2828322724656,0.0919769980068,-0.1386855578868,0.4694875728803,0.2909463511947,0.4094469562155,-0.2057719062759,0.0920630582523,-0.1243804842817,-0.2913708404357,-0.3065931409805,0.0816342669362,0.4321433283003
0.0042224402366,0.0361873577278,0.0712837475754,-0.1673861063894,0.7540322630510,-0.3405962754584,0.5632574812006,-0.3770753384063,-0.1080349269752,0.1271830737365,0.5916537592585,-0.1350530866114,1.0000000000000,0.0712401485627,-0.2090453760722,0.1450031211122,0.1881170567838,-0.0967711114056,0.1234933252074,-0.0715304050068,0.8546785590139,0.4545869758057,0.1086407172704,0.3147477400061,0.5324036893972,-0.3536805514731,-0.0351591441822,0.0051256423195,0.4794656513329,0.0453292709764,0.1311012743515,-0.1298960246907,-0.2109695822589,-0.0438231567928,-0.2457177814535,-0.1803450590956,0.0230034435477,-0.1204904546627,-0.2135787991481,0.7974029899121,-0.2975428313739,0.4856452850080,-0.4912857914547,-0.1874428272615,0.2671612539480,0.6369027554917,0.1099619277725,0.9420266364712,0.0340108139073,-0.1997250275153,0.0974674097641,0.2263213645139,-0.1253964051382,0.2179899766159,-0.0175418218907,0.9065451380874,0.3378804410999,0.0896581535481,0.3147897407102,0.7298367222213,-0.3092284477072,0.1513834607459,0.0652406387181,0.4794238107132,0.1005094624878,-0.2793567079639,-0.3119647925155,0.0013392569577,-0.0818860072878,0.0271474848474
0.2233621879753,0.3082241870588,0.4748653093381,0.3761777616121,0.1132693190386,0.2620694790011,0.0367662382280,-0.0234710977421,0.3082977004158,0.4230824319139,-0.0714844976161,0.6050716674086,0.0712401485627,1.0000000000000,0.0412190721800,0.5710457924244,0.3599639992786,0.1880758322116,0.5867812781030,0.2326522154722,0.2638556896548,0.3575559065787,0.3422021458585,0.4458218879011,0.0192297143440,0.4279618713541,0.3347427513642,0.5448540969765,-0.0535310538760,0.1256665575765,0.3531091053710,0.4609377377470,-0.0604841960534,0.2135702016952,0.2608514561803,0.0450540920885,0.2464812469891,0.3407779639954,0.2857895011836,-0.0827388308475,0.0754555783535,-0.1851324853125,-0.3528303437382,-0.0476353711557,0.4087240962992,-0.1489437381263,0.6780139208458,0.0532540292198,0.8520790956398,0.0455859406849,0.1902939200961,0.3230703272391,0.1399545565848,0.5812058507662,0.1632315125089,0.0587096617026,0.1076664955308,0.2964594526803,0.3115454603737,0.0569965433361,0.4395141024642,0.2421212246998,0.5017228857044,-0.1807536751545,0.2120508694953,-0.1367863528306,-0.1796037191875,-0.4190442561641,0.0967067929395,0.4581621370111
0.6437948426659,0.0007163296821,0.1538652451669,0.0827464745983,-0.1385549241327,0.1732809267255,-0.0661397654375,0.1449953379356,0.1891746414720,0.1343609045853,-0.1244720134937,0.1258910091117,-0.2090453760722,0.0412190721800,1.0000000000000,0.0137276006486,-0.0112499015199,0.1283685765994,0.2869562008211,0.4778616057080,-0.0892750937760,0.0947473570086,-0.0767355896792,0.2163143948623,-0.1784143008700,-0.0299200274994,-0.0184625275673,0.3071931221423,0.0346125543149,0.5059504232968,0.2434109017651,0.0845626520824,0.3026500567072,0.0438622898372,0.0386957930420,0.6483553604425,-0.0848194567057,0.0832077601739,0.0839479599922,-0.1788317994125,0.1465967400744,-0.1991636455588,-0.0047092050608,0.0397617530656,-0.0520803440538,-0.1334012050324,-0.0332353961159,-0.2195096941333,-0.0251083837728,0.5483178358849,-0.1234235214637,0.0695496473280,0.1888121310876,0.0408497304377,-0.0185316879100,-0.2292773129143,0.0829520097044,-0.0659323986121,0.1728931140322,-0.2006942751962,-0.0477162378157,-0.2595329245291,0.2682606716332,-0.1135587431472,0.1725231979964,0.1336213015864,0.0933061932310,-0.0353901692121,0.0298003940503,-0.0099355472717
0.1863913095444,0.2239811372617,0.4703240904997,0.3567822950655,0.0914972146639,0.4429504572145,0.3390818989671,0.0384680325261,0.4976997328796,0.3461331251510,0.2101428010188,0.3884194561231,0.1450031211122,0.5710457924244,0.0137276006486,1.0000000000000,0.2666684942244,0.2336280690055,0.4528185382187,0.2607006624912,0.3162700739696,0.3039993180998,0.1762920907741,0.4068975294074,-0.0071458496102,0.1912712465897,0.2404736175394,0.3830615428257,-0.0250335785331,0.0270029697564,0.2847895809887,0.1368684484181,-0.1450466475168,0.1337517348626,0.2347728023296,-0.0267520555357,0.2158063755321,0.2903856311379,0.2737507023647,-0.0065579759214,0.2729352470909,0.1735818940889,-0.2879781214506,0.1837299976580,0.4052874368954,0.0768119275892,0.5475081581765,0.0768173839852,0.4380494877330,0.0115092681732,0.6622941778799,0.2470376073186,0.1833497297949,0.3973401073868,0.1201954918216,0.1398924184326,-0.0057615866989,0.1493377554985,0.2742143834398,0.0541735271529,0.1989783771465,0.1899867743772,0.4289689252152,-0.1633105784368,0.0242401980170,-0.2045988477661,-0.1122973968003,-0.3629931547903,0.0989679183028,0.4370089968832
0.2696006897276,0.2393989073383,0.3251300600565,-0.0632453253998,0.3817745224585,-0.0181685591532,-0.0216847006800,-0.2841137994556,-0.0875004963803,0.1487686834764,0.0114619323709,0.2212221670769,0.1881170567838,0.3599639992786,-0.0112499015199,0.2666684942244,1.0000000000000,0.0938230519702,0.3070189075964,0.0829171871330,0.3625872431496,0.6781349733561,0.4632784159726,0.6968549725097,0.0216114813962,0.0680195845617,0.0050169500845,0.4263724619634,0.1449727954161,0.3155024661141,0.4718704130762,0.0780568753568,-0.2397248481204,0.2598587643455,0.3009549793088,0.2631963772775,0.2240586660321,0.2887486764433,-0.0452944773352,0.2144304530733,-0.0057113379450,-0.1793383723292,-0.4321905363743,-0.3505218016147,0.1795443920894,-0.0522363739198,0.2440695108226,0.1794548136233,0.3372672603207,0.0395744378840,0.1311265245814,0.9228450577844,0.2321903432585,0.1394872484998,0.1278409256742,0.2091796811083,0.5423009880641,0.4249599521806,0.7055675242617,0.2232059412304,0.0708019726757,0.0596907523394,0.4427362262772,0.1247758433973,0.3168602161479,0.0415358208398,-0.2859360153941,-0.3895730858887,0.0837837160343,0.3622724377519
0.1788254018209,0.4628632561531,0.4748969547264,0.4998504180705,0.0335958518407,0.0362937292145,-0.2432477299441,0.2772388778009,0.1214050221907,0.2859319846431,-0.2210442312401,0.2521848831221,-0.0967711114056,0.1880758322116,0.1283685765994,0.2336280690055,0.0938230519702,1.0000000000000,0.2466452741755,0.5948345473227,0.0948518769312,0.1136801758332,0.3823314716466,0.3154336764864,0.0280596454423,0.3728442015365,0.5853852876437,0.5106514630836,-0.0852696398948,0.1552892570134,0.3605574162956,0.0450487425380,-0.2181268319787,0.4171749318972,0.4880054168145,0.0475179933811,0.4697132149203,0.1518918294367,0.4948891176106,-0.1254533165809,0.0762939754077,-0.4308809794842,-0.0546950229318,-0.3203393820480,0.2253524034962,-0.2741462542119,0.2235547827597,-0.1758137432300,0.0228470154073,-0.1727617606265,-0.0627253554619,0.0519088483220,0.4593149602579,0.0997949678919,0.5191109725654,-0.0307877312141,-0.0799326222116,0.3171386058227,0.1007911771246,-0.1056366304794,0.2864658140964,0.3057068304043,0.3823804758163,-0.2836903632676,0.0984444159046,-0.0103620246611,-0.1355367403254,-0.2280694394680,0.3582663858080,0.4915528620667
0.2975857850300,0.2865909849389,0.6192036507839,0.1550662748916,0.0931877293032,0.2532457698242,0.1421700070418,-0.0376706013080,0.5166321088170,0.1712802889960,0.0616932681501,0.7616559433810,0.1234933252074,0.5867812781030,0.2869562008211,0.4528185382187,0.3070189075964,0.2466452741755,1.0000000000000,0.4799499533165,0.3554482478964,0.4127789797889,0.1921614460746,0.5708931254437,-0.0212990311145,0.0698350179938,0.4827634237411,0.6631703296713,0.1526914487897,0.1744604978476,0.4963619990410,0.2204242856249,-0.0178750659814,0.1521251071712,0.1726095871805,0.1616241756380,0.1652633681382,0.4157092374765,0.1045233782376,-0.0513857456109,-0.0052698630399,-0.1498856500869,-0.4561495640884,-0.0363511339160,0.1217536252913,-0.0087221920302,0.6927764925724,0.0690730952097,0.3872434257298,0.0742166092362,0.0581204942672,0.2803107494820,0.1582000243989,0.6604672434492,0.1180035211937,0.1333510801022,0.0820418019493,0.1499984036945,0.3545522925977,-0.0133859859144,0.0860588478324,0.3031329165972,0.5266308085755,-0.0560211480501,0.1443858824909,-0.1664983662884,-0.3826325314385,-0.4327453179682,-0.0447312804785,0.3494712251429
0.3579716938411,0.2399343855696,0.2880895469806,0.3216755774357,-0.0606715972716,0.1804933802788,-0.0358948642517,0.0320171120826,0.2336592981790,0.0617357557894,-0.0439029843695,0.2724371625134,-0.0715304050068,0.2326522154722,0.4778616057080,0.2607006624912,0.0829171871330,0.5948345473227,0.4799499533165,1.0000000000000,0.0587161326867,0.1663694641636,0.1861735463169,0.3065765621636,-0.1920435345583,0.1865570753679,0.4514881095702,0.4037402538747,-0.0719113256796,0.3499384949155,0.3270333293642,0.1535723338560,0.0315807345285,0.2594609103588,0.3357197694916,0.2838320908180,0.1760634280787,0.1328025059265,0.2479967417577,-0.1856874558746,0.1238664114634,-0.2144696260692,-0.1629822559330,-0.0828335613756,-0.0430249407138,-0.0749785482709,0.1499424240577,-0.1355393230730,0.0824907138548,0.1313169096750,-0.0562578683002,0.0973832269497,0.2619720106573,0.2651645029269,0.4076625796629,-0.0739693659972,-0.0205620253807,0.1225391659848,0.1454685818312,-0.2145193842082,0.1242115162158,0.0775744915606,0.3082676971134,-0.2546016165994,0.1620250219840,0.0386011878052,0.0166251316955,-0.2271127012996,0.1925692001460,0.2896897673040
0.1960142191213,0.1757571528453,0.3736165254253,-0.0133983495819,0.7446570378564,-0.2064286910497,0.4123082611866,-0.3203394191169,0.0093098241304,0.2803709014958,0.4244375318325,0.0700322063648,0.8546785590139,0.2638556896548,-0.0892750937760,0.3162700739696,0.3625872431496,0.0948518769312,0.3554482478964,0.0587161326867,1.0000000000000,0.5518238338835,0.2106588496626,0.5419786626238,0.3912531336059,-0.2493988415664,0.1356104220363,0.2955184433977,0.4229218561834,0.0642484439989,0.3288239223657,-0.0436264003313,-0.2665882307981,0.0111314732272,-0.0697618770296,-0.0425067450432,0.1435202147532,0.1010588453742,-0.0925395605930,0.6971366584737,-0.2584137358330,0.1936894399541,-0.5842847685923,-0.2788656754050,0.4022547707808,0.4521246149395,0.3079597270141,0.7909303857980,0.1738350986879,-0.2002571099760,0.1504808589579,0.3984920324334,0.0672349475458,0.3515664851056,0.0431151533355,0.8803247626061,0.3311660738594,0.1929084508379,0.4786153006601,0.5674130651531,-0.2133251251159,0.2376056123080,0.3552704115571,0.3171602715184,0.0994522119991,-0.2567954288139,-0.4115086761325,-0.2083063785338,-0.0766718554813,0.2258015008538
0.4083245626363,0.3786722194351,0.4435293431689,-0.0298492814705,0.4808076856007,-0.1085539510053,0.2575508330785,-0.4356452481049,0.0322827354843,0.1128991999921,0.2875216291972,0.2118171808737,0.4545869758057,0.3575559065787,0.0947473570086,0.3039993180998,0.6781349733561,0.1136801758332,0.4127789797889,0.1663694641636,0.5518238338835,1.0000000000000,0.4083288842896,0.8534821290996,0.0962711841017,-0.0946259379618,0.0350942580888,0.4936507565938,0.3804379510857,0.4696536773516,0.6585018741464,-0.0936872295191,-0.1759049760279,0.2487341008885,0.1754909782180,0.2808043829694,0.3085794092774,0.1867290750420,-0.0157445004436,0.3876415364222,-0.0799317962138,0.0388266752538,-0.6843021330341,-0.2247438425499,0.1546535566803,0.2942215770779,0.3206164365413,0.3984864423121,0.2583278859509,0.0404817050968,0.0164985366372,0.7128929598955,0.1715317288415,0.2496327960356,0.0783718791413,0.4391942709112,0.7598319313163,0.3306537316968,0.7933599947292,0.3888467051862,-0.0939187620249,0.0375306838230,0.4644131058918,0.3309215395889,0.4427503513292,-0.0627875557023,-0.3943409238510,-0.3512440754194,0.1698954954481,0.4248544347732
0.2031210827662,0.6947462268345,0.2329832303723,0.4499954171657,0.2469705400044,0.0237523067444,-0.1724600349362,-0.0341609206736,0.0030053716314,0.2475211786831,-0.0918696753410,0.3384477084809,0.1086407172704,0.3422021458585,-0.0767355896792,0.1762920907741,0.4632784159726,0.3823314716466,0.1921614460746,0.1861735463169,0.2106588496626,0.4083288842896,1.0000000000000,0.3367932461304,0.2567095072462,0.4703852907550,0.3562261190798,0.2869686891359,0.0270987292749,0.4670381637151,0.4364975346820,0.1207145949282,-0.1427858677518,0.7303547519223,0.6877329816179,0.0334198755747,0.6273785852184,-0.0910917783732,0.5058607471202,0.0510796000421,0.1093053041272,-0.2771944679122,-0.2363954140524,-0.3077918841204,0.2368188286187,-0.1906082717985,0.3110788813340,0.0499669120302,0.2093051504721,-0.2178411383640,-0.0080933575801,0.4061663764190,0.1850512045057,0.0522047766559,0.1934047342125,0.1012090929313,0.2256766276881,0.8966934215830,0.2624362092582,0.2357670979457,0.4275299312474,0.2102937328940,0.1967433583930,-0.0629250050138,0.4320257069201,0.0527676667637,-0.2259116052768,-0.1093336663885,0.5359106113815,0.6219826203848
0.4792636147890,0.4081630981861,0.7150004195657,0.0626344461648,0.4118839680424,-0.0445153111597,0.1692717127119,-0.3456884632256,0.1649218276419,0.2117289035314,0.1435340591398,0.3419973362215,0.3147477400061,0.4458218879011,0.2163143948623,0.4068975294074,0.6968549725097,0.3154336764864,0.5708931254437,0.3065765621636,0.5419786626238,0.8534821290996,0.3367932461304,1.0000000000000,0.0375066313522,-0.0563349925539,0.1820854061250,0.7496578509909,0.3820086894308,0.3415569461896,0.7520767072529,-0.0826169917418,-0.1709299881198,0.1096967462130,0.1775604771708,0.3683003710898,0.3358562193364,0.4367161183449,0.0197605756169,0.2591475495815,-0.0581948232729,-0.1502227763936,-0.7029317274889,-0.2800950144471,0.2020207560736,0.1257701183946,0.4352903784519,0.2611761178997,0.2889396341919,0.0512064999965,0.0366177549692,0.7280249847059,0.4349862986878,0.3270133759598,0.1587002479833,0.3236051322113,0.5422635820450,0.2865153042940,0.8544527895675,0.2440425579430,-0.0459565060687,0.1622834311235,0.7380875878048,0.2517174781825,0.3204443924506,-0.0359075729211,-0.5247045811569,-0.5311586468692,-0.0159536685750,0.4814837817449
-0.1163988436841,0.1196549575137,0.0823728047148,0.1213825843282,0.5821961366928,-0.2736716944149,0.1995969255054,0.2331825896130,-0.1003299108571,0.3837493538764,0.2525141819099,-0.0289171265896,0.5324036893972,0.0192297143440,-0.1784143008700,-0.0071458496102,0.0216114813962,0.0280596454423,-0.0212990311145,-0.1920435345583,0.3912531336059,0.0962711841017,0.2567095072462,0.0375066313522,1.0000000000000,-0.0163827702685,0.1329321065034,-0.0115065846120,0.4650953823309,-0.0616370778956,0.0087694798271,-0.0638546584396,-0.2171975754845,0.0891384728520,-0.1737810534902,-0.2371184572489,0.0961731993856,-0.1419966451831,0.1467939087930,0.5401260194169,-0.1767073256796,0.1818065809417,0.0166793181945,-0.2385362274282,0.4254969844241,0.2068896445576,0.0662447106213,0.5195295107751,-0.0566209897148,-0.1915463012060,-0.0180214928473,-0.0171271694137,-0.2209389132208,0.0146270800725,-0.0983240316933,0.4652779018718,-0.0279217079202,0.2663408986629,-0.0596751688652,0.8158048092991,-0.0092685787466,0.2672694755646,-0.0274923742186,0.3673652160455,-0.0792738057003,-0.2777020853037,-0.1737800110672,0.1836070295584,-0.0290057908790,-0.1269312628314
0.0640509993143,0.5202772314404,0.1501215647944,0.7026770870167,-0.1301901473574,0.2131716798556,-0.4302172105445,0.3585722631521,0.1014093271777,0.2256939283009,-0.3014455446219,0.4509722344929,-0.3536805514731,0.4279618713541,-0.0299200274994,0.1912712465897,0.0680195845617,0.3728442015365,0.0698350179938,0.1865570753679,-0.2493988415664,-0.0946259379618,0.4703852907550,-0.0563349925539,-0.0163827702685,1.0000000000000,0.4158005258200,0.2509048719638,-0.2106219223747,0.1387684118461,0.1007536478588,0.2413119572462,-0.0047328349954,0.4423304971842,0.6562779720431,-0.0525196899057,0.4940551119992,0.0147090268380,0.7714572211097,-0.3159509229263,0.2043311892834,-0.4013559136755,0.2287191753480,-0.1049002979388,0.1239284107510,-0.4626118788523,0.2632417042127,-0.4018222054773,0.2648582739366,-0.1691444450233,0.0509881797039,-0.0161418818977,0.1250691547367,-0.0740071029365,0.1292856031163,-0.3505811854224,-0.2207882397410,0.4362931300620,-0.1648645763377,-0.2080488717637,0.9116137599892,0.1348584394439,0.1474532444362,-0.3036467460967,0.1116712102558,0.1467780545775,0.0117144629183,-0.1215402506077,0.4186952848025,0.4919775585438
0.0420657292749,0.4505279065422,0.4758792940998,0.5807413681715,-0.0003471939778,0.1288342629092,-0.1309272039957,0.2219596315360,0.3227380438617,0.1147688721142,-0.0875865306307,0.5490012877735,-0.0351591441822,0.3347427513642,-0.0184625275673,0.2404736175394,0.0050169500845,0.5853852876437,0.4827634237411,0.4514881095702,0.1356104220363,0.0350942580888,0.3562261190798,0.1820854061250,0.1329321065034,0.4158005258200,1.0000000000000,0.4449548556858,0.0066475002996,0.0140328729498,0.3071329956471,0.1315227597477,-0.0374116154700,0.2945949274137,0.3946514079963,-0.1311009095912,0.3511104875815,0.1054928557201,0.5005943655131,-0.1099915650249,-0.0207222684694,-0.3292274740661,-0.1120225877649,-0.1629384139595,0.0852060679708,-0.1692142781947,0.4226444302943,-0.1267319876009,0.0594199145990,-0.2854261011742,-0.0937844697100,-0.0400863673408,0.1813009790093,0.2721473717153,0.2409502434842,0.0020847929770,-0.2359295729954,0.2919600740147,-0.0639691891496,-0.0350716265084,0.3186443301339,0.6777433268582,0.3027871508434,-0.2067479545870,0.0232712091724,-0.0465440622648,-0.3050313222839,-0.1261943481297,0.1857777753203,0.3982661344644
0.3636924057278,0.4230774062568,0.8582206443801,0.2919656427267,0.1461189177844,0.0415596623724,-0.1032131095460,0.0591997417921,0.2479213121621,0.3216106426933,-0.1026179620536,0.5742465595992,0.0051256423195,0.5448540969765,0.3071931221423,0.3830615428257,0.4263724619634,0.5106514630836,0.6631703296713,0.4037402538747,0.2955184433977,0.4936507565938,0.2869686891359,0.7496578509909,-0.0115065846120,0.2509048719638,0.4449548556858,1.0000000000000,0.1927897336556,0.1556903615656,0.5369626490675,0.1283780384164,-0.1125269258067,0.1175001795861,0.2272126541949,0.2317071915176,0.3435246917283,0.5486026461788,0.2998644052671,-0.0344151437265,0.0234283883201,-0.4029419160619,-0.3988906499293,-0.2846885410399,0.2361178162505,-0.2095922581875,0.4780364548660,-0.0546259711904,0.3196152903932,0.0191630243592,0.0123463632911,0.4313420148738,0.3877590473079,0.3475712821094,0.1466882263637,0.0506283016742,0.1488311146174,0.2244957872545,0.5011639479466,-0.0308443602248,0.2434755555418,0.2748191427130,0.8961277236800,-0.0083454643921,0.0786435555439,-0.1132304665503,-0.3880306326677,-0.5243795698479,-0.0267731478469,0.4284023437595
-0.0041754276921,0.0742526039688,0.2498430265413,-0.1465002075216,0.5288040868565,-0.2779141287935,0.2098268748251,-0.1492554743888,0.1169418044175,-0.0448327996865,0.4210419760998,-0.0110505566019,0.4794656513329,-0.0535310538760,0.0346125543149,-0.0250335785331,0.1449727954161,-0.0852696398948,0.1526914487897,-0.0719113256796,0.4229218561834,0.3804379510857,0.0270987292749,0.3820086894308,0.4650953823309,-0.2106219223747,0.0066475002996,0.1927897336556,1.0000000000000,-0.0505596356820,0.3654884273982,-0.2155428953162,-0.1227188221434,-0.1856383359007,-0.2262895195626,0.0033390722914,0.0035034442888,-0.0122405929907,-0.1144028052341,0.5326328020242,-0.1737913287396,0.2377547028907,-0.2615801200442,-0.0220915512472,-0.0302332161289,0.3454647152665,-0.0240926287530,0.4625373694051,-0.1890080572367,-0.1164564050822,-0.0884389232250,0.1899860927878,0.0188163572013,-0.0526349129011,-0.1898960893905,0.4281601040645,0.2364079101405,-0.0075309317027,0.3033682062661,0.4459476926604,-0.2226679998529,0.0645055276063,0.1963274665992,0.8454469943582,-0.1001677876392,0.0681977298164,-0.2735753199714,-0.0900517234269,-0.2665176787965,-0.0914623719511
0.6452181934653,0.3391175520406,0.0220085164633,0.1706086923802,0.0692563836038,0.0661813331947,0.0080530005776,-0.1480148399099,-0.0340135995628,0.0946482268352,0.0025636521862,0.1502212503792,0.0453292709764,0.1256665575765,0.5059504232968,0.0270029697564,0.3155024661141,0.1552892570134,0.1744604978476,0.3499384949155,0.0642484439989,0.4696536773516,0.4670381637151,0.3415569461896,-0.0616370778956,0.1387684118461,0.0140328729498,0.1556903615656,-0.0505596356820,1.0000000000000,0.4687285082718,-0.0102222388938,0.1025322195721,0.6246150326732,0.4353311546817,0.5649073800536,0.2567636827870,-0.1230008409932,0.1780412955096,0.0238729068908,0.0893483246762,-0.1527167894319,-0.2388641063372,-0.1666490315911,0.0188895998887,0.0029369160562,0.0898212801558,0.0113129339234,0.0964610083603,0.3095853158536,-0.1257706033017,0.3363138378230,0.1425555103442,0.0099833707101,0.1083134918573,0.0112077869379,0.4742709977345,0.4214210145223,0.3762651900761,0.1000165096513,0.1110003939353,-0.1526682146561,0.1110798160815,-0.0540994576035,0.7713049702739,0.1584026110791,-0.0728398997715,0.0164697745445,0.5575480901456,0.3752570885113
0.5130991515844,0.5172721700106,0.5205631954121,0.2467342836569,0.2656297262660,0.0791545802254,0.0478630594479,-0.1442277607746,0.2403420628095,0.1138877252756,0.0726572283425,0.3300527759459,0.1311012743515,0.3531091053710,0.2434109017651,0.2847895809887,0.4718704130762,0.3605574162956,0.4963619990410,0.3270333293642,0.3288239223657,0.6585018741464,0.4364975346820,0.7520767072529,0.0087694798271,0.1007536478588,0.3071329956471,0.5369626490675,0.3654884273982,0.4687285082718,1.0000000000000,-0.0544001759418,-0.1169619862798,0.3203611485278,0.3815378171498,0.4513065970353,0.4328090527063,0.2415847246407,0.1571423672433,0.1401168949400,0.0092706161992,-0.2128610766195,-0.4822973428479,-0.1802272484445,0.0690685612613,0.0843502649006,0.3644416013196,0.0795924513966,0.1621046084086,0.0746210265965,-0.0729257640006,0.4944307597553,0.4614077847509,0.1647444416511,0.1767725433728,0.1318429252918,0.4693002196279,0.4193314818855,0.6260606463734,0.1497987312647,0.0494789933740,0.2119022646083,0.4779678722034,0.2391009404355,0.5067363153775,0.3334282996666,-0.4872814110505,-0.4197389649090,0.1829661943912,0.5989241107078
-0.0684677385741,-0.0475274151004,-0.0089182937098,0.2214683553366,-0.1149017494644,0.2130599949087,-0.1217718265256,0.2629065496243,0.0511137441389,0.3236186305448,-0.2763151380783,0.2413497473109,-0.1298960246907,0.4609377377470,0.0845626520824,0.1368684484181,0.0780568753568,0.0450487425380,0.2204242856249,0.1535723338560,-0.0436264003313,-0.0936872295191,0.1207145949282,-0.0826169917418,-0.0638546584396,0.2413119572462,0.1315227597477,0.1283780384164,-0.2155428953162,-0.0102222388938,-0.0544001759418,1.0000000000000,0.1183226659551,0.1467654723223,0.1451698844793,-0.0066989623266,-0.0690384400302,-0.0162244349266,0.0685776931836,-0.2286223983674,0.0129607785356,-0.2067956018220,0.1699837821109,-0.0834278036309,0.2795539213965,-0.2136975325510,0.1129941788153,-0.0913982676095,0.4885286426807,0.0773278416389,0.0310878665806,0.0530009195546,-0.0191467599186,0.2096691022765,0.0194055637089,-0.1184963971235,-0.0789875918139,0.1260405352950,-0.0448359250287,-0.1430571388973,0.2238395267451,-0.0909479696689,0.0574273666219,-0.2872606084962,0.0320557680900,0.0398944811512,0.4282788643778,-0.1254354211359,0.0657289317385,0.0153529112717
-0.0337725695832,-0.0332742958723,-0.1992155986299,-0.0168244269210,-0.2071965834213,0.3122669887906,-0.0881536969143,-0.0915540474194,0.1150011997878,-0.1643077621055,-0.2896990977059,0.0818334889162,-0.2109695822589,-0.0604841960534,0.3026500567072,-0.1450466475168,-0.2397248481204,-0.2181268319787,-0.0178750659814,0.0315807345285,-0.2665882307981,-0.1759049760279,-0.1427858677518,-0.1709299881198,-0.2171975754845,-0.0047328349954,-0.0374116154700,-0.1125269258067,-0.1227188221434,0.1025322195721,-0.1169619862798,0.1183226659551,1.0000000000000,-0.1178824473904,-0.1367572954758,0.0076954231869,-0.1466084719127,-0.1654666299248,-0.0258442360743,-0.1616922399243,0.1887650169281,-0.0746865973384,0.0997556976687,0.1517675748986,-0.2405312613407,-0.2235640603749,-0.1393742329878,-0.1173347111795,0.0316832526480,0.0022947074351,-0.1353758897327,-0.1529210233545,-0.0879299095130,0.0136337801759,-0.2823740251153,-0.2438740383743,-0.1582976043869,-0.1067148512399,-0.1616244536061,-0.1613259413349,-0.0215172577082,-0.1686117351943,-0.0890348721938,-0.1443779856401,-0.0911882210541,0.2010439710243,0.1870725583857,0.3465739083866,-0.0878455708696,-0.2497359099197
0.2464309468692,0.5113895158692,0.0401212904280,0.3704590208319,0.0621913749626,0.1884165083424,-0.2262485583914,0.1312037123608,0.0207279786234,0.2144529852212,-0.1351919899215,0.2599147868009,-0.0438231567928,0.2135702016952,0.0438622898372,0.1337517348626,0.2598587643455,0.4171749318972,0.1521251071712,0.2594609103588,0.0111314732272,0.2487341008885,0.7303547519223,0.1096967462130,0.0891384728520,0.4423304971842,0.2945949274137,0.1175001795861,-0.1856383359007,0.6246150326732,0.3203611485278,0.1467654723223,-0.1178824473904,1.0000000000000,0.6838942693631,0.1261840528192,0.4408406832268,-0.1735460229734,0.4436868491926,-0.0718396729340,0.1750724765639,-0.2651655127083,-0.0041125520228,-0.1811112728355,0.1781348521282,-0.2307453016652,0.2150121876660,-0.1120145414095,0.1586006191185,-0.0435598611356,0.0056370525126,0.1852489914448,0.0900704777991,0.0527763259542,0.2452286252416,-0.0369507616739,0.2021833720428,0.6620601120704,0.0810333930999,0.0779511709824,0.3943109271137,0.0854889781920,-0.0138129428511,-0.2445963008685,0.5497542396229,0.0778435577322,-0.0289480982953,-0.0012287555749,0.8088127039006,0.5158120088043
0.2663969365849,0.6561721173948,0.1537789300888,0.5754471220364,-0.1001067202992,0.2623062882500,-0.2791074045807,0.0774092307782,0.0788184622478,0.0799104279856,-0.2107598587328,0.4159258188338,-0.2457177814535,0.2608514561803,0.0386957930420,0.2347728023296,0.3009549793088,0.4880054168145,0.1726095871805,0.3357197694916,-0.0697618770296,0.1754909782180,0.6877329816179,0.1775604771708,-0.1737810534902,0.6562779720431,0.3946514079963,0.2272126541949,-0.2262895195626,0.4353311546817,0.3815378171498,0.1451698844793,-0.1367572954758,0.6838942693631,1.0000000000000,0.1323193449800,0.6638759584373,-0.0325610675898,0.6129538393220,-0.2887821667883,0.2172947140872,-0.3942321928804,-0.0304815688157,-0.1630109020586,0.0453953374376,-0.3130601671281,0.3091690160337,-0.3227319830278,0.1304676248151,-0.1181581163190,0.0744856852198,0.2250712004868,0.3748318113482,-0.0226427414490,0.2901351210800,-0.2275618567715,0.0676726299190,0.6412373866084,0.1367840841670,-0.2323924299121,0.6026715984948,0.1553544659933,0.1372953554384,-0.3076325994703,0.3921392788233,0.2612045784786,-0.0996286539194,-0.2050049426175,0.5792630477887,0.7825738765635
