1.0000000000000,0.1648937634779,-0.1898518365120,-0.0740815500913,0.1003196649884,0.0461863477098,0.1109283803236,-0.2558201111229,-0.1756923063578,-0.2242235636201,-0.0291513816695,-0.0093414301436,0.1046021061162,-0.2913351943841,0.3355885909509,-0.1149413722667,0.3047582191754,-0.0671428470245,-0.1198477088656,0.1116238983747,0.2046158294770,0.2747646267261,0.3012432953927,0.2421395122719,-0.1392884042324,0.0398363828014,-0.0449678439504,-0.2195191426788,-0.1181432806739,0.6397039059528,0.2335140427293,-0.3094181511411,-0.0375696432839,0.5638609822271,0.3222740358861,0.6748791151159,0.2269771604977,-0.1686490476628,0.0997637578423,0.1012581349950,-0.1345415006485,-0.0524259690623,-0.1765305379531,-0.2169292837270,-0.2077649172779,0.0386043925015,-0.0345465551373,0.1283972970773,-0.2521777728424,0.1542565562808,-0.1061196642859,0.2348307425441,0.2618535930524,-0.1058691834339,0.1929687472801,0.1058855841430,0.2686966513839,0.3272227526928,0.2942927805495,0.0043359410576,-0.0037485572120,-0.0405377635679,-0.2413802911772,-0.0555794632058,0.5728486196630,0.2529823702509,-0.2584938394703,-0.0377460210311,0.4734246132191,0.3469858640219
0.1648937634779,1.0000000000000,-0.2674687386568,0.5414631588519,0.0464477944613,-0.2135620922729,-0.3145482895064,-0.1820777379962,-0.0265744975226,-0.3443892712313,0.0631440932171,0.1408892713331,-0.1056729248291,0.0075316861398,0.1300929605401,-0.1332930000054,-0.0654116596410,0.0098609443606,0.1800569687900,0.1884464927149,0.0591341971792,0.0804101538580,0.4453519281943,0.2089525197281,-0.0490548805854,0.2733494538362,0.2723509481429,0.1621673161281,0.1861291607987,0.1261404055836,0.2212959869417,0.1009911423037,-0.0619317963585,0.1049658652823,0.3829059585067,0.1421164110801,0.6855646732706,-0.3020743502255,0.2651726548443,-0.0369716294252,-0.1522030908341,-0.2429457846718,-0.3530390170365,-0.2046082123353,-0.4064017290937,0.0642824002237,-0.0746906087098,-0.1478857005902,-0.1414848737737,-0.1437359903853,-0.2516812752180,-0.0269855238027,0.1896067058651,-0.0734678549498,-0.0996670137808,-0.0154802281486,0.0787109297204,0.3557053594927,0.0986617418851,-0.1634068461689,0.3213673235391,0.0469862078357,0.0491480452070,0.1147828801750,0.0108235564791,0.0891389515822,-0.0016165866480,-0.0323958407798,0.1137030069948,0.3247516496867
-0.1898518365120,-0.2674687386568,1.0000000000000,-0.1972156179062,-0.1403886849197,-0.0319064291453,-0.1880386547020,0.4886935852284,-0.1899830478527,0.2899033957978,-0.4663140224888,-0.0452896005515,-0.2160752467771,-0.1923379933573,0.0514831417241,-0.1681118500011,0.0591712094019,0.4182491336566,-0.1785306332601,0.1991447979816,-0.0749377948182,-0.2056889430323,-0.2901975495989,0.1758073887417,0.1411452901660,0.1055865924292,0.0927023152826,0.5916535460118,-0.1325739244601,-0.3351076605833,-0.0187077317078,-0.1548996874967,-0.1876647286056,-0.3601377781174,-0.2855859752593,-0.2696500887311,-0.0945025386120,0.6582004851423,0.1034790401195,-0.1746437623381,-0.1038657054486,-0.2443339061266,0.4162323475144,-0.1880025365063,0.1969831236130,-0.3784509005074,0.0471736091229,-0.2230876021102,-0.1162878220503,-0.1300799090171,-0.1255725585971,0.1120447515900,0.1513584123912,0.0144884108136,-0.0319422718760,-0.1031917962928,-0.2121160838193,-0.1769926313161,-0.0947103983566,-0.0500347739053,-0.1969832147034,-0.0760502243164,0.3274865278669,-0.2233542458103,-0.3979672323678,-0.1141372153838,-0.1062539145840,-0.1231160615238,-0.3760109613611,-0.3288521248915
-0.0740815500913,0.5414631588519,-0.1972156179062,1.0000000000000,0.2312850379722,-0.3370604964588,-0.3216521978593,0.1002895353403,0.1363384832340,-0.0104587264056,0.2751397444306,0.1859227070564,0.0741155497127,0.1823808269842,-0.0232678146260,0.0772913155665,-0.2900682885821,0.0935031103916,0.2089702357305,-0.0284323309305,0.2402509290128,-0.0590973885074,0.2705574225236,-0.0342394264120,0.2005722731503,0.2123279511599,0.2370863764530,0.0993270850020,0.3905474001199,-0.0825706468977,-0.0177907849598,0.4071837085507,0.0413000999368,-0.0606059015819,0.1508804751705,-0.0571220194358,0.2575302356538,-0.1849199619586,0.4254323779036,0.0846732992880,-0.1778975434147,-0.2117761138536,-0.0574376340555,-0.0543023469740,0.0290305289457,0.1644977452697,0.1588249702205,-0.0277381445614,0.0037929575303,-0.0734879674829,-0.1385360947427,-0.2458033060687,0.0598888983540,-0.1300163245469,-0.1151334800857,0.1715987478635,-0.0481762431690,0.1704181569061,-0.1617831259620,0.0766664819225,0.4644847773265,0.2038823103092,0.2706042899638,0.3194485539786,-0.1625720216074,-0.2181178728778,0.3051145792013,0.0619806905938,0.0021880120768,0.1991922769417
0.1003196649884,0.0464477944613,-0.1403886849197,0.2312850379722,1.0000000000000,-0.1104765070364,0.1936035972556,0.0652201395158,-0.1354230370170,0.1591707614160,0.4410984158683,-0.0317676275903,0.6758880520161,-0.0341944327054,-0.0881270079977,0.1103269656174,-0.0695991494646,-0.2121499489928,-0.1196891251080,-0.3053334148476,0.7296321746449,0.0366746312300,0.1807455411229,-0.0452370553937,0.4478081364094,-0.0222023897687,-0.0749840672278,-0.2541716169733,0.3358209114657,0.0059257291626,-0.0129820629354,0.0036330337765,0.0253451216180,-0.0494742773173,0.0012947686625,0.0679069146558,0.0624334979153,-0.1435037473214,0.1358117343442,0.8781509588440,-0.0993071175214,0.1114198081351,0.0438000829038,-0.0931129692124,0.2021178981323,0.5303346588138,-0.0843914604881,0.6448291100060,-0.0607806077867,-0.0570273592787,0.1302256912826,-0.0544763710403,-0.0376586435296,-0.2670181647556,-0.2063654680736,0.7015311665908,0.0506365055722,0.2134193895037,0.0261271122854,0.5802541752185,0.0744050019282,0.0077373137863,-0.1473250696324,0.3786516398312,0.0155428844343,0.0252349695280,-0.0401914516838,0.0843607070656,-0.0503770108030,-0.0266260826186
0.0461863477098,-0.2135620922729,-0.0319064291453,-0.3370604964588,-0.1104765070364,1.0000000000000,0.5211668784864,-0.0849206556411,0.2911624668411,0.0324626915042,-0.1999240344084,0.1704717934264,-0.1348860769309,-0.0075836984007,0.0145841319770,0.2260460069221,-0.0230579164692,-0.0553062123929,-0.0997290446606,0.0662536008759,-0.1984930129598,-0.1600639003728,-0.1010723732557,-0.1885992040993,-0.1517867268534,0.1098297531779,0.1036800310557,-0.2219086892122,-0.4373707389239,0.1417540990469,-0.0131773777524,-0.3829241022044,0.3876538793746,0.1179870566117,0.1256766375380,-0.0089361106728,0.0731599639135,0.0628491380966,0.0985697147296,-0.1014139865226,0.6191553116964,0.4583649735231,0.0970026175365,0.3203124339095,-0.0231407293694,-0.2442100415781,0.0758393476558,-0.1207703801945,0.0892420128736,-0.0379940094639,0.3548573004197,-0.0640430678873,0.0386421159055,0.1608180054043,0.1596504052846,-0.2046401641871,-0.1842205739572,-0.0175220882262,-0.0547200932616,-0.0721389218068,-0.1895537593692,0.0523537596661,-0.3818011787212,-0.3519572718436,0.1655596636790,0.3156094160260,-0.2082958909452,0.2296643793139,0.1369261328178,0.0761503134556
0.1109283803236,-0.3145482895064,-0.1880386547020,-0.3216521978593,0.1936035972556,0.5211668784864,1.0000000000000,-0.1060459637638,0.2598093319569,0.0666860182806,0.3439155772753,-0.0853457229011,0.4350580364749,0.0240692960187,-0.0537878842430,0.1912217701180,-0.1345827970159,-0.1773787866075,-0.2128103405817,-0.1279783263498,0.1968297269395,-0.1698046947203,-0.1644483334176,-0.3366904508542,0.0205097290041,-0.0054218781227,0.0067110228297,-0.4502156402792,-0.3744266357530,0.1595616649917,-0.0483148393197,-0.4192412006186,0.3261600216946,0.1305910728283,-0.0358697957008,0.0563744968814,-0.0334222967105,-0.1396601992669,0.0219871587609,0.2771400738267,0.2422613258070,0.7415778449933,-0.0552356704384,0.3362393458897,0.0874892422306,0.2750619991222,-0.0177574023619,0.4657553385265,0.1563885134421,-0.0148234587705,0.3348825258374,-0.2483199044135,-0.0716861805585,0.0729552090941,0.0901911145222,0.2594718095663,-0.2426131323582,-0.1581052924275,-0.1911856757486,0.2306539784613,-0.2744443315944,-0.0077054185433,-0.5638294169841,-0.2372235059491,0.2552470759616,0.1594798620719,-0.2856708813521,0.2488414291949,0.1126048910530,-0.0214163605860
-0.2558201111229,-0.1820777379962,0.4886935852284,0.1002895353403,0.0652201395158,-0.0849206556411,-0.1060459637638,1.0000000000000,-0.2024685084782,0.6058448036499,-0.1740797208829,-0.0322574851155,-0.0929202756015,0.0589033339954,0.0088950839756,0.0840542849961,-0.1372082599278,0.3969538444727,-0.0808727618273,-0.0651969923477,0.1103723847751,-0.2461716317070,-0.1256190360178,-0.1762330337773,0.4856981220575,0.0715893603388,-0.0017608256929,0.2934612510789,0.0591026084747,-0.3337394438605,-0.0098412554308,0.1369091836743,-0.1329274410635,-0.2729782581053,-0.2147169659382,-0.2954844871023,-0.0937388204495,0.3187130664105,0.1564462607219,0.0349396421452,-0.2524547216599,-0.3660828331524,0.7037384422797,-0.2940837036661,0.5080155373455,-0.2158109576377,0.1190770257958,-0.0969179038482,0.1232678887110,0.0875180240762,-0.0744342497913,-0.1053698970334,0.0565877078083,-0.0120413388498,0.1168025895994,0.0578989204158,-0.2935640055188,-0.0738932834339,-0.3016289024007,0.3696474953780,0.1573252713597,0.1202278066957,0.3397188510547,0.1018745593011,-0.3492129813409,-0.1854834559466,0.1265867196761,-0.1369501749183,-0.3234428954849,-0.2064325432458
-0.1756923063578,-0.0265744975226,-0.1899830478527,0.1363384832340,-0.1354230370170,0.2911624668411,0.2598093319569,-0.2024685084782,1.0000000000000,-0.1120277111576,0.2298384867403,0.4245189155187,-0.1280001376392,0.2966010640910,-0.0143449957202,0.4445054399704,-0.3456516309522,0.0268450283372,0.5147197126795,0.1546857250374,-0.1888751021736,-0.2049381497936,-0.1682257702764,-0.2765264986354,-0.2607612583241,-0.0182261823018,0.2665983066084,-0.0653281706684,-0.0028066485132,-0.1334419763601,-0.2033073173494,0.1850398730062,0.2793065040337,-0.0378969722962,-0.0690826450457,-0.2321488666575,-0.1581356081553,-0.0261860890610,-0.1170418807704,-0.1595803392121,0.3253370439434,0.4646651253833,-0.1597070838683,0.6668715593038,-0.1107753149210,0.0005477851933,0.3267724377576,-0.1483600016939,0.1615189514719,-0.0771764841147,0.3156442365619,-0.3893614060109,-0.2229286989571,0.3450226486590,0.0913664685976,-0.1504989612542,-0.2289863753288,-0.3182167857497,-0.2714209767206,-0.2500531989287,-0.0097350691894,0.1702326673511,-0.0698735498788,-0.0583791599987,-0.2033032922273,-0.1524841750443,0.1820981423553,0.0645305240666,-0.1189849266000,-0.0952602015429
-0.2242235636201,-0.3443892712313,0.2899033957978,-0.0104587264056,0.1591707614160,0.0324626915042,0.0666860182806,0.6058448036499,-0.1120277111576,1.0000000000000,-0.1815060338397,-0.0194779049364,0.0099928045667,0.3832588611667,0.0009683684508,0.3236566846699,-0.1460022777384,0.0436291165593,-0.1677013654634,-0.2772654966795,0.1347098816114,-0.2150693995405,-0.1093348430672,-0.3765578625270,0.4109226754416,0.2365610228141,-0.2788205172432,0.1060946136046,-0.1723450307902,-0.2799836465109,-0.2943072506224,0.1941302227641,0.0427087331727,-0.2546228329748,-0.2803154241744,-0.1514181488356,-0.2326935888329,0.2277495459456,0.2634259670172,0.1571068691123,0.0153975360170,-0.1107180938106,0.5221236962795,-0.0718600814680,0.8602224996715,-0.1400328012033,0.1722896814237,0.0433607100442,0.4601137700425,0.3228011821871,0.2293006403951,-0.1100536781823,-0.1109591054588,-0.0168461628859,0.0374984621117,0.1616329738619,-0.2017203517551,-0.0333266051610,-0.3397359315973,0.4730146931142,0.2758774567000,-0.1158500294367,0.1979774753257,-0.1345909917982,-0.2037756127842,-0.2509184363306,0.1910387855500,0.0545873123248,-0.2001526475788,-0.1777515025270
-0.0291513816695,0.0631440932171,-0.4663140224888,0.2751397444306,0.4410984158683,-0.1999240344084,0.3439155772753,-0.1740797208829,0.2298384867403,-0.1815060338397,1.0000000000000,-0.0753875153133,0.6359387610125,0.1259909230441,-0.1379196966310,0.1041277707701,-0.2017612669158,-0.2107224855586,0.1187443204214,-0.1225613719784,0.4720051015999,0.0711424301245,0.0072200404699,-0.1176106689874,0.0249244137977,-0.1883765579170,0.0967977824899,-0.2835374727737,0.3426853333718,-0.0174607483378,-0.0228298121080,0.2146871213105,0.0596561902072,0.0408079392722,-0.0343204644107,0.0274443639686,-0.1280076919403,-0.4073384240024,-0.1585209678786,0.5098717843942,-0.0926102968393,0.3873354472051,-0.3469346399189,0.1925828873928,-0.1156845003916,0.8554046369403,-0.1237665854222,0.5795242120705,0.0615594336501,-0.0140119233540,0.0830970755598,-0.2354199912550,-0.2313669941161,-0.1213913035422,-0.1668281394173,0.5222665637565,0.0240126207808,-0.1323060581306,-0.0782067924668,0.1388567306912,-0.0003979155342,0.0899007655114,-0.1391576688887,0.3424473773553,0.0430194589230,-0.1512020906731,0.1321769653341,-0.0144463648671,0.0227443664802,-0.0298054061344
-0.0093414301436,0.1408892713331,-0.0452896005515,0.1859227070564,-0.0317676275903,0.1704717934264,-0.0853457229011,-0.0322574851155,0.4245189155187,-0.0194779049364,-0.0753875153133,1.0000000000000,-0.2485281077948,0.2094092232958,0.2607311964139,0.1997183725623,-0.3114295487609,0.1075340697888,0.6698460868131,0.2685222351084,-0.0492621276986,-0.2053275635557,-0.0708769840048,-0.2448163705880,-0.2995137921569,0.1166773296348,0.2888374287136,0.1414212996069,-0.0313196251565,0.0365354714724,-0.2517215192446,0.1763199496525,0.1352667698393,-0.2270380882446,0.0391700263096,-0.1095089853595,-0.0617776451456,-0.0087683554748,0.0377327359215,-0.0427582890757,0.1325229160049,0.0079406362497,-0.0072177212340,0.0543830704432,-0.0878388373451,-0.0803002233015,0.6878747967084,-0.2370165861525,0.1386759531791,0.0084887144264,0.1546550675227,-0.2885366301724,-0.0630815827420,0.4594552323342,0.0958501421267,-0.0532679524590,-0.2321477066861,-0.1903807651818,-0.3322361757057,-0.2562001815635,0.1845667083031,0.2188930284902,0.1009567174092,-0.1237187224449,-0.3016373872291,-0.1621485084259,-0.0231641293270,0.0234824580514,-0.2802512126373,-0.0393097409066
0.1046021061162,-0.1056729248291,-0.2160752467771,0.0741155497127,0.6758880520161,-0.1348860769309,0.4350580364749,-0.0929202756015,-0.1280001376392,0.0099928045667,0.6359387610125,-0.2485281077948,1.0000000000000,-0.0712072549835,-0.0484816634855,-0.0091916610058,-0.0927494690592,-0.1013226770943,-0.2269992238987,-0.1819399213723,0.7471050084313,0.0064263784401,-0.0293107755870,-0.0603090824462,0.2854573520272,-0.1036828672719,-0.0191542419718,-0.3049791102400,0.1966948295328,0.0885314383706,-0.0634559964126,-0.1163359797283,0.0838237227116,0.0867777473533,-0.0460298008513,0.0719295535679,-0.0669377782642,-0.2730737381084,-0.0047181783296,0.6546670543393,-0.1661427434503,0.3370661549055,-0.1223317874944,-0.0265080199816,0.0717066225241,0.6608825783218,-0.2199799463191,0.9254413453801,-0.0923927941001,-0.0893955851509,0.0237556043553,-0.1360520945321,-0.0713171121734,-0.2255479585484,-0.1105801542656,0.7548196778555,-0.0168835724439,-0.0444666667178,-0.0212539274455,0.3497088567411,-0.0763660125710,-0.0315617344199,-0.3045126927981,0.2355895468932,0.1493911410639,-0.0888880407752,-0.1367805637980,0.1992772092731,0.0856767614431,-0.0753129515508
-0.2913351943841,0.0075316861398,-0.1923379933573,0.1823808269842,-0.0341944327054,-0.0075836984007,0.0240692960187,0.0589033339954,0.2966010640910,0.3832588611667,0.1259909230441,0.2094092232958,-0.0712072549835,1.0000000000000,-0.0059803451145,0.3794611487596,-0.1544258190680,-0.1656398354013,0.2941136009832,-0.1020057079444,-0.0879772164791,-0.0776680361399,-0.0205306871538,-0.2984509586038,0.0239343235022,0.3243996689182,-0.0571202052293,0.1081902980075,0.0385920675055,-0.3037422961919,-0.3408737410107,0.5329498223559,0.1119705008648,-0.1712741187989,-0.2260370876221,-0.1960327465342,-0.2107268392787,-0.0625365976805,0.0421162415989,-0.0454889001032,0.2309678342523,0.1293743969583,-0.0796558776793,0.2940927578008,0.2958999259882,-0.0359215121960,0.3148911928045,-0.0871657084241,0.8461485899325,0.3791209139339,0.2753710548049,-0.1746725301983,-0.3490693004740,0.3860693046980,-0.0467189071899,-0.0785930106673,-0.1031380089833,-0.1318762971389,-0.2628454478835,0.1173231121425,0.4831697483429,0.0053295524445,0.2430630918017,-0.0019646773487,-0.2240635725021,-0.3844888502618,0.4653559925818,-0.0087508723944,-0.1543493106234,-0.1016769119925
0.3355885909509,0.1300929605401,0.0514831417241,-0.0232678146260,-0.0881270079977,0.0145841319770,-0.0537878842430,0.0088950839756,-0.0143449957202,0.0009683684508,-0.1379196966310,0.2607311964139,-0.0484816634855,-0.0059803451145,1.0000000000000,-0.0971435318118,-0.0315790434058,0.0979394020034,0.2798102822254,0.4537616597518,0.0072822346064,-0.0820456657680,-0.0022144432206,0.0325246153488,-0.1628764740454,0.1231660693750,0.1556366795131,0.2897126241901,-0.2516821009120,0.3081758442040,-0.1824183144922,-0.1183850887820,0.1500838683757,0.0266694402168,-0.0099705897726,0.2109917749051,0.0262979905925,-0.0352344690893,0.0278207401867,-0.0543986502963,-0.2350110665530,-0.1211037968702,-0.0235322526009,-0.2242334650287,-0.1388532964790,-0.1082603228157,0.0357677645235,0.0199273309717,-0.0584023716053,0.3038471804319,-0.1459166574223,-0.0363809416367,-0.1060053107508,0.2687299071860,-0.0298372422224,0.0050921538224,-0.0923044093186,-0.0076616269009,-0.1256771741084,-0.1502438711715,0.0635067361382,-0.1291233176930,0.0560793813461,-0.2737687592923,0.0182386582289,-0.1360600520675,-0.2065460085881,0.0948777208230,-0.0817591695550,-0.2001288821726
-0.1149413722667,-0.1332930000054,-0.1681118500011,0.0772913155665,0.1103269656174,0.2260460069221,0.1912217701180,0.0840542849961,0.4445054399704,0.3236566846699,0.1041277707701,0.1997183725623,-0.0091916610058,0.3794611487596,-0.0971435318118,1.0000000000000,-0.1227739440698,-0.0673494995070,0.2463891772203,-0.0643283431055,-0.0380256228732,-0.0523654138251,-0.0204509981832,-0.2486741497681,0.1042296560535,0.0949439186350,-0.0954511828315,-0.1232353368317,0.0508764725054,-0.1222741640969,-0.2222338424754,0.2219281837338,0.0287937949889,0.0453358876741,-0.0198802073820,-0.0832245701873,-0.2067750812681,0.0812269426720,0.0418554457966,0.0956682716742,0.4060802550611,0.3495436097531,0.2248387917824,0.4503945508297,0.4301391049620,0.0132033749572,0.2734982427354,0.0003753291692,0.2497428772552,0.2428415370887,0.7373756480678,-0.1284173632979,-0.1277293697398,0.2141414771137,0.1616938477093,-0.0663479002896,-0.0163735838250,-0.0298525097020,-0.1219497761390,0.2431089789227,0.2710384067909,0.1023781188662,0.1566453758163,0.0920002437024,-0.1099650870820,-0.1155544048610,0.2844704189778,0.0242411306532,0.0428909490475,0.0476174998708
0.3047582191754,-0.0654116596410,0.0591712094019,-0.2900682885821,-0.0695991494646,-0.0230579164692,-0.1345827970159,-0.1372082599278,-0.3456516309522,-0.1460022777384,-0.2017612669158,-0.3114295487609,-0.0927494690592,-0.1544258190680,-0.0315790434058,-0.1227739440698,1.0000000000000,-0.2224262119478,-0.3112946448128,-0.1337050451321,-0.1103963875597,0.5649421440487,0.4467959865847,0.5947981161558,0.0635328787029,0.0109516961606,-0.2039516658477,-0.0414855080842,0.1671264034282,0.1954595432610,0.4114296194075,-0.1878301960274,-0.2613682970332,0.2855873762263,0.1812673690121,0.4043780472129,-0.0213184839778,0.0404367892904,-0.0789694738144,-0.0157581384836,0.0108737614675,-0.1751970549894,-0.0813437449882,-0.2398220358660,-0.1143253574403,-0.1158574464140,-0.3136139462854,-0.0558488419459,-0.1653701248692,0.0089555274374,-0.0620366007551,0.8838928373009,0.0229388547190,-0.2313891034182,-0.0904769120729,-0.1721420104255,0.5236692812650,0.4478251883432,0.6387918037378,0.0858926198926,-0.0818339921411,-0.1905811646196,-0.0021898246460,0.1908104723519,0.2984937203997,0.3674672674368,-0.1240797625998,-0.1919780874431,0.2602640377809,0.1918468704348
-0.0671428470245,0.0098609443606,0.4182491336566,0.0935031103916,-0.2121499489928,-0.0553062123929,-0.1773787866075,0.3969538444727,0.0268450283372,0.0436291165593,-0.2107224855586,0.1075340697888,-0.1013226770943,-0.1656398354013,0.0979394020034,-0.0673494995070,-0.2224262119478,1.0000000000000,0.1751361195298,0.5824279490946,-0.0261304694660,-0.2649961024755,-0.1983385362328,0.1068016882952,-0.0548541091740,0.0022773808854,0.4573840494503,0.3762911044789,-0.0541671045574,-0.1231967367794,-0.0084067388434,0.0012748396975,-0.1539004342067,-0.0042806569480,0.0374382267058,-0.2306907212714,-0.0042611028696,0.1539865688330,0.0289834485788,-0.2762717936371,-0.1762828765112,-0.2438850734638,0.2207883380769,-0.1717182460387,-0.0301389113838,-0.3013672165181,0.1006725709979,-0.1758238630422,-0.1983700391145,-0.1904620292893,-0.2167096283344,-0.2134990517126,0.4644767916515,0.1568369420090,0.4942368118999,-0.0665935766038,-0.3221616517843,-0.2375384804971,-0.1664229657723,-0.2691263814178,-0.0135303143977,0.2421607211468,0.1729466811673,-0.1787838723196,-0.2217608221595,-0.1512705476020,-0.0788273842819,-0.0676821407887,-0.1083645714597,-0.0837206921814
-0.1198477088656,0.1800569687900,-0.1785306332601,0.2089702357305,-0.1196891251080,-0.0997290446606,-0.2128103405817,-0.0808727618273,0.5147197126795,-0.1677013654634,0.1187443204214,0.6698460868131,-0.2269992238987,0.2941136009832,0.2798102822254,0.2463891772203,-0.3112946448128,0.1751361195298,1.0000000000000,0.4572061407194,-0.1495643965695,-0.1746632001807,-0.1418528217352,-0.1855092220133,-0.3998976778450,-0.2150843226494,0.2329552805178,0.2334339211945,0.0832783247731,-0.1136105312898,-0.3566224237639,0.4126272153875,0.0617351969369,-0.2168296391669,-0.1913916065832,-0.1389155112136,-0.2271708966636,-0.0576146189771,-0.3118499840620,-0.0992533235595,0.0702459961689,-0.0410733505704,-0.1658614610760,0.1815901958263,-0.2314565619653,0.0229667682097,0.4715648734818,-0.2406860254841,0.1357274587207,0.2087455657608,0.1194725484169,-0.3081092379563,-0.1345658133801,0.6705267611828,0.1829889810262,-0.0804355115221,-0.1697761940606,-0.3132860942397,-0.2960815594780,-0.3021760465241,0.1408927908891,0.2148582226240,0.2987017569467,-0.0071270439868,-0.3408242168767,-0.4267013862222,0.1970619949623,-0.1331402267586,-0.3128858513186,-0.2192338603982
0.1116238983747,0.1884464927149,0.1991447979816,-0.0284323309305,-0.3053334148476,0.0662536008759,-0.1279783263498,-0.0651969923477,0.1546857250374,-0.2772654966795,-0.1225613719784,0.2685222351084,-0.1819399213723,-0.1020057079444,0.4537616597518,-0.0643283431055,-0.1337050451321,0.5824279490946,0.4572061407194,1.0000000000000,-0.1805227424012,-0.2037389657144,-0.1363750201668,0.1494287769014,-0.3844584490136,0.0276696871339,0.4442370731289,0.4076765988747,-0.1707866776175,0.0759757279601,-0.1105834911830,-0.0195792138515,-0.1179457077740,0.0058287088098,0.0539313398295,-0.0821799763466,-0.0180864170086,0.0208000764570,-0.1067536758139,-0.3041714870810,-0.0055321909353,-0.0302058434471,-0.1646046839893,-0.0439583035149,-0.3931353573131,-0.1479014124217,0.0641843348752,-0.1828432875162,-0.1799790289789,-0.0553348787040,-0.1023587460424,-0.1102579604465,0.1831930403838,0.4352380513466,0.3609653687300,-0.1795907069214,-0.2291971223829,-0.2379372690295,-0.1083390640379,-0.4935980632419,-0.0823821941872,0.0608186375495,0.0832131199119,-0.3118242133516,-0.1506654397358,-0.1729829589226,-0.1120516085298,-0.0940689153597,-0.1782819621837,-0.1699910894957
0.2046158294770,0.0591341971792,-0.0749377948182,0.2402509290128,0.7296321746449,-0.1984930129598,0.1968297269395,0.1103723847751,-0.1888751021736,0.1347098816114,0.4720051015999,-0.0492621276986,0.7471050084313,-0.0879772164791,0.0072822346064,-0.0380256228732,-0.1103963875597,-0.0261304694660,-0.1495643965695,-0.1805227424012,1.0000000000000,-0.0018593870713,0.0179209743141,-0.0145585209426,0.2369324516476,0.0077827512494,-0.0538579359714,-0.1782852320389,0.2201255560258,0.0472237669980,-0.0145133059865,-0.0967104172101,0.0409597683500,-0.0158261246758,-0.0200887040661,0.2009866608635,0.0995447698209,-0.1791578217940,0.1275050958602,0.6367002278868,-0.3051532338048,0.0528636396535,-0.0256249396449,-0.2097504861957,0.1257098573023,0.4839678612825,0.0050278952378,0.6715454110679,-0.1199598825883,-0.0402687198304,-0.1126438472465,-0.0954410907674,0.1001201772000,-0.2195338989387,-0.0340896974190,0.8711441600581,-0.0385923264288,0.0296064370311,-0.0162600415369,0.3291907838169,0.0793788007181,0.0050798980623,-0.1409822138628,0.2357144396631,0.0506896467977,-0.0969187368109,-0.1154130629131,0.0785214398553,0.0035259776830,0.0327595995860
0.2747646267261,0.0804101538580,-0.2056889430323,-0.0590973885074,0.0366746312300,-0.1600639003728,-0.1698046947203,-0.2461716317070,-0.2049381497936,-0.2150693995405,0.0711424301245,-0.2053275635557,0.0064263784401,-0.0776680361399,-0.0820456657680,-0.0523654138251,0.5649421440487,-0.2649961024755,-0.1746632001807,-0.2037389657144,-0.0018593870713,1.0000000000000,0.4174042725580,0.7253710751097,0.0645894273135,-0.1247767522551,-0.2266282180112,-0.1884344758011,0.4625587485102,0.3808917336941,0.5808531167629,0.1080167637513,-0.2406589925476,0.4485998404910,0.3226795972805,0.3910460739270,0.0238258973773,-0.2149378964739,-0.1760130359916,0.0852276777726,-0.0353204661547,-0.1467859141797,-0.2527830745516,-0.1867451243308,-0.1557595126284,0.0627543807464,-0.3448288740645,0.0382194727170,-0.1207468803327,-0.0844293043112,-0.1277460386645,0.4704977591446,-0.0146042765454,-0.3562865996750,-0.1625760718521,-0.0425235816993,0.7981757968296,0.3299437069547,0.6908900486419,0.0440516192108,-0.0400874220619,-0.1994643890303,-0.0635688165090,0.4182292221596,0.4320844745738,0.3222831777912,0.0604313093255,-0.1908906780176,0.4080670731925,0.2885665854936
0.3012432953927,0.4453519281943,-0.2901975495989,0.2705574225236,0.1807455411229,-0.1010723732557,-0.1644483334176,-0.1256190360178,-0.1682257702764,-0.1093348430672,0.0072200404699,-0.0708769840048,-0.0293107755870,-0.0205306871538,-0.0022144432206,-0.0204509981832,0.4467959865847,-0.1983385362328,-0.1418528217352,-0.1363750201668,0.0179209743141,0.4174042725580,1.0000000000000,0.3372279730047,0.2149092314903,0.1898066245321,-0.0197978267142,-0.1828865671461,0.3191338568680,0.2852565325856,0.5189078580080,0.0717484839193,-0.1722269551189,0.3608036658442,0.5554026028799,0.2860131063609,0.3854589241746,-0.2967180447151,0.2947265475061,0.1387963382390,-0.0519987793471,-0.2349354019302,-0.1473894342182,-0.2744734813620,-0.0702741681296,0.0891278654151,-0.2215934334505,0.0111461649858,-0.0885761231042,-0.1077520731114,-0.1300403833312,0.3984335236518,0.0712554775745,-0.3150102853235,-0.0958132033342,-0.0530817301876,0.3634939833906,0.8305602867003,0.4078826105814,0.1683529927669,0.2470921286322,-0.0744951916258,-0.1096495102570,0.3054678751603,0.2869967614637,0.4786064523140,-0.0317429408692,-0.0352783548205,0.2572040870480,0.4701754192530
0.2421395122719,0.2089525197281,0.1758073887417,-0.0342394264120,-0.0452370553937,-0.1885992040993,-0.3366904508542,-0.1762330337773,-0.2765264986354,-0.3765578625270,-0.1176106689874,-0.2448163705880,-0.0603090824462,-0.2984509586038,0.0325246153488,-0.2486741497681,0.5947981161558,0.1068016882952,-0.1855092220133,0.1494287769014,-0.0145585209426,0.7253710751097,0.3372279730047,1.0000000000000,0.0293618379627,-0.0647348215609,0.0013155711142,0.2241210783287,0.4360888591653,0.2073420030555,0.6272825225979,-0.0772697716035,-0.3239305126117,0.2975222300460,0.2791660453369,0.2951610958564,0.1380965831830,-0.0312714760046,-0.0776475429933,-0.0618824732381,-0.1252211417414,-0.2636003884887,-0.2782844651111,-0.2815564904934,-0.3604342016190,-0.0797121596314,-0.4314658432476,-0.0698097865281,-0.3684971325489,-0.3105590140142,-0.2818044638088,0.5654580099992,0.1882038699789,-0.3373763556870,-0.1291607272904,-0.1028864696778,0.5874079192795,0.2925153588626,0.7484562252195,-0.1684375075033,-0.1331296214745,-0.2518118534281,0.0735236736174,0.3044526845622,0.1853814699463,0.3346090888945,-0.0945528978528,-0.1922127531803,0.2447563518260,0.1473848159439
-0.1392884042324,-0.0490548805854,0.1411452901660,0.2005722731503,0.4478081364094,-0.1517867268534,0.0205097290041,0.4856981220575,-0.2607612583241,0.4109226754416,0.0249244137977,-0.2995137921569,0.2854573520272,0.0239343235022,-0.1628764740454,0.1042296560535,0.0635328787029,-0.0548541091740,-0.3998976778450,-0.3844584490136,0.2369324516476,0.0645894273135,0.2149092314903,0.0293618379627,1.0000000000000,0.0609976237927,-0.0708178492799,-0.1127635928738,0.4110637866983,-0.1696895138322,0.1531218988198,0.0787548922111,-0.1623799289848,-0.0412137012350,-0.0522686169642,-0.1699102054123,0.0975589087069,0.0502151857825,0.3060203639156,0.3446020666214,-0.1668399069477,-0.1339578415276,0.4893958376758,-0.1605225166190,0.5152041564612,0.0444820457358,-0.2178302291888,0.2773538884018,0.0104731518022,-0.1241406787639,0.0176637543073,0.0709417651477,-0.0311929804168,-0.3660996209739,-0.1504700759639,0.2034136159908,0.0473044947230,0.2693100441442,0.0393128795499,0.7946973338352,0.0870495035430,0.0236761439067,-0.0119894662734,0.4737309635759,-0.1004176761135,0.1315257300364,0.1067097339079,0.0055194005497,-0.0572558786992,-0.1139203506052
0.0398363828014,0.2733494538362,0.1055865924292,0.2123279511599,-0.0222023897687,0.1098297531779,-0.0054218781227,0.0715893603388,-0.0182261823018,0.2365610228141,-0.1883765579170,0.1166773296348,-0.1036828672719,0.3243996689182,0.1231660693750,0.0949439186350,0.0109516961606,0.0022773808854,-0.2150843226494,0.0276696871339,0.0077827512494,-0.1247767522551,0.1898066245321,-0.0647348215609,0.0609976237927,1.0000000000000,0.1992910240193,0.2146938736901,-0.2129996706822,-0.0886971482283,-0.0312370839683,-0.1120202610616,0.0818549726209,0.0536326715309,0.2467781432084,0.0029672335575,0.3678894936513,0.0501818824891,0.5877953868338,-0.1186933169236,0.0587727246835,-0.0397353773513,0.0176661565736,-0.0568747872468,0.1227687983290,-0.2075178297910,0.1314777275166,-0.1443335244199,0.2401385699672,0.0432675943932,-0.0231323613247,0.0216492553614,-0.0445024329732,-0.0617738896242,-0.0369035974319,-0.1054210689502,-0.1629809054165,0.2389901414356,-0.1176739125735,-0.0116347078544,0.6418799604348,-0.0354582131260,0.0007572120337,-0.2674946261819,-0.0387045182945,0.0521658005875,-0.1305196599064,0.1049160810328,0.0865971527964,0.2276374760249
-0.0449678439504,0.2723509481429,0.0927023152826,0.2370863764530,-0.0749840672278,0.1036800310557,0.0067110228297,-0.0017608256929,0.2665983066084,-0.2788205172432,0.0967977824899,0.2888374287136,-0.0191542419718,-0.0571202052293,0.1556366795131,-0.0954511828315,-0.2039516658477,0.4573840494503,0.2329552805178,0.4442370731289,-0.0538579359714,-0.2266282180112,-0.0197978267142,0.0013155711142,-0.0708178492799,0.1992910240193,1.0000000000000,0.2428962738008,-0.0220733660547,-0.0580796042893,-0.0390234415002,-0.0640086852378,0.0856599853238,0.0184731309543,0.1136608700460,-0.1977227050383,0.1812477159393,-0.0217326817772,0.0940363630958,-0.1311494509463,-0.1043781685970,-0.0028610459087,-0.0917619389440,-0.0354040821620,-0.3573865624460,-0.0643625634501,0.0467249819838,-0.1007243297773,-0.1901058706144,-0.2519957572923,-0.1973149437876,-0.2447630944667,0.1341221487593,0.1747978425997,0.2189447172471,-0.0984044867593,-0.2861193805212,-0.1272396487421,-0.1448424036575,-0.2574224577180,0.0579462010136,0.5799203714491,0.0036335903923,-0.1111461001606,-0.1835514545920,-0.0148289065097,-0.2357613332548,0.0094662058784,-0.0517774572297,-0.1256247572511
-0.2195191426788,0.1621673161281,0.5916535460118,0.0993270850020,-0.2541716169733,-0.2219086892122,-0.4502156402792,0.2934612510789,-0.0653281706684,0.1060946136046,-0.2835374727737,0.1414212996069,-0.3049791102400,0.1081902980075,0.2897126241901,-0.1232353368317,-0.0414855080842,0.3762911044789,0.2334339211945,0.4076765988747,-0.1782852320389,-0.1884344758011,-0.1828865671461,0.2241210783287,-0.1127635928738,0.2146938736901,0.2428962738008,1.0000000000000,-0.0436387338560,-0.3996227787672,-0.2114097700822,0.1817759528634,-0.1110795917718,-0.3572268052974,-0.3160049139383,-0.2375910959940,-0.0513891756368,0.4355111969938,0.0138883498782,-0.2859953616280,-0.1391063652687,-0.3777499229843,0.0375376640232,-0.2062720999166,-0.0888562603177,-0.2762125393666,0.0474855392179,-0.3830672380041,0.0044760966539,0.0207263526134,-0.2215750501101,0.0200820578910,-0.0310880851164,0.1867183669272,-0.0941514107638,-0.2025842670416,-0.1559525540962,-0.1663510345221,-0.0906342899458,-0.2932951647387,0.1541542898967,-0.1038904038591,0.6993154862622,-0.1989476122199,-0.5285722819006,-0.4117503462632,0.0415811330561,-0.1081061456766,-0.3581065519349,-0.3914956589382
-0.1181432806739,0.1861291607987,-0.1325739244601,0.3905474001199,0.3358209114657,-0.4373707389239,-0.3744266357530,0.0591026084747,-0.0028066485132,-0.1723450307902,0.3426853333718,-0.0313196251565,0.1966948295328,0.0385920675055,-0.2516821009120,0.0508764725054,0.1671264034282,-0.0541671045574,0.0832783247731,-0.1707866776175,0.2201255560258,0.4625587485102,0.3191338568680,0.4360888591653,0.4110637866983,-0.2129996706822,-0.0220733660547,-0.0436387338560,1.0000000000000,-0.0846856050836,0.3941083951670,0.4407390079482,-0.3334997080541,0.0088708544233,0.1221708014434,-0.0707650212976,-0.0778609064307,-0.1747012344684,-0.0763737950967,0.2643267667243,-0.1624063052186,-0.2404884781719,-0.0709126861874,-0.1102864071627,-0.0506222547673,0.3213619400450,-0.1723701095371,0.1686202711013,-0.1273894373244,-0.3040817111925,-0.1062847097105,0.1982306556374,-0.1091612268586,-0.3209507432534,-0.2009246088649,0.1638489254416,0.3938821562135,0.1605253087276,0.3376646220574,0.2167755808123,0.0776387500513,0.0318978486804,0.1932593151695,0.8797846583232,-0.1113939949521,0.0870477148411,0.3235416672053,-0.2376184110416,-0.0419476802646,0.0349310743009
0.6397039059528,0.1261404055836,-0.3351076605833,-0.0825706468977,0.0059257291626,0.1417540990469,0.1595616649917,-0.3337394438605,-0.1334419763601,-0.2799836465109,-0.0174607483378,0.0365354714724,0.0885314383706,-0.3037422961919,0.3081758442040,-0.1222741640969,0.1954595432610,-0.1231967367794,-0.1136105312898,0.0759757279601,0.0472237669980,0.3808917336941,0.2852565325856,0.2073420030555,-0.1696895138322,-0.0886971482283,-0.0580796042893,-0.3996227787672,-0.0846856050836,1.0000000000000,0.3767296415246,-0.2411023521109,-0.0262495952846,0.6397882690546,0.4820510441352,0.4421904529034,0.1940125750586,-0.3620386744712,0.0223228121528,0.1059280471168,-0.0067282683433,0.0603824495901,-0.2123418313396,-0.1655003536889,-0.2294688564713,0.0539850818245,-0.1231240786864,0.2054677291789,-0.2397590878290,0.0237502799953,-0.0361370931063,0.1429950279507,0.1698039482033,-0.1420723553759,0.0491146731784,0.0692678638061,0.3594187983035,0.2827790181896,0.2677587888300,-0.0527655545383,-0.1668637906101,-0.0295145679034,-0.3902431050098,0.0199752081817,0.7978908277353,0.3832774909280,-0.2188696460583,0.0700857724734,0.5131841891614,0.4230480428156
0.2335140427293,0.2212959869417,-0.0187077317078,-0.0177907849598,-0.0129820629354,-0.0131773777524,-0.0483148393197,-0.0098412554308,-0.2033073173494,-0.2943072506224,-0.0228298121080,-0.2517215192446,-0.0634559964126,-0.3408737410107,-0.1824183144922,-0.2222338424754,0.4114296194075,-0.0084067388434,-0.3566224237639,-0.1105834911830,-0.0145133059865,0.5808531167629,0.5189078580080,0.6272825225979,0.1531218988198,-0.0312370839683,-0.0390234415002,-0.2114097700822,0.3941083951670,0.3767296415246,1.0000000000000,-0.1262143644433,-0.3469407921685,0.4511587487511,0.5522839727576,0.2216209066356,0.3194242306209,-0.1984668840518,0.1095684614923,0.0149786151570,-0.1008364635956,-0.1656914371512,-0.1227803648948,-0.2526375584238,-0.2465738438881,0.0216982865221,-0.3635692403153,-0.0015940311606,-0.2996539212587,-0.3925417707350,-0.2332096104329,0.3900392803357,0.2064544825859,-0.4569972646699,-0.0747625371364,-0.1003580680758,0.4228177081564,0.4807555387571,0.5563346961399,-0.0137416525666,-0.1588959371408,-0.1241125366954,-0.2611385210007,0.3823159196748,0.4112929610872,0.7091490052077,-0.1289158605653,-0.1938504215426,0.3188744153789,0.4465036313779
-0.3094181511411,0.1009911423037,-0.1548996874967,0.4071837085507,0.0036330337765,-0.3829241022044,-0.4192412006186,0.1369091836743,0.1850398730062,0.1941302227641,0.2146871213105,0.1763199496525,-0.1163359797283,0.5329498223559,-0.1183850887820,0.2219281837338,-0.1878301960274,0.0012748396975,0.4126272153875,-0.0195792138515,-0.0967104172101,0.1080167637513,0.0717484839193,-0.0772697716035,0.0787548922111,-0.1120202610616,-0.0640086852378,0.1817759528634,0.4407390079482,-0.2411023521109,-0.1262143644433,1.0000000000000,-0.2088677381270,-0.1402991824338,-0.1298425187883,-0.2392818131639,-0.2982926621019,-0.0773687536496,-0.1364543210865,-0.0048873968128,-0.0194666532562,-0.2640383822851,-0.0309921643446,0.0122231902383,0.1889970078328,0.1479362827078,0.1434986419494,-0.1336153092394,0.4389664303471,0.1547343625327,0.0459165583715,-0.1638562287248,-0.2473392061141,0.0749465849133,-0.1043101264079,-0.0760718587690,0.0926286322924,-0.0588148760285,-0.1281254145757,0.0270093626845,0.3156038096452,-0.0296203361251,0.4632258334288,0.3450610735474,-0.2588832823236,-0.3888919723653,0.7722846805023,-0.1863095804625,-0.1933314997227,-0.0955523839490
-0.0375696432839,-0.0619317963585,-0.1876647286056,0.0413000999368,0.0253451216180,0.3876538793746,0.3261600216946,-0.1329274410635,0.2793065040337,0.0427087331727,0.0596561902072,0.1352667698393,0.0838237227116,0.1119705008648,0.1500838683757,0.0287937949889,-0.2613682970332,-0.1539004342067,0.0617351969369,-0.1179457077740,0.0409597683500,-0.2406589925476,-0.1722269551189,-0.3239305126117,-0.1623799289848,0.0818549726209,0.0856599853238,-0.1110795917718,-0.3334997080541,-0.0262495952846,-0.3469407921685,-0.2088677381270,1.0000000000000,-0.1804324861171,-0.2279619660728,0.0472614400095,0.0373901253005,-0.1764083003226,0.0489840747318,0.0007195020657,0.2041165233564,0.2787790906728,-0.0893605865622,0.1930992405743,0.0115877725777,-0.0705809692016,0.1041965994834,0.0128002595961,0.1051888754036,0.0863780212679,0.0818821556678,-0.3239138530939,-0.0746646334747,0.1433195019182,-0.0072755966516,0.0897577206411,-0.2073563880601,-0.1909610216021,-0.2690391785388,-0.0426171875124,0.0478794307840,0.0859648926220,-0.1882567702793,-0.2913455715656,-0.0283330717055,-0.1851839845245,-0.1257028731337,0.6442760324429,0.0034414405632,-0.1104253439400
0.5638609822271,0.1049658652823,-0.3601377781174,-0.0606059015819,-0.0494742773173,0.1179870566117,0.1305910728283,-0.2729782581053,-0.0378969722962,-0.2546228329748,0.0408079392722,-0.2270380882446,0.0867777473533,-0.1712741187989,0.0266694402168,0.0453358876741,0.2855873762263,-0.0042806569480,-0.2168296391669,0.0058287088098,-0.0158261246758,0.4485998404910,0.3608036658442,0.2975222300460,-0.0412137012350,0.0536326715309,0.0184731309543,-0.3572268052974,0.0088708544233,0.6397882690546,0.4511587487511,-0.1402991824338,-0.1804324861171,1.0000000000000,0.5979363258466,0.3833009848194,0.2178791073213,-0.2699570480010,0.0773291011543,-0.0639449196033,0.0463717237436,0.0688703822621,-0.2127256208186,0.0023782349078,-0.1935869401155,-0.0181114839372,-0.2357409339471,0.1097944370336,-0.1705466719526,-0.0280182722470,-0.0474039645996,0.1956641434507,0.1070520163129,-0.2332024263889,0.1530747281545,-0.1010106383062,0.3761432491326,0.3574249263831,0.3811168893050,-0.0204891146521,0.0279282842420,-0.0407757110221,-0.3363895521474,0.0653705027457,0.7278182965864,0.4057128221446,-0.0881586215794,-0.0974492549338,0.7870204753156,0.5581892322257
