1.0000000000000,0.3193169794853,0.2098769329845,0.2456722674197,0.2478280737394,-0.1915323205111,-0.0403220187417,0.2169231409789,-0.0451713719604,-0.0600496054279,-0.1818497807904,-0.0894920129392,0.1176984560034,-0.1925881358446,0.2985176616518,0.0270257380472,0.1068791709913,0.5686832092430,0.0798716131329,0.5086238933877,0.2547465820784,0.1691171268241,0.2745688019233,0.2842347567854,0.1823281330281,0.1665693500967,0.2567701758619,0.1762098864962,0.1614598261882,0.4007605453001,0.4963041276771,-0.0126803350035,0.0306775517404,0.1308900003745,0.2003242787898,0.4651872754131,0.1674375406933,-0.0818708631858,0.1129784784568,0.1301056245177,-0.1466710602270,-0.1242823041483,0.0135548961570,-0.1706472620369,-0.1519884150211,-0.1986558942332,-0.1708582378323,0.0947499155614,-0.2953600548384,-0.0668564675816,-0.1466278390280,0.0735522457362,0.4488343008703,0.0408838648740,0.2088520812158,0.1684342365525,0.2019144273038,0.0945421846672,0.2277041228472,0.0826418461796,0.0900492701992,0.1280587029075,0.1922635541563,0.0798383589041,0.1137836889417,0.2516067529360,0.0525837697394,0.0523934924645,-0.0195915465659,0.2778336508095
0.3193169794853,1.0000000000000,0.4210461363403,0.6808567912735,0.1331603708879,-0.2252299581179,-0.3658093169609,0.0622938196972,-0.3294739413419,0.0822414552386,-0.3860944868497,-0.0655546843842,-0.0852267287722,-0.0130991645508,-0.1334315119095,-0.1245071832081,0.2817924339427,0.5467604629538,0.0030120066174,0.3515371997188,0.0517031083455,0.3801772283608,0.7396864872300,0.4701890156923,0.4145912099209,0.6106954656789,0.4186002632251,0.4775477481627,0.2264998362468,0.2291169271555,0.5912706399043,0.2143193616362,-0.0102047229931,0.4732277615219,0.4518999904071,0.2828743856584,0.6810006342032,0.1596147892303,0.6007794786956,0.1165177859164,-0.2136275509680,-0.3430646116715,0.1571727812790,-0.3587414009877,0.1585250699702,-0.3406365859706,-0.1401151948881,-0.0660629433508,-0.1122010155969,-0.2677471091344,-0.1272323911901,0.2769345748860,0.6218019152290,-0.0223339615736,0.2288606581033,0.0592611116455,0.4220552285413,0.6708950851513,0.4613007441758,0.4602648732164,0.4297591094506,-0.0053642869953,0.5519343391921,0.2867459277134,0.0276950874319,0.4262487271328,0.0885766298997,-0.0293320933536,0.3144442318018,0.4471535428657
0.2098769329845,0.4210461363403,1.0000000000000,0.1839634291507,-0.0133978024032,-0.4523879287575,-0.4777484577480,0.4241149459531,-0.4953756768305,-0.1321076166496,-0.4650724542823,-0.1183096341440,-0.2563804212844,-0.1410778089796,-0.1976153424487,-0.4196816266267,0.5301119336616,0.4346290890044,-0.1050337508452,0.1454644115156,-0.1197778988374,0.5462585610805,0.4606083312674,0.7758819446721,0.3966027670730,0.1676180900275,0.4473966649255,0.9007279705043,0.5558369094554,-0.2123963144618,0.5975923764225,0.1369102206441,-0.4098089045659,-0.0338021604791,-0.0537457641458,-0.1019862143284,0.1573928082162,0.5364037906266,0.1151333630069,-0.0390946606440,-0.4522758116984,-0.4208264956491,0.1041787941395,-0.3842084126079,-0.0835647211534,-0.4259439330821,-0.1755975678095,-0.2781802413703,-0.1138491336207,-0.4378230048938,-0.3548725140224,0.3684109104674,0.1397849612527,-0.0806099481100,-0.0646713660099,-0.1287333656920,0.2825289411517,0.3771015378607,0.4798710340151,0.3872786226486,0.1197785724169,0.2055253978896,0.8501865165732,0.3879228524588,-0.3966308970967,0.0253832566443,-0.0797745295216,-0.1859209247567,-0.2338079567031,-0.1104550850482
0.2456722674197,0.6808567912735,0.1839634291507,1.0000000000000,-0.0668953494022,0.0882495387841,-0.2001305012631,0.0758345427027,-0.0483329263016,0.2662414114926,-0.1732574399122,0.1572139300617,-0.1320249409372,0.2222896305774,0.0720543703025,0.0736351903116,0.0655271700611,0.3240144469089,0.2349173450291,0.3166355612486,-0.0922271128604,0.2119968007571,0.6020280204271,0.1963834025424,0.5134785149892,0.5228829068918,0.4331849273611,0.1838509762210,0.1142868682116,0.3827711125611,0.3935033202279,0.2726598429470,0.0697994747113,0.5572915448301,0.4085242026317,0.2818507354507,0.5072570389819,0.0883088951831,0.8407536991522,-0.0502690689877,0.0989171646861,-0.0965495048517,0.1923937388980,-0.0511080047943,0.3125707925865,-0.1777342798725,0.1198142267492,-0.0845318884909,0.0566208386744,0.0340385283538,0.0918120430438,0.1313279660479,0.4710998693423,0.0555350444001,0.2316563151755,-0.0358032004471,0.2428866208562,0.5837629276151,0.2378179899836,0.4629843878337,0.3333941402877,0.0543149951628,0.2749167668919,0.1481598674702,0.2253857584800,0.3325043608640,-0.0739752330232,0.0229600415870,0.4514410473108,0.4355778785893
0.2478280737394,0.1331603708879,-0.0133978024032,-0.0668953494022,1.0000000000000,-0.1075675001289,0.1405595418564,0.0572011249197,-0.1654089128936,0.3578797066913,0.2382696597044,-0.3128655404610,0.7497008064138,-0.3221389748907,-0.1570068964098,0.1118528964802,0.1903840561895,0.2578291280754,-0.1850133472097,0.1258241307633,0.8051802811170,0.2734215042061,0.1339293230525,0.1733295972042,0.2101805238796,-0.0065112659781,-0.1733978646771,-0.0001652976147,0.3990084335073,0.1260969946059,0.0967660900139,-0.0701961865841,0.0763911266706,0.1583331838588,0.0686459315141,0.0050641164519,0.0021821816724,-0.2065048419544,-0.0906073317211,0.9373679561054,-0.0619021699431,-0.0295358817168,-0.1374805987611,-0.3495800313760,0.1704021067405,0.1748484137794,-0.3633908211548,0.7159312867942,-0.2443308134274,-0.1727877276450,-0.0806750271849,0.1331574853167,0.0770172729632,-0.2619982507634,-0.0235854030028,0.7516784832254,0.2674737090425,-0.0194100310625,0.1573703795630,0.2893399293873,-0.1123827604369,-0.2645225639089,-0.0516152889047,0.3911091496786,-0.0202939629678,-0.0612711183503,0.1093773000344,0.0193345628865,0.0899254084684,-0.0066976769556
-0.1915323205111,-0.2252299581179,-0.4523879287575,0.0882495387841,-0.1075675001289,1.0000000000000,0.3773697230478,-0.2757943341242,0.5777593498884,0.0848466762528,0.4412042395142,0.2931449672875,0.0411996842944,0.2535055201407,0.2716573158981,0.4435407241561,-0.1065370157214,-0.2565714641967,0.3834819377719,-0.0056604295031,-0.1058672161357,-0.0849240379582,-0.2497357755082,-0.3090630830068,-0.1803220936117,-0.0810836917617,-0.1403363915009,-0.4684658284547,-0.2195374763084,0.2288400911733,-0.2671364111476,0.0544679561042,0.4939010177320,0.2310698754281,0.3935964823540,-0.0661298511647,-0.0600512485396,-0.1736221952412,0.1026288167394,-0.0695896035417,0.9282162113667,0.3903332089142,-0.3237038006853,0.6265100813462,0.0997906943545,0.2826998742075,0.3712932447026,0.0077644025925,0.2992492831415,0.3460001670677,0.6146209456780,-0.1409305621264,-0.1609400837521,0.2382074964623,-0.0098495552544,-0.0889188479956,-0.1753383170316,-0.2123268361898,-0.2903992076302,-0.1857847262760,-0.0404014521227,-0.0168451242643,-0.4606932723173,-0.2706675294461,0.1617808549420,-0.2086958065089,-0.1197315251360,0.0306007524812,0.3105175263813,0.3233261833776
-0.0403220187417,-0.3658093169609,-0.4777484577480,-0.2001305012631,0.1405595418564,0.3773697230478,1.0000000000000,-0.1076732667498,0.5862538853611,0.2171724469383,0.6554530640838,0.0974044241361,0.5692745754106,-0.0043876178402,0.2639101214145,0.5607679602903,-0.2853002974187,-0.2996898690806,0.1285845723418,-0.1147538086029,0.3305352746962,-0.1102492396401,-0.3811172657364,-0.4396399988221,-0.1337223557536,-0.3568039993681,-0.1859310742949,-0.5003662758680,-0.0551003698676,0.2258255489751,-0.4103682302860,-0.0296985983555,0.3956908578262,-0.0479052747351,-0.0280749687888,-0.0570719888357,-0.1714633041166,-0.4925250839066,-0.1896016707658,0.1702023640321,0.3897400560201,0.6487756435709,-0.4446813844968,0.3375757416886,-0.0434544521893,0.5592743884648,0.0837708902394,0.5059183140752,0.0160769547414,0.1966108982551,0.2688276489672,-0.3316409563190,-0.2836182024750,0.0572667311851,-0.1017769610220,0.2610863537135,-0.1991399304019,-0.3734981610430,-0.4029817064357,-0.2739258134326,-0.3709197835877,-0.1978508250309,-0.5576789802727,-0.2294696368915,0.2460680696751,-0.3741648527991,0.0552802557646,0.1788440803737,0.0627791222693,-0.0710460521288
0.2169231409789,0.0622938196972,0.4241149459531,0.0758345427027,0.0572011249197,-0.2757943341242,-0.1076732667498,1.0000000000000,-0.2196359528503,0.2214296120961,-0.1609708381198,-0.0639032570246,-0.0616566298032,-0.0626273709971,0.2050613414232,-0.2073652248035,0.2213674336697,0.3284419871765,-0.1241229679286,0.2474248057452,-0.0153807332177,0.3628349283562,0.0274044355491,0.3410593910695,0.4862460920178,0.1346045941796,0.4779547582218,0.3586792512624,0.6253778634215,0.1303341307593,0.4543249077725,0.2222160399332,-0.2298130161467,0.0409994706853,0.0677352288795,0.0223382622327,0.1072668593252,0.1406410023018,0.0884926215739,0.0830846701598,-0.3094525601024,-0.2533087184804,0.2840787054118,-0.2739216947743,0.1799819805431,-0.2343568973695,-0.1701185433294,-0.0488432632741,0.0276919444710,-0.2671320322321,-0.2148708822444,-0.0321217945568,-0.0350085440027,-0.0301923585082,-0.1328336084323,-0.0091945324061,-0.0575546583146,-0.0465595901512,0.0205573075820,0.4041856817674,0.2117651322279,0.4180913166776,0.2350998593536,0.2998277671466,-0.2579738913148,-0.1085770382606,0.2715914320747,-0.1031045730287,-0.1277334547326,-0.0457217299620
-0.0451713719604,-0.3294739413419,-0.4953756768305,-0.0483329263016,-0.1654089128936,0.5777593498884,0.5862538853611,-0.2196359528503,1.0000000000000,0.1014451112965,0.5558320493974,0.4963216542097,0.0350796729411,0.3282949223274,0.6277782063786,0.6475823556168,-0.2927795629595,-0.2977495807587,0.3947677288874,-0.0006945455527,-0.1465441276693,-0.2978822770619,-0.3344767357471,-0.5087817254442,-0.2812512599017,-0.2270229077235,-0.1771742834979,-0.5189943208903,-0.3133700187508,0.3063389466115,-0.3132081349932,-0.1041047109280,0.5457183960850,-0.0841164905100,0.0323341150026,-0.1359094695667,-0.2700323616246,-0.3133412153744,-0.0630356308036,-0.1932854452904,0.5303201487867,0.4569689341578,-0.3589225729413,0.6282839039566,0.0082220716379,0.3290621908574,0.5508488852257,0.0219644678514,0.3342028846432,0.4535147772553,0.4801957721487,-0.3033815765317,-0.2066121464491,0.3442659806833,0.0840535687277,-0.1919678595508,-0.2494527111703,-0.4281227691292,-0.4043432698076,-0.4359492687562,-0.1956015838955,-0.1383359410090,-0.5470861842661,-0.3343276118258,0.2419065982844,-0.2454761445539,-0.0127382206345,0.1770946634373,0.1375700310778,0.0619093973819
-0.0600496054279,0.0822414552386,-0.1321076166496,0.2662414114926,0.3578797066913,0.0848466762528,0.2171724469383,0.2214296120961,0.1014451112965,1.0000000000000,0.1993746307337,-0.1262974834531,0.4198540563286,0.0233353840473,-0.0494164368956,0.2703963625134,-0.0426976003667,-0.0635568190081,-0.1788705631908,-0.0094316037159,0.3520443565508,0.1120158003486,0.2238286675063,-0.0849481194599,0.5391569753707,0.2177612662728,-0.0813014581491,-0.1098014020427,0.1721179053676,0.1722322019968,-0.0318577714657,-0.0318517789265,0.2130855886493,0.2195666223907,0.1557981804535,-0.0972842636645,0.0793263103972,-0.3422810231552,0.3199399679222,0.4217599256986,0.0986221422636,0.1526791817031,0.0055731659352,-0.0600500373160,0.7890930934108,0.2037924246279,-0.1225209397440,0.4650331032505,-0.0198490359602,0.0361401707867,0.1760053158900,-0.0968556513034,-0.1221328789360,-0.2228693465816,-0.0637462878519,0.3665732156769,0.0033116443691,0.1426816011131,-0.1938326531090,0.3860961886280,0.1219667516505,-0.2342182676657,-0.1674097716826,0.0518922677522,0.1623093948026,-0.2147431197392,0.1949841609213,-0.0114822199450,0.2566081009328,-0.0082132092292
-0.1818497807904,-0.3860944868497,-0.4650724542823,-0.1732574399122,0.2382696597044,0.4412042395142,0.6554530640838,-0.1609708381198,0.5558320493974,0.1993746307337,1.0000000000000,0.2148879852237,0.4721204903970,0.1105926355948,0.3408056276707,0.4022430643709,-0.1573433477400,-0.3211672077742,0.2399657648414,-0.1740855905509,0.2870148324814,-0.0034265909571,-0.3507489788694,-0.3909034231897,-0.1447120851093,-0.3463029068036,-0.2781837958239,-0.5187571922588,0.0562061746639,0.2272151865295,-0.3638456507110,-0.0379532253870,0.1926983652159,0.0552078300437,-0.0921913599186,-0.1839933372645,-0.2418048473215,-0.3785652868759,-0.1732402441327,0.3280731828111,0.4393172554543,0.5842188932378,-0.4204921023749,0.4545117288591,-0.0305053960499,0.8245307802791,0.2221327915683,0.4610132096999,0.2639747782621,0.3069158928475,0.3298089658750,-0.2273823519143,-0.3873978732814,0.0952644918888,-0.1543633519844,0.3273297215256,-0.1925783949092,-0.4179169082427,-0.3609588429614,-0.1919473865365,-0.3225650188805,-0.1716322077127,-0.5930611343868,-0.0161247654225,0.1383531591769,-0.4017712169766,-0.1138634710354,-0.0338192659350,0.1247934761150,-0.1746617307017
-0.0894920129392,-0.0655546843842,-0.1183096341440,0.1572139300617,-0.3128655404610,0.2931449672875,0.0974044241361,-0.0639032570246,0.4963216542097,-0.1262974834531,0.2148879852237,1.0000000000000,-0.2545079090242,0.7880682598918,0.6179900168724,0.3727745523153,-0.1799748899493,-0.1555045300616,0.7645620517298,0.0187747445463,-0.3331922742128,-0.1463171774373,-0.2111723325454,-0.2898713720164,-0.3131307221699,-0.0104648324396,0.2633048948488,-0.1541853688768,-0.1705126107201,0.1891313076492,-0.1555182792394,0.3284646446275,0.0821421746774,0.0819854524191,-0.0596541973693,-0.2068436338481,-0.1496607298498,-0.0258383908831,0.0338948029302,-0.2888388178432,0.2174907127780,0.1835931315633,-0.2397021976641,0.4422097191623,-0.1583726951491,0.0703987633424,0.9237767325279,-0.2540399762616,0.8114265567529,0.2966420621701,0.3066005140226,-0.2631087820237,-0.2525006503694,0.6340063149285,0.1006151020639,-0.3180146221920,-0.3614772278838,-0.2824848560936,-0.3543779059162,-0.3572341759673,-0.0193715331835,0.1770448045980,-0.1907145365348,-0.2106001375660,0.0588977882677,-0.2487130729092,-0.0888668170598,0.0587459302354,0.0436967029862,-0.0526371110607
0.1176984560034,-0.0852267287722,-0.2563804212844,-0.1320249409372,0.7497008064138,0.0411996842944,0.5692745754106,-0.0616566298032,0.0350796729411,0.4198540563286,0.4721204903970,-0.2545079090242,1.0000000000000,-0.2493255798877,-0.1261599446366,0.3120832610460,-0.0406399079394,0.0106139748453,-0.1258636927179,-0.0098810409266,0.8894315287236,0.1632945938203,-0.0973261445086,-0.1009639627305,0.0896111801511,-0.1848168150360,-0.2381868832566,-0.2645853856019,0.2442594227714,0.0838269014364,-0.1681332620869,-0.0737809076023,0.1258300517591,0.0785806605766,-0.0116001288302,-0.0795539973176,-0.0843702334072,-0.4527908815293,-0.1535420826222,0.7731601354831,0.0963977025898,0.3469322064940,-0.3265601012402,-0.1342029733934,0.1387325342676,0.4492737800318,-0.2772101697542,0.9382785219578,-0.2266801979037,-0.0830757638765,0.0766057248792,-0.0767759471461,-0.1235231483898,-0.2557283276345,-0.0960555016483,0.8281189949809,0.1181906940624,-0.1677353136131,-0.0965912623982,0.0890238436647,-0.2922257305774,-0.3601573973851,-0.3132983651066,0.1388139178660,0.1062460348288,-0.2353716822541,0.1261734107064,0.0604898099408,0.0645399203555,-0.1072631233073
-0.1925881358446,-0.0130991645508,-0.1410778089796,0.2222896305774,-0.3221389748907,0.2535055201407,-0.0043876178402,-0.0626273709971,0.3282949223274,0.0233353840473,0.1105926355948,0.7880682598918,-0.2493255798877,1.0000000000000,0.4307086076335,0.2560984564148,-0.1257890523711,-0.1888457842793,0.6594115940471,0.0520458215347,-0.3011892437880,-0.1399003384755,-0.1705429261804,-0.2177334411365,-0.1828415576520,0.3103531945748,0.1846468261784,-0.0960158246681,-0.2036350337791,0.0456843510209,-0.1529282758294,0.4580513804366,0.0251715023231,0.0406887244987,-0.0049517947653,-0.2072581140806,-0.1540305508876,-0.0253127589299,0.1355208042761,-0.2812779658216,0.1867866367475,0.1160806431432,-0.1408189532343,0.3562922084103,0.0052214565488,0.0267595453420,0.7735590105603,-0.2397336168459,0.7976192492975,0.2562271991754,0.3322123034084,-0.1444153099056,-0.2099777325340,0.5407172674509,0.0147258688358,-0.2655680337844,-0.2452780171654,-0.2127132704118,-0.2703492310481,-0.2544183553059,0.1356845747195,0.1215931247220,-0.1147179788842,-0.2434461387318,0.0110397329943,-0.1792324166877,0.0324948201211,0.1169635768852,0.0236185205913,0.0110056011763
0.2985176616518,-0.1334315119095,-0.1976153424487,0.0720543703025,-0.1570068964098,0.2716573158981,0.2639101214145,0.2050613414232,0.6277782063786,-0.0494164368956,0.3408056276707,0.6179900168724,-0.1261599446366,0.4307086076335,1.0000000000000,0.3344603280524,-0.2528932938546,0.0860586275072,0.6101848843772,0.2780910737424,-0.1865922713890,-0.1104505985452,-0.3209166199154,-0.2764098690164,-0.1829651749992,-0.0696716368763,0.2844467457486,-0.2667492216940,-0.0397517168074,0.5154680874579,0.0250034560114,0.1663047582085,0.1987428925041,0.0458323606811,0.0185935530029,0.0372859542363,-0.0793944355139,-0.1055591808110,0.0324157032868,-0.2054804099447,0.2468219347419,0.1713965848746,-0.1406625440845,0.3887788691842,-0.1336772361255,0.0471654864696,0.5362437519470,-0.1043982210397,0.4760981570504,0.3250251962089,0.2255918866057,-0.3703326996564,-0.0694056483822,0.5043237572490,0.1299406411022,-0.2257536877391,-0.2967446387191,-0.4233754271066,-0.2980968748619,-0.3150703986029,-0.0324761780915,0.2705856329063,-0.3255282469291,-0.1186315845778,0.1680211391637,-0.1275269049075,0.0911281071837,0.1344189682237,0.0447203137880,0.0825367019117
0.0270257380472,-0.1245071832081,-0.4196816266267,0.0736351903116,0.1118528964802,0.4435407241561,0.5607679602903,-0.2073652248035,0.6475823556168,0.2703963625134,0.4022430643709,0.3727745523153,0.3120832610460,0.2560984564148,0.3344603280524,1.0000000000000,-0.1804317786907,-0.2041502150669,0.3246158477719,0.0360632876529,0.1222994000142,-0.1930868069595,-0.1322689831131,-0.3489720056332,-0.1052371121329,-0.0854337867814,-0.1967448718400,-0.4090432499555,-0.1706548999684,0.2496161925501,-0.2664620456807,0.0766427510426,0.4878212746933,0.0592304166540,0.1226028973563,-0.1084840663544,-0.2047958588952,-0.4379385570622,0.0462865359104,0.0918045633366,0.4282639587433,0.4812633872371,-0.2961373159196,0.4411313413848,0.1613537929554,0.2842113263420,0.3977704619150,0.2609307732753,0.2196282098315,0.3336196244283,0.6029275809232,-0.1766804680033,-0.1403844006654,0.2041818398257,0.1063428306052,0.0419458925374,-0.1642281770513,-0.2564517519368,-0.3517452049794,-0.1999391977475,-0.1527526026328,-0.2860069836879,-0.4186594563682,-0.2329546248821,0.2702581230880,-0.2400115443286,0.1103514050142,0.2463144962176,0.1145139306520,0.1337806119552
0.1068791709913,0.2817924339427,0.5301119336616,0.0655271700611,0.1903840561895,-0.1065370157214,-0.2853002974187,0.2213674336697,-0.2927795629595,-0.0426976003667,-0.1573433477400,-0.1799748899493,-0.0406399079394,-0.1257890523711,-0.2528932938546,-0.1804317786907,1.0000000000000,0.2417638607948,-0.1877949917754,0.0772676778212,0.0610497286889,0.6790204086956,0.3124887163976,0.7955254690143,0.3579851661529,0.2022918535246,0.0433487751168,0.6039321320383,0.5318419061318,-0.1916940433437,0.5134751967181,0.0914134946285,-0.1340438549216,0.0343920648441,0.1905477228747,-0.1321330636863,0.1098040674886,0.3117934104963,0.0541833640411,0.1863652799831,-0.1066024085979,-0.2924366117458,-0.1109023472186,-0.2741688019083,-0.0221849602753,-0.2079181649805,-0.2243760796557,-0.0722951962364,-0.0667671798964,-0.3904085392489,-0.0722364185125,0.8326769210738,0.0807367790759,-0.1594939830019,-0.2682847673576,0.0716764951923,0.3926880070899,0.2205596843617,0.5319505600946,0.3910872524756,0.1384054112181,0.0179286527162,0.5369434714949,0.3906728885742,-0.4051372062963,0.0992992029721,0.0061642070662,-0.0574039532067,-0.1537707547369,0.0643587976370
0.5686832092430,0.5467604629538,0.4346290890044,0.3240144469089,0.2578291280754,-0.2565714641967,-0.2996898690806,0.3284419871765,-0.2977495807587,-0.0635568190081,-0.3211672077742,-0.1555045300616,0.0106139748453,-0.1888457842793,0.0860586275072,-0.2041502150669,0.2417638607948,1.0000000000000,0.0432812678140,0.7256770905335,0.1651923512596,0.3388132934516,0.3730632379656,0.4818075153372,0.3087020581066,0.3401085894910,0.5514840050027,0.3852005327406,0.3202000462776,0.2429811267824,0.6314394096168,0.0960494027837,-0.1103564955680,0.2521768884912,0.3715810448511,0.2600136131920,0.3948936392247,0.1299585601521,0.2888243606537,0.1912196787499,-0.2056646616639,-0.2949747230191,0.1724960822858,-0.3444945575087,0.0206433415849,-0.3824282589501,-0.2612602749709,0.0005133241451,-0.2209552574315,-0.2597143548182,-0.1940115224161,0.1241418860598,0.6238550523990,-0.0532729396202,0.3591584407328,0.1083726338618,0.1722533744249,0.2338117159709,0.3051829266442,0.3136910788751,0.3010949320178,0.2263778016401,0.3533088273913,0.1978895002963,-0.0708640664986,0.2548359953356,0.2072395131352,-0.0464286031100,0.0437232536547,0.3556508718527
0.0798716131329,0.0030120066174,-0.1050337508452,0.2349173450291,-0.1850133472097,0.3834819377719,0.1285845723418,-0.1241229679286,0.3947677288874,-0.1788705631908,0.2399657648414,0.7645620517298,-0.1258636927179,0.6594115940471,0.6101848843772,0.3246158477719,-0.1877949917754,0.0432812678140,1.0000000000000,0.3230284571357,-0.2064078871155,-0.0460098738408,-0.1783472031460,-0.1937982597923,-0.2862340100331,0.0463962229861,0.2640999829989,-0.1818403394692,-0.1338338680772,0.2609645187359,-0.1284388962471,0.4290367455659,0.0962478190257,0.2011810571783,0.1094245254122,-0.0159905916341,-0.0805912203473,-0.0186215843583,0.1051924337297,-0.1897777410223,0.3349967512354,0.1987435274839,-0.2106688087433,0.3900540360964,-0.2051089297340,0.1079424045796,0.7046514439711,-0.1408416221003,0.6109524741237,0.2773563798283,0.3014012234621,-0.2110701786030,-0.0841358207308,0.6570432761710,0.1665705805013,-0.1863381991132,-0.1499991351856,-0.2258147935179,-0.1849385210617,-0.3108501915367,-0.0394281631829,0.1289268429139,-0.2200343880506,-0.1578896814895,0.1141702177518,-0.1418521470060,-0.1799517042018,0.0865791542973,0.1459979901268,0.1941003587187
0.5086238933877,0.3515371997188,0.1454644115156,0.3166355612486,0.1258241307633,-0.0056604295031,-0.1147538086029,0.2474248057452,-0.0006945455527,-0.0094316037159,-0.1740855905509,0.0187747445463,-0.0098810409266,0.0520458215347,0.2780910737424,0.0360632876529,0.0772676778212,0.7256770905335,0.3230284571357,1.0000000000000,0.0582236792135,0.1391031287079,0.2593160929419,0.2210850080129,0.1214593237929,0.4272060791257,0.4313357544037,0.1107563019407,0.0868848524803,0.3893814186928,0.3921641199856,0.1308815144076,0.1131816919636,0.2662051595210,0.4563949912826,0.2993409696663,0.2548972042555,-0.0808063957658,0.2825116329888,0.0697331473855,0.0240310978398,-0.1281171084442,0.0777004158586,-0.1134347787936,0.0835310293108,-0.2155192382891,-0.0568153880669,-0.0085048094327,-0.0906238484534,0.0470162764352,-0.0128099095153,0.0135880643295,0.4840623612628,0.1635160456179,0.5362171899998,0.0154586360738,0.0546915261893,0.1055130744924,0.1054401463012,0.1045524230559,0.3112315239208,0.0947765476562,0.0780975954522,-0.0585246869005,0.1583625026479,0.1146387588587,0.2867764316614,0.0490306602617,0.1808368747842,0.4790697822603
0.2547465820784,0.0517031083455,-0.1197778988374,-0.0922271128604,0.8051802811170,-0.1058672161357,0.3305352746962,-0.0153807332177,-0.1465441276693,0.3520443565508,0.2870148324814,-0.3331922742128,0.8894315287236,-0.3011892437880,-0.1865922713890,0.1222994000142,0.0610497286889,0.1651923512596,-0.2064078871155,0.0582236792135,1.0000000000000,0.1949552097392,0.0177759948936,0.0521267236195,0.1405308106287,-0.0816791125200,-0.1834679900449,-0.1028260599513,0.2570696902603,0.0612590518228,-0.0294672178261,-0.1065900820449,0.0072565121647,0.0885941156100,-0.0217032308954,0.0307944276231,0.0027033031677,-0.2876363615697,-0.1320808140643,0.8170300967888,-0.0494421691832,0.1415200743202,-0.1752853363478,-0.3234130827347,0.1655384279587,0.2795450951095,-0.3705521594314,0.8667987339971,-0.2885174566607,-0.1862199458283,-0.0675508161281,0.0532550378908,0.0325490786767,-0.3027185845546,-0.0734230623107,0.9324217187121,0.2297304032059,-0.0655055334260,0.0841564289120,0.2103652495405,-0.1977412681234,-0.2571943264151,-0.1251335621205,0.2245135465576,0.0227059211937,-0.0844603446819,0.1284293694899,-0.0038212517213,0.0400875638690,-0.0900524276770
0.1691171268241,0.3801772283608,0.5462585610805,0.2119968007571,0.2734215042061,-0.0849240379582,-0.1102492396401,0.3628349283562,-0.2978822770619,0.1120158003486,-0.0034265909571,-0.1463171774373,0.1632945938203,-0.1399003384755,-0.1104505985452,-0.1930868069595,0.6790204086956,0.3388132934516,-0.0460098738408,0.1391031287079,0.1949552097392,1.0000000000000,0.3095338130111,0.7591570721664,0.4893596921043,0.1162128302743,0.2450288810786,0.5047470343046,0.7406818144099,0.0782728607612,0.5937130854601,0.2593367032539,-0.2152754777746,0.3683600794912,0.2645955530471,0.0195003012958,0.3734600313394,0.1928146996823,0.1816369694494,0.3116141344804,-0.0740242488233,-0.1758001419051,-0.1342830941980,-0.2699590925972,0.0141912919688,-0.0826344063566,-0.2127332996139,0.1231389231712,-0.0191585721127,-0.3553729117319,-0.1085980955640,0.4030979399945,0.1019423158708,-0.0640101691890,-0.1848985222343,0.1933231466632,0.4803814298514,0.2728388022881,0.5087832376244,0.5037451170132,0.1062635261836,0.0888153195631,0.4290315434407,0.4873759980836,-0.2104961318642,0.0604878939303,-0.0025204808979,-0.1402712631660,0.1509894024897,0.1587364285137
0.2745688019233,0.7396864872300,0.4606083312674,0.6020280204271,0.1339293230525,-0.2497357755082,-0.3811172657364,0.0274044355491,-0.3344767357471,0.2238286675063,-0.3507489788694,-0.2111723325454,-0.0973261445086,-0.1705429261804,-0.3209166199154,-0.1322689831131,0.3124887163976,0.3730632379656,-0.1783472031460,0.2593160929419,0.0177759948936,0.3095338130111,1.0000000000000,0.4808779843889,0.5754411183889,0.4717925097175,0.1910058287465,0.4630279498067,0.2449728197821,0.1727906868022,0.5883162753249,-0.0246911458625,0.0110345103529,0.3701917810031,0.3249981423000,0.2073019622229,0.4714568554334,0.0396970715889,0.5254264223268,0.1189886395491,-0.2135103394322,-0.2801550961771,0.1085899796702,-0.3361533023861,0.2789394571924,-0.2080615349031,-0.2512611736926,-0.0608924929501,-0.3243713006567,-0.1692588694670,-0.1918369660238,0.3613049935293,0.4977498805695,-0.1975792812460,0.2558808037801,0.0420603258259,0.3849106722382,0.8387539248359,0.4173069009318,0.5546021243651,0.2808188605865,-0.1940780323608,0.5273022878247,0.2747110352946,0.0745981238027,0.3378382595864,0.0460067708809,-0.0821804238437,0.2574682945501,0.2692441105941
0.2842347567854,0.4701890156923,0.7758819446721,0.1963834025424,0.1733295972042,-0.3090630830068,-0.4396399988221,0.3410593910695,-0.5087817254442,-0.0849481194599,-0.3909034231897,-0.2898713720164,-0.1009639627305,-0.2177334411365,-0.2764098690164,-0.3489720056332,0.7955254690143,0.4818075153372,-0.1937982597923,0.2210850080129,0.0521267236195,0.7591570721664,0.4808779843889,1.0000000000000,0.4828124664957,0.2952012058358,0.2412365774655,0.8001598820598,0.6354915083225,-0.1539246254958,0.7178818468471,0.1226469535926,-0.3156536498033,0.0914809287316,0.1943551566534,-0.0183499847071,0.2278091475720,0.4024371949018,0.1399109564710,0.1413829370879,-0.2943189544665,-0.4258623634241,0.0426170982717,-0.4499932499539,-0.0520056787238,-0.3960365513118,-0.3543904023215,-0.1332420621531,-0.2444772684226,-0.5401040431910,-0.2814078976552,0.6669362367574,0.2565229247563,-0.2227573251543,-0.1461863055265,0.0302631669357,0.5224596232143,0.3862590436173,0.6976723746895,0.4838549803708,0.1811335140084,0.0691404959014,0.7576862124414,0.5003190465774,-0.4241254324199,0.2235045411657,0.0218124705523,-0.1364589124470,-0.1585632501252,0.1173289753653
0.1823281330281,0.4145912099209,0.3966027670730,0.5134785149892,0.2101805238796,-0.1803220936117,-0.1337223557536,0.4862460920178,-0.2812512599017,0.5391569753707,-0.1447120851093,-0.3131307221699,0.0896111801511,-0.1828415576520,-0.1829651749992,-0.1052371121329,0.3579851661529,0.3087020581066,-0.2862340100331,0.1214593237929,0.1405308106287,0.4893596921043,0.5754411183889,0.4828124664957,1.0000000000000,0.3258297356966,0.3017037891116,0.3688145420020,0.6207430009121,0.1851106574488,0.5358179476198,0.1022909380131,-0.0788892188109,0.3378635984426,0.2654090718224,0.1891285564742,0.4098708348084,0.1026226046712,0.5089196710932,0.2583531764649,-0.1524478916866,-0.2027453534023,0.2921624990485,-0.3457134570547,0.4832280289403,-0.1666043755018,-0.3588992524267,0.1104097330873,-0.2611967956742,-0.2450132146027,-0.1210199165021,0.2995325517493,0.2971246839679,-0.2800558015365,-0.0589216183572,0.1513940712872,0.3490990762010,0.5365488273777,0.3337089118644,0.8614372486888,0.2362403159953,0.0998051995483,0.3570357016203,0.5041904831069,-0.0156999464916,0.2322279555207,0.0858770408912,-0.0256902322704,0.2319683653299,0.1853039136603
0.1665693500967,0.6106954656789,0.1676180900275,0.5228829068918,-0.0065112659781,-0.0810836917617,-0.3568039993681,0.1346045941796,-0.2270229077235,0.2177612662728,-0.3463029068036,-0.0104648324396,-0.1848168150360,0.3103531945748,-0.0696716368763,-0.0854337867814,0.2022918535246,0.3401085894910,0.0463962229861,0.4272060791257,-0.0816791125200,0.1162128302743,0.4717925097175,0.2952012058358,0.3258297356966,1.0000000000000,0.2510484702969,0.3101914698372,0.0116355784566,0.1152765978735,0.3460017258516,0.2116677756840,0.0110552772183,0.2437655828381,0.4462426424226,0.1649860005562,0.3435588496025,0.0999689425481,0.5475016346908,-0.0154390972590,-0.1010786772050,-0.3023174948469,0.2704954104359,-0.1863258079498,0.2825939052080,-0.3036174717494,-0.0581885764544,-0.1651993905127,0.0457895427682,-0.0924396153195,-0.0329758944396,0.2300908285636,0.3999468836407,0.0638913481279,0.2163430465617,-0.0453784765014,0.1896062993920,0.3653392282207,0.2101722502863,0.2937166304066,0.6933060161145,0.0125927157393,0.3487172612318,0.0309266180156,-0.0419110287649,0.2431053934811,0.2057120989782,0.0300446392454,0.1552498999852,0.4455828135372
0.2567701758619,0.4186002632251,0.4473966649255,0.4331849273611,-0.1733978646771,-0.1403363915009,-0.1859310742949,0.4779547582218,-0.1771742834979,-0.0813014581491,-0.2781837958239,0.2633048948488,-0.2381868832566,0.1846468261784,0.2844467457486,-0.1967448718400,0.0433487751168,0.5514840050027,0.2640999829989,0.4313357544037,-0.1834679900449,0.2450288810786,0.1910058287465,0.2412365774655,0.3017037891116,0.2510484702969,1.0000000000000,0.3858967000710,0.3115873049504,0.2876988366983,0.4484048721435,0.3804612933240,-0.1523692771614,0.2363053604905,0.2066693359513,0.1833541509067,0.4577933973449,0.2816284184527,0.3445660580375,-0.1578101004776,-0.1514847842701,-0.2046487868323,0.1664799586086,-0.1475915388092,-0.0474238530392,-0.3857548598808,0.1165365717713,-0.2239041393800,0.1295804081802,-0.1491783617964,-0.1155482907109,-0.0930378759467,0.3035851442526,0.2276634719756,0.2154828562266,-0.1985760002911,-0.1023297733550,0.2371736284576,0.0621545942572,0.2429314770305,0.2329901338704,0.6028893455328,0.3453300270895,0.1113321874204,-0.0264301897767,0.1001326572072,0.1688961785464,0.0041587014378,0.0863081047119,0.1629678892308
0.1762098864962,0.4775477481627,0.9007279705043,0.1838509762210,-0.0001652976147,-0.4684658284547,-0.5003662758680,0.3586792512624,-0.5189943208903,-0.1098014020427,-0.5187571922588,-0.1541853688768,-0.2645853856019,-0.0960158246681,-0.2667492216940,-0.4090432499555,0.6039321320383,0.3852005327406,-0.1818403394692,0.1107563019407,-0.1028260599513,0.5047470343046,0.4630279498067,0.8001598820598,0.3688145420020,0.3101914698372,0.3858967000710,1.0000000000000,0.4724979929397,-0.2607342199862,0.5622421597908,0.1970064269346,-0.4047543247951,-0.0771378723563,-0.0297293195660,-0.1308408428883,0.1545041848352,0.5864931846473,0.1151371094704,-0.0259028915821,-0.4876852726883,-0.4558519913246,0.0930028551794,-0.4582685570815,-0.0681864845232,-0.5051142202907,-0.2485954329952,-0.2818397408423,-0.1323102791998,-0.5642016092737,-0.3541350304346,0.5059949997690,0.1439956454118,-0.1569136188643,-0.1705360044674,-0.1015457529876,0.3657758193689,0.3928774495168,0.5727470673896,0.3640068227309,0.1706268149129,0.1621721876116,0.9403077785247,0.3912534251578,-0.4911422248859,0.1170893343868,-0.0030611192082,-0.1861147824399,-0.2769831360022,-0.0976453296602
0.1614598261882,0.2264998362468,0.5558369094554,0.1142868682116,0.3990084335073,-0.2195374763084,-0.0551003698676,0.6253778634215,-0.3133700187508,0.1721179053676,0.0562061746639,-0.1705126107201,0.2442594227714,-0.2036350337791,-0.0397517168074,-0.1706548999684,0.5318419061318,0.3202000462776,-0.1338338680772,0.0868848524803,0.2570696902603,0.7406818144099,0.2449728197821,0.6354915083225,0.6207430009121,0.0116355784566,0.3115873049504,0.4724979929397,1.0000000000000,0.0603394531681,0.5404012214724,0.2054352953150,-0.2534831222270,0.1830003174815,0.0423746491868,-0.0519062743330,0.1919826976405,0.1664240218631,0.0835291930703,0.4420620148547,-0.2125903862521,-0.1759649675790,0.0300119410290,-0.3314952665083,0.0565530014803,-0.0555572476729,-0.2489952316982,0.2003858433860,-0.0873568998596,-0.3794474294997,-0.1938403263819,0.2787695415062,0.0273955579194,-0.1220485483843,-0.1815582071908,0.2319545238293,0.2580297125812,0.1740132316102,0.3380322777584,0.6093685868716,-0.0031922488340,0.1614790746481,0.3660501269557,0.7284183621291,-0.2917817200906,-0.0381608645942,0.0577342489011,-0.0920188617636,-0.0422989979175,-0.0722863265527
0.4007605453001,0.2291169271555,-0.2123963144618,0.3827711125611,0.1260969946059,0.2288400911733,0.2258255489751,0.1303341307593,0.3063389466115,0.1722322019968,0.2272151865295,0.1891313076492,0.0838269014364,0.0456843510209,0.5154680874579,0.2496161925501,-0.1916940433437,0.2429811267824,0.2609645187359,0.3893814186928,0.0612590518228,0.0782728607612,0.1727906868022,-0.1539246254958,0.1851106574488,0.1152765978735,0.2876988366983,-0.2607342199862,0.0603394531681,1.0000000000000,0.2622519747541,0.0580989361994,0.3628570102314,0.6344403759935,0.4972479127054,0.4087175819976,0.4330507121615,-0.2268805532325,0.3833641417889,0.0980406403613,0.2597529134332,0.0960124035563,-0.0956164988862,0.0457303207603,0.1065737146785,0.0587296604642,0.0878537605493,0.1471927759834,0.0378232400478,0.2679821216045,0.1237180038043,-0.2304684046501,0.3218195039473,0.1568467638589,0.3264655262098,0.0448517351612,-0.0257332928383,0.1170769414538,-0.0565360688383,0.1343246045503,0.1454225069082,0.1182223479888,-0.2485147075094,-0.0169869093366,0.5831998990109,0.1444063682455,0.1376571992196,0.1097521553775,0.6009510162395,0.4570441578161
0.4963041276771,0.5912706399043,0.5975923764225,0.3935033202279,0.0967660900139,-0.2671364111476,-0.4103682302860,0.4543249077725,-0.3132081349932,-0.0318577714657,-0.3638456507110,-0.1555182792394,-0.1681332620869,-0.1529282758294,0.0250034560114,-0.2664620456807,0.5134751967181,0.6314394096168,-0.1284388962471,0.3921641199856,-0.0294672178261,0.5937130854601,0.5883162753249,0.7178818468471,0.5358179476198,0.3460017258516,0.4484048721435,0.5622421597908,0.5404012214724,0.2622519747541,1.0000000000000,0.1112082747414,-0.1539094162776,0.2601403238850,0.3929448016769,0.2064797867458,0.4301560428415,0.1844176696852,0.3245434695738,0.0371403586768,-0.2500131579041,-0.4150137878310,0.0641395172286,-0.3426657613999,-0.0255328961124,-0.4129530053320,-0.2308058192517,-0.1651834590626,-0.1986633819409,-0.3271051419590,-0.2383528589188,0.3356345970175,0.5085877248598,-0.0584162600949,0.1269428095511,-0.0620863432846,0.3205946711428,0.4270276644222,0.4682507305243,0.4364855033887,0.2996908564175,0.2480359018484,0.5552243225005,0.3520486771384,-0.1415359060849,0.3964342510808,0.1217963385975,-0.0750943275409,0.0087145930033,0.3162778914130
-0.0126803350035,0.2143193616362,0.1369102206441,0.2726598429470,-0.0701961865841,0.0544679561042,-0.0296985983555,0.2222160399332,-0.1041047109280,-0.0318517789265,-0.0379532253870,0.3284646446275,-0.0737809076023,0.4580513804366,0.1663047582085,0.0766427510426,0.0914134946285,0.0960494027837,0.4290367455659,0.1308815144076,-0.1065900820449,0.2593367032539,-0.0246911458625,0.1226469535926,0.1022909380131,0.2116677756840,0.3804612933240,0.1970064269346,0.2054352953150,0.0580989361994,0.1112082747414,1.0000000000000,-0.1061646521150,0.2515341528051,0.1756287890004,-0.0041495103922,0.1468065484499,0.1263902173210,0.1960145934017,-0.0325277382019,0.0146269682551,-0.0409512813772,-0.0142448911127,-0.0140343389685,-0.0892642134461,-0.1590890609487,0.1985654994484,-0.1304092620536,0.4555038187776,-0.1983792216842,0.1434570404799,-0.0124774403613,-0.0580648645793,0.2685276975571,-0.2457462586021,-0.1055158794602,0.0893878369585,0.0376075771267,0.0662850434948,0.0893453596844,0.1894770634028,0.3189562087829,0.1284880147220,0.1172070700579,-0.1825837332651,0.0071872752086,0.1485023101706,0.0662671379091,0.0583271738753,0.1557679414757
0.0306775517404,-0.0102047229931,-0.4098089045659,0.0697994747113,0.0763911266706,0.4939010177320,0.3956908578262,-0.2298130161467,0.5457183960850,0.2130855886493,0.1926983652159,0.0821421746774,0.1258300517591,0.0251715023231,0.1987428925041,0.4878212746933,-0.1340438549216,-0.1103564955680,0.0962478190257,0.1131816919636,0.0072565121647,-0.2152754777746,0.0110345103529,-0.3156536498033,-0.0788892188109,0.0110552772183,-0.1523692771614,-0.4047543247951,-0.2534831222270,0.3628570102314,-0.1539094162776,-0.1061646521150,1.0000000000000,0.1326986134866,0.4094551388266,0.0627936558230,0.0472729757823,-0.3611466508379,0.1148199704829,0.0176310326950,0.5165216756029,0.1566099867332,-0.2697327730406,0.2299429294308,0.1562218049519,0.0886477264059,0.1149469835499,0.1038432494875,-0.0015722110833,0.3954412356722,0.3325033163147,-0.1184384774264,0.0804431639234,0.1534137663595,0.1825809491717,-0.0505238212965,-0.0976405027051,-0.0289618507935,-0.2361588894057,-0.1615337165209,0.0685194116289,-0.2462597514950,-0.4089606583186,-0.2820662816228,0.4128622466486,-0.0887306480218,0.1945494805168,0.3950578889724,0.3275190906204,0.3287526332893
0.1308900003745,0.4732277615219,-0.0338021604791,0.5572915448301,0.1583331838588,0.2310698754281,-0.0479052747351,0.0409994706853,-0.0841164905100,0.2195666223907,0.0552078300437,0.0819854524191,0.0785806605766,0.0406887244987,0.0458323606811,0.0592304166540,0.0343920648441,0.2521768884912,0.2011810571783,0.2662051595210,0.0885941156100,0.3683600794912,0.3701917810031,0.0914809287316,0.3378635984426,0.2437655828381,0.2363053604905,-0.0771378723563,0.1830003174815,0.6344403759935,0.2601403238850,0.2515341528051,0.1326986134866,1.0000000000000,0.5723913885009,0.3704621629708,0.6088348569302,-0.0820741991439,0.5337771232728,0.2189435146409,0.2526519062306,-0.0338354729837,0.0436766629415,-0.0914697999324,0.2633788570616,0.0237534882228,0.0213711654780,0.1345144967980,0.0893595812218,0.0856661929055,0.1190196179685,-0.0027296879738,0.3518009701482,0.0501421719397,0.2119427656825,0.1538839279943,0.1949503814085,0.4222333639544,0.1365579659956,0.4542271699987,0.2439718182460,0.0538135390516,-0.0296262299224,0.1503947307990,0.3974561942872,0.1971609182044,-0.0383196783733,-0.0262383023425,0.8015087617923,0.5172524822728
