1.0000000000000,0.0519209586546,0.1476513475930,0.1459433182653,0.1403887427343,-0.0735347700647,0.1288224184744,0.3740045867638,0.0549312822323,0.1266185802677,0.2128674554749,0.3730601150066,0.0877802081181,0.0415504734933,0.4916747897579,0.0012738529847,0.1612890887982,0.4147806842869,0.2879162776739,0.5249994060035,0.1957814612248,0.2722171670761,0.3975456785124,0.2796301267782,0.2712042039390,0.1764603261755,0.1138043720210,0.1164578217768,0.2798723808034,0.6037161171702,0.3773495718526,-0.0244883710401,-0.0365141052113,0.3187525259400,0.4163663922905,0.5110973794646,-0.0090357083929,-0.0650730381723,0.1506653639749,0.1393407338532,-0.1306733907046,-0.1140451598877,-0.0651569612452,-0.1763122345141,0.1170666718513,0.0043131315553,0.0291771555997,0.0727856232349,-0.1252748645782,0.0622533662043,-0.0588817536722,0.1707211234814,0.1673573936320,-0.1516734007000,-0.0082521309791,0.0237514926362,0.1222574990245,0.1326432863882,0.1271942411328,0.1971985422998,0.1574590337980,-0.0492652830360,0.0294914516295,0.1342133072085,0.2402848809437,0.0154217112153,-0.0010194957600,0.0292385327270,0.1433415403693,0.2655952924864
0.0519209586546,1.0000000000000,0.2392406135152,0.6645553213024,0.1758423733642,0.0588138836154,0.0374836968194,0.3270105153410,0.0478437029519,0.0396710122314,0.0809508903455,0.4778951648759,-0.1051771733438,0.2511139835670,0.0566889763840,-0.0402799421294,0.1350178582472,0.2658999933946,0.0931909348945,0.1323283879695,-0.0435415246195,0.1923332892517,0.3285850387638,0.2446638234685,0.1843827553361,0.6414394773957,0.6134698128980,0.4679007017523,0.0732268062667,0.0656908800057,0.3971729817302,0.1410849645556,0.1056241805858,0.2992969001779,0.5650253509429,0.0540011657440,0.7397106730178,0.0655253726485,0.6886639358221,0.0780209423587,0.2111508380327,-0.1854552634244,0.0139801762375,-0.0481937361817,0.0487041554950,-0.0872881882057,0.1585549405099,-0.0931943970796,0.0094401422632,-0.1738411345439,-0.1661769920984,0.1359549227740,0.3384524168627,-0.2815350850376,-0.0238205464666,-0.0592032288391,-0.0013072595447,0.3342409973747,0.1803741447870,0.2016226670312,0.3954041388486,0.3793693089097,0.4764457731799,-0.0723225993376,-0.1421787888387,0.0692120216132,0.1760101425968,0.2208735825894,0.0076325010997,0.3793087656070
0.1476513475930,0.2392406135152,1.0000000000000,0.2994871096950,-0.0053196442560,-0.0456454500887,-0.2664247939069,0.3254356356884,-0.2425152478914,0.2781421478275,-0.2184295457129,0.1792636941048,-0.0874802940827,0.1034417638284,-0.0220631733791,-0.1051440046036,0.2219855418559,0.3086479857656,0.1565404656353,0.1924587415097,-0.0515269316202,0.4382700290447,0.2485953448119,0.6488998682288,0.4185025640880,0.2814857999163,0.6240197491530,0.6541790483177,0.2628322607823,-0.0505434787775,0.3656574828687,0.0205733400499,-0.2473375214427,0.0992201348104,0.0851748698430,-0.1565310252435,0.2784294986452,0.5836845286420,0.2334602665719,-0.0556722672194,0.0679208509924,-0.4165701192754,0.1388058318563,-0.3168293790488,0.1225843290348,-0.3859650294637,-0.1140589364828,-0.1337895531598,-0.1326259541986,-0.2767908728939,-0.1840886950031,0.1672240095379,0.1243726914259,-0.1043930951409,-0.0601604764209,-0.1585731882817,0.1606510256176,0.2293436704735,0.4359967571756,0.1833348356407,0.0724462809517,0.3752343281177,0.6019023946944,0.0910108015588,-0.1374974741775,0.1662727123900,0.0486379650872,-0.1318050145752,-0.0738606419619,-0.0988745386130
0.1459433182653,0.6645553213024,0.2994871096950,1.0000000000000,0.1668340384991,0.1229395291454,0.1577578213088,0.4322570360577,0.1327181317476,0.4014455251961,0.1480681141312,0.5649582179857,0.0241740910466,0.4387408029017,0.2297076262918,0.0539131768687,0.0586281470049,0.1483121592768,0.2036663489320,0.2133831802171,0.0625251933810,0.1310771662806,0.4874754548735,0.1386778553609,0.4236601809442,0.7104688115121,0.5465094646376,0.4137321601664,0.0666823921070,0.0261080215254,0.3619711216025,0.1958323151160,-0.1378921890225,0.2379543109178,0.4406922653070,0.0015528233444,0.6297123623874,0.0825900712007,0.9063408796370,0.1156463750391,0.2385379851646,-0.0952925160659,0.1219100249364,0.0106268650650,0.3767556630721,-0.0514416547562,0.2877075919599,-0.0067736072187,0.1380216370518,-0.0790605694486,-0.0430742147992,0.0796781192985,0.2022614015696,-0.2519861108006,-0.0623716474979,0.0557584500516,-0.1542270645691,0.4391406461727,0.0050454262728,0.3861588166870,0.5381561907960,0.3240792997250,0.4207619195204,-0.0209667434733,-0.2757021239908,-0.0915584454275,0.3002562663710,0.0363629634724,0.0671409740957,0.2911887698020
0.1403887427343,0.1758423733642,-0.0053196442560,0.1668340384991,1.0000000000000,-0.0910016952043,0.1981936678014,0.2882824734945,-0.0876055696916,0.4056404176037,0.3803690281345,-0.0010652050997,0.6535317945767,-0.0615892493064,-0.0133382330773,0.1056959654004,0.1379707260992,0.2135372317916,-0.0076445226268,0.0600577583658,0.7457197279075,0.1989425162347,0.3513817402634,0.1556807005049,0.4398114008574,0.0399795915297,0.1040544507371,-0.0771068518226,0.4812341985412,0.3015097454723,0.3317220628032,-0.0671036768487,-0.0072362966512,0.4216598198864,0.2517616981845,0.2365379609302,0.0796444293651,-0.1172167798320,0.1242564415676,0.8104565563555,-0.1141315832607,0.0288241930449,-0.0376056017904,-0.2362043620166,0.3946949700294,0.2788426214659,-0.1954216053226,0.6778023751169,-0.1423319630050,-0.1103508559114,0.0532138832359,0.2121897690596,0.1491947306397,-0.2953719367430,-0.1945329336905,0.7137279161551,0.1750771989111,0.3002625236335,0.1405867727653,0.5156687665712,-0.0043253197604,0.0149528577320,-0.0435981924024,0.3378374657985,0.1822073615595,0.1230157507393,-0.0531571970256,0.0531459420526,0.1940153619967,0.1694822787542
-0.0735347700647,0.0588138836154,-0.0456454500887,0.1229395291454,-0.0910016952043,1.0000000000000,0.3968803333390,0.0233928512930,0.5144596243559,0.1236296716686,0.1669372512807,0.2131878098698,-0.0307213852936,0.3398346708580,0.3517384976786,0.5498830418329,-0.2332911412077,-0.1293492738103,0.1896060626927,0.0038097404192,-0.1745310737978,-0.1186134052897,-0.0121605561147,-0.1892444200121,0.0392482958640,-0.0046438702193,-0.0469950631111,-0.1216508679899,-0.1673147376612,0.1979973598136,0.0115073378315,0.0705582914235,0.4585826111855,0.1988124974353,0.1211559610744,-0.0835850449998,0.0005201643987,-0.0597737843209,0.1030234370002,-0.0740765792922,0.7295620741305,0.4333049166104,-0.0036629496882,0.5539483356495,0.1916471301205,0.0537889283032,0.3228078816188,-0.1161539427632,0.2838636566619,0.3702793492911,0.5821917057904,-0.3068836320400,-0.2612984308075,0.1499948360850,-0.1644404801197,-0.1748980810327,-0.2809017905166,-0.0749057850996,-0.3338652848455,-0.0025640042995,-0.1113457374671,-0.1904083436324,-0.1216117881747,-0.3036002346162,0.1077391865986,-0.1364909135376,0.1084816559572,0.4205987622741,0.0472994816199,0.1624851141936
0.1288224184744,0.0374836968194,-0.2664247939069,0.1577578213088,0.1981936678014,0.3968803333390,1.0000000000000,0.1077553233671,0.7772925475930,0.1993296275861,0.7993545012093,0.2572557638781,0.4980469764220,0.3896613066669,0.5168089316303,0.6113309995700,-0.2201823232369,-0.1642024063099,0.3621338201083,0.0804953168917,0.3204809214633,-0.2501283818473,0.0998335090999,-0.3362402858340,-0.0053021949573,0.0021583196642,-0.1937220804751,-0.2909295416938,0.0367579104072,0.3765108527370,-0.0297097333574,-0.1073748024662,0.3384011207854,0.3192427534541,0.1645887705832,0.0299037558035,-0.1609984304397,-0.4154026004667,0.1241754868251,0.2198141670195,0.2739937486265,0.7914226695473,-0.2483944444557,0.5082210979629,0.1716325452039,0.6376295152701,0.3615552610791,0.3846498990127,0.2064608393390,0.2352630739872,0.5614308948244,-0.1948381379073,-0.2316413656311,0.0098225260651,-0.3685522247148,0.3176590788766,-0.3002871474295,-0.0783471515183,-0.4707362364057,0.0066134252278,-0.0232720508026,-0.3965413393790,-0.3738499120950,-0.0988823572884,0.0815149794810,-0.3151592648115,-0.0443850884477,0.3781422348797,-0.0179639276094,0.1755315993144
0.3740045867638,0.3270105153410,0.3254356356884,0.4322570360577,0.2882824734945,0.0233928512930,0.1077553233671,1.0000000000000,0.0255501928164,0.2286201764180,0.3021736148776,0.3424536505675,0.0836711305043,0.1618811580856,0.3844974159150,0.0182180726262,0.1702234964678,0.1882495301266,0.1172525534005,0.3068590874677,0.1014703292204,0.3316559322514,0.3120687578532,0.3124305858524,0.5384868874834,0.5059168733962,0.3740132149896,0.3598865194551,0.4917668150095,0.2933151317861,0.5659894176839,0.2378148698764,-0.1092695825827,0.3044252470900,0.2651803740239,-0.0777096327635,0.2787116111678,-0.1090083925857,0.4602798425444,0.3054570751934,0.0146946884164,-0.1680787738437,0.3130595198820,-0.1143900646894,0.2067245711351,0.1022444087477,-0.0402812304135,0.0759504119695,-0.0483972755795,-0.0966049952268,-0.1113757637833,0.1126356720559,-0.0334873893416,-0.2916649657813,-0.1615237645472,0.0573724140951,0.0576151792100,0.1143595365363,-0.0357410371113,0.3534025655007,0.2980292095971,0.0799730805704,0.2183764808353,0.3246344411885,-0.1797119019158,-0.1004941609882,0.1487082087549,-0.1084789447165,-0.0756048358631,0.0547267942075
0.0549312822323,0.0478437029519,-0.2425152478914,0.1327181317476,-0.0876055696916,0.5144596243559,0.7772925475930,0.0255501928164,1.0000000000000,0.0047898831222,0.5567811758511,0.2867776043542,0.0518861356258,0.5444967940731,0.6349934001712,0.5381819476246,-0.1860379523791,-0.3048702359316,0.4630283976784,0.0425721972603,-0.0346928217292,-0.2685397654796,-0.0240398989458,-0.3811512167689,-0.0934658631323,0.0432198191870,-0.1712572690037,-0.2275133816776,-0.1707949921268,0.2837056423158,-0.0723600895990,-0.0702150451534,0.5133457245871,0.1915512145299,0.0706019014015,-0.0105644308261,-0.1178989963160,-0.2706172708074,0.1320277770969,-0.0614810214811,0.4325145943073,0.6901317354338,-0.1543002513062,0.7041016852414,0.0046707292213,0.3277054521602,0.5108266441997,-0.0408674766632,0.2949230144780,0.3267170382709,0.5373027587278,-0.1722214507016,-0.2756563137248,0.1688456534661,-0.3088075704317,-0.0476167111639,-0.2883025517303,-0.1691422530153,-0.4528420329743,-0.1188276073046,-0.0217975552099,-0.3167442432810,-0.2990069221723,-0.2822084828261,-0.0201254739313,-0.2686931141783,0.0192071114761,0.4700843088711,-0.0662057132462,0.1046384370412
0.1266185802677,0.0396710122314,0.2781421478275,0.4014455251961,0.4056404176037,0.1236296716686,0.1993296275861,0.2286201764180,0.0047898831222,1.0000000000000,0.0783089202105,0.0199765559605,0.4458382633474,0.2455432190340,0.0846237132922,0.3167584368063,-0.1532041216438,0.0488017657569,0.0714219061305,0.0312453299316,0.3861485835114,-0.0607766367162,0.5103642294984,-0.0292975508442,0.6949188181324,0.1043670383959,0.0330619973468,-0.0619904054794,0.0906995541522,0.1043440841577,0.1067129307649,-0.0675483060705,-0.1738967059886,0.3129625921899,0.1107879150870,0.0267858454117,0.1258776762761,0.0717614603465,0.2505078150706,0.2594523613209,0.0730736580436,0.0586816471638,-0.0034461563956,-0.1890599814034,0.8239505233866,-0.0518734400422,0.0096227074467,0.3783565928814,0.1397719239974,-0.1422146354883,0.2463394194336,-0.1507324603532,-0.0126039997116,-0.2227861834505,-0.3053305121817,0.3228738942506,-0.2033765091449,0.4431225829945,-0.1255294397665,0.5610442435535,0.1242270186808,-0.0114720947190,-0.0992017573179,-0.0423980082755,0.0193061052553,-0.1080063945672,0.0096128915535,-0.0507554106686,0.1793793264472,0.1233345410865
0.2128674554749,0.0809508903455,-0.2184295457129,0.1480681141312,0.3803690281345,0.1669372512807,0.7993545012093,0.3021736148776,0.5567811758511,0.0783089202105,1.0000000000000,0.2909514628908,0.5143618356093,0.2823705587142,0.4993990213718,0.2974819330683,-0.0184665049123,0.0187127848640,0.3162068187063,0.1597348787890,0.4894092360339,-0.0143967779113,0.1638780144166,-0.0860195089816,0.0339759624397,0.1400190086032,-0.0256173819957,-0.1056874232411,0.3165574695947,0.4594944889338,0.1681278528297,-0.0547278520812,0.1465133342165,0.3449005164475,0.2491939832298,0.0411576631120,-0.1512864735737,-0.3948534373465,0.1852051286204,0.4383551271910,0.0972931396110,0.5113685862927,-0.2127830557133,0.2757012809542,0.0380246007393,0.7314964572602,0.1441549187615,0.4355034174410,0.0759629259984,0.1000151994729,0.2314918058291,0.0350108904722,-0.1403635601786,-0.0968724661096,-0.3261216479641,0.4725873495353,-0.0591113907033,-0.0344125261839,-0.2378051766148,0.0489479668964,0.0518188586200,-0.3002549715166,-0.2034551049872,0.1926670758503,0.0055363335513,-0.2098501992738,-0.0361449642562,0.1930006314035,0.0432049192139,0.1077918645101
0.3730601150066,0.4778951648759,0.1792636941048,0.5649582179857,-0.0010652050997,0.2131878098698,0.2572557638781,0.3424536505675,0.2867776043542,0.0199765559605,0.2909514628908,1.0000000000000,-0.0651001481211,0.5279021832102,0.5148146278737,0.1373104773527,0.1568973333795,0.1844655393176,0.4298055458652,0.3454351846492,-0.0580421503959,0.2082686505124,0.2235076778243,0.1852460808211,0.1255782134982,0.6425814758446,0.4986876370642,0.4124969320519,0.1054274278807,0.3673298116380,0.3589586283244,0.1096342050189,0.0808579064600,0.3058845099509,0.5599582516198,0.0865977593577,0.2762748403214,-0.0937443573942,0.5993551122695,-0.0398647691423,0.2428200948697,0.0071987135415,0.0107583647474,0.1854754131578,0.0124688794261,0.0625993678617,0.5522559228169,-0.1321841937152,0.3478133968181,0.2163573368975,0.0602667081789,0.1569384868906,0.0188120273249,0.0164984674958,-0.0378833666036,-0.1527482348583,-0.0376576955015,0.1032900835126,-0.0318891485645,0.0897779973011,0.4401190596295,0.0874727296372,0.3224231896279,-0.0170836179874,0.0222759245879,-0.0863978712361,0.2200684079135,0.2409272736876,0.1142717875436,0.2923145579236
0.0877802081181,-0.1051771733438,-0.0874802940827,0.0241740910466,0.6535317945767,-0.0307213852936,0.4980469764220,0.0836711305043,0.0518861356258,0.4458382633474,0.5143618356093,-0.0651001481211,1.0000000000000,-0.0141252902804,0.0412188669125,0.3763800759498,-0.0017166001316,0.1154143356737,0.0714233214517,0.0774276418108,0.8203464111556,-0.0054595401300,0.3177203326320,-0.0182328516616,0.2363551541405,-0.1906733136900,-0.1252383402979,-0.2836785720568,0.4046205115879,0.3188485052477,0.1227402263819,-0.1223936508420,-0.1127305444740,0.4296598423237,0.1513239684156,0.0266730519078,-0.1755104398854,-0.2626265601988,-0.0556092885943,0.6143411682730,-0.2090825740333,0.2970415343795,-0.2653385122638,-0.1547856340727,0.3527620905908,0.3943470775465,-0.0824309662819,0.9040885063858,-0.0665291812097,-0.1104865732591,0.2852044330068,0.0316925500599,-0.0525831587295,-0.1886120373147,-0.3048779082560,0.7918060292355,0.0012475835759,0.2282015869583,-0.0795759428926,0.2829958632150,-0.1614819258925,-0.2179019214690,-0.2894591214806,0.2854265738469,0.2173623318682,-0.0286604177113,-0.1063247155002,-0.0830158085404,0.1925893400866,0.1551195088591
0.0415504734933,0.2511139835670,0.1034417638284,0.4387408029017,-0.0615892493064,0.3398346708580,0.3896613066669,0.1618811580856,0.5444967940731,0.2455432190340,0.2823705587142,0.5279021832102,-0.0141252902804,1.0000000000000,0.4888057806211,0.3269448279667,-0.0513253337035,-0.1403075244944,0.5622334357581,0.2009873776714,-0.0807118244830,-0.0794769418552,0.0483244482115,-0.0795850375518,0.1647904716128,0.4986716692816,0.2160415087056,0.2109003275930,-0.1287331730087,0.2277080627975,0.0143610637628,0.1808598869034,0.1558302360934,0.1679050775306,0.1862956760705,-0.1618184830141,0.0651790656049,-0.0678332228431,0.4371148805241,-0.1575172628929,0.3002004886958,0.2762075716383,-0.1544971977803,0.3686721454391,0.1308369679750,0.0361688446134,0.6032509653172,-0.1377448549968,0.6117360271544,0.1559477112753,0.3132600392358,-0.0481460281084,-0.1931716484696,0.2108083671242,-0.2551522937950,-0.1263055979779,-0.1819524103984,-0.0634995104645,-0.2045937405908,0.0572862056279,0.3471416157249,-0.0859318334130,0.0772166459351,-0.2567668829072,-0.0692889841800,-0.3336927690979,0.2428971741924,0.2920053128458,-0.0627750528352,0.1151022081288
0.4916747897579,0.0566889763840,-0.0220631733791,0.2297076262918,-0.0133382330773,0.3517384976786,0.5168089316303,0.3844974159150,0.6349934001712,0.0846237132922,0.4993990213718,0.5148146278737,0.0412188669125,0.4888057806211,1.0000000000000,0.3781041863490,-0.0934522869150,0.0497445066201,0.5907173775594,0.4778134054985,0.0044514765728,0.0154139323517,0.1635515270797,-0.0867996369953,0.1453621264096,0.2735403879008,0.1134153925999,0.0674476387429,-0.0190328053104,0.6001282577985,0.1470755549590,0.1688252595900,0.1913960593235,0.3046367644126,0.2192321517465,0.1234323402430,-0.0163080539155,-0.1891984212713,0.2720419867660,-0.0082469123997,0.3104291590506,0.2664888871071,0.0111952686127,0.3002151717917,0.1107648341352,0.1703281794580,0.3343483910215,-0.0701700825899,0.1949196339267,0.3542242428711,0.3209698244384,-0.0819776207483,-0.2489894997565,0.0891548729881,-0.1584441936388,-0.1280291100668,-0.0946349717057,-0.0902605792045,-0.3120209452810,0.0068227193126,0.1710562712783,-0.1870485899054,-0.0847022391846,-0.1141941034229,0.0821192012107,-0.2825724843452,0.2181307992592,0.1955411343786,0.0539695851842,0.1117544416523
0.0012738529847,-0.0402799421294,-0.1051440046036,0.0539131768687,0.1056959654004,0.5498830418329,0.6113309995700,0.0182180726262,0.5381819476246,0.3167584368063,0.2974819330683,0.1373104773527,0.3763800759498,0.3269448279667,0.3781041863490,1.0000000000000,-0.1569337609860,-0.1052626698506,0.1974237112347,0.0520522235952,0.1182500763418,-0.1841985965283,0.0577585460798,-0.2853958228117,0.1355030157009,-0.1477879769908,-0.2365844219390,-0.3228495189639,-0.0854180271507,0.3798617871202,-0.0744839086260,-0.0075830170735,0.4013287625558,0.4078454839179,0.0696365439665,-0.0722655636761,-0.1418072570687,-0.2371799196655,-0.0151261021119,0.0991390081871,0.3055953108062,0.5727546764692,-0.1515746704603,0.3971833671188,0.3328988415646,0.1581047878196,0.3843663976159,0.2948339597869,0.2566649468076,0.2969251103191,0.8248232546910,-0.2540287872662,-0.2797149742232,0.1517059738646,-0.2409280134175,0.0971510599152,-0.3119478490953,-0.0624023758778,-0.4087061519676,0.1293891546871,-0.1424178810605,-0.2753172075798,-0.3584181550205,-0.2236232219018,0.2775235277781,-0.2772350167695,0.0409321869814,0.3338380738036,0.0384499985871,0.2236759811729
0.1612890887982,0.1350178582472,0.2219855418559,0.0586281470049,0.1379707260992,-0.2332911412077,-0.2201823232369,0.1702234964678,-0.1860379523791,-0.1532041216438,-0.0184665049123,0.1568973333795,-0.0017166001316,-0.0513253337035,-0.0934522869150,-0.1569337609860,1.0000000000000,0.1452572900637,-0.0369083501770,0.0768822070246,0.0638825253522,0.6260600009861,0.2920210874928,0.6244927417291,0.2234194965185,0.2183706254928,0.1797266634666,0.3333983958038,0.5609635779997,0.1620611908238,0.3949566551172,0.0621087201754,-0.2002129660801,0.2322972610737,0.1558071182945,-0.0060256654032,0.0168655845753,-0.0017396245922,0.1064862082002,0.1576139058213,-0.2412730382155,-0.2723630554643,-0.0315412146078,-0.2056155170033,-0.2230611645466,-0.1250243615868,-0.0797732456673,0.0388699919215,-0.1326265493006,-0.1835136164875,-0.2145493837776,0.8952770130381,0.0247881664966,-0.1620201439291,-0.0192323012733,0.0206890557910,0.5838343828803,0.2139849066853,0.5701854584389,0.3103844293911,0.1253960628643,-0.0326758113190,0.3193313677000,0.5054655062622,0.0104477448981,0.2782502472502,0.0224658039494,-0.1824924607417,0.0626555529018,0.0070370311964
0.4147806842869,0.2658999933946,0.3086479857656,0.1483121592768,0.2135372317916,-0.1293492738103,-0.1642024063099,0.1882495301266,-0.3048702359316,0.0488017657569,0.0187127848640,0.1844655393176,0.1154143356737,-0.1403075244944,0.0497445066201,-0.1052626698506,0.1452572900637,1.0000000000000,0.1746686411252,0.6060982876531,0.2061755509040,0.4104087776248,0.2692847818363,0.5171171181065,0.1732865355391,0.1407477555024,0.5295903238389,0.2185393608115,0.2931821563030,0.3420084483357,0.4403787818145,0.2106355545052,-0.1020978182182,0.2940631285003,0.5764091558421,0.2728946936935,0.1519320400552,0.1180930664609,0.1582327637864,0.1851831878615,-0.1385958988334,-0.3777461881319,-0.0470535935719,-0.4233320608568,0.0421576139857,-0.1455822662134,-0.2388972522588,0.1416573193014,-0.2698475842351,-0.2139331933672,-0.2629121167438,0.1255641702752,0.5647320250035,-0.1263181959946,0.3098948943917,0.1018851140850,0.2059346729660,0.1315851061856,0.3819106304203,0.1320565350313,0.0859200360402,0.3559835728044,0.1789793373338,0.1568710761253,0.2308389276989,0.2080339519014,0.1630671853783,-0.0905873799719,0.2860305834726,0.3658593618403
0.2879162776739,0.0931909348945,0.1565404656353,0.2036663489320,-0.0076445226268,0.1896060626927,0.3621338201083,0.1172525534005,0.4630283976784,0.0714219061305,0.3162068187063,0.4298055458652,0.0714233214517,0.5622334357581,0.5907173775594,0.1974237112347,-0.0369083501770,0.1746686411252,1.0000000000000,0.5786888709443,0.0410293734654,0.0083817049632,0.1547012391736,0.0768018127296,0.0191170941244,0.1642346105127,0.3224405063325,0.2229205196288,0.0449887878803,0.3927953781583,0.1655679795601,0.1425208953974,0.0579960331766,0.2479255973286,0.2005662303879,0.0690391706485,-0.0965672698757,0.0363024836714,0.1863252027926,-0.1253317066638,0.2117649049503,0.1422394111282,-0.1983758659720,0.0986186084370,-0.0414771370801,0.0306320310424,0.4095247000163,-0.0872979164271,0.1477291302424,0.0958949358507,0.1653654304182,0.0352328827907,0.0448547331723,0.2468270789052,-0.1009341276210,-0.0738067847396,-0.0569011326500,-0.0370675971257,0.0062371641878,-0.0867231076249,-0.0500432685622,-0.0380026861023,0.1159492721251,-0.1372388012473,0.1121308321387,-0.0749843274598,0.2068777576961,0.1795113159811,0.0295978384433,0.1751835022740
0.5249994060035,0.1323283879695,0.1924587415097,0.2133831802171,0.0600577583658,0.0038097404192,0.0804953168917,0.3068590874677,0.0425721972603,0.0312453299316,0.1597348787890,0.3454351846492,0.0774276418108,0.2009873776714,0.4778134054985,0.0520522235952,0.0768822070246,0.6060982876531,0.5786888709443,1.0000000000000,0.1245611599113,0.1841389327618,0.2711077593454,0.2597275547713,0.1428639807135,0.2357735971015,0.4042502701499,0.1837615491067,0.1705371127196,0.4357949171647,0.3224072169503,0.4006989882360,-0.0948160194221,0.2549645237102,0.4988683326212,0.2745356107025,0.0892408487891,0.0316480498990,0.2370248047146,0.0411679222182,-0.0207889950546,-0.1431605888276,-0.0421612272107,-0.1846433138461,-0.0010218137978,-0.0577956754452,0.0529800677271,0.0536347317667,-0.0859214747667,0.0886531508229,-0.0307905976315,0.0981577895935,0.3574233559251,0.0939688622750,0.3489617370221,0.0065283677761,0.0768162569117,0.0377287276662,0.1343509084738,0.0380427183180,0.1815362360362,0.2414861730199,0.0968452529472,0.0298054387621,0.2023200386477,0.0111305583550,0.3770817570048,-0.1169436496428,0.2232875165311,0.4205478199921
0.1957814612248,-0.0435415246195,-0.0515269316202,0.0625251933810,0.7457197279075,-0.1745310737978,0.3204809214633,0.1014703292204,-0.0346928217292,0.3861485835114,0.4894092360339,-0.0580421503959,0.8203464111556,-0.0807118244830,0.0044514765728,0.1182500763418,0.0638825253522,0.2061755509040,0.0410293734654,0.1245611599113,1.0000000000000,0.0388979039704,0.3487002499055,0.0742107554348,0.2867324866346,-0.1246825317751,-0.0859473388903,-0.2401581032226,0.4373356458294,0.2022014256512,0.1712001173507,-0.1156419888969,-0.1536554639255,0.2767199157445,0.2341984939351,0.2191366146933,-0.0623928854425,-0.1707835089563,0.0137448144587,0.7015253091981,-0.2523325556347,0.1222898789062,-0.2177922594672,-0.2396533930560,0.3275825393400,0.3034375880714,-0.1930146203982,0.7952223537036,-0.1248842413377,-0.1536923307811,0.0650758075321,0.1511179605212,0.1142240024795,-0.1615727688419,-0.1388040472968,0.9065462477753,0.0229849075414,0.2721604847515,0.0371285196547,0.3392447313704,0.0159517440733,-0.0862308323080,-0.2234708792074,0.3176037968835,0.0701251285207,0.0140524201533,-0.0701966439729,-0.1328813427300,0.2610434822917,0.1136831821414
0.2722171670761,0.1923332892517,0.4382700290447,0.1310771662806,0.1989425162347,-0.1186134052897,-0.2501283818473,0.3316559322514,-0.2685397654796,-0.0607766367162,-0.0143967779113,0.2082686505124,-0.0054595401300,-0.0794769418552,0.0154139323517,-0.1841985965283,0.6260600009861,0.4104087776248,0.0083817049632,0.1841389327618,0.0388979039704,1.0000000000000,0.3145297626326,0.8514712910991,0.2524189279133,0.2476498442450,0.4155577246254,0.4521560762720,0.5975242943149,0.2710727646353,0.7387657373684,0.1595880230804,-0.1873096473380,0.3055100731803,0.2907666228936,-0.0554369707627,0.0483662953227,0.0739314277079,0.1761175751630,0.2155200072149,-0.0841655881886,-0.4165701415773,0.0082632180659,-0.2919589157682,-0.0810014802332,-0.1615796661105,-0.2003908691763,0.0067981091898,-0.2838266671847,-0.2691274529595,-0.2800869160989,0.5356329563631,0.0578719917670,-0.3041668894757,-0.0686242775034,-0.0499977800734,0.7506178245952,0.2009175808632,0.6342114249704,0.2425429123566,0.0146868315135,0.0435375414579,0.3941644829653,0.5259250986601,0.0495783462675,0.4150123206187,0.0417316529731,-0.0972501020615,0.1190818728230,0.0277190303292
0.3975456785124,0.3285850387638,0.2485953448119,0.4874754548735,0.3513817402634,-0.0121605561147,0.0998335090999,0.3120687578532,-0.0240398989458,0.5103642294984,0.1638780144166,0.2235076778243,0.3177203326320,0.0483244482115,0.1635515270797,0.0577585460798,0.2920210874928,0.2692847818363,0.1547012391736,0.2711077593454,0.3487002499055,0.3145297626326,1.0000000000000,0.2773284642194,0.5346224487777,0.2050106240471,0.2395650189627,0.1306883648443,0.3850744400848,0.3381947472089,0.5878084765627,0.0330386745162,-0.2125266921775,0.5361952813472,0.4505047442765,0.2729802101284,0.3657181321548,0.0516849871765,0.3991827296214,0.3073050305276,-0.0405458419781,-0.1705841465173,-0.1465587482302,-0.3085114851978,0.4546496640796,-0.1276626094275,-0.0183124005185,0.2651985433592,-0.1186748637630,-0.1800917642772,-0.0663554639890,0.2899837756682,0.2531393183747,-0.3439949263664,-0.1284964624824,0.2242719778404,0.1392417866392,0.8228381821901,0.2353924672597,0.5163085612409,0.1392202685325,0.1020175586167,0.1825667771634,0.2230038406509,0.1141170345505,0.2536375667297,0.0809332794033,-0.0795815904742,0.3480624163766,0.4236752939176
0.2796301267782,0.2446638234685,0.6488998682288,0.1386778553609,0.1556807005049,-0.1892444200121,-0.3362402858340,0.3124305858524,-0.3811512167689,-0.0292975508442,-0.0860195089816,0.1852460808211,-0.0182328516616,-0.0795850375518,-0.0867996369953,-0.2853958228117,0.6244927417291,0.5171171181065,0.0768018127296,0.2597275547713,0.0742107554348,0.8514712910991,0.2773284642194,1.0000000000000,0.2819745175998,0.2928126692527,0.5265068384221,0.6181538733120,0.6201693442573,0.1322295820567,0.6201421179828,0.1075506979495,-0.3447611207531,0.1903870869670,0.2575880469349,-0.0571094489496,0.1144384162577,0.2681951990400,0.1682548630290,0.1401523403119,-0.0995778367702,-0.5125561726115,0.0420628179324,-0.4249774115475,-0.1243606707981,-0.2436198239759,-0.2853920313366,-0.0218656718406,-0.3046989788020,-0.3914726115069,-0.3796514413593,0.5681180496598,0.1612218864802,-0.2837589159540,-0.0327193906152,-0.0293599635436,0.5844014102865,0.1991946090642,0.7236920075470,0.2186024138492,0.0746534693696,0.1489339456048,0.5351486521228,0.4602227173911,-0.0626177488031,0.3628566677762,0.0576553326343,-0.2096971088357,0.0475415430226,-0.0391888455223
0.2712042039390,0.1843827553361,0.4185025640880,0.4236601809442,0.4398114008574,0.0392482958640,-0.0053021949573,0.5384868874834,-0.0934658631323,0.6949188181324,0.0339759624397,0.1255782134982,0.2363551541405,0.1647904716128,0.1453621264096,0.1355030157009,0.2234194965185,0.1732865355391,0.0191170941244,0.1428639807135,0.2867324866346,0.2524189279133,0.5346224487777,0.2819745175998,1.0000000000000,0.2877163591255,0.2164380056698,0.1774393256200,0.4298577157667,0.1783779016722,0.3698688753142,-0.0133911280319,-0.1760726098548,0.2916328067743,0.1916408918421,0.0685392231393,0.2409192283048,0.1471350073099,0.3266281025450,0.3381763658973,-0.0097820349842,-0.1972460106739,0.2959224619650,-0.2802768037016,0.6545177653899,-0.1778723673753,-0.1040919151125,0.2320505832349,0.0349128446923,-0.1774354186702,0.0666919405746,0.2210313488202,0.0201694191417,-0.2803510170607,-0.2023123935207,0.1933028350875,0.0708764618746,0.4224705057095,0.1282821174159,0.8089720433022,0.2481558199507,0.0848198590049,0.1258590168238,0.2885019174013,-0.0380946322190,0.0858126600344,0.0548589040275,-0.1350003849048,0.0914195467077,0.0990683648190
0.1764603261755,0.6414394773957,0.2814857999163,0.7104688115121,0.0399795915297,-0.0046438702193,0.0021583196642,0.5059168733962,0.0432198191870,0.1043670383959,0.1400190086032,0.6425814758446,-0.1906733136900,0.4986716692816,0.2735403879008,-0.1477879769908,0.2183706254928,0.1407477555024,0.1642346105127,0.2357735971015,-0.1246825317751,0.2476498442450,0.2050106240471,0.2928126692527,0.2877163591255,1.0000000000000,0.5960642268040,0.6288048845927,0.1355972208331,0.0549358776822,0.3201677327890,0.2245344865836,-0.1229674778063,0.0965710956558,0.3898510581273,-0.0877144826537,0.5208471442966,0.0325865272933,0.8186510465025,0.0044734060709,0.1501128189679,-0.2286177005707,0.1686715480865,-0.0055486453357,0.0761432238803,-0.0226972053688,0.2237446176000,-0.2052838817642,0.2630655262910,-0.0609566540628,-0.2382864634214,0.2011097933019,0.1009911607295,-0.2168767201481,-0.0098252978393,-0.1343134447341,0.0394940213123,0.1438860113025,0.1115307763813,0.2594450382445,0.7544752068312,0.2769612044403,0.5417552206171,0.0771530431139,-0.3085387712081,-0.1532294999590,0.2978520064436,-0.0128086632979,-0.0905204229955,0.1356957510451
0.1138043720210,0.6134698128980,0.6240197491530,0.5465094646376,0.1040544507371,-0.0469950631111,-0.1937220804751,0.3740132149896,-0.1712572690037,0.0330619973468,-0.0256173819957,0.4986876370642,-0.1252383402979,0.2160415087056,0.1134153925999,-0.2365844219390,0.1797266634666,0.5295903238389,0.3224405063325,0.4042502701499,-0.0859473388903,0.4155577246254,0.2395650189627,0.5265068384221,0.2164380056698,0.5960642268040,1.0000000000000,0.7380290200025,0.2055896970632,0.0953017817277,0.4925680212160,0.2430940648629,-0.1503561548562,0.1982847999911,0.4066963870644,-0.0517977119336,0.5006829921268,0.3577572922950,0.5914831574031,0.0110258499105,0.1072141617217,-0.4341134090893,0.1124226914095,-0.2481123234756,-0.0310070202993,-0.2163882169814,0.0207312759920,-0.1705134031073,-0.0870008492326,-0.1585967956409,-0.3387698996495,0.1880974352702,0.3762880021422,-0.1251719790821,0.1474438037697,-0.1503652716601,0.1609314192807,0.1837553989828,0.3812506526929,0.1274688032012,0.2722422240426,0.6357502604918,0.7310055780637,0.0616229797051,-0.0953024174459,0.1500575970592,0.2657491729684,-0.0551761993139,0.0215720536469,0.1547938260038
0.1164578217768,0.4679007017523,0.6541790483177,0.4137321601664,-0.0771068518226,-0.1216508679899,-0.2909295416938,0.3598865194551,-0.2275133816776,-0.0619904054794,-0.1056874232411,0.4124969320519,-0.2836785720568,0.2109003275930,0.0674476387429,-0.3228495189639,0.3333983958038,0.2185393608115,0.2229205196288,0.1837615491067,-0.2401581032226,0.4521560762720,0.1306883648443,0.6181538733120,0.1774393256200,0.6288048845927,0.7380290200025,1.0000000000000,0.2474699378006,-0.0525796838553,0.3423403035042,0.0910478275140,-0.2653026167773,0.0108318081913,0.0998018265398,-0.2242080093114,0.3619124163913,0.3875817381573,0.4659517603943,-0.1494616342347,0.0712994234549,-0.4716443592748,0.0930472621193,-0.2322832246994,-0.1627367443197,-0.2456409674881,0.0451265950331,-0.3392230386498,-0.0393855232220,-0.2546268525222,-0.3946366030748,0.3024180911867,0.0419178646403,-0.1604074678850,-0.0646947700108,-0.3056107980759,0.2563826337031,0.0837899059948,0.4393529498809,0.0313090074073,0.2955918689568,0.3119826778174,0.8857148782049,0.1748916560110,-0.2794717584861,0.0541078076416,0.1018493083833,-0.0723790915458,-0.1908841819550,-0.1283684981187
0.2798723808034,0.0732268062667,0.2628322607823,0.0666823921070,0.4812341985412,-0.1673147376612,0.0367579104072,0.4917668150095,-0.1707949921268,0.0906995541522,0.3165574695947,0.1054274278807,0.4046205115879,-0.1287331730087,-0.0190328053104,-0.0854180271507,0.5609635779997,0.2931821563030,0.0449887878803,0.1705371127196,0.4373356458294,0.5975242943149,0.3850744400848,0.6201693442573,0.4298577157667,0.1355972208331,0.2055896970632,0.2474699378006,1.0000000000000,0.2749564798523,0.6063235791163,-0.0232182866745,-0.2711700533554,0.3228616933066,0.2211582715391,-0.0431616254238,-0.0798149423033,-0.0557392511107,0.0758057184526,0.5579811279765,-0.2276103944615,-0.2089895757908,0.0925281377891,-0.3088910001399,0.0147958944058,0.1420726212158,-0.2416044132526,0.3835180082576,-0.2751705748812,-0.3159154122967,-0.1615159363662,0.5501279264620,0.0302283925259,-0.3196946785642,-0.1926187678275,0.3900028019284,0.4685832167837,0.2322314049209,0.4509673864498,0.3689419676891,-0.0272363258256,-0.0697577756747,0.1941692670859,0.8001902180708,0.0170174213257,0.3700218520611,-0.0752804651394,-0.2060543043392,0.0233344951408,0.0649489679493
0.6037161171702,0.0656908800057,-0.0505434787775,0.0261080215254,0.3015097454723,0.1979973598136,0.3765108527370,0.2933151317861,0.2837056423158,0.1043440841577,0.4594944889338,0.3673298116380,0.3188485052477,0.2277080627975,0.6001282577985,0.3798617871202,0.1620611908238,0.3420084483357,0.3927953781583,0.4357949171647,0.2022014256512,0.2710727646353,0.3381947472089,0.1322295820567,0.1783779016722,0.0549358776822,0.0953017817277,-0.0525796838553,0.2749564798523,1.0000000000000,0.4033830250563,0.0590920119731,0.1948035734545,0.7206629621752,0.4612112298232,0.3381165514453,-0.1719100256953,-0.1917190864065,0.0574666694168,0.2624444646839,0.0012141544462,0.1136879963969,-0.2500044085577,-0.0199184656848,0.1076979731603,0.1658922625862,0.2130251864369,0.2425752321280,0.0361134217116,0.1907167427793,0.2562358544560,0.1573731710933,0.0457207855567,-0.0722252027895,-0.1749383431311,0.0647293457402,0.2187928635158,0.0942956443966,0.0735436587704,0.1765418401653,-0.0813941464396,-0.1647878588203,-0.1011140277826,0.1086785161252,0.5981600434934,0.0349018226917,0.0280109291948,0.2158455884078,0.2704612310990,0.4312175588318
0.3773495718526,0.3971729817302,0.3656574828687,0.3619711216025,0.3317220628032,0.0115073378315,-0.0297097333574,0.5659894176839,-0.0723600895990,0.1067129307649,0.1681278528297,0.3589586283244,0.1227402263819,0.0143610637628,0.1470755549590,-0.0744839086260,0.3949566551172,0.4403787818145,0.1655679795601,0.3224072169503,0.1712001173507,0.7387657373684,0.5878084765627,0.6201421179828,0.3698688753142,0.3201677327890,0.4925680212160,0.3423403035042,0.6063235791163,0.4033830250563,1.0000000000000,0.1255439438400,-0.0541262971801,0.5031365191687,0.5542070664640,0.1248825991951,0.2405881649030,0.0097750671529,0.3850217624352,0.3463795907758,-0.0023806935862,-0.3064825027962,-0.0449194025517,-0.2043564692223,0.1139874268868,-0.0987180721111,-0.0216318735322,0.0864872784486,-0.1738043213014,-0.1650571520783,-0.2452124866519,0.3318258801429,0.2242986203421,-0.2760240915165,-0.0478926428301,0.0546015562227,0.4069462277325,0.4025986422180,0.4027736120604,0.3558355576527,0.0888213884903,0.1615920741101,0.3376142346187,0.3933762468817,0.0875948753976,0.3961466054295,0.0650646259502,-0.0085899613145,0.2061731073880,0.3020377137343
-0.0244883710401,0.1410849645556,0.0205733400499,0.1958323151160,-0.0671036768487,0.0705582914235,-0.1073748024662,0.2378148698764,-0.0702150451534,-0.0675483060705,-0.0547278520812,0.1096342050189,-0.1223936508420,0.1808598869034,0.1688252595900,-0.0075830170735,0.0621087201754,0.2106355545052,0.1425208953974,0.4006989882360,-0.1156419888969,0.1595880230804,0.0330386745162,0.1075506979495,-0.0133911280319,0.2245344865836,0.2430940648629,0.0910478275140,-0.0232182866745,0.0590920119731,0.1255439438400,1.0000000000000,-0.1054239260003,0.0715678325846,0.1482340428815,-0.0908060156454,0.2494354911095,-0.0969154923644,0.2067264604177,-0.0474496528822,0.1021232157486,-0.1845477686377,0.1068862447018,-0.0904725600117,-0.0789805118941,-0.0900799510576,-0.1110215867887,-0.1371460744883,-0.1095112955453,-0.0080354420190,-0.0626710274842,0.0049280279816,0.0634554267858,-0.0948436891852,0.2078477823938,-0.1000479288308,0.0686344898065,-0.0279391988000,-0.0132808198551,-0.1200339700541,0.1580179134679,0.1969326796982,0.0974270705518,-0.0206298289229,-0.0943015773355,-0.0861646127693,0.7888112613749,-0.1457449282645,0.1077964882569,0.0625756779991
-0.0365141052113,0.1056241805858,-0.2473375214427,-0.1378921890225,-0.0072362966512,0.4585826111855,0.3384011207854,-0.1092695825827,0.5133457245871,-0.1738967059886,0.1465133342165,0.0808579064600,-0.1127305444740,0.1558302360934,0.1913960593235,0.4013287625558,-0.2002129660801,-0.1020978182182,0.0579960331766,-0.0948160194221,-0.1536554639255,-0.1873096473380,-0.2125266921775,-0.3447611207531,-0.1760726098548,-0.1229674778063,-0.1503561548562,-0.2653026167773,-0.2711700533554,0.1948035734545,-0.0541262971801,-0.1054239260003,1.0000000000000,0.1480026835886,0.1940085842517,0.1043636725120,-0.0710124923984,-0.1867153712178,-0.1205699887758,-0.0122385812572,0.2856097424331,0.3842898450906,-0.1362088217233,0.4847417307669,-0.0746444826972,0.1326597073368,0.3162904545586,-0.0924045445742,0.1874693859464,0.3056929523962,0.3779904274992,-0.2383284253272,-0.0236851160732,0.2127414226256,-0.0990769734789,-0.1113813830810,-0.1454088221310,-0.2763188505351,-0.2524313679118,-0.1371602951959,-0.1444096461880,-0.1118968739869,-0.2619618782956,-0.3472195418490,0.2859617105718,-0.0475331152921,-0.0725323268151,0.7261237658719,-0.0913582701679,0.2570049020426
0.3187525259400,0.2992969001779,0.0992201348104,0.2379543109178,0.4216598198864,0.1988124974353,0.3192427534541,0.3044252470900,0.1915512145299,0.3129625921899,0.3449005164475,0.3058845099509,0.4296598423237,0.1679050775306,0.3046367644126,0.4078454839179,0.2322972610737,0.2940631285003,0.2479255973286,0.2549645237102,0.2767199157445,0.3055100731803,0.5361952813472,0.1903870869670,0.2916328067743,0.0965710956558,0.1982847999911,0.0108318081913,0.3228616933066,0.7206629621752,0.5031365191687,0.0715678325846,0.1480026835886,1.0000000000000,0.5345005321040,0.1891996640987,0.0991433871876,-0.1374679896196,0.1846074795551,0.3687822343492,0.0692641453919,0.0718934790332,-0.2228055053572,-0.0773025281228,0.2505335442663,0.0888146610578,0.1525956397311,0.3398010603079,-0.0549028333878,0.0008036709237,0.2260986983990,0.2083260518891,0.1142445517434,-0.2419919640485,-0.2995572203242,0.2094733244090,0.1670734583849,0.3979858498208,0.1076460242903,0.3141460838608,-0.0976601728129,-0.0864407883101,0.0066002880950,0.0872605061223,0.4747250305511,0.1397338462236,0.0635582976892,0.2207132620936,0.4196277709587,0.5171655087006
0.4163663922905,0.5650253509429,0.0851748698430,0.4406922653070,0.2517616981845,0.1211559610744,0.1645887705832,0.2651803740239,0.0706019014015,0.1107879150870,0.2491939832298,0.5599582516198,0.1513239684156,0.1862956760705,0.2192321517465,0.0696365439665,0.1558071182945,0.5764091558421,0.2005662303879,0.4988683326212,0.2341984939351,0.2907666228936,0.4505047442765,0.2575880469349,0.1916408918421,0.3898510581273,0.4066963870644,0.0998018265398,0.2211582715391,0.4612112298232,0.5542070664640,0.1482340428815,0.1940085842517,0.5345005321040,1.0000000000000,0.3863468598404,0.3460668815113,-0.1205922835842,0.4501613380636,0.2128332955267,0.0810740988056,-0.0987623724989,-0.1346743657268,-0.0788839475480,0.1327284468476,0.0237546953425,0.1641766928436,0.1380680223207,0.0454651368801,0.0564886824330,-0.0377377760106,0.1704865022121,0.4848666170479,-0.1434074344859,0.1477582743375,0.1505911344704,0.0594911683216,0.3205844757898,0.1506213166205,0.2326607830187,0.3362819769223,0.2262118783490,0.0941010964085,-0.0149848145742,0.2839782066787,0.1577182479376,0.1609872679037,0.2536138492951,0.4212801985441,0.7474722446157
