1.0000000000000,0.2817095720171,0.3038419864605,0.3630788603184,0.5861641778205,-0.1833933409831,0.4198041562399,0.3387632486913,0.2045343137094,0.3938637787548,0.4017906509647,0.2204596909971,0.4369192437622,0.1002520176808,0.4937187225354,0.3171523603939,0.3795749944786,0.6667674993142,0.2368289006294,0.6173110398078,0.5766401604141,0.5454615446722,0.5185169266638,0.5891795130850,0.2695059227006,0.3029693489963,0.4124938807850,0.3217653327377,0.4418865687859,0.7266299409774,0.5896408405236,-0.0331420844266,-0.1416286720705,0.6326423644710,0.5214128085223,0.6326764341980,0.2479622544290,-0.2606683705631,0.0076945116236,0.4774731017827,-0.0996680751396,-0.0529078795188,0.0672414563174,-0.3268465338929,0.2819934448698,-0.0198185503487,-0.0733762532754,0.4340304984047,-0.2068602359586,-0.2117014107116,0.1043655377900,0.2379335090264,0.0338552688126,-0.3388347883455,-0.4060146084870,0.4440594631561,0.1979960165156,0.3501749776716,0.1963809266319,0.3616134961679,-0.0630571802384,-0.3428466827582,0.0452918431471,0.1629348444778,0.2155773084211,0.1975602397400,0.1814963066692,-0.0467665320632,0.3641512508942,0.4478328488460
0.2817095720171,1.0000000000000,0.3435521430009,0.6407726809411,0.0029871009913,-0.0650528282759,0.0431611345383,0.4977271042220,-0.0091897132542,0.3167300899940,0.0077447494402,0.1620450597117,0.0593118932087,-0.0310855408828,0.2500738288407,0.0231033633671,0.1131319429812,0.4717965714947,-0.0073034838911,0.5003020707959,0.2698508896236,0.0294612705792,0.5169226020711,0.2823996298654,0.4507062263257,0.7129555685001,0.5663212801478,0.5616756866110,0.1829663432319,0.3482992167627,0.4694603374177,-0.3857978085710,-0.1243907758229,0.4638420452117,0.5853767896525,-0.1859015730769,0.7899653142688,0.0183390378778,0.5115120766145,0.0928151721022,0.0659941667410,-0.3285087634594,0.1700970211185,-0.3977389658613,0.2651602995354,-0.2747446989084,-0.1479146253916,-0.0455344783506,-0.1400505927784,-0.3864982163827,-0.1934072428796,-0.1330613100172,0.0812757954715,-0.3698364410123,-0.3580948829486,0.1087494583675,-0.4092023044985,0.4402690988194,-0.1731664560265,0.2931892656103,0.4223569015742,0.0801087184676,0.3700423960132,-0.1800972426582,-0.2547595973414,-0.0048272240641,0.1561002688237,-0.0181885946109,0.1474501020048,0.5229646294857
0.3038419864605,0.3435521430009,1.0000000000000,0.4615216658530,0.0226048356754,0.0654142007277,0.0833187039347,0.5759525145015,0.3037499231625,0.3720692677403,0.0753000277179,0.2620826854845,0.0787732075300,0.3375808698998,0.4368085800197,0.1942951572493,0.1957776556899,0.5621688767791,0.4785093926815,0.4470254228344,0.3183565983417,0.3032482401743,0.4409929111021,0.5127080323801,0.2434168905992,0.3544913439269,0.4772837699809,0.7675951769125,0.2644036985660,0.3189425916290,0.5225735842665,0.0618952214424,-0.0227863090449,0.3768840609029,0.3167062670040,-0.1750819953321,0.2962654102889,0.3412654950749,0.1361638902664,0.0778889834796,0.0180462485589,-0.1555068702225,0.0052507907262,-0.0256529186079,0.2628383502420,-0.2314890413601,0.1706913157187,0.0468305655645,0.1150424935441,-0.1904238640021,-0.0980490522211,-0.0015290208966,-0.0426186908950,0.0097413828191,-0.2835944123992,0.1461486549505,-0.1888265619313,0.2272192684487,0.0135878443562,0.1312771101128,0.1562969559567,-0.2568779124486,0.4154110336211,-0.1204200213191,-0.2424827293778,-0.1894063202360,-0.1373090850007,-0.0418362710301,-0.0624316750838,0.2559838164853
0.3630788603184,0.6407726809411,0.4615216658530,1.0000000000000,0.2044338094252,-0.1035653238221,0.2695726897762,0.4792274949906,0.1344522134120,0.6265046804255,0.1898100555632,0.2063018959957,0.3083521974412,0.1319153411399,0.3716026469732,0.1828903916924,0.1407307840796,0.5789310350837,0.1650121986758,0.5576408398935,0.4247385591079,0.2036289218525,0.6188439510557,0.3778474219355,0.5684129047806,0.6254492954270,0.4898295032562,0.4993236588643,0.3266428419144,0.4628263174691,0.4442676105541,-0.0852826586520,-0.1169374458023,0.4945496360796,0.5085210882320,-0.0948047450633,0.5721922430637,0.0020209831883,0.7132842942001,0.2674748830014,0.0078196791273,-0.2004378043145,0.1258405212768,-0.3367695917716,0.5359289327129,-0.1872491064084,-0.0491560615932,0.2356899275631,0.0325770331906,-0.3162166913176,-0.0808049539678,-0.0416202697422,0.0402115054351,-0.3040187023874,-0.4137899839935,0.3071723724683,-0.2752111695882,0.5145816033076,-0.0822590925437,0.4822659588768,0.3803689915565,-0.0475487699079,0.3845061983309,-0.0006768007864,-0.1783443185357,-0.0778770854045,0.1818920015758,-0.0400303809286,0.1295622846953,0.4860311875827
0.5861641778205,0.0029871009913,0.0226048356754,0.2044338094252,1.0000000000000,-0.1844666828388,0.4671761263646,0.1199674787259,0.1824885291493,0.3920913145521,0.6573740472936,0.0643838850968,0.6663504652349,0.0765465006553,0.2748854552147,0.2573499714829,0.3540100395632,0.3304138523005,0.1534850482388,0.3209142771854,0.6778006986771,0.5964936294895,0.3439493972550,0.4353981768851,0.4202420972249,0.0617072251190,0.1552977871013,0.0060138739682,0.6532643856105,0.5439040363387,0.2716685522513,0.0739345817837,-0.0956445898057,0.4519796124394,0.0840693278448,0.5573953601090,0.0853464787188,-0.3487202035057,0.0027369241715,0.8777448206111,-0.1685530757022,0.1516975990082,0.0767965455346,-0.2839690280488,0.3735458416109,0.3351597668021,-0.1107484491708,0.6966168771434,-0.1176398198635,-0.1626433209913,0.1248050055773,0.2998429483935,-0.1891248087175,-0.3931664201262,-0.3614350014661,0.7203516555311,0.4536615096433,0.3229926496849,0.2303598740333,0.6068414973695,-0.1927339191823,-0.3862314190782,-0.0571275203558,0.5396722540975,0.3210122705164,0.1315202914171,0.1150820564297,0.0080477262538,0.3526324957916,0.0763654757142
-0.1833933409831,-0.0650528282759,0.0654142007277,-0.1035653238221,-0.1844666828388,1.0000000000000,0.3308807208006,-0.0512821769112,0.5971129395999,-0.1147563753250,0.1284764003220,0.2681808793765,-0.0323993255268,0.2977317695639,0.2246159479561,0.3244679105851,-0.2628781245634,-0.1010640306734,0.1907160285195,-0.0828457221917,-0.1078495022075,-0.1683498293655,-0.2180809973307,-0.1294352669812,-0.0162757223289,-0.0492845631887,0.0447003905506,0.0020222961021,-0.1431653653883,0.0148267673870,-0.0774732381001,0.1006181127315,0.6554405459736,-0.0189577684656,-0.1219210358893,-0.2860344613747,-0.0964219860430,-0.0686696900721,-0.0890597511795,-0.1608411082376,0.6888980396259,0.5566385241433,-0.1251239940005,0.5552821562217,-0.1426669114298,0.2128287787085,0.3150803657312,-0.0985832652465,0.3362777984193,0.2169190839653,0.3813566181162,-0.2126324483193,-0.2420041358518,0.2100561055524,-0.0326155935023,-0.1213340509425,-0.1152868587834,-0.2343359619098,-0.2366263869162,-0.1445326241874,-0.0453101011631,-0.0755639955719,-0.0776272443639,-0.0622774369888,0.0794041630850,-0.1847242606516,-0.0296334159972,0.2922545315556,0.0010836640624,-0.0944197456155
0.4198041562399,0.0431611345383,0.0833187039347,0.2695726897762,0.4671761263646,0.3308807208006,1.0000000000000,0.0439956440046,0.6204697516492,0.3500888167633,0.7294526499284,0.4762462139977,0.7190631849081,0.4495820443136,0.4574631410921,0.4994243688194,-0.1003584941956,0.3173276918328,0.4089554720046,0.3900325120840,0.4888379878097,0.2018696038465,0.0481044151341,0.2004849598797,0.2295737445733,0.1987990497317,0.2651553397759,0.0467813439355,0.3041256182292,0.4452610116741,0.1618450710714,0.0423964802666,0.2561534647246,0.2928038235036,0.0965572730113,0.1851801279009,-0.0913443547244,-0.4832892820215,-0.0141163718094,0.3949172848648,0.2188092573920,0.6284109607314,-0.1884340116179,0.1284200034054,0.2044189944189,0.4839748576181,0.2294611517169,0.6507106760076,0.1994765353945,-0.0826882376226,0.3464589352024,-0.0481958890833,-0.3970642036308,-0.1649264065566,-0.4681342689266,0.4798150023537,0.0841186173432,-0.1047460636131,-0.1672309245252,0.2183789120976,-0.1984019760796,-0.3769382249605,-0.1215427534804,0.2289910583836,0.1359624569092,-0.2218141393206,0.2061792587641,0.2095038113846,0.0737911153829,0.0352249079160
0.3387632486913,0.4977271042220,0.5759525145015,0.4792274949906,0.1199674787259,-0.0512821769112,0.0439956440046,1.0000000000000,0.2204673883014,0.4899448054901,0.0821834795823,0.1741539101516,0.0255070709863,0.0580635585696,0.5194947406160,0.2437130396003,0.2272910010058,0.5845523985135,-0.0410302268816,0.5511294572023,0.3047914967256,0.2183231455844,0.4858226884342,0.3634224640508,0.6094013140866,0.5484870319275,0.6615350921995,0.5930281435080,0.5357434095148,0.4129202256084,0.6934822075459,-0.2727758670829,-0.1374805942934,0.5061283010215,0.5055154889384,-0.1914035371046,0.3604424552292,0.0616919705263,0.2575683942405,0.2241067553054,0.0299790843193,-0.2961820415788,0.5713039145622,-0.2640804300925,0.4514295286928,-0.2320585431868,-0.0921470062214,-0.0668430841461,-0.1863760934387,-0.1636352483467,-0.0469237819656,-0.0372643159992,-0.0857902523119,-0.3956149092010,-0.5252980733596,0.1274495920490,-0.3381702416740,0.3518748505644,-0.2685376458245,0.4436721689332,0.1466562118870,-0.1293926154322,0.2978435442621,-0.0145672786568,-0.3329194404955,-0.0306499630923,0.3729588543805,0.1448963106489,0.0815713511095,0.2746627437106
0.2045343137094,-0.0091897132542,0.3037499231625,0.1344522134120,0.1824885291493,0.5971129395999,0.6204697516492,0.2204673883014,1.0000000000000,0.1410047351925,0.5196883281577,0.6763372377871,0.1949553708878,0.5738166888818,0.6825523939595,0.4963956075192,-0.0776139125034,0.3074069508237,0.5415067833666,0.4028907015370,0.1879010743671,0.1923023198207,0.0264300459808,0.2387611450277,0.2194993920660,0.1862668463642,0.4494951318090,0.2938030075638,0.2464014627558,0.4427963994722,0.2619517751210,0.0952351854467,0.3703055981421,0.2660033656667,0.0156592374384,-0.0863485243372,-0.0978083497789,-0.1746377918579,-0.1003912326610,0.1423987235678,0.5043682173021,0.5772527323903,-0.0767570835978,0.4585954112285,0.0192362590283,0.3240330735198,0.4630084634264,0.0988833682347,0.3462456578232,0.0903980911133,0.3531973047505,-0.0517057185480,-0.4883504160463,0.0508050434079,-0.4615986204561,0.1268653270605,-0.0033664288967,-0.1186723698170,-0.1958067102451,0.1008977505279,-0.1755794431656,-0.2251048072126,0.1324793109443,0.1188106440548,0.0653869146111,-0.1716539161069,0.2139160118734,0.3935781028399,0.0235615483204,-0.0810590872768
0.3938637787548,0.3167300899940,0.3720692677403,0.6265046804255,0.3920913145521,-0.1147563753250,0.3500888167633,0.4899448054901,0.1410047351925,1.0000000000000,0.3702266022165,0.0666674012475,0.5002423977129,0.1966879906224,0.4362593014606,0.2780770292330,0.0807321047010,0.4718839742355,0.0934267644663,0.4284652392718,0.5861250519534,0.1911615219077,0.4684087193155,0.2133239826372,0.5406353698972,0.4589289723421,0.2992853997063,0.3063054359810,0.3480790386352,0.4172454583617,0.3522149351158,-0.0645012195306,-0.1792318585153,0.4179540842895,0.3170090618921,-0.0391003656110,0.2869323243965,-0.0788581890543,0.3951258954958,0.4667631628736,-0.0655489840105,-0.1275822658819,0.2041340977930,-0.3629148748475,0.8697397412120,0.0264140653670,-0.1253857636555,0.4313903711044,0.0330917327026,-0.1541541900983,0.1020559910389,-0.1529456117422,-0.1700351495403,-0.3693023410877,-0.4197001859786,0.5169879202607,-0.1639380892249,0.3686893009436,-0.2301045104793,0.5040146833075,0.2407029228250,-0.2541685961453,0.1141050898676,0.0241328870386,-0.1376578596282,-0.1828362650062,0.2345329846331,-0.0781112712257,0.1380327174931,0.2281325809539
0.4017906509647,0.0077447494402,0.0753000277179,0.1898100555632,0.6573740472936,0.1284764003220,0.7294526499284,0.0821834795823,0.5196883281577,0.3702266022165,1.0000000000000,0.2350614714587,0.7254397758451,0.3133005232912,0.3752044276830,0.2445351780981,0.0224832561730,0.3036990367725,0.3165563122633,0.3638448098642,0.6111763886692,0.3508386698686,0.1242792695920,0.2345145395114,0.3433834329707,0.0524942497927,0.2095200949478,0.0284891205180,0.4900096712836,0.4632636797945,0.1385474486183,0.0726757847795,-0.0638060619068,0.3971919852430,0.0183439140236,0.2594430757644,0.0079244868781,-0.4360965302009,-0.0314882498777,0.6561418892249,0.0273838679337,0.5032884586206,-0.0674790682003,-0.0333025095909,0.2818741226199,0.7282700489458,0.0209255184722,0.7128561965474,0.0637619979259,-0.1732549732359,0.1310360078308,0.0466784200077,-0.3885270510408,-0.2352653031514,-0.4294594039257,0.6813381893780,0.2638998586945,0.0413094754013,-0.0922749162005,0.3737061729163,-0.2287877669221,-0.3699060401239,-0.0759214989079,0.3950308651023,0.1161591591162,-0.0768878881115,0.1207260975452,0.0730166772186,0.2625901175251,-0.0036355769043
0.2204596909971,0.1620450597117,0.2620826854845,0.2063018959957,0.0643838850968,0.2681808793765,0.4762462139977,0.1741539101516,0.6763372377871,0.0666674012475,0.2350614714587,1.0000000000000,0.1087532106118,0.6775876463286,0.5664281331992,0.4754136199965,0.0028916503603,0.3346079265629,0.6103357889867,0.5072389077110,0.1565539415421,0.1314146664726,0.0542201958797,0.2684423383646,0.0371909663078,0.3652356253861,0.4862094391507,0.3775930158646,0.1376227140546,0.3607497502666,0.2673540442705,0.0225920905639,0.3025930184204,0.1421471121792,0.1916452407659,-0.0381501460442,0.0030394858243,-0.1618944912760,-0.0758941705235,0.0006740673741,0.3396142418367,0.3189498231613,-0.1831879684418,0.3325165038032,-0.1096526419252,0.0146868410194,0.7164627265445,0.0140827630504,0.4465701981725,0.0363533367302,0.2754695663096,0.0619546258046,-0.3645686744672,0.1565702784237,-0.3734643659711,0.0546474354801,-0.0835687962740,-0.1011643922174,-0.0988143421001,-0.0472534704459,-0.0662151544250,-0.1984712267316,0.1877928071404,-0.0364103308269,0.0470791444859,-0.1714967322785,0.2180859552609,0.3920137869390,-0.1459991529128,0.0157517673641
0.4369192437622,0.0593118932087,0.0787732075300,0.3083521974412,0.6663504652349,-0.0323993255268,0.7190631849081,0.0255070709863,0.1949553708878,0.5002423977129,0.7254397758451,0.1087532106118,1.0000000000000,0.2574445607962,0.1923310300242,0.1901579401706,0.0525404075243,0.2816025829038,0.2593310777409,0.2884839997504,0.7426010140686,0.3109222828095,0.2070059450111,0.2456860851669,0.3381947104994,0.0676930486314,0.0767882566499,-0.0396264265769,0.4450975276182,0.4233592315170,0.1344065553786,0.0988535995341,-0.0423077409898,0.3061112416904,0.0668837626750,0.3282831614973,0.0795127715061,-0.4583399204659,0.1052783831079,0.6825252192126,-0.1680051458935,0.3175030574784,-0.1168273918366,-0.2248820181527,0.4311876873471,0.4787269981433,-0.0634082231066,0.9290355075997,0.0450989701234,-0.1867993828774,0.0165775284183,0.0810181974865,-0.2085867160399,-0.2281962319175,-0.3226157683766,0.7928095543228,0.2294273482523,0.1345333922951,0.0223849305020,0.4274225779896,-0.1398652799909,-0.3912596184726,-0.1264126271548,0.4212409398850,0.2600679716272,-0.0844805268097,0.0443627720280,-0.1009822480180,0.1865855739643,0.1002761123933
0.1002520176808,-0.0310855408828,0.3375808698998,0.1319153411399,0.0765465006553,0.2977317695639,0.4495820443136,0.0580635585696,0.5738166888818,0.1966879906224,0.3133005232912,0.6775876463286,0.2574445607962,1.0000000000000,0.4619601566513,0.3627194566265,-0.0827289302204,0.1784853081744,0.7027101748886,0.2947986918243,0.1718360674412,0.0594494382616,-0.0504952111382,0.0670380219471,0.0077994739605,0.1708892673137,0.1451757807473,0.2815973251015,0.0598541770013,0.1682104477586,-0.0173287840157,0.2793248113866,0.3245456216872,0.0299674608209,-0.1181745396031,-0.1044838220189,-0.0929929339399,-0.0715731003488,-0.1116032019287,0.0330102399572,0.1482394970155,0.3776105783496,-0.2042718870124,0.2981635356512,0.0471265626798,0.2382166649682,0.6446103906883,0.1956266533973,0.6607480514888,0.1353248089524,0.1309592135226,-0.0273406536184,-0.4147640536459,0.2474297070587,-0.2571876830054,0.1590505492866,0.0396773438307,-0.1963037335470,-0.1187346144797,-0.0645181421944,0.0070202839944,-0.3388828481540,0.1157753435085,0.0073241356600,0.0295405374273,-0.2594865810392,0.0087996736216,0.2583801443369,-0.1416631750508,-0.0919727900183
0.4937187225354,0.2500738288407,0.4368085800197,0.3716026469732,0.2748854552147,0.2246159479561,0.4574631410921,0.5194947406160,0.6825523939595,0.4362593014606,0.3752044276830,0.5664281331992,0.1923310300242,0.4619601566513,1.0000000000000,0.4538253710792,0.0766632202932,0.5924020598238,0.3622332925413,0.6667882770402,0.3171237232686,0.2417988886729,0.3099339261407,0.3437829878957,0.3759194708293,0.5167977850374,0.5971724744385,0.5280250026841,0.3489594114038,0.6733036563025,0.4151130208641,-0.0859425294721,0.1671671855768,0.4807397123702,0.3128666937639,0.0152746587231,0.1514999899855,-0.1293592643014,0.1242679381734,0.2487405118075,0.3243078485518,0.1939551463985,0.1196077452774,0.0104961164706,0.3335111232115,0.0512150352709,0.2720069668145,0.0721787052066,0.2307725628596,0.1788853106127,0.2814246151004,-0.0313394023088,-0.2754985128271,-0.0854997289261,-0.4532077965261,0.1745488828034,-0.1420394865690,0.1286233709639,-0.2372987556867,0.2464834634775,0.1434545879999,-0.1811514224142,0.2852541559143,0.0560783255264,0.0161834319049,-0.1628764870840,0.4924575969384,0.3701556740854,0.1238012634625,0.1126909222528
0.3171523603939,0.0231033633671,0.1942951572493,0.1828903916924,0.2573499714829,0.3244679105851,0.4994243688194,0.2437130396003,0.4963956075192,0.2780770292330,0.2445351780981,0.4754136199965,0.1901579401706,0.3627194566265,0.4538253710792,1.0000000000000,0.0784410714783,0.3561142310100,0.2904046709252,0.3780763898567,0.3305471263761,0.2462567795078,0.1642442164488,0.2721585580419,0.0305464239731,0.2633876378804,0.2566608973120,0.1241916943769,0.1847621683071,0.4007838306342,0.3174453126498,0.0866724626875,0.2901273171258,0.3492755128641,0.3053654243054,0.1415209149231,-0.0884067663874,-0.2459785957870,-0.1235164741086,0.1621423475691,0.3279464232876,0.2472025312589,-0.0483371485583,0.1858544147608,0.0909283281459,0.0090732355360,0.3275100917368,0.1727373419984,0.1673278643700,0.0518429143102,0.6648713690926,0.0078668527856,-0.2240799301058,-0.1655202309469,-0.3888681246032,0.2229095907440,0.0462516874351,-0.0155286502872,-0.0647205743146,0.0476672678021,-0.1175723789652,-0.3689223681343,-0.1559285144002,0.0076540062181,0.0723565173523,-0.0973700815681,0.2046241983448,0.4057490214971,0.0712959308736,0.1612921747612
0.3795749944786,0.1131319429812,0.1957776556899,0.1407307840796,0.3540100395632,-0.2628781245634,-0.1003584941956,0.2272910010058,-0.0776139125034,0.0807321047010,0.0224832561730,0.0028916503603,0.0525404075243,-0.0827289302204,0.0766632202932,0.0784410714783,1.0000000000000,0.3445847450681,0.0170906782097,0.3346560587703,0.1925752928972,0.6931321323928,0.5173099651565,0.6616521772154,0.1934519573671,0.1420030415609,0.2820717070236,0.2808173174409,0.4742454615053,0.3385798007274,0.5159297778100,-0.1127314385006,-0.1567757963129,0.3391461995187,0.2481261071612,0.3239176155633,0.2507033335310,0.0340400482251,-0.0264411440947,0.2902164440578,-0.1482403051920,-0.3444036209226,0.0785522352854,-0.3847376439753,0.0817743292210,-0.3009983124611,-0.2113527487683,0.0798385762302,-0.2609430305877,-0.3543819540180,-0.1567339209449,0.8071525709557,0.0357107758485,-0.3237308264656,-0.2753807292118,0.1517243451889,0.3656575719957,0.5355343556340,0.5637953448075,0.3446839101821,-0.0738527553469,-0.1560398604200,0.2210484467932,0.2875134751372,0.0630205327615,0.3856957581223,-0.0118172075330,-0.0492337591421,0.1505980595974,0.1715003790125
0.6667674993142,0.4717965714947,0.5621688767791,0.5789310350837,0.3304138523005,-0.1010640306734,0.3173276918328,0.5845523985135,0.3074069508237,0.4718839742355,0.3036990367725,0.3346079265629,0.2816025829038,0.1784853081744,0.5924020598238,0.3561142310100,0.3445847450681,1.0000000000000,0.2548041756354,0.8952461751057,0.5123535444033,0.4457302613926,0.5657280590070,0.6471969057290,0.3069646480578,0.5725500121616,0.7392986484987,0.6074353007754,0.3974789251400,0.7245237372794,0.7041816278697,-0.1707577705237,-0.1473894300884,0.6606359247438,0.6746930751325,0.1944182167616,0.3171992377478,-0.1587025833066,0.1625499587416,0.3038159362109,0.0359801035066,-0.2147590890568,0.0147605958439,-0.3479142456711,0.3126209015199,-0.1797058453426,-0.0317884779622,0.2011393553511,-0.1569183051036,-0.3483873987839,-0.0222947763566,0.1478397381916,0.0908578665811,-0.3340860626756,-0.5354484574555,0.3104034494664,-0.1290792635392,0.3248796620178,0.0379617347788,0.2737855187014,0.0353018224509,-0.1625597691326,0.2224042315052,-0.0485013647421,-0.0929634721880,-0.0524444279246,0.2910932099172,0.0812045914103,0.1735863501604,0.4992265081980
0.2368289006294,-0.0073034838911,0.4785093926815,0.1650121986758,0.1534850482388,0.1907160285195,0.4089554720046,-0.0410302268816,0.5415067833666,0.0934267644663,0.3165563122633,0.6103357889867,0.2593310777409,0.7027101748886,0.3622332925413,0.2904046709252,0.0170906782097,0.2548041756354,1.0000000000000,0.2987391947283,0.2650151529006,0.2479434132598,0.1191607726420,0.2930086475880,-0.0585754931926,0.0163337137944,0.1168129176382,0.3456847417035,0.0535880982970,0.2825030741730,0.1105175260397,0.4679259395193,0.1872883149362,0.0904646276795,-0.1060640734035,0.0814187230662,-0.0128117341505,0.0098761075762,-0.2012105304579,0.0778979459419,0.0279499303906,0.2564833011440,-0.3870835585855,0.2150339805556,-0.0594858441614,0.1352096559836,0.5795520708699,0.2652949287572,0.4994641975386,-0.0485568935967,0.0751698211089,0.0692864582511,-0.3334338761912,0.3140456898871,-0.1629757551819,0.2096308586694,0.1731471066136,-0.0432205990593,0.1163986079233,-0.0457140491496,-0.1415397312057,-0.3938253601922,0.1107923291240,0.0503639483318,0.1419806509597,-0.1587191697198,-0.3124871822095,-0.0887706243369,-0.1394618544062,0.0347471805273
0.6173110398078,0.5003020707959,0.4470254228344,0.5576408398935,0.3209142771854,-0.0828457221917,0.3900325120840,0.5511294572023,0.4028907015370,0.4284652392718,0.3638448098642,0.5072389077110,0.2884839997504,0.2947986918243,0.6667882770402,0.3780763898567,0.3346560587703,0.8952461751057,0.2987391947283,1.0000000000000,0.5085519109969,0.3881136806386,0.5180280922328,0.5820811174276,0.3088326743413,0.6054258758360,0.7405206356846,0.5981927636239,0.4053660515772,0.7243010603502,0.6461817499890,-0.2533524479150,-0.1438875192120,0.5831914486823,0.6507247559988,0.1500676926673,0.3099173395348,-0.2230664217333,0.1302819931827,0.2769058781963,0.1322816714627,-0.1597810641554,0.0183180404102,-0.3286756843216,0.2479812063194,-0.1388118948344,0.0678395597480,0.1690872328456,-0.1183052591170,-0.3636852487500,0.0239902325771,0.1839338673643,-0.0968584459165,-0.3671327896063,-0.6311498245331,0.2859871441530,-0.1422086570203,0.2932022616123,0.0125702042615,0.2584034066701,-0.0325479320564,-0.2531324533369,0.2484223471757,-0.0483287108263,-0.1296387627370,-0.0529285516403,0.3631888507434,0.2030315169416,0.1319940999682,0.4247734937468
0.5766401604141,0.2698508896236,0.3183565983417,0.4247385591079,0.6778006986771,-0.1078495022075,0.4888379878097,0.3047914967256,0.1879010743671,0.5861250519534,0.6111763886692,0.1565539415421,0.7426010140686,0.1718360674412,0.3171237232686,0.3305471263761,0.1925752928972,0.5123535444033,0.2650151529006,0.5085519109969,1.0000000000000,0.4128197414433,0.4665236596460,0.4161405522549,0.3633840617723,0.2153967564078,0.2587957175194,0.1982767224706,0.4625254517536,0.5423547819055,0.4211162210439,0.0054457790069,-0.1501727133514,0.5386316104761,0.3982512239276,0.3027695498101,0.2593177993338,-0.3070957381875,0.1012275693959,0.7319994215131,-0.0810381673606,0.0313277419337,-0.0325778978177,-0.2923100718465,0.4409931217408,0.2006620140520,-0.0533236861388,0.6923572907426,-0.0917716369916,-0.2900132592830,0.0865013136513,0.0636071982091,-0.1082073795295,-0.3444223053139,-0.4083849708700,0.8629294833137,0.0935123214641,0.3346483281803,0.0397131419756,0.4388477542042,-0.0875194111304,-0.4455824557535,-0.0492279762871,0.1881285761403,0.0594442473970,-0.0697592039567,0.0208439260789,-0.0780951334953,0.2838365718733,0.3520132785439
0.5454615446722,0.0294612705792,0.3032482401743,0.2036289218525,0.5964936294895,-0.1683498293655,0.2018696038465,0.2183231455844,0.1923023198207,0.1911615219077,0.3508386698686,0.1314146664726,0.3109222828095,0.0594494382616,0.2417988886729,0.2462567795078,0.6931321323928,0.4457302613926,0.2479434132598,0.3881136806386,0.4128197414433,1.0000000000000,0.4921130564020,0.8811765184925,0.2153923740069,0.0329846065359,0.2807700527404,0.2905217408797,0.6002752999709,0.5947313773644,0.5815304162714,0.1429292451450,-0.1033499955375,0.5221800288586,0.2317873972561,0.4577428667283,0.1424154839773,-0.1158293292579,-0.0620349003189,0.5248028037575,-0.1382215106328,-0.0272911674929,-0.0138243113385,-0.2031631410999,0.1356833809955,-0.0176797074743,-0.0143944285037,0.3789471472941,-0.1212314297695,-0.3248889369475,0.0266992556270,0.6236677039384,-0.0549123235184,-0.2298956432264,-0.2957931395762,0.3672136507539,0.6440574775442,0.4356414971322,0.6602559979104,0.3748056883236,-0.2259911162153,-0.3548136771489,0.1754958676205,0.5046989613872,0.2948299574355,0.3413247326742,0.0003590567425,-0.0075340877472,0.3226709259498,0.1833346511760
0.5185169266638,0.5169226020711,0.4409929111021,0.6188439510557,0.3439493972550,-0.2180809973307,0.0481044151341,0.4858226884342,0.0264300459808,0.4684087193155,0.1242792695920,0.0542201958797,0.2070059450111,-0.0504952111382,0.3099339261407,0.1642442164488,0.5173099651565,0.5657280590070,0.1191607726420,0.5180280922328,0.4665236596460,0.4921130564020,1.0000000000000,0.5845028652068,0.4625741959352,0.4184920244552,0.4189796106878,0.4991987101654,0.3955620475394,0.5694444344980,0.6446258169520,-0.1260342551339,-0.1863750482504,0.6499593135604,0.4893680461027,0.1590532829699,0.6084823616400,0.0424493312572,0.2927101848432,0.3747421004166,-0.1011612042476,-0.4049341765605,0.1496510946337,-0.5075257523807,0.4157578748278,-0.2867867052189,-0.2379841940847,0.1649132008152,-0.2717650808358,-0.3466380693171,-0.1418632223886,0.2812912345781,0.0370014458736,-0.4521036929041,-0.4034739614497,0.3208815333491,-0.0139297767661,0.8843719224175,0.2067293900691,0.5266067453013,0.1465126494728,-0.1434672516225,0.3246358377355,0.0787261778644,-0.0153248896660,0.1660867537448,0.0595744390107,-0.0968718556570,0.2815848975754,0.4868976558759
0.5891795130850,0.2823996298654,0.5127080323801,0.3778474219355,0.4353981768851,-0.1294352669812,0.2004849598797,0.3634224640508,0.2387611450277,0.2133239826372,0.2345145395114,0.2684423383646,0.2456860851669,0.0670380219471,0.3437829878957,0.2721585580419,0.6616521772154,0.6471969057290,0.2930086475880,0.5820811174276,0.4161405522549,0.8811765184925,0.5845028652068,1.0000000000000,0.2557866135461,0.2647810144028,0.5226981002487,0.5360636151498,0.5394609756346,0.6685432831392,0.7559999480406,0.0029233672619,-0.0985915265422,0.5953999819661,0.4727391598055,0.3344513042975,0.3092429527072,-0.0469309536433,0.0564058198722,0.3786700030337,-0.0238331988350,-0.1576885126543,-0.0437189464271,-0.2248768389243,0.1371899893341,-0.2341338647461,0.0024125066801,0.2589248481840,-0.1356295373285,-0.4357718490016,-0.0184613818131,0.5454999897375,0.0236822211833,-0.2564971573108,-0.3863444019424,0.2646619390892,0.3450915060328,0.4728720997270,0.5956199554912,0.3316474856427,-0.1162450228946,-0.2953364582181,0.3276880918870,0.3007340196662,0.1337762528809,0.2361918494254,0.0320736478971,0.0280467486558,0.2177486830888,0.3468513068354
0.2695059227006,0.4507062263257,0.2434168905992,0.5684129047806,0.4202420972249,-0.0162757223289,0.2295737445733,0.6094013140866,0.2194993920660,0.5406353698972,0.3433834329707,0.0371909663078,0.3381947104994,0.0077994739605,0.3759194708293,0.0305464239731,0.1934519573671,0.3069646480578,-0.0585754931926,0.3088326743413,0.3633840617723,0.2153923740069,0.4625741959352,0.2557866135461,1.0000000000000,0.4058640720369,0.4627405409519,0.2865702962234,0.6605847580324,0.4290232410233,0.4036372476868,-0.1547403920603,-0.1585742649862,0.4805565827500,0.2122701241250,-0.1124058050576,0.4722984885238,-0.0485023737627,0.5599903409431,0.5286857843537,-0.0106784967015,-0.0611698457202,0.5625619025923,-0.3230961454805,0.6324951033094,0.0887771966295,-0.2197647752059,0.2410730728543,-0.0822050705535,-0.1540635232639,-0.1368244699964,0.0365823124511,-0.1339200307706,-0.4124312731552,-0.4460944638602,0.3633536971186,-0.1444077646855,0.5135845687798,-0.2044114022302,0.8854781753048,0.2286290058881,0.0280607383772,0.3451034170675,0.3892408904539,-0.0750683672411,0.0575254169237,0.3272219372476,0.0147600328894,0.2656944533973,0.1948032456684
0.3029693489963,0.7129555685001,0.3544913439269,0.6254492954270,0.0617072251190,-0.0492845631887,0.1987990497317,0.5484870319275,0.1862668463642,0.4589289723421,0.0524942497927,0.3652356253861,0.0676930486314,0.1708892673137,0.5167977850374,0.2633876378804,0.1420030415609,0.5725500121616,0.0163337137944,0.6054258758360,0.2153967564078,0.0329846065359,0.4184920244552,0.2647810144028,0.4058640720369,1.0000000000000,0.7133223502626,0.6062326151354,0.2594491366486,0.3621004475688,0.4331077332929,-0.4246576370845,-0.0126611864656,0.4492005554039,0.5726381487285,-0.1798990699760,0.5086597422160,-0.0958949694268,0.4700796287659,0.0621033982773,0.1368199923295,-0.2014661887462,0.0962722902417,-0.2595919461327,0.3499836730390,-0.2495868094761,-0.0098376802028,-0.0605956270731,0.0476735942421,-0.2240868209948,0.0162762108918,-0.0778717839091,-0.0663255155255,-0.3891395612822,-0.5181695524556,0.0493914217420,-0.4324487687410,0.2994688819477,-0.2810775671355,0.2437060755803,0.5455769699778,0.0413660616581,0.3365187580227,-0.1855097959007,-0.3480649583812,-0.1943405928995,0.3946209820065,0.2209584113817,0.0008952428242,0.3773492463669
0.4124938807850,0.5663212801478,0.4772837699809,0.4898295032562,0.1552977871013,0.0447003905506,0.2651553397759,0.6615350921995,0.4494951318090,0.2992853997063,0.2095200949478,0.4862094391507,0.0767882566499,0.1451757807473,0.5971724744385,0.2566608973120,0.2820717070236,0.7392986484987,0.1168129176382,0.7405206356846,0.2587957175194,0.2807700527404,0.4189796106878,0.5226981002487,0.4627405409519,0.7133223502626,1.0000000000000,0.6857544257600,0.4279403851661,0.5366161929691,0.6980211965286,-0.3895592753998,-0.0452197888608,0.5171846949245,0.5950517804972,-0.0810027879947,0.3299506440994,-0.1104931844391,0.2279379455749,0.1429477727556,0.2210391960746,-0.0915999399804,0.1345221378780,-0.1134151163667,0.2044469399980,-0.2076085946142,0.0239663351435,-0.0519097570054,-0.1253891769255,-0.3231924630160,-0.0156243555344,0.1069749326043,-0.1505483375533,-0.3624172921508,-0.6478306073057,0.0563438715998,-0.3080832016626,0.2561148191192,-0.1533444007756,0.3045748164438,0.1066649586364,0.0532028216094,0.3839205328710,-0.0892720957217,-0.2794151040691,-0.1035758176071,0.3780544011297,0.2323680458962,0.0285166330982,0.2799934421980
0.3217653327377,0.5616756866110,0.7675951769125,0.4993236588643,0.0060138739682,0.0020222961021,0.0467813439355,0.5930281435080,0.2938030075638,0.3063054359810,0.0284891205180,0.3775930158646,-0.0396264265769,0.2815973251015,0.5280250026841,0.1241916943769,0.2808173174409,0.6074353007754,0.3456847417035,0.5981927636239,0.1982767224706,0.2905217408797,0.4991987101654,0.5360636151498,0.2865702962234,0.6062326151354,0.6857544257600,1.0000000000000,0.2766268865604,0.3894174908243,0.5528377990682,-0.1086747162012,-0.0279881983404,0.4257805050418,0.4266351743978,-0.1949381236624,0.4439523772542,0.2753795288799,0.2392016260969,0.0517513328462,0.1204282836179,-0.2138619303459,0.0191163947230,-0.1618260192621,0.1896974240465,-0.3124039152033,0.1232092653082,-0.1268136009863,0.1067357084978,-0.2855611891081,-0.1320686965718,0.0678180234141,-0.1015623582876,-0.1053060296405,-0.3925555220212,-0.0047752374057,-0.2594468965135,0.3175499020908,-0.0121823872307,0.1075957827500,0.2726432706981,-0.0975690319439,0.6561370021426,-0.1656555905637,-0.3012802183791,-0.1823105635646,0.1330032264767,0.0546099466760,-0.0289612420441,0.2215982228314
0.4418865687859,0.1829663432319,0.2644036985660,0.3266428419144,0.6532643856105,-0.1431653653883,0.3041256182292,0.5357434095148,0.2464014627558,0.3480790386352,0.4900096712836,0.1376227140546,0.4450975276182,0.0598541770013,0.3489594114038,0.1847621683071,0.4742454615053,0.3974789251400,0.0535880982970,0.4053660515772,0.4625254517536,0.6002752999709,0.3955620475394,0.5394609756346,0.6605847580324,0.2594491366486,0.4279403851661,0.2766268865604,1.0000000000000,0.4863039980615,0.4886663784038,-0.0798366705988,-0.1311417806651,0.4362705899347,0.1648070627130,0.2314669356055,0.2466762435535,-0.1838960050503,0.1916881528876,0.6648155485992,-0.1301886143978,0.0239287710303,0.3725099864652,-0.2561138550403,0.3509787428111,0.1860748415146,-0.0798518837931,0.4478679753383,-0.1428350210938,-0.2206774043316,-0.0369698231846,0.3561552541602,-0.1423172951369,-0.3591217842139,-0.4343280102157,0.4723613417204,0.2756222338156,0.3722554040901,0.1717850108693,0.6610525031146,-0.0737515183891,-0.2325082745836,0.2018329618108,0.6793653649736,0.0811525167107,0.1680980231102,0.2713368710163,0.1637711965888,0.1823992531218,0.0683686595622
0.7266299409774,0.3482992167627,0.3189425916290,0.4628263174691,0.5439040363387,0.0148267673870,0.4452610116741,0.4129202256084,0.4427963994722,0.4172454583617,0.4632636797945,0.3607497502666,0.4233592315170,0.1682104477586,0.6733036563025,0.4007838306342,0.3385798007274,0.7245237372794,0.2825030741730,0.7243010603502,0.5423547819055,0.5947313773644,0.5694444344980,0.6685432831392,0.4290232410233,0.3621004475688,0.5366161929691,0.3894174908243,0.4863039980615,1.0000000000000,0.6615064417952,0.0048709618859,-0.0535490443718,0.7666683138142,0.5086510032979,0.4120056555465,0.3303596975047,-0.2609679217385,0.1483664666381,0.5128288301830,0.1195932356044,0.0134135216698,0.0910619742752,-0.3157508033781,0.3346613415712,0.0309475299476,0.0370929336946,0.3420070021998,-0.0879927497829,-0.1356679770579,0.1345480073381,0.2523834515429,-0.0338566340744,-0.2833136331802,-0.4420544529226,0.4136274557707,0.1554023449347,0.4345065189549,0.1431754453648,0.4736727693952,-0.0259762972782,-0.2262149766344,0.2155630802991,0.2849484260729,0.3943977036361,0.2098739092804,0.3694650797930,0.0991932111686,0.5004056257386,0.4910044126547
0.5896408405236,0.4694603374177,0.5225735842665,0.4442676105541,0.2716685522513,-0.0774732381001,0.1618450710714,0.6934822075459,0.2619517751210,0.3522149351158,0.1385474486183,0.2673540442705,0.1344065553786,-0.0173287840157,0.4151130208641,0.3174453126498,0.5159297778100,0.7041816278697,0.1105175260397,0.6461817499890,0.4211162210439,0.5815304162714,0.6446258169520,0.7559999480406,0.4036372476868,0.4331077332929,0.6980211965286,0.5528377990682,0.4886663784038,0.6615064417952,1.0000000000000,-0.2004439292833,-0.1154510026610,0.6253973954980,0.6617761555001,0.1511679600913,0.3788981680396,-0.0591214826811,0.1041531549541,0.3015571685256,0.0516675212554,-0.2780820866372,0.2339388960357,-0.2717054020740,0.2774308709443,-0.3294962568511,-0.0866907453033,0.0941006887951,-0.2833431593333,-0.4357535712356,-0.0119473335391,0.2933233111634,-0.0229978387792,-0.4388455594881,-0.5479940727713,0.2188918639957,-0.0357192866771,0.5021263092109,0.1653474326586,0.3981545036877,-0.0483873336468,-0.2131082654961,0.2386715709299,0.0589453344458,-0.0599911170728,0.2512044168600,0.1696351849388,0.0503858038507,0.1937045625313,0.4628809286789
-0.0331420844266,-0.3857978085710,0.0618952214424,-0.0852826586520,0.0739345817837,0.1006181127315,0.0423964802666,-0.2727758670829,0.0952351854467,-0.0645012195306,0.0726757847795,0.0225920905639,0.0988535995341,0.2793248113866,-0.0859425294721,0.0866724626875,-0.1127314385006,-0.1707577705237,0.4679259395193,-0.2533524479150,0.0054457790069,0.1429292451450,-0.1260342551339,0.0029233672619,-0.1547403920603,-0.4246576370845,-0.3895592753998,-0.1086747162012,-0.0798366705988,0.0048709618859,-0.2004439292833,1.0000000000000,0.1024001454846,-0.1149205899273,-0.3141925618249,0.1915156313958,-0.2483264373743,0.0767234081796,-0.1604688045743,0.0924893300693,-0.1282243405482,0.2048740029199,-0.1414106146537,0.2148633415762,-0.0650452887269,0.2152320673816,0.3041645796827,0.1972828876506,0.4831072722769,0.2323008627001,0.0557074768298,0.0385137935528,-0.0031013616018,0.4699465648709,0.3668035357271,0.1218383370119,0.3452079123746,-0.1448912991520,0.2148605674006,-0.0664165239626,-0.0722012299733,-0.1026058780114,-0.0445637454519,0.2096974965449,0.3289218461961,-0.0016811173285,-0.2074355787571,-0.2293183435381,0.0098799667124,-0.0787822853811
-0.1416286720705,-0.1243907758229,-0.0227863090449,-0.1169374458023,-0.0956445898057,0.6554405459736,0.2561534647246,-0.1374805942934,0.3703055981421,-0.1792318585153,-0.0638060619068,0.3025930184204,-0.0423077409898,0.3245456216872,0.1671671855768,0.2901273171258,-0.1567757963129,-0.1473894300884,0.1872883149362,-0.1438875192120,-0.1501727133514,-0.1033499955375,-0.1863750482504,-0.0985915265422,-0.1585742649862,-0.0126611864656,-0.0452197888608,-0.0279881983404,-0.1311417806651,-0.0535490443718,-0.1154510026610,0.1024001454846,1.0000000000000,-0.1663798584003,-0.1860804010079,-0.1479556058813,-0.1589170168276,-0.0768808519513,-0.1108895761686,-0.1201020468578,0.4714635753643,0.3903430354845,-0.1599470649256,0.5138065372297,-0.1931797073938,0.0256844989153,0.4268859164676,-0.0431285127785,0.3931057411754,0.3021629747951,0.3037894500514,-0.0852072619596,-0.2042361767346,0.2185633583550,0.0008766033962,-0.1232042809522,-0.0141897836961,-0.2158403690449,-0.1120404939783,-0.1821195893134,-0.0092555158187,-0.1298044366011,-0.0816461452342,-0.0198291707412,0.1886879248564,-0.1572999434431,-0.0281634854694,0.4263591301498,-0.1796883704657,-0.1600074193370
0.6326423644710,0.4638420452117,0.3768840609029,0.4945496360796,0.4519796124394,-0.0189577684656,0.2928038235036,0.5061283010215,0.2660033656667,0.4179540842895,0.3971919852430,0.1421471121792,0.3061112416904,0.0299674608209,0.4807397123702,0.3492755128641,0.3391461995187,0.6606359247438,0.0904646276795,0.5831914486823,0.5386316104761,0.5221800288586,0.6499593135604,0.5953999819661,0.4805565827500,0.4492005554039,0.5171846949245,0.4257805050418,0.4362705899347,0.7666683138142,0.6253973954980,-0.1149205899273,-0.1663798584003,1.0000000000000,0.5896672661624,0.2795002253440,0.4317750741893,-0.2120007719115,0.2310935736434,0.4326538305424,-0.0014573941001,-0.0863288013273,0.1484120925466,-0.3501152955694,0.3280982526236,0.0274234880833,-0.1765090176411,0.2346794505717,-0.2145699421569,-0.2332567606798,0.0588662938505,0.1694291502101,0.0586732828099,-0.4640836177966,-0.4654576303621,0.3817634565647,0.0629376782277,0.5328854064396,0.0673027974642,0.4855682876462,0.1025881979024,-0.2087500867663,0.1966596115163,0.1419405752140,0.0958813052279,0.1449537298536,0.2743501395259,0.0034502665641,0.6496498874199,0.5722771384032
0.5214128085223,0.5853767896525,0.3167062670040,0.5085210882320,0.0840693278448,-0.1219210358893,0.0965572730113,0.5055154889384,0.0156592374384,0.3170090618921,0.0183439140236,0.1916452407659,0.0668837626750,-0.1181745396031,0.3128666937639,0.3053654243054,0.2481261071612,0.6746930751325,-0.1060640734035,0.6507247559988,0.3982512239276,0.2317873972561,0.4893680461027,0.4727391598055,0.2122701241250,0.5726381487285,0.5950517804972,0.4266351743978,0.1648070627130,0.5086510032979,0.6617761555001,-0.3141925618249,-0.1860804010079,0.5896672661624,1.0000000000000,0.1194965284601,0.4009671321653,-0.1333399405782,0.2432957755002,0.0873471286520,0.1120739417210,-0.3246049479608,0.1006085401820,-0.2850856190270,0.1949194175332,-0.3699504732788,-0.1215749189159,-0.0016648569389,-0.3029850401124,-0.3632296779488,0.0795782722559,0.0600330296600,0.2422420209268,-0.3822667029448,-0.3379396646565,0.1318369590803,-0.2889000868198,0.3260318968059,-0.0029107390303,0.1786270242588,0.1675402906418,-0.0442422060192,0.1064955691997,-0.2806024305451,-0.1978379835880,0.0488860643185,0.2161632961957,0.0686674152263,0.2028080007927,0.7272307145443
