1.0000000000000,0.3273152866994,0.1900787458981,0.4415749515381,0.5029420590911,-0.2443084105320,-0.0058712925518,0.2915172539278,-0.0908793490383,0.3569172814614,0.4055670281590,0.1922506551150,0.6229037215959,-0.0496049663510,0.5851467063746,-0.0669561928108,0.4220939066500,0.4809116204604,0.0692540188898,0.4416704590565,0.6977945281006,0.4969126903581,0.4494417185080,0.4622693688130,0.6377761390029,0.1981141305300,0.1632212941759,0.0342177124420,0.5146518459531,0.6041699367661,0.5156398454796,-0.0286083240355,-0.1823927346077,0.4859966649653,0.4716665763166,0.5473757782107,0.3086035848107,-0.2028878841241,0.1933845105329,0.4834739626281,-0.2738453841882,-0.1085488563388,0.0584107346846,-0.1447404746795,0.3090219448579,0.4446590045459,-0.0943917176337,0.5698188695725,-0.2742075206127,0.0305941175560,0.0508316948984,0.3965647094269,0.3405364153117,-0.3260603609990,0.0534536150963,0.6180074612111,0.4128895023945,0.4242412517495,0.3704562877460,0.4073395292099,0.0411455354217,-0.1812427633287,0.1280263976080,0.3807170849768,0.2265517425269,0.3124728339344,-0.3146226181573,-0.2608386519389,0.2884222822558,0.3799729373121
0.3273152866994,1.0000000000000,0.0201223228806,0.4387965387055,0.2539739110510,-0.2876860663631,-0.3495738614260,0.3124726827180,-0.4116686141239,0.2415195344642,0.0243389069825,0.0412682817176,0.3588394984077,-0.0911470724332,0.0489292544767,-0.1597306475856,0.2004192531938,0.4813616474811,-0.1392729154154,0.2551294614597,0.3794150361561,0.2538997360200,0.6364227676697,0.2764362750419,0.4080389913456,0.2820835847931,0.2507700335441,0.2494979733963,0.3075800686446,0.1804049222063,0.4131760864599,0.1590187961495,-0.2621915054444,0.1574575073305,0.1835525653509,0.2038202059149,0.8275744455631,-0.1521536218235,0.4224669656692,0.2707239681574,-0.3064850536848,-0.3496825116155,0.2353709937460,-0.4174615568212,0.2998879946486,0.1481587147428,-0.0520478410154,0.3822252621296,-0.1323409259240,-0.2204404864004,-0.1968237272047,0.1748154085238,0.4211317555800,-0.3318727814863,0.0879115869466,0.2988299156387,0.2471714910069,0.6234586678076,0.2163307048849,0.3627992804884,0.1761177933773,0.0602464503365,0.4756326126696,0.2825553377573,0.1268735573034,0.3431423042816,-0.1016022680970,-0.3264150303329,0.2178546661301,0.2513123356686
0.1900787458981,0.0201223228806,1.0000000000000,0.2139229001887,0.1616088970005,0.0986596149825,0.1423488009502,0.3432975862583,0.1990857353776,0.1686010544648,0.1189988522177,0.0272544104419,0.0798467758263,0.1842895655217,0.0925605807777,0.0929740930322,0.2870429543978,0.0992795299507,-0.0738653846606,-0.0630584251943,0.2205988490653,0.2192326380721,0.0473863133915,0.2974405754090,0.2691427492814,0.1246051366186,0.0728553734017,0.3576860979972,0.3260930715717,0.1233262925592,0.2095422963643,-0.1739634495138,0.0696189676270,0.0169515094577,0.0478343321142,-0.0761196759691,-0.0242086564468,0.5488311482367,0.0181785568676,0.1334095921466,0.0420911624389,0.0884266510864,0.0273760047839,0.1917655241446,-0.0150966721909,0.1120439886210,0.1031494782917,0.0204733631693,0.0921867884617,0.0938991500132,-0.0609738190909,0.2981182810307,-0.1129440722002,-0.0483956229602,-0.1721522583879,0.1817323190788,0.2418814831861,-0.0346194963071,0.1598059453477,0.0735758846268,-0.0341838195368,-0.0390646771587,0.1083131360140,0.1366871866133,0.0223388479351,0.0317519780122,-0.0114457431733,0.0065478889535,-0.1280886965800,-0.0179783267971
0.4415749515381,0.4387965387055,0.2139229001887,1.0000000000000,0.0060173859128,-0.0502599666904,0.0579310938389,0.4449907760453,0.0402133015949,0.4104599900051,0.0596770526469,-0.0143352720880,0.2335831201067,0.1215114201966,0.1130065845724,0.1551914857409,0.1591313132476,0.2729865658955,-0.2692767159035,0.1758635113818,0.3525188142563,0.0143176691066,0.5146132689690,0.0329079123555,0.5031724712987,0.4830841923657,-0.0523285761165,-0.0410061459842,0.1835770561214,0.1759182960436,0.3665355648280,-0.2404438331629,-0.1069684933000,0.1247160099745,0.3897687472573,0.1383255470905,0.3711259017494,-0.1241586117596,0.7486715145984,0.0182830881757,-0.1014593480452,-0.0125019579931,0.4271100520051,0.0794693211418,0.2736725699901,0.2544759785117,0.1715849209039,0.1487693933615,0.2256009017480,0.2762092475094,0.1004291356314,0.2543852028102,0.2021823387313,-0.2443343663763,0.0696355010174,0.2272894622455,0.0697432944726,0.5689909802392,-0.0712094841146,0.3894223403172,0.2614091127761,-0.0546840367522,0.1047126741110,0.0918348406493,0.1010574759191,0.2302103236965,0.0331758492132,-0.0922719273063,0.1051282734256,0.3760580057153
0.5029420590911,0.2539739110510,0.1616088970005,0.0060173859128,1.0000000000000,-0.1462727244903,-0.0079625184813,0.1044392914945,-0.1247375278023,0.3671515847410,0.5328901506433,0.1139497662309,0.7286933503703,-0.0742870359063,0.2677177959748,-0.0163760333663,0.4654364214468,0.2144443869930,-0.0045825624410,0.1102235889569,0.7528516139500,0.6258016735002,0.2224091406951,0.5533272785304,0.6645511616761,0.0437000930086,0.1390949588207,0.1173320629396,0.6425599794501,0.4235835719824,0.1625465556170,0.2050251989482,-0.0042665665565,0.3632911706188,0.1330605238874,0.4401201787539,0.2454729599529,-0.1816544488745,-0.2169198430817,0.9274765064303,-0.1564073598899,-0.0194880860073,-0.2445447998636,-0.1625028449875,0.4120457541101,0.4956676454907,-0.3963272715225,0.7378219681936,-0.3950947580438,-0.2737241167506,0.1211049558257,0.3849472145620,0.0098644015654,-0.4594824251908,-0.3247582987931,0.7644574393386,0.5983913930626,0.1471919599173,0.5378724103080,0.4430977305007,-0.2323458772063,-0.4286774913035,0.0118835461617,0.5498312153711,0.1618110822148,0.1565597776513,-0.3251225915286,-0.1243456275873,0.2162588673523,0.0155913096671
-0.2443084105320,-0.2876860663631,0.0986596149825,-0.0502599666904,-0.1462727244903,1.0000000000000,0.7111538636453,-0.2452021468422,0.7723317004960,0.1681332392949,0.2107298355090,0.2184248219232,-0.2762031068648,0.5573367456831,0.1566279380719,0.6606002778312,-0.1118149665079,-0.3777330635947,0.1476657376006,-0.3696704390204,-0.2584398524078,-0.1298238843437,-0.3642407314714,-0.1399886109640,-0.1373064673691,0.0608464932877,-0.0687394077477,0.1097241384915,-0.2410674119325,0.1022366405254,-0.2069957587653,0.0162093566687,0.8238344020308,-0.0042547418333,0.0931780392542,-0.1963425817279,-0.3444554835704,0.1782627570370,-0.0104905571786,-0.2004705494280,0.7851247555023,0.7343725565890,-0.1238900882327,0.7702568701778,-0.0587061625884,-0.0282989127554,0.1656492954358,-0.3845063401659,0.2331083509026,0.2317777804101,0.5558206274074,-0.1177456151559,-0.2591542906731,0.0523984313790,-0.3616765698540,-0.3042287903338,-0.1347181639525,-0.3175086139212,-0.1159251143996,-0.0822075924778,0.0877628007981,-0.1992548646179,-0.2499274020052,-0.3159331134514,-0.0528523456178,-0.1581666766513,0.0867508069291,0.8040352145534,-0.0778462496871,0.0309937874427
-0.0058712925518,-0.3495738614260,0.1423488009502,0.0579310938389,-0.0079625184813,0.7111538636453,1.0000000000000,-0.2522383279882,0.8277231334705,0.3002706686272,0.4993919963109,0.1009487357216,0.0376828703311,0.4739285973281,0.2839372205659,0.7240176863184,-0.1434803937982,-0.3048955730654,0.0816881034078,-0.3445634041845,-0.0709802249417,-0.2209236225393,-0.3620922149129,-0.2567365042483,-0.0387440380980,0.0154424451051,-0.2209605851744,-0.0962919767063,-0.1933901484236,0.2390380493127,-0.2654361900736,-0.0523890654242,0.6137962707190,0.0759437453664,0.1041924058778,-0.0138218773055,-0.3839290414849,0.1375698657636,0.0717618552460,-0.0262299758333,0.5960604340061,0.8592380005337,-0.1734590448636,0.7751905048689,0.0662314539083,0.3306606222990,0.1213820255041,-0.1023487764271,0.1869097737643,0.3355788990202,0.6250460678591,-0.1018204177380,-0.2813139123152,0.0617537834382,-0.3374844885204,-0.1205558459290,-0.1164566499324,-0.3118998231444,-0.1942646599332,-0.0834964011760,-0.0248302387940,-0.2841547190153,-0.4082460999127,-0.2320192039979,0.0484851137738,-0.2240088884968,0.0346273182685,0.6210585121225,-0.0481633127727,0.0672385961448
0.2915172539278,0.3124726827180,0.3432975862583,0.4449907760453,0.1044392914945,-0.2452021468422,-0.2522383279882,1.0000000000000,-0.1669951388667,0.2538308317154,-0.1367709099625,0.1019774284797,0.1464010193865,0.0349614510687,0.1213318892608,-0.0724280388090,0.1721353669681,0.2792160035274,-0.0494773866264,0.2914700835411,0.3045025825132,0.1244357711505,0.4833284560159,0.1751983286165,0.5142159707376,0.3707444629996,0.2694650723265,0.3126129483552,0.4015941152559,0.0082663965904,0.4172958057814,0.0312892196729,-0.1982435874596,-0.0155101485109,0.0052323940666,-0.0539337249581,0.2238969607208,-0.0537072376907,0.2899073231793,0.0740644383809,-0.3807015230696,-0.3158041693603,0.6044771175801,-0.2122065879589,0.2403574964737,0.0051457024862,0.1105880710845,0.1280796588294,0.0964979183590,0.0927287450093,-0.2218991012766,0.1029010980940,0.0199840563400,-0.1351698130564,0.0117366049589,0.2052444535354,-0.0249512594301,0.3819962494788,-0.0729762538446,0.4036584796865,0.0351934440435,-0.0483240158169,0.3555394667943,0.2763912048567,-0.1011873154464,-0.0567997933413,0.0474217771347,-0.2448148251691,-0.1006604960935,-0.1509134795775
-0.0908793490383,-0.4116686141239,0.1990857353776,0.0402133015949,-0.1247375278023,0.7723317004960,0.8277231334705,-0.1669951388667,1.0000000000000,0.2426498050340,0.3623857042421,0.2486175558820,-0.1663637759976,0.5077122958542,0.2559859567664,0.7392085184302,-0.1562348542516,-0.3026653416425,0.2763627427280,-0.2483265829075,-0.1862962257266,-0.1774211566658,-0.4620373913692,-0.2171426374629,-0.0924230331943,0.0502069771940,-0.0376947602893,0.0434230529063,-0.1481443677281,0.1179543618648,-0.1532097241766,-0.0194442867967,0.6826121576439,-0.0255135150583,0.0979293863554,-0.1758997003784,-0.4475448712654,0.1690460008229,0.0741593277408,-0.1762135696869,0.5600338386964,0.7418063699323,-0.1410616846843,0.8473487579682,-0.1679429177975,0.1183052661050,0.2109280371003,-0.3308296745571,0.1549489217645,0.3024346538141,0.6007375119364,-0.1251961536716,-0.2909916291538,0.1559585844291,-0.3732001227181,-0.2596592194610,-0.1740781775642,-0.3807002116187,-0.2284465668395,-0.1840398722946,-0.0246714119360,-0.2077242380826,-0.3595347960347,-0.2619237479811,-0.1529443107724,-0.2639260614460,0.1141533280681,0.6594206090995,-0.1509734966827,0.0120983591286
0.3569172814614,0.2415195344642,0.1686010544648,0.4104599900051,0.3671515847410,0.1681332392949,0.3002706686272,0.2538308317154,0.2426498050340,1.0000000000000,0.4165053249810,-0.0331018503315,0.5286029925583,0.3048246302758,0.3175470632797,0.4924225879599,0.0688412998868,0.2795342502464,-0.0465395255508,0.0386114587859,0.3603655147199,0.1679697941873,0.1463786024623,0.0863873281074,0.5150191841869,0.3273159996720,0.0395664708788,0.0879062118461,0.1509195661596,0.2685352528899,0.1181180851579,0.0078590109743,0.2252866707602,0.1686256475074,0.1705926296206,0.2200800564624,0.1294455238991,-0.1184768456248,0.4192691776459,0.3277855150878,0.1700540539345,0.3017773219308,0.0852604871024,0.2112519143843,0.5960753711867,0.3669348775695,-0.1823381567966,0.3936712286187,0.1148733684715,0.1350255049710,0.4316519448146,0.0403964974093,-0.0339060004258,-0.2755512486325,-0.3189620594455,0.2499721096960,0.1516898335856,0.1085379547888,0.0380561430729,0.3808756362727,-0.0428896457968,-0.3416077265613,-0.0587858936979,-0.0052139479989,0.0335276614711,-0.0956490478462,0.0188858508709,0.2541592632504,-0.0105067548351,0.0147634149311
0.4055670281590,0.0243389069825,0.1189988522177,0.0596770526469,0.5328901506433,0.2107298355090,0.4993919963109,-0.1367709099625,0.3623857042421,0.4165053249810,1.0000000000000,0.1297679327598,0.5801075761692,0.2362251387983,0.4901916218020,0.3756771278601,0.1740217687358,0.0759269589602,0.1093745474433,-0.0236376143393,0.4911496900442,0.2677790556790,-0.0761354542332,0.1674421397400,0.3312364908987,-0.0715541692025,-0.0015270392413,0.0047134896717,0.3030130178042,0.5197414462970,0.0066189412179,0.1434258541387,0.2823541470489,0.3803421563008,0.2836361172466,0.3440868547720,-0.0414218821548,-0.1319123482716,-0.0730699121141,0.5416281144021,0.1481034054329,0.4686805900644,-0.3114814085643,0.3218472267557,0.2316886812990,0.8073511051609,-0.2304878504298,0.5121083393830,-0.1925381647449,0.0376803192140,0.4326035368463,0.1404344205103,-0.0859398182911,-0.1611416999687,-0.3103458409799,0.4049392304435,0.2823757205536,-0.0802463778987,0.1750052409722,0.1056105206373,-0.0989367572523,-0.3419149432829,-0.2149295754327,0.2032588274690,0.1902196777462,-0.0341822777540,-0.0602003991616,0.2010170435252,0.2968576803921,0.1519886363493
0.1922506551150,0.0412682817176,0.0272544104419,-0.0143352720880,0.1139497662309,0.2184248219232,0.1009487357216,0.1019774284797,0.2486175558820,-0.0331018503315,0.1297679327598,1.0000000000000,0.0728861704777,0.2763251417185,0.4773813287688,0.1817968683751,0.1774126123858,0.0595959242529,0.7151853520895,0.4951850696373,0.1744313012437,0.3379726818159,-0.0219901866543,0.3480178710088,0.2015259689998,0.2920735801288,0.6631752723566,0.4764143075390,0.3335087450915,0.3296005300260,0.3055721276671,0.4110721194375,0.1155239131654,0.0823125291924,0.3061255868076,-0.1777053878577,-0.1391540190090,-0.0350106804847,-0.0345536900910,0.0616571777789,0.0092866608250,0.0080132876779,0.0048478867586,0.0875092468912,-0.0575794824574,-0.0452998697678,0.3773539365657,-0.0131659104551,-0.0957661063942,-0.2122927001555,0.1794201726897,0.0362660033743,0.0615863904081,0.0818013887473,-0.0591549531255,0.1186372239650,0.0941854217911,-0.0213563919807,0.2122984877679,0.0890483759858,0.3458267063380,-0.0112494167763,0.2362297937496,0.2560182623025,-0.0377745650909,-0.0267389623319,0.0580169168026,0.0143647714026,0.1280702529291,0.0694648974297
0.6229037215959,0.3588394984077,0.0798467758263,0.2335831201067,0.7286933503703,-0.2762031068648,0.0376828703311,0.1464010193865,-0.1663637759976,0.5286029925583,0.5801075761692,0.0728861704777,1.0000000000000,0.0045384620883,0.4169231633199,0.0701447393819,0.2859323614773,0.4141555002658,0.0472933387449,0.3124108219113,0.8269001666300,0.4694866517470,0.2794850722839,0.3926580010207,0.5568548194547,0.1181177504381,0.1631214706953,0.0598374609965,0.4745744631718,0.5206401248981,0.2732103344018,0.1170983912492,-0.1529153611789,0.4934619633050,0.3127534585730,0.4456729908877,0.3107846900027,-0.2132971719427,0.1153305234525,0.7435572100815,-0.2166996330896,-0.0017247878050,-0.0648241087044,-0.1902181064768,0.4835171771571,0.6036103027039,-0.2943096805825,0.9305343600809,-0.2719935982922,-0.1551887490059,0.2092300900745,0.2023399986785,0.1690893078439,-0.3434166195574,-0.1172878308750,0.7817521207779,0.4288232494835,0.2084288109119,0.3339063517730,0.3724948498974,-0.0955689613753,-0.2406188190349,0.0747606080797,0.4245563372791,0.1732524639706,0.1292814674079,-0.2109476127866,-0.1888667984006,0.3169800672378,0.2052950195918
-0.0496049663510,-0.0911470724332,0.1842895655217,0.1215114201966,-0.0742870359063,0.5573367456831,0.4739285973281,0.0349614510687,0.5077122958542,0.3048246302758,0.2362251387983,0.2763251417185,0.0045384620883,1.0000000000000,0.4031858081049,0.5523364846306,-0.0947357980162,-0.1711825137583,0.2749115898814,-0.1096962333974,-0.0464492436953,-0.1556363589724,-0.1716400860115,-0.1536389284392,0.0024894993015,0.3968679933746,0.1231497579787,0.3682038685187,-0.1649772068180,0.2218683866167,-0.1790763140713,0.1622719710627,0.5768910469417,0.0698383942079,0.0662063818274,-0.2297495778526,-0.1647105260157,0.1838623906039,0.1303824092634,-0.0805665286582,0.4475220105923,0.5639948650334,0.0274659766588,0.5453440041764,0.0814318159554,0.0695778614400,0.2916338403569,-0.1098364871317,0.4982433084822,0.2910408218274,0.4363295838053,-0.1344089704804,-0.2795781084918,0.1020444918284,-0.3413063302110,-0.1327412646645,-0.1469881472187,-0.2171007148275,-0.2025690026321,-0.0692304137573,0.2026523239679,-0.1848576735316,0.0102331294075,-0.2477075143170,-0.0303303859596,-0.2459539248044,0.3594573958800,0.6007446559136,0.0140936704903,-0.0164312723352
0.5851467063746,0.0489292544767,0.0925605807777,0.1130065845724,0.2677177959748,0.1566279380719,0.2839372205659,0.1213318892608,0.2559859567664,0.3175470632797,0.4901916218020,0.4773813287688,0.4169231633199,0.4031858081049,1.0000000000000,0.2510009320257,0.1441856986046,0.2795539698178,0.4696191591712,0.4043566576895,0.3605919415255,0.3007180026388,0.0314232783710,0.2837726051294,0.2655245542342,0.1691310799992,0.2782468593936,0.2201775491341,0.2240250864226,0.6645805629779,0.2372245668328,0.1671829634729,0.1640399910619,0.3548047980384,0.2958988005201,0.1385373620999,-0.0669546982262,0.0086185626714,0.0128581566743,0.2715248352001,0.1246525420103,0.2297274266242,0.0191475774301,0.2013280985760,0.2777421410717,0.3202193164739,0.1445978361398,0.3363500897339,0.0080506911073,0.2009691051188,0.2403454729600,0.0766106889614,0.1049427875377,-0.0100669140806,-0.0631747706647,0.2973682890042,0.1948484257276,0.0127024046414,0.2041274896468,0.1390504111811,0.1141425100568,-0.1578020717599,0.0850486439335,0.1752906632478,0.2159610760845,0.0263114930881,-0.0160002229471,0.1211979014377,0.3245201500361,0.1228543195540
-0.0669561928108,-0.1597306475856,0.0929740930322,0.1551914857409,-0.0163760333663,0.6606002778312,0.7240176863184,-0.0724280388090,0.7392085184302,0.4924225879599,0.3756771278601,0.1817968683751,0.0701447393819,0.5523364846306,0.2510009320257,1.0000000000000,-0.2182730151813,-0.2327764218344,0.1423370278570,-0.2640760059547,-0.0693102336086,-0.2136655203125,-0.3137289514288,-0.2614923494069,0.0198782701379,0.1957510020139,-0.0582113407795,0.0696266415645,-0.1780058438158,0.2615463115438,-0.2285092245911,0.1050148156783,0.5813045319225,0.0576644644109,0.2147488539240,-0.1699271829554,-0.2468633396835,0.0657737073417,0.2585264955009,-0.0158620002488,0.4991360022880,0.6779946230810,-0.0426801004802,0.6743029738756,0.1259349170358,0.1686543649938,0.1676529098048,-0.0876276422793,0.2605611170355,0.3090693204180,0.7741171160612,-0.2025331201730,-0.3201087256621,0.0633862187010,-0.3675866394320,-0.1664583128623,-0.1340160579455,-0.2477182878257,-0.2427026399851,-0.0163804749948,0.0636587744125,-0.2666551385122,-0.2628824518586,-0.2412197353851,0.0955939548988,-0.2756033601486,0.1900490957921,0.6125438456454,-0.0078084424826,0.1064787150189
0.4220939066500,0.2004192531938,0.2870429543978,0.1591313132476,0.4654364214468,-0.1118149665079,-0.1434803937982,0.1721353669681,-0.1562348542516,0.0688412998868,0.1740217687358,0.1774126123858,0.2859323614773,-0.0947357980162,0.1441856986046,-0.2182730151813,1.0000000000000,0.1059903824049,0.0173995174561,0.1966447041629,0.4744930215526,0.7838856587846,0.5163271742906,0.7834981206356,0.6290466031915,0.1077849412676,0.2202345529724,0.2615154168689,0.7057513541060,0.2234379763060,0.4376023971389,0.0540364682382,-0.0639684587224,0.1672077962552,0.1188581793943,0.3259246672267,0.2315907497708,-0.0028798442705,-0.1242357151648,0.3949104116468,-0.2143274097366,-0.2249696086603,-0.1102090425297,-0.2222552411161,0.0404364891332,0.2153991294530,-0.1172441356558,0.2726422032280,-0.2787790628601,-0.2502675225753,-0.1644145245985,0.8955367552250,0.1579602859857,-0.3889005882418,-0.1130717321597,0.4373823179036,0.7065476792609,0.4245703628023,0.7271376149363,0.4766267524862,-0.0034256352976,-0.1295942552016,0.3389317385183,0.5798116315645,0.0054306832950,0.4448161220729,-0.3018563178225,-0.2069452128252,-0.0156239372092,0.0665528150066
0.4809116204604,0.4813616474811,0.0992795299507,0.2729865658955,0.2144443869930,-0.3777330635947,-0.3048955730654,0.2792160035274,-0.3026653416425,0.2795342502464,0.0759269589602,0.0595959242529,0.4141555002658,-0.1711825137583,0.2795539698178,-0.2327764218344,0.1059903824049,1.0000000000000,0.0241666346609,0.6645141651154,0.3340325343975,0.3117768571562,0.3753054808554,0.3480502209147,0.2632220884089,0.1365129135129,0.3216534945095,0.0765622683125,0.2549734311593,0.3005164050358,0.5220570626950,0.0161581434278,-0.2765455186472,0.2658735473893,0.2927118522055,0.2576645909497,0.4542583887180,-0.0715547637033,0.2724535672272,0.2355153821977,-0.2778823166039,-0.3099867121252,0.2149746236722,-0.3205066798789,0.2695336340099,0.1003331473486,-0.0740301744030,0.4056814288197,-0.1216389730749,-0.1287446549508,-0.1548908026771,0.0781855020190,0.5558499534026,-0.0785334268547,0.3196806947394,0.2979434075932,0.2130140931250,0.3079747113094,0.2625971875111,0.1893598221604,0.0538541090139,0.2195143020354,0.2698025941594,0.1844882234729,0.1464820181699,0.2489240501597,-0.0267648303421,-0.2877416113614,0.3036942073020,0.2197815440023
0.0692540188898,-0.1392729154154,-0.0738653846606,-0.2692767159035,-0.0045825624410,0.1476657376006,0.0816881034078,-0.0494773866264,0.2763627427280,-0.0465395255508,0.1093745474433,0.7151853520895,0.0472933387449,0.2749115898814,0.4696191591712,0.1423370278570,0.0173995174561,0.0241666346609,1.0000000000000,0.4478663455104,-0.0554072267599,0.2256140400655,-0.2314538608448,0.2117975293199,-0.0903166588200,-0.0513568174191,0.6087989420309,0.4465325005888,0.1047715102761,0.2148245296335,0.1796231722371,0.4064071075966,0.1346709078656,0.0018394303609,0.0110590173091,-0.1834870719735,-0.2897025776138,-0.0013496757755,-0.1618639057075,-0.0320289344336,0.0273694706567,0.0675651869107,-0.1193337049640,0.1063558325240,-0.2352115532437,-0.0858286852548,0.2686502820764,-0.0425597080047,-0.2092255987267,-0.1767980668748,0.1708295710066,-0.1195162430190,0.0309525634285,0.3128372098001,-0.0324106563592,-0.0724156948107,-0.0189681332711,-0.2714636745855,0.0856051136127,-0.1904570625222,0.0031947090530,0.0581007904719,0.1992088607974,0.0828270747077,-0.1716956696390,-0.1705848058690,0.0565585995716,0.0998398018687,0.0343562813887,-0.1132119523586
0.4416704590565,0.2551294614597,-0.0630584251943,0.1758635113818,0.1102235889569,-0.3696704390204,-0.3445634041845,0.2914700835411,-0.2483265829075,0.0386114587859,-0.0236376143393,0.4951850696373,0.3124108219113,-0.1096962333974,0.4043566576895,-0.2640760059547,0.1966447041629,0.6645141651154,0.4478663455104,1.0000000000000,0.3132250410083,0.3952027438515,0.2955878459820,0.4309576349910,0.2471333620194,0.2438590755956,0.6506495112995,0.2840752577862,0.3599805488398,0.3315278794833,0.5699019069806,0.2582172789647,-0.3472456886440,0.2306742435213,0.3200041236320,0.1061348329498,0.1726460750029,-0.1303411818235,0.1412374302312,0.0818948561375,-0.3697670417519,-0.4448713843730,0.2295148583941,-0.3765713099757,0.0748743086955,-0.0355974226417,0.0492306532371,0.2679093622785,-0.1727631721043,-0.2306908269513,-0.1724282457475,0.0663610996979,0.4635351765864,0.0255113623198,0.3801210489830,0.2525543305663,0.1447485606846,0.2410788544427,0.2766404078888,0.1488096139493,0.1883128661772,0.2497628059278,0.3988367556320,0.3070886104363,-0.0191656721523,0.1633086775223,-0.0119153370761,-0.4133819358720,0.2698099611683,0.1204564702031
0.6977945281006,0.3794150361561,0.2205988490653,0.3525188142563,0.7528516139500,-0.2584398524078,-0.0709802249417,0.3045025825132,-0.1862962257266,0.3603655147199,0.4911496900442,0.1744313012437,0.8269001666300,-0.0464492436953,0.3605919415255,-0.0693102336086,0.4744930215526,0.3340325343975,-0.0554072267599,0.3132250410083,1.0000000000000,0.5664026090203,0.4225344032141,0.5054167760092,0.7218065777028,0.2452735613256,0.1820266067635,0.1264969355486,0.6308727430275,0.4421775224525,0.3745103311603,0.0695063474087,-0.2056899923569,0.5062558181025,0.4054687767921,0.4342041934021,0.3274243919969,-0.1686098613072,0.0549349039454,0.7368483142607,-0.3165286853686,-0.1559981049097,0.0172018719627,-0.2129444511952,0.4177513248223,0.5822179396286,-0.2372617905242,0.7973695070164,-0.2561708910358,-0.1384401390681,0.0467717120672,0.3906275262360,0.1485436812045,-0.4441571988099,-0.1025209254881,0.9281335621663,0.4928569566817,0.3642797455085,0.4069348557388,0.5073755362261,0.0453282052603,-0.2611092048984,0.1592021892779,0.5186544801361,0.0952049996240,0.2010166956482,-0.2228822500512,-0.2978531168618,0.2996177993228,0.2654863076575
0.4969126903581,0.2538997360200,0.2192326380721,0.0143176691066,0.6258016735002,-0.1298238843437,-0.2209236225393,0.1244357711505,-0.1774211566658,0.1679697941873,0.2677790556790,0.3379726818159,0.4694866517470,-0.1556363589724,0.3007180026388,-0.2136655203125,0.7838856587846,0.3117768571562,0.2256140400655,0.3952027438515,0.5664026090203,1.0000000000000,0.3663914310455,0.9419246696588,0.6028011773442,0.0485802638772,0.4195407538388,0.3470797344343,0.7575471667573,0.3589689384203,0.5398239519193,0.2187348664702,-0.0536757486478,0.2867088251175,0.2132669701824,0.3421573892231,0.2431124275872,-0.1135092458170,-0.1972707204751,0.5647715768578,-0.2110167897140,-0.2729126603145,-0.2376351234498,-0.2762982993805,0.0936539005763,0.2145889976437,-0.2457709591624,0.4484654379802,-0.4636166191631,-0.4339413037716,-0.0972014041798,0.6454990140516,0.2578177467620,-0.3988989642942,-0.1395572158466,0.5547076876589,0.8013268521831,0.2735307811299,0.8528408658806,0.3822929759861,-0.0491670285893,-0.1429090470739,0.3319887071324,0.6297852700276,0.0195958271785,0.3955930200266,-0.3455666353129,-0.2213961243233,0.1398289052686,0.0705370988646
0.4494417185080,0.6364227676697,0.0473863133915,0.5146132689690,0.2224091406951,-0.3642407314714,-0.3620922149129,0.4833284560159,-0.4620373913692,0.1463786024623,-0.0761354542332,-0.0219901866543,0.2794850722839,-0.1716400860115,0.0314232783710,-0.3137289514288,0.5163271742906,0.3753054808554,-0.2314538608448,0.2955878459820,0.4225344032141,0.3663914310455,1.0000000000000,0.3905960774706,0.5725236870430,0.2524550182286,0.1336879887506,0.1224764208868,0.4091301295631,0.1477693030852,0.5778450972688,-0.0367961470133,-0.2975909308700,0.1948080053753,0.2041844900102,0.3041394772680,0.6142309087756,-0.2259752995179,0.3337568892175,0.2159086291703,-0.4024032001059,-0.3914504429915,0.3143855516564,-0.4497927468946,0.2977655114895,0.1483143673605,-0.0693684345395,0.3067936842109,-0.1162251095263,-0.1191614424122,-0.2846643543699,0.4669981583120,0.3375298492196,-0.3755767597161,0.1626656692433,0.3628742155631,0.3040999009218,0.8795069117951,0.2888450117379,0.5666631822706,0.1293111828103,-0.0079043860316,0.4765269785491,0.3437636213505,0.0907791626800,0.4165765804122,-0.2068444489731,-0.3732529375488,0.1235642226528,0.2199772286400
0.4622693688130,0.2764362750419,0.2974405754090,0.0329079123555,0.5533272785304,-0.1399886109640,-0.2567365042483,0.1751983286165,-0.2171426374629,0.0863873281074,0.1674421397400,0.3480178710088,0.3926580010207,-0.1536389284392,0.2837726051294,-0.2614923494069,0.7834981206356,0.3480502209147,0.2117975293199,0.4309576349910,0.5054167760092,0.9419246696588,0.3905960774706,1.0000000000000,0.5619385504309,0.0853865569180,0.4486661567426,0.4355387931082,0.7324322553771,0.3627660079820,0.5511451649501,0.1930046186715,-0.0893094143097,0.2747902926334,0.2171758463299,0.2785403233036,0.2746814044034,0.0060333667992,-0.1492281977922,0.4896054963067,-0.2098692085463,-0.3185267571386,-0.1345816614331,-0.3044195486426,0.0596588280149,0.0917668936477,-0.1920197700846,0.3661768893980,-0.4107817713985,-0.4435560066778,-0.1416719308403,0.6598985302956,0.2998134334960,-0.3654956983415,-0.0841978808076,0.4917425552326,0.7540936783971,0.2934779938324,0.8525472146071,0.3615725973249,-0.0022196657681,-0.0806915062474,0.4211227615680,0.6312602318671,0.0025444673919,0.4412070378620,-0.3432088987066,-0.2375206681664,0.1531729055368,0.0759392046580
0.6377761390029,0.4080389913456,0.2691427492814,0.5031724712987,0.6645511616761,-0.1373064673691,-0.0387440380980,0.5142159707376,-0.0924230331943,0.5150191841869,0.3312364908987,0.2015259689998,0.5568548194547,0.0024894993015,0.2655245542342,0.0198782701379,0.6290466031915,0.2632220884089,-0.0903166588200,0.2471333620194,0.7218065777028,0.6028011773442,0.5725236870430,0.5619385504309,1.0000000000000,0.3974058690755,0.2457367917607,0.2215011811712,0.7663111823323,0.3161039508356,0.4739991329901,0.0775696388269,-0.0853721082002,0.2022908392227,0.2679678418856,0.3355224534381,0.3510170319523,-0.1843260235678,0.2218784963768,0.5779904943890,-0.2467264796090,-0.1354156386617,0.1782572724597,-0.1692298778064,0.4332711228932,0.3825345704139,-0.2048051792891,0.5022073720083,-0.2026750700086,-0.1790426791005,0.0375354740064,0.5684863089573,0.0736358231513,-0.5723951471692,-0.2811741324863,0.6227462594893,0.5349603039081,0.5322975630886,0.4344319329310,0.7425014606878,0.0148653316174,-0.3679282297454,0.2195157651770,0.5865186634793,-0.0078713618443,0.2963070600409,-0.2791830867805,-0.1925294280030,0.0536458228073,0.0849548775027
0.1981141305300,0.2820835847931,0.1246051366186,0.4830841923657,0.0437000930086,0.0608464932877,0.0154424451051,0.3707444629996,0.0502069771940,0.3273159996720,-0.0715541692025,0.2920735801288,0.1181177504381,0.3968679933746,0.1691310799992,0.1957510020139,0.1077849412676,0.1365129135129,-0.0513568174191,0.2438590755956,0.2452735613256,0.0485802638772,0.2524550182286,0.0853865569180,0.3974058690755,1.0000000000000,0.3193223849581,0.2829467227864,0.1287605538397,0.1652934929354,0.0680952244091,0.0330888066878,0.0126524536087,0.1855877524147,0.4178795573989,-0.1138222957849,0.1659975173203,-0.0327583849126,0.4450654037428,-0.0267419117659,-0.0375588592265,-0.0345789126291,0.2553950551281,0.0083369664383,0.2514272816166,-0.0423264163668,0.0800280395455,0.0407440717034,0.4371990545408,0.0038392678085,0.1508730228256,0.0976214400359,-0.0444674484769,-0.3095805406761,-0.1625777567864,0.1474158834886,0.0045935257705,0.2455581322519,0.0111553502671,0.2848472196535,0.5308883323100,-0.1149290336016,0.1083645170334,0.0014460430914,-0.0707268798959,-0.0776387412153,0.2884773045052,-0.0436973758471,0.0935368399031,0.2066616496232
0.1632212941759,0.2507700335441,0.0728553734017,-0.0523285761165,0.1390949588207,-0.0687394077477,-0.2209605851744,0.2694650723265,-0.0376947602893,0.0395664708788,-0.0015270392413,0.6631752723566,0.1631214706953,0.1231497579787,0.2782468593936,-0.0582113407795,0.2202345529724,0.3216534945095,0.6087989420309,0.6506495112995,0.1820266067635,0.4195407538388,0.1336879887506,0.4486661567426,0.2457367917607,0.3193223849581,1.0000000000000,0.7145623992897,0.3629072039534,0.1940054365642,0.4928169120561,0.5082113702649,-0.0445925312002,0.1248202997482,0.1927484251593,-0.1194207409071,0.1129684040411,0.0288231594491,0.0088004771442,0.0528211762813,-0.2077303802788,-0.2863385544408,0.1180144626017,-0.2364285942202,-0.0657219769623,-0.1573835772884,0.0070601792395,0.0854734888467,-0.2186666158552,-0.4472974272023,-0.0501294413736,0.0034908806791,0.2959303045424,-0.0475540176743,0.0251596589463,0.0997588842126,0.0876135505804,0.0414277194633,0.2613735097740,0.1586049588842,0.2432925029869,0.2659544420838,0.5385175661686,0.2631308389825,-0.2975462114244,-0.0222992870403,-0.0144402119899,-0.1586330530759,0.0820339279388,-0.0389217923485
0.0342177124420,0.2494979733963,0.3576860979972,-0.0410061459842,0.1173320629396,0.1097241384915,-0.0962919767063,0.3126129483552,0.0434230529063,0.0879062118461,0.0047134896717,0.4764143075390,0.0598374609965,0.3682038685187,0.2201775491341,0.0696266415645,0.2615154168689,0.0765622683125,0.4465325005888,0.2840752577862,0.1264969355486,0.3470797344343,0.1224764208868,0.4355387931082,0.2215011811712,0.2829467227864,0.7145623992897,1.0000000000000,0.2708329956618,0.0992320977623,0.2703925733096,0.4945887327198,0.1098259930526,0.0120644899717,0.0155815542469,-0.1834261691916,0.0755164408412,0.2041477071813,-0.0272039256827,0.0913848431513,-0.0415531087676,-0.1144881758867,0.0563153093103,-0.0690040323471,-0.0546424917134,-0.1272624360343,0.0160085655713,-0.0071646881366,-0.0522032313257,-0.2719986687382,-0.0188012107222,0.0582318072139,0.0092472581663,-0.0950136874312,-0.1618387213772,0.0582100403184,0.1365844757067,-0.0462356869691,0.2218588663228,0.0783296240718,0.1544824951520,0.0168476848810,0.6988706510695,0.2097338830318,-0.2521653890905,-0.0981874051763,0.0461084446720,0.0366837145941,0.0261377119844,-0.1787975438124
0.5146518459531,0.3075800686446,0.3260930715717,0.1835770561214,0.6425599794501,-0.2410674119325,-0.1933901484236,0.4015941152559,-0.1481443677281,0.1509195661596,0.3030130178042,0.3335087450915,0.4745744631718,-0.1649772068180,0.2240250864226,-0.1780058438158,0.7057513541060,0.2549734311593,0.1047715102761,0.3599805488398,0.6308727430275,0.7575471667573,0.4091301295631,0.7324322553771,0.7663111823323,0.1287605538397,0.3629072039534,0.2708329956618,1.0000000000000,0.3054378030950,0.5279910079526,0.2006879854101,-0.1683233529513,0.1102741845378,0.1093915308719,0.2885723000479,0.2839297700780,-0.1018465789484,-0.0888163385170,0.5561518141857,-0.3711176134609,-0.3111606686345,0.0357094876005,-0.2815540473022,0.0915408637257,0.3233198950693,-0.1211570878777,0.4597830745819,-0.4322742491810,-0.3586686212672,-0.1825546591953,0.6179140528920,0.1463356287560,-0.4045505855659,-0.1742546559696,0.5721838521951,0.6569928696382,0.3679973138373,0.5960605706106,0.4632253744893,-0.1122631418770,-0.2067845236479,0.2601414827810,0.8558135180309,0.0106934571568,0.4090541399923,-0.3434688581268,-0.3499463169601,0.0031499673492,-0.0347492107789
0.6041699367661,0.1804049222063,0.1233262925592,0.1759182960436,0.4235835719824,0.1022366405254,0.2390380493127,0.0082663965904,0.1179543618648,0.2685352528899,0.5197414462970,0.3296005300260,0.5206401248981,0.2218683866167,0.6645805629779,0.2615463115438,0.2234379763060,0.3005164050358,0.2148245296335,0.3315278794833,0.4421775224525,0.3589689384203,0.1477693030852,0.3627660079820,0.3161039508356,0.1652934929354,0.1940054365642,0.0992320977623,0.3054378030950,1.0000000000000,0.2672281553158,0.2158191920750,0.0984026342920,0.6386835778818,0.5460061376886,0.3254575477506,0.1151620363466,0.0381113382842,0.0609842328303,0.3964327205883,0.0959031364018,0.1893569371632,-0.0455919481176,0.0641471564681,0.3103382745414,0.3405961123792,-0.0386937515482,0.4436433775784,-0.1489829279806,0.0096827855711,0.3361400314970,0.1796540237024,0.1544269623947,-0.1530091970334,-0.0928438953382,0.3590578781484,0.3019566945123,0.1490507843887,0.2732358129409,0.2329682144688,0.1590855318919,-0.2244179992674,-0.0325457310834,0.2334117090227,0.5463062011808,0.1892027477817,-0.1483055252693,0.0334852690313,0.5673467566060,0.4284201930556
0.5156398454796,0.4131760864599,0.2095422963643,0.3665355648280,0.1625465556170,-0.2069957587653,-0.2654361900736,0.4172958057814,-0.1532097241766,0.1181180851579,0.0066189412179,0.3055721276671,0.2732103344018,-0.1790763140713,0.2372245668328,-0.2285092245911,0.4376023971389,0.5220570626950,0.1796231722371,0.5699019069806,0.3745103311603,0.5398239519193,0.5778450972688,0.5511451649501,0.4739991329901,0.0680952244091,0.4928169120561,0.2703925733096,0.5279910079526,0.2672281553158,1.0000000000000,-0.0165153876719,-0.1916111344303,0.1769275641815,0.2574297014053,0.1530903092870,0.3629495079478,-0.0761330711219,0.2048483945769,0.1116485193654,-0.3185542647892,-0.3465441834098,0.2664150362131,-0.2548034147503,0.0614689869887,0.0238976741892,0.0662712920787,0.2053722715780,-0.3439514564472,-0.2016757824892,-0.2303155024996,0.3248886725173,0.5412706055067,-0.1427208157150,0.1716406726049,0.3008562767765,0.2602750465418,0.5365610879633,0.3425870438043,0.3921933586354,0.0553674890521,0.1624825354526,0.4324436624055,0.3650308308689,-0.0901619202291,0.4384614885052,-0.3377417216478,-0.2683006849069,0.0684117984770,0.1561423090965
-0.0286083240355,0.1590187961495,-0.1739634495138,-0.2404438331629,0.2050251989482,0.0162093566687,-0.0523890654242,0.0312892196729,-0.0194442867967,0.0078590109743,0.1434258541387,0.4110721194375,0.1170983912492,0.1622719710627,0.1671829634729,0.1050148156783,0.0540364682382,0.0161581434278,0.4064071075966,0.2582172789647,0.0695063474087,0.2187348664702,-0.0367961470133,0.1930046186715,0.0775696388269,0.0330888066878,0.5082113702649,0.4945887327198,0.2006879854101,0.2158191920750,-0.0165153876719,1.0000000000000,0.0806992825964,0.0963532989820,0.0418406008222,0.0555159532148,0.0776469824723,-0.0844717820504,-0.1612090526297,0.1855932042887,-0.0355088337687,-0.1454925843687,-0.0199986314996,-0.1963888694794,-0.0156283008198,0.0328970728214,-0.1211469384376,0.1047511981473,-0.1996252678899,-0.3199944761329,0.1009667060697,-0.1108048376454,0.0414106080622,-0.0764790000133,-0.0162644734686,0.0005238241529,0.1605955004865,-0.1212690918327,0.1787942264952,0.0424026945626,0.0099247656696,-0.0082349701590,0.3714865723972,0.3279753486594,0.0120216245367,-0.0208022444146,0.0304413085489,-0.0286183808051,0.1463293606172,-0.0510210691817
-0.1823927346077,-0.2621915054444,0.0696189676270,-0.1069684933000,-0.0042665665565,0.8238344020308,0.6137962707190,-0.1982435874596,0.6826121576439,0.2252866707602,0.2823541470489,0.1155239131654,-0.1529153611789,0.5768910469417,0.1640399910619,0.5813045319225,-0.0639684587224,-0.2765455186472,0.1346709078656,-0.3472456886440,-0.2056899923569,-0.0536757486478,-0.2975909308700,-0.0893094143097,-0.0853721082002,0.0126524536087,-0.0445925312002,0.1098259930526,-0.1683233529513,0.0984026342920,-0.1916111344303,0.0806992825964,1.0000000000000,0.0045308933783,0.0175151902103,-0.1112768881560,-0.2231005878733,0.0713919563642,-0.0826368987838,-0.0371801922552,0.6265215641881,0.6962440099437,-0.1744583785502,0.7042405689126,-0.0532202854077,0.0567535431516,0.0816722108337,-0.2453870644874,0.2026568146184,0.2082590697500,0.5094822602049,-0.0694707558226,-0.2179112547477,0.0311975344476,-0.3643630171048,-0.2454273969917,-0.0459059967473,-0.3187234572803,-0.0480414310855,-0.0763551155983,-0.0716644010431,-0.1781891557313,-0.1967956167375,-0.2458473301000,-0.0582672017718,-0.1441947207173,0.1101712042616,0.8656298510589,-0.1708016324266,-0.0623160081825
0.4859966649653,0.1574575073305,0.0169515094577,0.1247160099745,0.3632911706188,-0.0042547418333,0.0759437453664,-0.0155101485109,-0.0255135150583,0.1686256475074,0.3803421563008,0.0823125291924,0.4934619633050,0.0698383942079,0.3548047980384,0.0576644644109,0.1672077962552,0.2658735473893,0.0018394303609,0.2306742435213,0.5062558181025,0.2867088251175,0.1948080053753,0.2747902926334,0.2022908392227,0.1855877524147,0.1248202997482,0.0120644899717,0.1102741845378,0.6386835778818,0.1769275641815,0.0963532989820,0.0045308933783,1.0000000000000,0.6180610658668,0.4197900978182,0.1665188630426,-0.0672126994260,0.0270910902115,0.3092943102614,0.0347273927286,0.0577652928663,-0.0644435150811,-0.0321057410391,0.2772703660736,0.3243805535908,-0.2471770238178,0.4532138710406,-0.1212030931178,0.0233999314414,0.2593589020202,0.0839480192933,0.2235009202940,-0.2009944820970,0.0317860215824,0.4496403021677,0.2057423979490,0.1580573922684,0.2351423125793,0.2168042235772,0.2564027625450,-0.0996017415032,-0.0395988525216,0.0551642678016,0.2919234193530,0.1101215588755,-0.1222257689279,-0.0298377370707,0.5782201921042,0.5787702550342
0.4716665763166,0.1835525653509,0.0478343321142,0.3897687472573,0.1330605238874,0.0931780392542,0.1041924058778,0.0052323940666,0.0979293863554,0.1705926296206,0.2836361172466,0.3061255868076,0.3127534585730,0.0662063818274,0.2958988005201,0.2147488539240,0.1188581793943,0.2927118522055,0.0110590173091,0.3200041236320,0.4054687767921,0.2132669701824,0.2041844900102,0.2171758463299,0.2679678418856,0.4178795573989,0.1927484251593,0.0155815542469,0.1093915308719,0.5460061376886,0.2574297014053,0.0418406008222,0.0175151902103,0.6180610658668,1.0000000000000,0.2256917831668,0.1714306012147,-0.0963618461602,0.3147748179476,0.1081075085688,0.0513677503236,0.0413141637940,0.0329914055416,0.0697421673978,0.1543073882808,0.2088828591310,-0.0321801523015,0.2053128479214,0.0126547156174,-0.0034538986564,0.3814688687045,0.1349864545628,0.2672303211080,-0.1784398869605,0.1023587940068,0.2857438607631,0.1876265515519,0.2637867136936,0.2098324360615,0.2289213980674,0.4769542585953,0.0088953038568,-0.0285066071009,0.0212187782088,0.2583749208940,0.2088304134879,0.0221793493991,-0.0449399618411,0.4962531547409,0.7907906307598
