1.0000000000000,0.4415188013396,0.4553591361709,0.4568825655950,0.4251235436897,0.0130742260091,0.2094121832485,0.2637535605843,0.1174756490802,0.3249783077884,0.1485689391795,0.1647648066755,0.3358960717902,0.2020360796159,0.6520337971234,0.0419214134245,0.3244907984727,0.6442681245407,0.0633177461771,0.6307475038666,0.5079951447792,0.3966318816836,0.5056474787977,0.4528702763177,0.3323111738877,0.2845195714074,0.5018265930933,0.0501662133431,0.1641712404781,0.7130463632266,0.5753130554219,0.0872222176486,0.0538689394849,0.4782306574483,0.6196205231252,0.4333161743232,0.2993169961647,0.1223490162194,0.4316753477424,0.1765200623956,0.0151049075290,-0.2019863116666,-0.0327218955194,-0.3438178137438,0.2905701495259,-0.1482862013714,-0.1548289184508,0.2342893063661,-0.2558910785062,-0.0951009973293,0.0315005966534,0.3042701414513,0.3425751181801,-0.1365506229605,0.0482750287961,0.2381323867481,0.2999472053684,0.4730164033804,0.3389343988154,0.2842508230474,0.0236282704919,0.0111920018307,0.2498299272057,-0.0457520200362,0.2848128814902,0.4075496996878,-0.0846926427900,0.0847979294887,0.1209022363532,0.4745614626912
0.4415188013396,1.0000000000000,0.3895857952893,0.6647876069846,0.1682028291793,-0.3876050285738,-0.1659483575631,0.3934754053808,-0.2373104672168,0.3012790552856,-0.1443533527090,0.0104289930806,0.1478880238877,0.1431388259728,0.1763402136369,-0.0878455080302,0.1386313706353,0.4980172843061,0.0436416735045,0.4744099122534,0.2658462783844,0.2088281610527,0.5783573785144,0.3200983402414,0.3358295472675,0.4773572666271,0.3332278530450,0.2041136404904,0.1687494528862,0.2493908239324,0.5611253207551,0.1934567994596,0.0674942365691,0.1629068356533,0.4236937311342,0.1413344666891,0.7165766909584,0.0307118363091,0.6529324848178,0.0483701547853,-0.2691122613516,-0.3663197320281,0.1589316181194,-0.4416023365263,0.2589096901509,-0.1743814657712,-0.1172115295904,0.1270702194367,-0.1136609650207,-0.2546528327106,-0.0650770235412,0.1077931229414,0.4685354371841,-0.1116272684258,0.0957740062117,0.0571242247362,0.2008921497123,0.5129738999078,0.2847136865086,0.2765105401086,0.1397435639426,0.0302340778339,0.2693471066982,0.0436320835950,0.1241850738675,0.3312880873905,-0.0163751059120,0.1200367569772,0.0001567333722,0.4428867703129
0.4553591361709,0.3895857952893,1.0000000000000,0.2129407942571,0.2552822955194,-0.0064379984155,0.0728193532650,0.4038237278154,0.2594383352678,0.3585694889663,-0.0245988537972,0.0736878055759,0.1797754352598,0.1899388365603,0.3699074882210,0.1984630934815,0.3043966189428,0.5900226139534,0.0924828741327,0.5015456271836,0.3394247774105,0.3544703385440,0.2951183179391,0.5504406370260,0.1592375453909,0.4695501913189,0.6728331657085,0.4589010764981,0.1046858889134,0.3285294491479,0.4564826017117,-0.1735484871754,-0.0797034362480,0.2353346995872,0.3424231046114,-0.1986301788486,0.2421553584885,0.4774373178724,0.2919513830977,0.0563323482385,-0.0955065913796,-0.3344939529860,-0.1086581233187,-0.2720028190571,0.1988635470839,-0.2217235834892,-0.0992969841933,0.0414447554507,-0.1507806555824,-0.2539919653403,0.0646140924928,0.3011395464479,0.1691788825267,-0.3369097129417,-0.2664209779345,0.1734784025024,0.1629893856356,0.1658677676730,0.3994244337107,0.0336211767317,0.1701195049031,0.0469354725348,0.4813004832084,-0.1311355836958,-0.0492939533946,0.0724391967177,-0.3067803442583,-0.0635148799298,-0.1249208962844,0.1395286334613
0.4568825655950,0.6647876069846,0.2129407942571,1.0000000000000,0.0039417273035,-0.2593265687798,-0.1342598950969,0.1895303017366,-0.2287239314633,0.3052094407369,-0.2705687525051,0.1202290957371,0.0092657641500,0.1437302071916,0.1373375082265,-0.1395911873389,-0.0138226762928,0.4435167743506,-0.0242466879083,0.3773123088564,0.1368672634144,-0.0368616490554,0.5462986309465,0.0828149158837,0.2084608749213,0.3774813799716,0.3192589242126,-0.0084877265761,-0.1348377718123,0.1429856710755,0.4363002109457,0.1099046062714,-0.0193312103067,0.1775325536728,0.4695712402731,0.4076643345853,0.6763488915164,0.1577114523320,0.8121128494218,-0.0874173919084,-0.0726492788442,-0.2783209358606,0.2813678232097,-0.3001627724552,0.3379618585939,-0.3030291986069,0.0635855335994,0.0853908100787,0.0524285851565,-0.0510505612641,0.0118680663159,-0.0558467291964,0.5628623913435,0.0632477056727,0.4082645955701,-0.1059334309659,-0.0100041421882,0.6398622684485,0.1341584247157,0.1791679179953,0.2690811956276,0.2360938253695,0.0792314826808,-0.2763867983802,0.0446115058238,0.3832486071123,-0.0289644763001,-0.0004365606606,0.2096519911235,0.4827928377965
0.4251235436897,0.1682028291793,0.2552822955194,0.0039417273035,1.0000000000000,-0.2577467813372,-0.0862477908393,0.4071719586495,-0.1776693281341,0.3913471830685,0.3337393224649,-0.1332150868114,0.4680053018803,0.0317749110648,0.2505584797254,0.1103125075605,0.3922602088018,0.2124762326928,0.0537919375184,0.2247524882590,0.6453672609877,0.6206132127381,0.3443871234047,0.5278055383182,0.4512035309519,0.0941391148854,0.1149752248880,0.1121013731366,0.5672188460980,0.5143182934797,0.2821077236739,-0.0611533687464,-0.1502341654180,0.4760086934250,0.1716792820449,0.0483349195962,-0.0520777875665,-0.2415700659629,-0.0150650859173,0.8467628173223,-0.3172168488043,-0.2162058450411,-0.0283675898011,-0.4555375321574,0.3090783924865,0.2333252414622,-0.3177467131190,0.4056919306302,-0.1146373409898,-0.4161089354669,-0.1575697889035,0.4469886441188,-0.0971517663326,-0.2290715658258,-0.1809467226329,0.6578566394512,0.5378621335781,0.1572422618950,0.3359904705816,0.4203049752150,0.0288434801472,-0.1935249251377,0.0236858946470,0.5360844645970,0.3271488844634,0.0008616939887,-0.0103077443297,-0.1080209648932,0.0463023986291,0.0457651411277
0.0130742260091,-0.3876050285738,-0.0064379984155,-0.2593265687798,-0.2577467813372,1.0000000000000,0.6327687061861,-0.2133686913599,0.6529257551246,-0.2147856772110,0.2696766501609,0.2356955278647,0.1234913487397,0.2535654824636,0.2677412825426,0.3866997443905,-0.0703582851608,-0.0166846436781,0.1573346737822,0.0778261477180,-0.2385785667707,-0.0921838828644,-0.3826438427264,-0.0743946530621,-0.2140984715435,-0.1953203973416,0.1280693356050,0.0932040360964,-0.2755670104553,0.1889767074051,-0.0603468947621,-0.0151263618056,0.3048676695747,0.1559525756739,0.1393392156266,-0.0725972431237,-0.3932371843377,0.1415661412737,-0.1192925351928,-0.2444172594436,0.8143793297942,0.4987757403620,-0.2220674046058,0.6139605248413,-0.2274738065131,0.0517707715861,0.1219182502493,-0.0239615302820,-0.0468215417535,0.4380708728689,0.3841977173013,-0.1620330925675,-0.1812717271126,0.0254200341602,-0.2765323473141,-0.2948620555131,-0.2261757214940,-0.2900000510314,-0.0907045988636,-0.2091650599433,-0.2398412907290,-0.0653044673465,0.2375128146589,-0.2949093068981,-0.2990954132966,-0.0704644294335,0.0153514206092,0.1378745665800,0.1598465638337,0.0680947246943
0.2094121832485,-0.1659483575631,0.0728193532650,-0.1342598950969,-0.0862477908393,0.6327687061861,1.0000000000000,-0.1160968680751,0.7786710297937,-0.0806745174524,0.6209019362223,0.0854353927088,0.4885718867482,0.1058005510804,0.4593029624453,0.5404059444576,-0.0094600065351,-0.0044176256457,-0.0061489979865,0.0383863676914,-0.0276545824189,0.0337539454641,-0.2475692496872,-0.0835439304535,0.0100025830992,-0.1207424203812,0.2561717288341,-0.0085679351750,0.0091067898137,0.2249992403102,0.0832043225842,-0.0184234519158,0.3944515650789,0.1145497842714,0.0215976335820,0.1756464335471,-0.2313281867051,0.1563966834156,-0.0698903174606,-0.1456977396700,0.4294399143800,0.7164406435800,-0.2229241543595,0.5663283792091,-0.1371116479269,0.4257712109790,-0.1372970671592,0.4399777702040,-0.3371650940475,0.3810640261438,0.4994060521513,-0.0545038427505,-0.2296902274795,-0.2024470673978,-0.3401084250990,-0.0492638355796,-0.0867450771653,-0.2389880743356,-0.1900045840275,0.0095803498840,-0.3242841473961,-0.0575283642827,0.2788263048403,-0.0599830358367,-0.1270802622911,0.0377053175919,-0.1427983905794,0.3454287334016,-0.1402669703543,-0.0000581587905
0.2637535605843,0.3934754053808,0.4038237278154,0.1895303017366,0.4071719586495,-0.2133686913599,-0.1160968680751,1.0000000000000,-0.1281488641499,0.4949941515285,0.2447877818607,-0.1475866176665,0.3191576254562,0.1706477595507,0.3575059534756,0.0913807502926,0.1865658602214,0.2484617312166,0.1144317997140,0.2268903601731,0.4185492130483,0.3827918821573,0.3840920792072,0.3831693658107,0.6870834835892,0.2203545777599,0.1891941971772,0.2645837907036,0.6084426568302,0.2532544928642,0.5908500221556,0.2672616452614,0.1901343044921,0.1257096421096,0.1650260965571,-0.1746288916037,0.1370723537658,-0.2974898556059,0.2371431594797,0.4322147657629,-0.1060663748332,-0.3335608241951,0.4918825798249,-0.4431917740365,0.4107351799568,0.0496352813277,-0.4341830793516,0.2585567684965,-0.1344451731730,-0.4326242783785,-0.0618956680451,0.1223431275538,-0.0073625310886,-0.2530324689466,-0.3786820304770,0.3019576706044,0.2798827846808,0.1453997077746,0.1103195312024,0.5298206284354,0.0404762157246,-0.1779565137193,0.1142371146295,0.4817342155907,-0.0046156846037,-0.0484672191747,0.2321795922467,0.2212728052538,-0.1712113416249,-0.0865097047835
0.1174756490802,-0.2373104672168,0.2594383352678,-0.2287239314633,-0.1776693281341,0.6529257551246,0.7786710297937,-0.1281488641499,1.0000000000000,-0.1558092613528,0.4113419440962,0.2185021868832,0.1653824383959,0.1387091957529,0.4825997328595,0.4496284897071,0.0200986792042,-0.0006016510014,0.0793795367811,0.0550727161288,-0.1331742444832,-0.0115857072406,-0.3487563491010,-0.0531310002206,-0.1846400041035,0.0817247097929,0.3846746958099,0.0927736721060,-0.1004178500295,0.1502332194560,0.0277461740697,-0.1943928583679,0.2267795701423,0.0826883821367,-0.0418664656568,-0.0933235576093,-0.2801222039828,0.3425617483482,-0.1472221283146,-0.2806810939304,0.3694187289520,0.5495306091631,-0.3044480392989,0.6172823721337,-0.2341431636313,0.2238826242672,0.0313901054126,0.0606889144045,-0.1981071583387,0.3720464681905,0.3637252786621,0.0089913673340,-0.1995256338869,-0.2075245679623,-0.4145749875030,-0.1828883068640,-0.0879993015437,-0.3074383034741,-0.0597249567753,-0.2054309505998,-0.1458648305065,0.0635753736605,0.3519030817346,-0.1595746020538,-0.1588728749153,0.0010709597368,-0.2954665542598,0.1632611457660,-0.1640709693763,-0.0252340451711
0.3249783077884,0.3012790552856,0.3585694889663,0.3052094407369,0.3913471830685,-0.2147856772110,-0.0806745174524,0.4949941515285,-0.1558092613528,1.0000000000000,-0.0135297117599,-0.1200561482741,0.3579961407273,0.2650229248809,0.3445573066558,0.2011472509495,0.2587112282822,0.2279027571237,-0.2220525133329,0.1162469367929,0.6135043023993,0.2955168394730,0.4062309756298,0.3078178170059,0.5978269968958,0.4337245170896,0.1495904537715,0.1679017881741,0.1550754563034,0.2242351359235,0.2035892422785,-0.0430238146438,0.0195366525927,0.1210876811461,0.0917925474648,0.0787754962698,0.2385063630788,-0.0107268204413,0.3309051889209,0.3287884184373,-0.1295474579001,-0.3585772124506,0.2598809580971,-0.3959052634774,0.8871744702470,-0.1559919983661,-0.2694778218737,0.3737388457301,0.1468640752043,-0.1437329234205,0.2151394644059,0.2577838051079,-0.1019014421524,-0.2783819692411,-0.1880395817522,0.4769182601019,0.2702510449168,0.2133057858126,0.2033367949763,0.5247848340499,0.2618497659764,-0.1305855115939,0.0455656339815,0.0430177072508,0.0735569970267,-0.0094602643390,-0.1272640939322,0.0106442250337,-0.0265639911233,-0.0452972752043
0.1485689391795,-0.1443533527090,-0.0245988537972,-0.2705687525051,0.3337393224649,0.2696766501609,0.6209019362223,0.2447877818607,0.4113419440962,-0.0135297117599,1.0000000000000,-0.1041218178907,0.4312794032955,-0.0478017054340,0.3799798067453,0.2442575268831,0.0498043717475,-0.1573581783264,0.1532381225428,-0.0071626785229,0.1858569863502,0.2129075654618,-0.0965167811075,0.0205895439555,0.3018706744853,-0.1952907831804,0.0652462599398,0.1270458292327,0.5126645321266,0.3231454270877,0.1103657798097,0.2011359605378,0.1660424339372,0.2355075778726,-0.1209239412793,0.0778532706600,-0.3693968363955,-0.2187585432807,-0.3037558311519,0.3537125168127,0.1379006341306,0.5712955915438,-0.0327505966849,0.2009424059425,-0.0526712798719,0.7748098302785,-0.2834233142405,0.4577056053547,-0.3276973632313,-0.0804746028385,0.0920164382341,0.0411343682044,-0.3647503641502,-0.1127183467973,-0.3507109793453,0.2789712377809,0.1355580312550,-0.2199406989267,-0.2158387900257,0.2697099382758,-0.3253503788835,-0.1268117992174,0.1431917164199,0.5286208535198,0.1416645923487,-0.1209889026171,0.1634024318558,0.2783353685380,-0.1077757971563,-0.2011303320549
0.1647648066755,0.0104289930806,0.0736878055759,0.1202290957371,-0.1332150868114,0.2356955278647,0.0854353927088,-0.1475866176665,0.2185021868832,-0.1200561482741,-0.1041218178907,1.0000000000000,-0.0917931046127,0.5447766993211,0.1811257618543,0.0618778760147,-0.2331682654301,0.0492328147430,0.4994413522095,0.2191274636627,-0.0499340666205,-0.1373877540164,-0.1206019763576,-0.0322714977828,-0.2871690567759,0.1476618358358,0.1157044584710,0.0570069995502,-0.3678673838435,0.2720300627822,-0.0459458162839,-0.0360717238221,0.0650765084699,0.2400355835631,0.3365157824763,-0.0346741082771,0.0301382265736,0.1445481602398,0.1351518106454,-0.2470670803809,0.2109234945614,-0.0364435886639,-0.2085316630986,0.1211636572382,-0.1062974364340,-0.2554513453321,0.6427859336307,-0.1846332242285,0.3118967535570,0.2887938240862,0.1660269625614,-0.1892548586570,-0.0159690453289,0.4047260664712,0.1614999695703,-0.2402788418183,-0.1727620214382,-0.0194009886379,-0.0082785867514,-0.3104318558804,-0.0167785685156,-0.0703978155790,0.2903732748274,-0.3414341924902,0.0084197337487,-0.1002798322325,-0.1893402265958,0.0102188273051,0.3430120015841,0.3720750369365
0.3358960717902,0.1478880238877,0.1797754352598,0.0092657641500,0.4680053018803,0.1234913487397,0.4885718867482,0.3191576254562,0.1653824383959,0.3579961407273,0.4312794032955,-0.0917931046127,1.0000000000000,0.1547167266792,0.4290459228708,0.6022718923585,0.2018131614249,0.2323721033275,0.0157253624392,0.1788677577555,0.5782949194194,0.4248838258891,0.0667203304103,0.3533539370321,0.3918752311883,-0.0459208364198,0.1002672600932,0.0550050547782,0.3101272868436,0.3865600771428,0.3210043262879,0.0163757907782,0.4357806207181,0.2584315794916,0.2277816916671,0.1106156371451,0.0072731657080,-0.1959034139676,0.1343954216776,0.4735187060195,0.0625804655863,0.0957962043669,-0.0048055023798,-0.0337163477672,0.2557770168659,0.2595287721091,-0.4208635294245,0.8720867906644,-0.2228663220733,-0.0134908534381,0.4607028611887,0.1456658179205,-0.1287379830081,-0.2613838707405,-0.3499716903524,0.4883668678086,0.2867278813199,-0.1252608924879,0.1275676630377,0.3495285435869,-0.1837022836039,-0.3442046103452,0.1183421611078,0.2379460657313,-0.0295123058156,0.0312797519150,-0.0560633041635,0.2668113830018,-0.0592599123643,0.0792689455495
0.2020360796159,0.1431388259728,0.1899388365603,0.1437302071916,0.0317749110648,0.2535654824636,0.1058005510804,0.1706477595507,0.1387091957529,0.2650229248809,-0.0478017054340,0.5447766993211,0.1547167266792,1.0000000000000,0.3636778418002,0.1692013197949,0.0093575216925,0.2159225209675,0.3300938544858,0.2695489206382,0.1402712871628,0.1656866772401,0.0247306334622,0.2434455983678,0.1230671632493,0.1697615811009,0.1097191377088,0.2247121626052,-0.0813026827066,0.3448195107854,0.1342276233206,0.0868963632184,0.1080069103369,0.2879003028779,0.2239253263765,-0.0535054584304,-0.0554780667586,0.0286372572338,0.2650503450653,-0.0644942658527,0.2537304217835,-0.1021642789322,-0.1416840122421,-0.0130027599356,0.2463220730863,-0.1732921071398,0.1729982728664,0.1008710198370,0.2806097910951,0.1549766889738,0.2423045525156,-0.0059012529566,-0.0817788204528,0.0094905456781,-0.2105707526841,-0.0130218375261,0.0861252148664,0.0028619791976,0.2082490042723,0.0144243334143,-0.1757322076308,-0.3729258604439,0.2557617270776,-0.2349318623775,-0.0808106756083,0.0041424107576,-0.0276855787761,0.0219042920958,0.2793529713199,0.2375039973942
0.6520337971234,0.1763402136369,0.3699074882210,0.1373375082265,0.2505584797254,0.2677412825426,0.4593029624453,0.3575059534756,0.4825997328595,0.3445573066558,0.3799798067453,0.1811257618543,0.4290459228708,0.3636778418002,1.0000000000000,0.2702997074832,0.1643169116082,0.3062235348515,0.1747185478640,0.3777341059962,0.3736935441442,0.2952360323797,0.0793950024572,0.2625106389469,0.2909748600694,0.1688956720334,0.3615007674255,0.2340181617122,0.1883007333779,0.5891100852857,0.3894753064763,0.1256143593718,0.3879943620856,0.3606200555940,0.2922544066593,0.2091139046738,-0.0251978342992,-0.0069144813181,0.1043889164549,0.1287525332042,0.1810702823103,0.0826168964615,-0.0718016138447,0.0179386553942,0.2591132096333,0.1152791604099,-0.2344285745868,0.3109830222145,-0.1533473281530,0.2170003726087,0.2205877226448,0.1453628795250,-0.0952517620304,-0.1175801605642,-0.2586075766396,0.1766941289785,0.2367682213394,-0.0248670413653,0.0999083679634,0.1672928057840,-0.1425496166210,-0.2356742087672,0.3092719336297,0.0674025217702,0.2181613309235,0.1301788880580,-0.1046948462409,0.3802984618267,0.0032387143277,0.1552019911221
0.0419214134245,-0.0878455080302,0.1984630934815,-0.1395911873389,0.1103125075605,0.3866997443905,0.5404059444576,0.0913807502926,0.4496284897071,0.2011472509495,0.2442575268831,0.0618778760147,0.6022718923585,0.1692013197949,0.2702997074832,1.0000000000000,0.0165998703975,-0.0349387379556,0.0474996051178,-0.0349362538727,0.0948223326347,0.1142180777603,-0.2038852688726,0.0873662906970,0.0327321154126,0.0561397986100,0.0619657582878,0.1119383959055,-0.0918099120843,0.1436844475363,0.0110865767670,-0.2141287269330,0.3116670872762,0.1698108810361,0.0060457293723,-0.0479436083792,-0.1368045191842,0.1049507254874,0.0037292520186,0.0932577760583,0.1756476443250,0.2253059364637,-0.0617944453407,0.3113083731653,0.0880878170904,0.1239662406001,-0.1300370732212,0.4597612319623,0.0574821878229,0.2154721829520,0.7644945304051,-0.0274782158593,-0.3079781164671,-0.1919280374058,-0.4036780814098,0.0648596266174,-0.0103354507422,-0.3265785513404,-0.0013131873688,0.0328377062913,0.0108892011306,-0.2440282890650,0.2665243358504,-0.0639737669728,-0.3213802126338,-0.2509485522197,-0.3537133720730,0.0691168795896,-0.0355249799073,-0.0776617538987
0.3244907984727,0.1386313706353,0.3043966189428,-0.0138226762928,0.3922602088018,-0.0703582851608,-0.0094600065351,0.1865658602214,0.0200986792042,0.2587112282822,0.0498043717475,-0.2331682654301,0.2018131614249,0.0093575216925,0.1643169116082,0.0165998703975,1.0000000000000,0.3331231632746,-0.2980147821240,0.1963078727277,0.4191962870557,0.7533517826910,0.4916533045826,0.6938917822829,0.3854211135045,0.1640125924127,0.2586574190347,0.0670274922474,0.4524244052994,0.4257410443754,0.4012919995363,-0.0665653353582,0.0023002175450,0.2212334217083,0.2119222371167,-0.0120551949061,0.0574159534543,0.0395620359292,0.0174362183952,0.3608980523665,-0.1428384254342,-0.1582060125220,-0.1839194738980,-0.2386560533021,0.2065586360932,0.0275745685772,-0.3090395032561,0.1826116192472,-0.1913197482108,-0.2289833363456,-0.0707350497365,0.9343960883654,0.0767597490444,-0.4776293429555,-0.2934377105391,0.4431979763185,0.7515876059178,0.3958040701601,0.7157720903300,0.4442653644016,-0.0397450559755,-0.1062665576954,-0.0257764808612,0.2931289542470,0.3433484225612,0.3622776141182,0.0021167777066,-0.0231614037795,-0.1000523888581,0.1616517098071
0.6442681245407,0.4980172843061,0.5900226139534,0.4435167743506,0.2124762326928,-0.0166846436781,-0.0044176256457,0.2484617312166,-0.0006016510014,0.2279027571237,-0.1573581783264,0.0492328147430,0.2323721033275,0.2159225209675,0.3062235348515,-0.0349387379556,0.3331231632746,1.0000000000000,0.1159495686590,0.8012566852705,0.3916408537824,0.4098758606956,0.5124334737546,0.5926911505072,0.2015481764628,0.2321703801459,0.5278719049311,0.0436316267621,0.0828855859126,0.4397188091715,0.6432936892421,0.1159215185495,0.0096868256800,0.2721698519732,0.7387834137738,0.0280748682888,0.3667670779202,0.2373171521764,0.5320888959918,0.0311761673344,-0.0002670295123,-0.4306606894772,-0.1170433297228,-0.4596320130570,0.1406607282521,-0.3722485868995,-0.1678495583268,0.1070207922900,-0.2251567589510,-0.3613378715673,-0.0421813322756,0.2751091377841,0.6338694117440,-0.2622992260235,0.0603933755465,0.1216761664554,0.2513679364631,0.4447502827675,0.5074249827396,0.1280494383877,0.0188690390625,0.0904724691887,0.0999359848841,-0.2216150978325,-0.0223463001287,0.4623010472171,0.0188322190641,-0.0371253712831,0.0176015247295,0.4920101404835
0.0633177461771,0.0436416735045,0.0924828741327,-0.0242466879083,0.0537919375184,0.1573346737822,-0.0061489979865,0.1144317997140,0.0793795367811,-0.2220525133329,0.1532381225428,0.4994413522095,0.0157253624392,0.3300938544858,0.1747185478640,0.0474996051178,-0.2980147821240,0.1159495686590,1.0000000000000,0.4162690669768,-0.0665238656920,-0.0877690386491,-0.1436733547672,0.0270001938933,-0.1872299368666,-0.0314750147573,-0.0024046943724,0.2450707256456,-0.0609056995742,0.2278291541801,0.0755785683825,0.1164409116380,0.0289991630929,0.3152618166773,0.3102674075938,-0.1255478379486,-0.1653634576339,-0.1921801071456,0.0924982104167,0.0297059063593,0.1656551048546,-0.0357107876361,-0.0330704264586,0.0092248043888,-0.2602167945344,-0.0201525036980,0.3719273743302,-0.0818743790220,0.2958063863913,-0.0002075859724,-0.0573833235525,-0.2963661279615,0.0604889355279,0.5488212785885,0.1064613547865,-0.1491137061744,-0.1496473751304,-0.2008442984063,-0.0271370655164,-0.2558552092291,-0.0089933359476,-0.1398797491126,0.1483588368216,-0.0077398416315,-0.0739213777876,-0.1503428226956,0.0861583162573,-0.0278314785182,0.4042956779344,0.2541945506390
0.6307475038666,0.4744099122534,0.5015456271836,0.3773123088564,0.2247524882590,0.0778261477180,0.0383863676914,0.2268903601731,0.0550727161288,0.1162469367929,-0.0071626785229,0.2191274636627,0.1788677577555,0.2695489206382,0.3777341059962,-0.0349362538727,0.1963078727277,0.8012566852705,0.4162690669768,1.0000000000000,0.3242355945629,0.3041228118938,0.3729915871379,0.4804795536429,0.1501667847947,0.2535072516735,0.5377425426657,0.1493531972331,0.0659727078755,0.5317249640087,0.5449505651279,0.1638934491432,-0.0351676253861,0.4407973352493,0.7147017859653,0.0913641725902,0.2386041819877,0.1531442070592,0.4531393513766,0.0465229223235,0.1024386635789,-0.2828419318755,-0.0880313598059,-0.3637335573553,0.0205848052987,-0.2604711457624,-0.0380507763516,0.0608512543288,-0.2162649796983,-0.2917079207100,-0.0464202896722,0.1571894935186,0.4992813529913,0.0028848742466,0.1096283388593,0.0673603949610,0.1601369769498,0.2970209486550,0.3651868447410,0.0839161181150,-0.0269989746829,0.0544312234984,0.2309013593652,-0.1471632822297,0.0408642894018,0.3435523898008,0.0065651754315,-0.0029622971537,0.1751045228913,0.5321412013924
0.5079951447792,0.2658462783844,0.3394247774105,0.1368672634144,0.6453672609877,-0.2385785667707,-0.0276545824189,0.4185492130483,-0.1331742444832,0.6135043023993,0.1858569863502,-0.0499340666205,0.5782949194194,0.1402712871628,0.3736935441442,0.0948223326347,0.4191962870557,0.3916408537824,-0.0665238656920,0.3242355945629,1.0000000000000,0.5595538413696,0.3965094895283,0.5573768482957,0.5259870870807,0.2069549155773,0.1880518125718,0.0980238355779,0.4132329952928,0.4805588018049,0.3169462217870,0.0176170630182,0.0751109759740,0.3016762913593,0.2827805002555,0.0837293173524,0.1668680242213,-0.1584239339068,0.1811055968535,0.6125742551058,-0.1905492845605,-0.3406547901200,-0.0274647740103,-0.4978304428385,0.5358329801682,0.0017569293239,-0.3050591781906,0.5364721261174,-0.0876564899819,-0.3010926735612,0.0728223005965,0.4370993376996,-0.0065294161136,-0.2189555405817,-0.1600995389271,0.8420677778965,0.4894788649407,0.2209292935728,0.3959268883226,0.4701569362250,0.0469832038732,-0.2447785126876,-0.0255772449175,0.2527032519924,0.3161447885438,0.1327054532586,-0.0086064621963,0.0296623631734,0.0667359646617,0.1419820437695
0.3966318816836,0.2088281610527,0.3544703385440,-0.0368616490554,0.6206132127381,-0.0921838828644,0.0337539454641,0.3827918821573,-0.0115857072406,0.2955168394730,0.2129075654618,-0.1373877540164,0.4248838258891,0.1656866772401,0.2952360323797,0.1142180777603,0.7533517826910,0.4098758606956,-0.0877690386491,0.3041228118938,0.5595538413696,1.0000000000000,0.4237834930203,0.8911475963716,0.4485628152844,0.0112291313424,0.1626175174813,0.1061236732195,0.6265037045063,0.6497689326071,0.5237790265466,0.1455523533695,0.1543466659076,0.4732652721971,0.3654922512734,-0.0727234330847,-0.0592363195362,-0.1541130031076,-0.0289387752850,0.5385353686217,-0.1837748613365,-0.1749985567499,-0.2647686769602,-0.3788084340931,0.2158171326753,0.1491349651998,-0.4326832486175,0.3426680628874,-0.2378416282548,-0.3771635465931,-0.0345944916227,0.7366524528663,-0.0323626691045,-0.4453342260422,-0.3702574253625,0.5392874922665,0.8444728380108,0.2485511559651,0.6463961427235,0.4087502443004,-0.2464630234516,-0.3668336364294,0.0830067098100,0.4747544297189,0.4145709363516,0.2926744460964,0.0357932958314,0.1717931516295,-0.0148281297842,0.1948968157247
0.5056474787977,0.5783573785144,0.2951183179391,0.5462986309465,0.3443871234047,-0.3826438427264,-0.2475692496872,0.3840920792072,-0.3487563491010,0.4062309756298,-0.0965167811075,-0.1206019763576,0.0667203304103,0.0247306334622,0.0793950024572,-0.2038852688726,0.4916533045826,0.5124334737546,-0.1436733547672,0.3729915871379,0.3965094895283,0.4237834930203,1.0000000000000,0.4576554135120,0.5146209067114,0.2919063908501,0.2300749894585,-0.0580650413684,0.3183049611979,0.3697467906572,0.6057481607995,0.1724602017149,-0.0682538384779,0.2015314493105,0.4264432849705,0.2359119531993,0.4109554511111,-0.0816354208926,0.5107060851869,0.2474698151403,-0.2568878102531,-0.4380885610921,0.2305250144719,-0.5897095285532,0.4380011947388,-0.1892470100776,-0.1903166717286,0.1003895050110,-0.1559052555681,-0.3903096477149,-0.1649716871565,0.4494799001243,0.4368131730992,-0.2465071970979,0.0552524564228,0.2774930731791,0.4335566072970,0.8264018192327,0.4561176695689,0.5646678662775,0.1245681399623,0.0269357029195,-0.1025605383422,0.1726462920454,0.3178193980999,0.4261340400930,0.1723910779106,0.0436800867464,0.0168555350418,0.3482767739106
0.4528702763177,0.3200983402414,0.5504406370260,0.0828149158837,0.5278055383182,-0.0743946530621,-0.0835439304535,0.3831693658107,-0.0531310002206,0.3078178170059,0.0205895439555,-0.0322714977828,0.3533539370321,0.2434455983678,0.2625106389469,0.0873662906970,0.6938917822829,0.5926911505072,0.0270001938933,0.4804795536429,0.5573768482957,0.8911475963716,0.4576554135120,1.0000000000000,0.3270553791306,0.1649425992066,0.2774179355039,0.2471521813156,0.4311862090549,0.6170241630959,0.5428766148948,0.0625763474757,0.0705822653549,0.4596504304143,0.5275903710550,-0.1511360216379,0.0984796428358,-0.0104493153217,0.1642350235353,0.4275762339727,-0.1261168499241,-0.3830859698559,-0.2245748090877,-0.4515381413409,0.2203988997558,-0.1180418960357,-0.2942336321847,0.2146165921865,-0.1315506245707,-0.3954684955647,-0.0217251489918,0.6541779725889,0.1646564605568,-0.3431956911053,-0.2794044909372,0.4339892552738,0.7228091125792,0.3245262995976,0.7707239076157,0.2580119445938,-0.0732111673374,-0.3002942585519,0.1815568968171,0.2322249496520,0.2671841330330,0.2892728353599,-0.0133469336360,0.0284610354948,0.0817351311948,0.3189932575358
0.3323111738877,0.3358295472675,0.1592375453909,0.2084608749213,0.4512035309519,-0.2140984715435,0.0100025830992,0.6870834835892,-0.1846400041035,0.5978269968958,0.3018706744853,-0.2871690567759,0.3918752311883,0.1230671632493,0.2909748600694,0.0327321154126,0.3854211135045,0.2015481764628,-0.1872299368666,0.1501667847947,0.5259870870807,0.4485628152844,0.5146209067114,0.3270553791306,1.0000000000000,0.0453204374138,0.1715647704842,0.0235168920333,0.6455071668636,0.3057151183470,0.4916057873956,0.3549179923926,0.1811750276928,0.1271446513207,0.0721430332217,0.1637139289981,0.1399056210742,-0.1822898262055,0.1559667646233,0.5040037172470,-0.1352496203064,-0.1116998049039,0.4008196448950,-0.4005221750306,0.5947825720378,0.2481250286957,-0.5497433493406,0.4348714034695,-0.3045884008823,-0.3697471869320,0.0201128981996,0.3724700586132,-0.0366795975097,-0.4420250005443,-0.2662601009201,0.5138613051218,0.4325011895861,0.3347503259596,0.0971145889343,0.9048933541353,-0.2176807942239,-0.0746829306646,0.0112527594422,0.5163536501904,0.2090157014464,0.1966551390613,0.2592241371074,0.2762215540578,-0.2394696917250,-0.1074580270786
0.2845195714074,0.4773572666271,0.4695501913189,0.3774813799716,0.0941391148854,-0.1953203973416,-0.1207424203812,0.2203545777599,0.0817247097929,0.4337245170896,-0.1952907831804,0.1476618358358,-0.0459208364198,0.1697615811009,0.1688956720334,0.0561397986100,0.1640125924127,0.2321703801459,-0.0314750147573,0.2535072516735,0.2069549155773,0.0112291313424,0.2919063908501,0.1649425992066,0.0453204374138,1.0000000000000,0.4653287413179,0.3195201762261,-0.0936097007267,0.0270329294384,0.1390005157514,-0.3641619002090,-0.2505713533478,-0.0315560895942,0.1339823569825,-0.1408637347635,0.4468669727456,0.2540003874320,0.4868745034334,-0.1095832682958,-0.1994115424836,-0.3378508595519,0.1255049727467,-0.1744117189498,0.3292420892659,-0.3193954117273,0.1857909357633,-0.1105094842456,0.2519514020014,-0.0261070391501,-0.0136736352870,0.1561885192300,0.2338218292372,-0.0348030538647,-0.0986805648411,0.0050091380768,0.0122277765668,0.2473251701143,0.3084349778522,0.0317563829660,0.6854514448020,0.2418579057603,0.3447958701666,-0.1947627304848,-0.0650948304866,0.0226765295189,-0.2981699607967,-0.2448946042603,-0.0852287297307,0.2653550478804
0.5018265930933,0.3332278530450,0.6728331657085,0.3192589242126,0.1149752248880,0.1280693356050,0.2561717288341,0.1891941971772,0.3846746958099,0.1495904537715,0.0652462599398,0.1157044584710,0.1002672600932,0.1097191377088,0.3615007674255,0.0619657582878,0.2586574190347,0.5278719049311,-0.0024046943724,0.5377425426657,0.1880518125718,0.1626175174813,0.2300749894585,0.2774179355039,0.1715647704842,0.4653287413179,1.0000000000000,0.2433466818750,0.0233756124513,0.2237636577163,0.3987100771674,-0.1872547706743,-0.1037081021520,0.1422235333315,0.2822086611053,0.0060271317513,0.2512302823354,0.5647511551807,0.2562114967640,-0.0789021341084,0.0085470276590,-0.0282420308967,-0.1123380356570,-0.0458150015887,0.0032004162554,-0.0617264341400,-0.0271399699098,0.0028249947930,-0.3603243905854,-0.1025665853362,-0.0011702911502,0.2556127165709,0.2943462492632,-0.3436879798028,-0.1014307854448,0.0259059455230,0.0510473530514,0.2314510147737,0.2167624532542,0.0531948240814,0.0962488473425,0.4662854357835,0.4219839649358,-0.2283355364968,-0.0824292486648,0.2406313260511,-0.2683939441121,-0.0295362194879,-0.2875885041054,0.1922202728242
0.0501662133431,0.2041136404904,0.4589010764981,-0.0084877265761,0.1121013731366,0.0932040360964,-0.0085679351750,0.2645837907036,0.0927736721060,0.1679017881741,0.1270458292327,0.0570069995502,0.0550050547782,0.2247121626052,0.2340181617122,0.1119383959055,0.0670274922474,0.0436316267621,0.2450707256456,0.1493531972331,0.0980238355779,0.1061236732195,-0.0580650413684,0.2471521813156,0.0235168920333,0.3195201762261,0.2433466818750,1.0000000000000,0.0409165981740,0.1371916230588,-0.0140645422649,0.0956089051982,-0.0791595769348,0.1071305949665,-0.0005186668478,-0.2283092810943,0.0308530128462,0.1030001526968,0.0030286180879,0.1595684610063,0.0659487759086,-0.0532779042664,-0.0969411602232,-0.0031186558816,0.0462552194122,0.0491042539332,0.0136786507375,-0.0318518498069,0.1870802325132,-0.0253790635081,-0.0194633777749,0.0604342507156,-0.1670169688128,0.0514303139359,-0.1860683277357,0.1005741306736,0.0337745054871,-0.1728040635735,0.1563487020392,-0.0752899582144,0.1640668566086,-0.1392152974891,0.6646269536314,0.0485799644110,-0.0438800852885,-0.3326086434109,0.0410855817734,-0.0494205523798,0.0671299188874,-0.0337099356417
0.1641712404781,0.1687494528862,0.1046858889134,-0.1348377718123,0.5672188460980,-0.2755670104553,0.0091067898137,0.6084426568302,-0.1004178500295,0.1550754563034,0.5126645321266,-0.3678673838435,0.3101272868436,-0.0813026827066,0.1883007333779,-0.0918099120843,0.4524244052994,0.0828855859126,-0.0609056995742,0.0659727078755,0.4132329952928,0.6265037045063,0.3183049611979,0.4311862090549,0.6455071668636,-0.0936097007267,0.0233756124513,0.0409165981740,1.0000000000000,0.3208406978861,0.4733972688003,0.2688729174027,0.1230953656778,0.1463174514162,-0.0295334469829,-0.0828896076507,-0.0931491266920,-0.3932876851237,-0.1550484922950,0.5765605947579,-0.2621119021419,0.0033897033373,0.1224362945381,-0.3213703206152,0.1063328824771,0.4918209806360,-0.5377006283015,0.3329995026676,-0.3767616469542,-0.4657435381654,-0.2334820466990,0.4356631353914,-0.0989988284046,-0.3596703629217,-0.3971235937072,0.5229256331029,0.5546380633367,0.1224291608816,0.1821591862225,0.5721932887444,-0.2720881865475,-0.2306649831699,-0.0609662358948,0.8614414603966,0.3734663075765,0.1468071174668,0.3322757491597,0.2621925715411,-0.2685999019249,-0.1196010543834
0.7130463632266,0.2493908239324,0.3285294491479,0.1429856710755,0.5143182934797,0.1889767074051,0.2249992403102,0.2532544928642,0.1502332194560,0.2242351359235,0.3231454270877,0.2720300627822,0.3865600771428,0.3448195107854,0.5891100852857,0.1436844475363,0.4257410443754,0.4397188091715,0.2278291541801,0.5317249640087,0.4805588018049,0.6497689326071,0.3697467906572,0.6170241630959,0.3057151183470,0.0270329294384,0.2237636577163,0.1371916230588,0.3208406978861,1.0000000000000,0.4887470229270,0.2950219279406,0.1784666869460,0.7671072439006,0.6246982718959,0.2000234653151,-0.0416068985110,-0.0909736415106,0.1152742343083,0.3627029431739,0.1166317034418,-0.0843669601365,-0.2821866532566,-0.2724401434895,0.2156322643518,0.0432933460021,-0.1308485317300,0.2537295777340,-0.1932175507151,-0.1424672571646,0.0715493453744,0.4089569732602,0.0244343807153,-0.1115186426436,-0.1729885947941,0.3431644395592,0.5273419541485,0.2902208387748,0.4135662553638,0.2787826956993,-0.2872218186980,-0.3373884678308,0.2720105746666,0.2191431188877,0.5310598214273,0.2472679687713,0.0418540873321,0.2290560192557,0.3617421994020,0.4753070408436
0.5753130554219,0.5611253207551,0.4564826017117,0.4363002109457,0.2821077236739,-0.0603468947621,0.0832043225842,0.5908500221556,0.0277461740697,0.2035892422785,0.1103657798097,-0.0459458162839,0.3210043262879,0.1342276233206,0.3894753064763,0.0110865767670,0.4012919995363,0.6432936892421,0.0755785683825,0.5449505651279,0.3169462217870,0.5237790265466,0.6057481607995,0.5428766148948,0.4916057873956,0.1390005157514,0.3987100771674,-0.0140645422649,0.4733972688003,0.4887470229270,1.0000000000000,0.2657967023453,0.2640479810067,0.3031969778071,0.5888948287693,0.0860790924420,0.2915225301102,-0.0728853848313,0.5037533910387,0.1613863553598,-0.0154843129407,-0.2341293263864,0.1721046427523,-0.3387308540745,0.1525308268767,-0.0673466861588,-0.3228465161750,0.2369047543010,-0.3701745180788,-0.2830636223467,-0.0415792790278,0.2850588621866,0.4635674756726,-0.3141076061992,-0.2157068073493,0.0803501718999,0.3539283028001,0.5014521284971,0.3556833948022,0.4346189631079,-0.1369530208101,-0.0804220750298,0.1087898902173,0.2302291354495,0.0951774475939,0.5207249675058,0.1359394289913,0.2895764413695,-0.0603734791760,0.3954530443837
0.0872222176486,0.1934567994596,-0.1735484871754,0.1099046062714,-0.0611533687464,-0.0151263618056,-0.0184234519158,0.2672616452614,-0.1943928583679,-0.0430238146438,0.2011359605378,-0.0360717238221,0.0163757907782,0.0868963632184,0.1256143593718,-0.2141287269330,-0.0665653353582,0.1159215185495,0.1164409116380,0.1638934491432,0.0176170630182,0.1455523533695,0.1724602017149,0.0625763474757,0.3549179923926,-0.3641619002090,-0.1872547706743,0.0956089051982,0.2688729174027,0.2950219279406,0.2657967023453,1.0000000000000,0.3006853392825,0.1224241372017,0.2190266462994,0.1629730796770,-0.0652241202165,-0.3023794283852,-0.0476594256810,0.0708403378573,0.0719687939234,0.0451833212853,0.0717968348410,-0.1884577883019,0.0764738149036,0.1658518473182,-0.2700261069933,0.0511059857654,-0.2231053007123,-0.2511979829531,-0.1430679429076,-0.0848077929175,0.0457902405234,0.0047728406122,0.0647203631523,-0.0006805488763,0.1192482655356,0.0914657617460,-0.1843871862005,0.3054633583637,-0.5206320997135,-0.2291922841794,0.0728358306833,0.2838566025299,0.2643864269255,0.0634614801273,0.5602426666988,0.4971620299392,0.0715485904222,0.0269680674864
0.0538689394849,0.0674942365691,-0.0797034362480,-0.0193312103067,-0.1502341654180,0.3048676695747,0.3944515650789,0.1901343044921,0.2267795701423,0.0195366525927,0.1660424339372,0.0650765084699,0.4357806207181,0.1080069103369,0.3879943620856,0.3116670872762,0.0023002175450,0.0096868256800,0.0289991630929,-0.0351676253861,0.0751109759740,0.1543466659076,-0.0682538384779,0.0705822653549,0.1811750276928,-0.2505713533478,-0.1037081021520,-0.0791595769348,0.1230953656778,0.1784666869460,0.2640479810067,0.3006853392825,1.0000000000000,-0.0352409994723,0.2250531765162,0.0443032488283,-0.0086886597085,-0.2473357843029,0.0233993902080,-0.0645933252536,0.3659503801492,0.1778965430662,0.0249002856481,0.2392093059182,0.0118647690668,0.0862696155416,-0.2537069653528,0.2987038953375,-0.1568946664284,0.3436737645040,0.4119338798369,-0.0893454030064,-0.1222120220664,-0.0283794477449,-0.2385629870723,-0.0642854286599,0.0777048445870,-0.1236050542114,-0.0928427409122,0.1128156977332,-0.3794967945510,-0.3622391106644,0.0650277330913,0.0966923719949,0.0388739008097,0.1244771222123,0.1500542150671,0.7920674474634,-0.0879298018569,0.0841013944960
0.4782306574483,0.1629068356533,0.2353346995872,0.1775325536728,0.4760086934250,0.1559525756739,0.1145497842714,0.1257096421096,0.0826883821367,0.1210876811461,0.2355075778726,0.2400355835631,0.2584315794916,0.2879003028779,0.3606200555940,0.1698108810361,0.2212334217083,0.2721698519732,0.3152618166773,0.4407973352493,0.3016762913593,0.4732652721971,0.2015314493105,0.4596504304143,0.1271446513207,-0.0315560895942,0.1422235333315,0.1071305949665,0.1463174514162,0.7671072439006,0.3031969778071,0.1224241372017,-0.0352409994723,1.0000000000000,0.5017241433667,0.2029669021712,-0.1196161004423,-0.0473942147077,0.1089517820688,0.3924937304893,0.0857423090267,0.0058727454757,-0.2439743900600,-0.1799087552365,0.1062357736135,0.1139994485554,-0.0162782015290,0.2227576240981,-0.0594460121344,-0.1317988810568,0.0524004514773,0.2243500389742,0.0179141108847,-0.0246255427437,-0.0254244390394,0.2479409860009,0.4135483253001,0.1726194012866,0.3390987708783,0.0915219653753,-0.1597226515236,-0.2218294664878,0.1699398320587,0.1372077268285,0.3861619645680,0.1879343858780,-0.0968666048962,0.0222151444523,0.5486202086993,0.4128639907781
0.6196205231252,0.4236937311342,0.3424231046114,0.4695712402731,0.1716792820449,0.1393392156266,0.0215976335820,0.1650260965571,-0.0418664656568,0.0917925474648,-0.1209239412793,0.3365157824763,0.2277816916671,0.2239253263765,0.2922544066593,0.0060457293723,0.2119222371167,0.7387834137738,0.3102674075938,0.7147017859653,0.2827805002555,0.3654922512734,0.4264432849705,0.5275903710550,0.0721430332217,0.1339823569825,0.2822086611053,-0.0005186668478,-0.0295334469829,0.6246982718959,0.5888948287693,0.2190266462994,0.2250531765162,0.5017241433667,1.0000000000000,0.1604111211385,0.3248938197400,0.0152489027780,0.5575863582177,0.0299488947076,0.2517326631748,-0.3186311064294,-0.0479610061058,-0.3056566523865,0.0729270678598,-0.3930393103096,0.0740192490634,0.0792830802739,-0.0494966059922,-0.1234217136673,0.0614577117669,0.1165095394479,0.5597859740654,0.0939619842119,0.1695939363109,-0.0453086814323,0.2306663010666,0.4425402160877,0.4542173567519,0.0449285052530,0.0091604198873,-0.0404855366172,0.1403236811648,-0.1875926852220,0.1529723456613,0.4589517465226,0.1129139449586,0.1594519979370,0.3960028742913,0.7661721692606
