1.0000000000000,0.3093314342173,0.2246852963667,0.1333594960694,0.3399006723427,-0.2845765404949,-0.1219503756368,0.3779828178121,0.0341337909972,0.1777872692438,0.1659614419665,0.3567698143714,0.1698116573357,-0.0179620816099,0.4263848067784,-0.1264653918495,0.1435475473715,0.5156811974625,0.2197621589174,0.5185826331697,0.4471053695525,0.1947859749224,0.2245821834633,0.2278855424999,0.3037711543293,0.2983245781842,0.4564590150423,0.4407072972445,0.2774473338345,0.2929591264324,0.3365528892377,-0.1017992049517,-0.1798729975569,0.1921759242899,0.4026693247111,0.4129905824472,0.3348830417069,0.0457011376027,0.2173138741924,0.2219897930470,-0.2619369732363,-0.3211035888240,0.1738845599475,-0.2977930279002,0.1904537769384,0.1118373638787,-0.0822197260302,0.1178961762281,-0.1896487743830,-0.0853671952632,-0.3193268976861,0.1389259279100,0.1828293194951,-0.1634337274138,-0.0140265922568,0.2781778950260,0.0769026665154,0.2781170451181,0.1202858481694,0.2481167134320,0.0129347202924,-0.1217741079194,0.2209260887006,0.2101461680938,-0.1246046774084,0.0376747502563,0.0596398851162,-0.1557228993700,0.0798192596333,0.1594553717636
0.3093314342173,1.0000000000000,-0.0958568638293,0.3809655092271,0.2636139680903,-0.3653551029951,-0.1311435036588,0.1842084187949,-0.1680984611009,0.0595943566709,0.0731251090147,-0.0160494496340,0.0608885350044,0.0403990347712,-0.0231302352437,0.0641659477215,0.2208140197046,0.3173205385419,-0.1722714208286,0.1519364790348,0.2740743567109,0.1108699108674,0.2753371225558,0.1580322318572,0.1826818641459,0.2744150528817,0.2057571271403,0.3351513124694,0.1212249570964,0.4077972903189,0.2008424765387,-0.1779727517125,0.1172699227092,0.3836061352147,0.5172495201563,0.2854652408476,0.6426966174314,-0.0718580904810,0.2019411011174,0.0684002671894,-0.3166861978333,-0.2610789069838,0.1700168829369,-0.4058866004852,0.0754621337023,0.1164248290198,-0.0921070940374,-0.0585308464476,-0.0576407889199,-0.2802614059362,-0.2299360321028,0.2376598723179,0.1715552190609,-0.3029596807517,-0.0700430394460,0.3117224759518,0.1961948482979,0.4452333524244,0.1098122489170,0.2580625943207,0.1135450932524,-0.0519634102782,0.1984531926032,0.1782982009636,0.0670006545893,0.2298926384114,-0.0238974534329,0.0890886148892,0.5786467711678,0.3232957671302
0.2246852963667,-0.0958568638293,1.0000000000000,0.0093195175876,0.3879339285803,-0.0120212193062,-0.2130143436061,0.3304963902277,0.0679806037108,0.1865228450438,0.0061797358419,0.2272725800940,-0.0553111174694,0.1226748547918,0.2862498142020,-0.0433506754244,0.2654503897152,0.3608796597584,0.4394313850164,0.0830128719665,0.2817406061436,0.5722184917669,0.0913174032715,0.6097240797869,0.3870049229171,0.1996622381100,0.5229602804777,0.5682965641931,0.4459924271062,-0.0821915702146,0.4347407929295,-0.0897722415861,-0.0569074822822,0.1061969427767,-0.0433831292499,-0.1086349651702,-0.0038442777638,0.6410215870308,0.1863322322474,0.0893363753875,-0.0317070647350,-0.1887494457444,0.0434376184275,-0.0064769075254,0.1366233154312,-0.0899418165606,0.1996942938153,-0.0725781667919,-0.0414626529743,-0.0686505697185,-0.1030040633682,0.2472082252882,0.3292964025176,0.1959008152065,0.0793822852108,0.2580171385086,0.1569565827496,-0.0223334388568,0.4164674404570,0.2419551911268,0.1334879530383,0.1724136849173,0.4729863838699,0.1077510631376,-0.2049511357239,0.0175712619516,-0.0741914138348,0.0594385034630,-0.2201099454422,0.0781312735869
0.1333594960694,0.3809655092271,0.0093195175876,1.0000000000000,0.1060126985333,0.0552098350335,-0.0071314502248,-0.0163794661080,0.1218026995322,0.4103810852628,0.0938256139123,-0.0357536867726,0.0299291063227,0.2110821187724,0.2072754950292,0.2264135394775,-0.0931238396213,0.3193077640378,0.1311647013786,0.1762732742015,0.0820126838567,-0.0476486693015,0.3328873535810,-0.0260243713842,0.2044320950738,0.2257450272938,0.3128372274267,0.1414095125629,-0.1276223637249,0.1871464706327,0.2161789141873,0.1259577681799,-0.0165764642094,0.3401191484969,0.2913731153507,0.2282645841008,0.2142686814065,-0.1242900529638,0.3392334765923,0.0210399740636,0.0505202028116,0.0299527352740,-0.0674184566513,0.0702043732903,0.3855467436723,-0.0801609525703,0.0979343656901,-0.1907890950336,-0.0399128427081,0.0650341866500,0.2139163827416,-0.1504835502703,0.3073113071679,0.0002424704441,0.1058667687348,0.1453640740237,-0.1468073075040,0.2599176904794,-0.0577867290470,0.2549486137069,0.1785774868914,0.0590689346030,0.0615225285491,-0.2658235410263,-0.0584496413108,-0.0257760969562,0.1681012693612,0.0289135404146,0.3624281358137,0.3464122608316
0.3399006723427,0.2636139680903,0.3879339285803,0.1060126985333,1.0000000000000,-0.2739223296569,-0.1925074364787,0.2656667152111,-0.2152215844763,0.4020115647075,0.3543686198385,0.1584712797347,0.3891747277041,0.2111094513486,0.1148216576463,-0.1079348987349,0.3634276730710,0.3181584757371,0.0527525070658,-0.0941775251526,0.7544006044952,0.4865020797840,0.2584461676562,0.5000722392542,0.6068614190874,0.2611736996954,0.3437979984816,0.4457716091603,0.5607322605906,0.1861028041876,0.5197340656320,-0.1667686342541,0.0333509814709,0.2477968198775,0.0940463788663,0.3261677175009,0.1526341389361,0.1642426442080,0.2476078900522,0.6979369740327,-0.3422729314233,-0.3732754986856,0.0933742758811,-0.4345145292555,0.3536832615114,0.4474009038749,0.1343124455077,0.2994331003774,0.1506467402302,-0.2665706051588,-0.2516320501771,0.4047902467871,0.2999944260243,-0.0791123643344,-0.0309489920141,0.7621489355305,0.3760021674971,0.3631989337933,0.3870716519530,0.5536440283431,0.2140496891182,0.0804454177476,0.3180227121991,0.3756768134973,-0.0184386442301,0.3453414986768,0.0532168906636,0.1133719172835,0.1528075895105,0.1967360612067
-0.2845765404949,-0.3653551029951,-0.0120212193062,0.0552098350335,-0.2739223296569,1.0000000000000,0.5542158895666,-0.3368305302825,0.5485300212058,-0.1020832330167,0.1296379265859,-0.0706727574671,-0.1444669924980,0.0727555261250,0.1490445925257,0.5245563150682,-0.2085225478935,-0.3083425302629,0.1970424345773,-0.1280821486020,-0.2597400493895,-0.1208821717610,-0.1159600670156,-0.0884361818311,-0.3299870390407,-0.1077702332707,-0.1848108195383,-0.4348181531100,-0.3627552850890,0.0559221788442,-0.1832267838475,0.1758125751049,0.2169554662689,0.0733318708226,-0.0584001456780,-0.1868672992802,-0.3239898866834,0.0740106641969,-0.0389875204818,-0.2405136779988,0.7641588461700,0.7923112921719,-0.4699106660273,0.6337190148775,-0.0184909087930,-0.0837269342580,0.1086311962704,-0.0900525026227,0.0699879348551,0.3011518015559,0.6902314680206,-0.2097640579215,-0.1102434284673,0.1843635406188,0.0665052550124,-0.1870080358016,-0.1946330197210,-0.1933789534631,0.0049767732300,-0.2490857094603,0.0282269964519,-0.0603311417994,-0.3089696728815,-0.4253654653583,0.1408451138941,-0.1377580290546,-0.0494160393086,0.2229863934832,-0.1007551193605,0.0101435007147
-0.1219503756368,-0.1311435036588,-0.2130143436061,-0.0071314502248,-0.1925074364787,0.5542158895666,1.0000000000000,-0.1233817895097,0.5116056496195,-0.0814397687548,0.4826033709425,-0.1446341282244,0.4079700386319,0.0240119448293,0.1121510589620,0.5182937693077,-0.1055391196420,-0.2099156842375,-0.0301497641629,0.1375774146520,0.0237587683529,-0.0885474464971,-0.0565756999380,-0.1112603383934,-0.3725299850033,-0.0790696728043,-0.1184046700827,-0.4068778682440,-0.2116222156702,0.2281128110597,-0.1427670554161,0.1015584324053,0.1529012222607,0.1292356245048,-0.0074861610556,-0.1318795726621,-0.3288304722959,-0.2494667385684,-0.0619123331229,-0.1147129782230,0.5363108121226,0.6506435395977,-0.3938841154904,0.2492667649418,-0.1064986344245,0.2766645260284,-0.1249927382051,0.4136303387738,-0.0465483720043,0.0046136167818,0.4082598974346,-0.1197410767216,-0.2579777358848,-0.2503120346395,-0.2017555293745,-0.0073318820621,-0.1321860768385,-0.1859995371995,-0.1388828930052,-0.3326369010726,-0.2776828685816,-0.3053313172032,-0.5077744649468,-0.1836170517051,0.0599394092584,-0.1944609843849,0.0372843722221,0.0340262828977,0.0708693287940,-0.1039837461993
0.3779828178121,0.1842084187949,0.3304963902277,-0.0163794661080,0.2656667152111,-0.3368305302825,-0.1233817895097,1.0000000000000,0.1176870747072,0.2970896770238,-0.0858207877970,0.1670805426260,-0.0354489621332,-0.2339657108573,0.1087300052376,-0.0593135944926,0.2749330233733,0.1297849810291,-0.0772240971779,0.2677360896731,0.2151539213817,0.1681657680893,0.0502967990070,0.0362627788351,0.6065454572966,0.1658561344535,0.2953447648502,0.4734232141302,0.5608191728946,-0.0147311238847,0.4602614026984,-0.2558003526790,-0.1484701398716,0.1082405612466,-0.1071449467694,-0.2963772450422,0.0212284832803,0.2625339983810,0.1670009976727,0.2714595377957,-0.3639357302706,-0.3816667787720,0.6238757505235,-0.2248746290321,0.2017350540759,-0.2332211525289,-0.2724210405460,0.0211380486945,-0.2691218987792,-0.2341363567128,-0.3257840618301,0.2282534716628,-0.1969822793985,-0.4142706430602,-0.4980922738973,0.0405485260330,0.0228171501320,0.0663610803419,-0.1111993333068,0.5061644178235,-0.2266463896922,-0.2526324142026,0.1471205660876,0.4905396425798,-0.5057305541596,-0.1521507925503,-0.0476709599557,-0.4033504006034,-0.1151723955146,-0.3308739657395
0.0341337909972,-0.1680984611009,0.0679806037108,0.1218026995322,-0.2152215844763,0.5485300212058,0.5116056496195,0.1176870747072,1.0000000000000,-0.0515552069114,0.1426268291651,0.1306541218694,-0.2030850756376,0.0183604812122,0.5394038820067,0.4887835003744,-0.2748337558897,-0.1676424271959,0.3806372212052,0.1780721213672,-0.1821431638902,-0.2713621606724,-0.2796989761835,-0.2894789699556,-0.1614867739222,0.1024302689287,0.1569179202930,-0.2682654958699,-0.1829072006682,0.0695123905983,-0.1456038154047,-0.0119856039523,0.0667336209098,0.0550701839272,-0.1922751813696,-0.2538135553633,-0.3823507373597,-0.0245221170700,-0.0836545540559,-0.1703738509019,0.4618104591268,0.5128668288408,-0.2936379761552,0.5769125349163,-0.1073906421526,-0.2859860750962,-0.0828793064910,-0.1831304428437,-0.1776378904709,0.3052492183159,0.3679145553594,-0.3240008061150,-0.3210217040340,-0.1333338118257,-0.3019931223330,-0.1505651524087,-0.4202645865055,-0.3658512321399,-0.3427594352594,-0.1718226251313,-0.1567489842977,-0.1908987591067,-0.4351616061798,-0.2061351813145,-0.3146337816676,-0.5109244427745,0.0235424178014,-0.0287729066928,-0.1380590832767,-0.2397548839743
0.1777872692438,0.0595943566709,0.1865228450438,0.4103810852628,0.4020115647075,-0.1020832330167,-0.0814397687548,0.2970896770238,-0.0515552069114,1.0000000000000,-0.0425602262508,-0.0208385649200,0.2411363056478,0.2340847295366,0.1168997758285,-0.0875486341262,0.0249576465485,0.1068176259530,-0.0434327239840,0.0325373503864,0.2782935012547,0.0693485283213,0.3971681552922,0.0932337551354,0.6116471667039,0.3225055197989,0.2348294667914,0.2817095361219,0.1551969811495,-0.1372831798051,0.2650951943279,-0.0199928923895,-0.2404301899460,0.1380603045810,-0.0908052177611,0.0068866793419,-0.0386695735209,0.0285903279623,0.3995501989310,0.3646079162197,-0.1385273939442,-0.2844537307996,0.2024227123307,-0.1562102338871,0.7914587296101,-0.0412813434059,-0.0207835025069,0.2010772846854,0.1748362127634,0.0038731954451,-0.0817067275876,-0.0034274150778,0.0310899822055,-0.1091559280391,-0.1873229160494,0.2238238294667,0.0036949733225,0.2423207956401,-0.0194887739382,0.5215191362375,0.1845050656814,-0.0425842120062,0.0948738460176,-0.0111314136663,-0.2487718667317,-0.0382224930663,0.1082810374707,-0.2334716207186,0.0269011818401,-0.0256978550566
0.1659614419665,0.0731251090147,0.0061797358419,0.0938256139123,0.3543686198385,0.1296379265859,0.4826033709425,-0.0858207877970,0.1426268291651,-0.0425602262508,1.0000000000000,0.0009884570540,0.4680892041017,0.1945249499252,0.2755620621696,0.2776078202737,0.0601135600315,0.1802300346075,0.0821324438112,0.0593949446540,0.4609199850875,0.2474636095037,0.1513895649595,0.1699751159820,-0.0729737339747,0.0444086306580,0.1490777681322,-0.0523052041412,0.2323669248567,0.3357221893098,0.2065738012907,0.1405382936526,0.0589019959920,0.1887147053499,0.1443993499839,0.2088436873641,-0.1049864736488,-0.2953809207552,-0.0355547675526,0.4004310269707,0.2318393073730,0.2563893467145,-0.4128043392280,-0.0558563418926,-0.0611854958971,0.7190572459966,-0.0760158250266,0.3301164637266,-0.0626016941040,-0.1308221084040,0.1404184283543,0.0710193536010,0.0590322522101,-0.0815377850831,0.0692082655728,0.4235769863811,0.0374337799535,0.0685934750299,0.0695840310990,-0.0759790736178,-0.0998340261793,-0.0703283240398,-0.1974450237392,0.1593681770544,0.1270046252190,0.0390399814398,0.1285818123954,0.3392840698641,0.1085078780710,0.1198988326759
0.3567698143714,-0.0160494496340,0.2272725800940,-0.0357536867726,0.1584712797347,-0.0706727574671,-0.1446341282244,0.1670805426260,0.1306541218694,-0.0208385649200,0.0009884570540,1.0000000000000,-0.0382817628617,0.3763233653180,0.4588237861056,-0.0990352660547,-0.0202980076307,0.2287996672671,0.5453738705632,0.3922013512899,0.1482354434632,0.0864657803040,-0.0493789370617,0.0682706219607,0.0943277972162,0.5335390350646,0.3630025672667,0.2645238700108,0.1402886371245,0.2347081523027,0.1074036919742,0.1898238002275,0.1394142099657,0.0718278562790,0.0920526243401,-0.0084451882226,0.0524118961525,0.1039272624737,0.3349944124800,0.0550311469544,-0.1923290069056,-0.1090318216371,0.0043728742399,-0.0622014139161,-0.0445595766828,0.0279765875188,0.3950274392735,0.0595662233734,0.3241115531884,0.0940658857534,-0.1075149233412,0.0052714021588,0.0591884521655,0.2336761264705,0.1546635072121,0.0291579032508,-0.0355165568873,-0.0073157430565,0.0775030286728,-0.0130690927769,0.3914471114242,0.0923925058898,0.1490423669814,0.1229087493975,0.0012790046912,-0.0276659591076,0.1934597705527,-0.0086068930529,-0.2269401580905,0.1147688994574
0.1698116573357,0.0608885350044,-0.0553111174694,0.0299291063227,0.3891747277041,-0.1444669924980,0.4079700386319,-0.0354489621332,-0.2030850756376,0.2411363056478,0.4680892041017,-0.0382817628617,1.0000000000000,0.0697622819174,-0.0218397638221,-0.0264569758132,0.1392817757953,0.1647069197261,-0.1372454622590,0.0917644562661,0.6214840899350,0.2544187811876,0.2877785122225,0.2359801513685,0.0546823070075,-0.0016447836094,0.1260029963873,0.0463615043156,0.1716727903837,0.2013739382410,0.1514580166051,-0.0051674827054,-0.0455038844578,0.1304986243309,0.1638662472389,0.3049542757888,-0.0042596232799,-0.1321547606312,0.2015924472656,0.2644253910969,-0.0891217089034,-0.0903314094795,-0.0970694735861,-0.4605293350692,0.2458365229109,0.6513780890652,0.0611993941457,0.8623974363245,0.1006402560547,-0.2843494156084,-0.1528093415892,0.1592154184898,0.2618179865738,-0.0883293784554,0.1210012763061,0.5095397384347,0.2634710019575,0.1855725761250,0.2566098633903,0.0237058834718,-0.0383615339118,0.0331568851058,0.0503263895577,0.1510139315149,0.1657264612708,0.2094880938972,0.0280675335420,-0.0492510230809,0.2250247269780,0.2114323992183
-0.0179620816099,0.0403990347712,0.1226748547918,0.2110821187724,0.2111094513486,0.0727555261250,0.0240119448293,-0.2339657108573,0.0183604812122,0.2340847295366,0.1945249499252,0.3763233653180,0.0697622819174,1.0000000000000,0.3272509646291,0.0853931649987,-0.0304650638776,0.0523844470395,0.3827329163264,0.0235246314684,0.1332990883238,0.1118367064079,0.0590842855744,0.1328964943202,0.0170210347036,0.5974476982646,0.2739426908510,0.1007132210302,-0.0245320066723,0.0801993015523,-0.0941488405471,0.5354939920027,0.1012324563001,0.0829457302370,0.0401674841646,0.1129819386093,-0.1199148139729,-0.1855078800533,0.1934335863706,0.0336934198931,0.0666341179833,0.0507393569589,-0.3867526329865,0.0277959779708,0.0959113831453,0.2304883649162,0.3646400685326,0.0568656204062,0.5779058742622,0.2110003119303,0.1164723190367,-0.0271412322033,0.0055981659038,0.2444319671815,0.1176037588321,0.2399477804347,-0.0524251515451,-0.0681948237625,0.0376960534118,-0.0991558245734,0.4728356396677,0.1360787076002,-0.0104415601751,-0.1440719817740,0.1053825525520,-0.0764271329741,0.3148570213402,0.3364520817734,-0.0249125390482,0.1700386386713
0.4263848067784,-0.0231302352437,0.2862498142020,0.2072754950292,0.1148216576463,0.1490445925257,0.1121510589620,0.1087300052376,0.5394038820067,0.1168997758285,0.2755620621696,0.4588237861056,-0.0218397638221,0.3272509646291,1.0000000000000,0.2721141762342,-0.2581103016262,0.3660429570454,0.7183959938698,0.4537536482240,0.0962875437655,-0.0616095332470,-0.0937565016578,-0.0615173878293,0.0445419982730,0.3957542251195,0.5549724444244,0.1360437862273,-0.0229019261944,0.2301729235747,0.0198622161615,0.0932242286180,0.0540115541074,0.1483750336107,0.0058025275771,0.0137188526667,-0.1833308188954,-0.1261370570815,0.0627850963817,-0.0272048789217,0.1818435985053,0.0242504880955,-0.3308670690709,0.1399455623271,0.0425213641960,-0.0261870697332,0.0715171771371,-0.0760894263695,-0.0338621717957,0.3187425250781,0.1493910171640,-0.2721325389400,0.0701180467706,0.1958009526073,0.0544014295800,0.0895080630888,-0.3175177719631,-0.2439260157588,-0.1436603643721,-0.0992291593913,0.0910335444706,0.0584853014616,-0.0880629000319,-0.1552491943509,-0.1526642870357,-0.3879351831778,0.1419044735553,0.1546628764383,-0.1304940429789,0.0739312038433
-0.1264653918495,0.0641659477215,-0.0433506754244,0.2264135394775,-0.1079348987349,0.5245563150682,0.5182937693077,-0.0593135944926,0.4887835003744,-0.0875486341262,0.2776078202737,-0.0990352660547,-0.0264569758132,0.0853931649987,0.2721141762342,1.0000000000000,-0.1769225545478,-0.0565643417060,0.1428709055243,0.0204140149607,-0.0005360030870,-0.1158218339085,-0.1623853662472,-0.1192635963807,-0.2691866069961,0.0305227343712,0.0416771599251,-0.2465878185224,-0.2304342558850,0.2591536682319,-0.1298392888765,0.0432353533118,0.3413438846207,0.3168755671069,0.2043580716419,-0.1586767441859,-0.1376148909395,-0.0943925412710,-0.0225522439494,-0.2323483274070,0.4155408532474,0.5562174744940,-0.3464005221997,0.3280290079837,-0.0667077795967,-0.0054955797297,-0.0157447248190,-0.1392734108682,-0.0493081470093,0.0523061316065,0.6338872541393,-0.1972916597861,-0.0706202588609,-0.1522060596401,-0.1266809220731,0.0683938454388,-0.3135391063736,-0.2124127364083,-0.1429120751418,-0.2147676076952,-0.1079909994043,-0.1989557200311,-0.3097262744233,-0.2927894052119,0.0035969539141,-0.3276071832544,-0.0185337470377,0.2250369818734,0.2228153571470,0.1038045278909
0.1435475473715,0.2208140197046,0.2654503897152,-0.0931238396213,0.3634276730710,-0.2085225478935,-0.1055391196420,0.2749330233733,-0.2748337558897,0.0249576465485,0.0601135600315,-0.0202980076307,0.1392817757953,-0.0304650638776,-0.2581103016262,-0.1769225545478,1.0000000000000,-0.0880349734291,-0.2482498342028,-0.1051052145054,0.3398189957334,0.7390751397080,0.3614924427698,0.7289083283156,0.4929998679384,0.1180279972336,-0.0251215620106,0.4172016453954,0.6925427157541,0.0919319897054,0.4013156130031,-0.0261600643272,-0.1512655499924,0.0712104796038,0.2110879359741,0.0698088483668,0.2010454802495,0.3058597891898,0.0874226389611,0.3599284019594,-0.1537619801110,-0.2488964831606,0.2470426555015,-0.4005684111015,0.0312686223365,0.1516155550521,-0.0890415961894,0.1632296710819,-0.0020132925309,-0.4165119785096,-0.3143756180168,0.9532628254924,0.0139133804152,-0.2025642003522,-0.0707069517045,0.2265724797752,0.5472182485715,0.4309249072912,0.4810223659621,0.4755427138729,0.0459553476839,-0.1014241289204,0.3863244016182,0.5740768682997,0.0138719417908,0.4166565965033,-0.1033801362230,-0.0797044644762,0.0243258201934,0.1329340621414
0.5156811974625,0.3173205385419,0.3608796597584,0.3193077640378,0.3181584757371,-0.3083425302629,-0.2099156842375,0.1297849810291,-0.1676424271959,0.1068176259530,0.1802300346075,0.2287996672671,0.1647069197261,0.0523844470395,0.3660429570454,-0.0565643417060,-0.0880349734291,1.0000000000000,0.3770275115162,0.5186662892783,0.3550082936568,0.1840216858974,0.1128845550938,0.2236059684285,0.1331857093373,0.0903945452505,0.6618322634678,0.4772854923312,0.1288232405844,0.3144562468846,0.3492389307334,-0.0578464084909,0.0938157702808,0.3145182761105,0.3406613404807,0.2092566758971,0.2727276710136,0.0438976375880,0.1324745404708,0.0299661131165,-0.2857568953571,-0.3485482115274,-0.0581503320875,-0.3308209752751,0.0391732065393,0.1283806716526,0.0150388870092,-0.0296162584718,-0.1943165431753,-0.2165738881995,-0.2487089079096,-0.0998237626398,0.5995320882988,0.1016244407684,0.3145732534663,0.2922765113409,0.0008017891100,0.0715606850249,0.1740860859786,0.0496960881846,-0.0041982280973,0.2278318549368,0.3227694868239,-0.0115464044225,0.0203686873585,0.0396140365959,0.0640368460802,0.1497679609778,0.2398762485241,0.2691044608901
0.2197621589174,-0.1722714208286,0.4394313850164,0.1311647013786,0.0527525070658,0.1970424345773,-0.0301497641629,-0.0772240971779,0.3806372212052,-0.0434327239840,0.0821324438112,0.5453738705632,-0.1372454622590,0.3827329163264,0.7183959938698,0.1428709055243,-0.2482498342028,0.3770275115162,1.0000000000000,0.2860662369963,-0.0063752793740,0.0427501012279,-0.2216308527781,0.0685967319688,-0.0832647186575,0.2138856345313,0.4715211599513,0.1171449471120,-0.0471801506844,0.2117868415572,0.0615074267843,0.2605139281722,0.1861252898524,0.1668410123696,-0.0926723269815,-0.0054662946339,-0.1026706585532,0.0478995944071,0.1419141837103,-0.1827579915166,0.1334128203104,0.0862442752935,-0.3609647675723,0.2353000540137,-0.0425426024416,-0.0365170748778,0.3927740504586,-0.1350044767911,0.0567956332912,0.3066767808415,0.1744927147029,-0.2451572004715,0.2759732418252,0.5215569732099,0.2705473161054,0.0349279912433,-0.2255015930402,-0.2737225235657,0.0347389094852,-0.1944754739150,0.2466050488694,0.2264950792092,0.0631787337919,-0.2663826591668,0.0310186540467,-0.2040839431978,0.0937446379097,0.2516916554665,-0.1519879427719,0.1623325190280
0.5185826331697,0.1519364790348,0.0830128719665,0.1762732742015,-0.0941775251526,-0.1280821486020,0.1375774146520,0.2677360896731,0.1780721213672,0.0325373503864,0.0593949446540,0.3922013512899,0.0917644562661,0.0235246314684,0.4537536482240,0.0204140149607,-0.1051052145054,0.5186662892783,0.2860662369963,1.0000000000000,0.0802515308480,-0.0685771255521,0.0929548052823,-0.0618488179171,0.0174738336554,0.2899535678163,0.5532019889014,0.2892506055896,-0.0045264399561,0.3296600672478,0.1307915187770,0.0045731054835,-0.2363708098297,0.1380314436090,0.2364288673258,-0.0341536439625,0.0173849284663,-0.0486355991784,0.0777326951686,-0.0583548753112,-0.0287409199254,-0.1411318095790,0.0388438124218,-0.0941952218870,-0.0779531635863,-0.1393970189200,-0.2201713244833,0.0342132130516,-0.3022097576335,-0.0480728821419,-0.0747580030635,-0.1497523591268,0.0394303938083,-0.1330423509779,0.0681565869056,-0.0843774373277,-0.1348467809334,-0.0193041601272,-0.1298388575748,-0.0641147744284,-0.1589068956307,-0.0938739831148,-0.0170360881268,0.0072007116046,-0.0974155195674,-0.1930028512180,0.0740564543040,-0.2233971859138,-0.1043025098564,-0.0144686655612
0.4471053695525,0.2740743567109,0.2817406061436,0.0820126838567,0.7544006044952,-0.2597400493895,0.0237587683529,0.2151539213817,-0.1821431638902,0.2782935012547,0.4609199850875,0.1482354434632,0.6214840899350,0.1332990883238,0.0962875437655,-0.0005360030870,0.3398189957334,0.3550082936568,-0.0063752793740,0.0802515308480,1.0000000000000,0.5120935673094,0.3277461626688,0.4836056765446,0.3537860583979,0.2293930941656,0.3396199593645,0.4058422333878,0.4801972249877,0.1997274525200,0.4805739880307,-0.1096021575844,0.0339157622670,0.2244820260837,0.2866286499955,0.2965903957765,0.2044847991734,0.0956035040262,0.2548944888973,0.5014583319262,-0.2927308104316,-0.2580926177004,0.0043425870881,-0.5041141877296,0.2640911230804,0.5410696570697,0.0173325658886,0.4960764732171,0.0220665094844,-0.4000494540780,-0.2899878449703,0.3578217794548,0.2939020010508,-0.2322948539971,-0.0088290954202,0.8622294288801,0.3475847271601,0.3195408226745,0.3928364327715,0.2944574932598,0.0324051316495,-0.0758330976695,0.2417482008816,0.3345956132718,-0.0462061420025,0.2302568151675,0.0126840663277,0.0451605319343,0.2123111451127,0.2163913335737
0.1947859749224,0.1108699108674,0.5722184917669,-0.0476486693015,0.4865020797840,-0.1208821717610,-0.0885474464971,0.1681657680893,-0.2713621606724,0.0693485283213,0.2474636095037,0.0864657803040,0.2544187811876,0.1118367064079,-0.0616095332470,-0.1158218339085,0.7390751397080,0.1840216858974,0.0427501012279,-0.0685771255521,0.5120935673094,1.0000000000000,0.4210199331073,0.8992696310481,0.3997144539639,0.1419450201951,0.2383927151905,0.5215946102247,0.7156454118451,0.2219392921993,0.6080029503421,-0.0046689400408,-0.0549163097731,0.2093719650888,0.2505429519285,0.1352404906527,0.2140131267695,0.3848901893791,0.2432587863444,0.3221527328144,-0.1111774918673,-0.2143780239417,0.0133317241761,-0.4157960523698,0.1529617073530,0.2915846284575,0.1285304901545,0.2549156995033,0.0418171293667,-0.4209609236574,-0.2336686014542,0.7569782830560,0.3469112204233,0.0421457672457,0.1808315936104,0.4124143330211,0.6113308356276,0.4025141237416,0.6983302313943,0.3605420791591,0.1833542760839,0.0808698374820,0.5422651643155,0.4541893379668,0.1267247660657,0.4586477821151,-0.0865011769293,0.1424875723635,0.0402268051371,0.3391699947520
0.2245821834633,0.2753371225558,0.0913174032715,0.3328873535810,0.2584461676562,-0.1159600670156,-0.0565756999380,0.0502967990070,-0.2796989761835,0.3971681552922,0.1513895649595,-0.0493789370617,0.2877785122225,0.0590842855744,-0.0937565016578,-0.1623853662472,0.3614924427698,0.1128845550938,-0.2216308527781,0.0929548052823,0.3277461626688,0.4210199331073,1.0000000000000,0.4048633967311,0.4077009309493,0.2130795742598,0.0725734559982,0.3827508112540,0.3157587278849,0.1916809103616,0.4838409777953,0.0323862658361,-0.1926370231979,0.1334782380231,0.3231619952992,0.2367662899026,0.3333481120743,0.0834245683189,0.2947932864710,0.4044146255898,-0.0520122659171,-0.2359755089464,0.1411065936444,-0.4077054014156,0.5195275251943,0.1898107500189,-0.0609469753281,0.2267807877682,-0.0067707773926,-0.3074864955407,-0.1449201140924,0.3693939254946,0.2233026356446,-0.1309208161646,0.1836596270457,0.2763267029505,0.3643400727662,0.7891195372920,0.3333029376985,0.4653026524535,0.1486879686587,-0.0554002981113,0.3696881519669,0.2581616943881,0.1053910144877,0.4227479795725,-0.0007404538436,-0.0368447498656,0.1592696078116,0.3004783559842
0.2278855424999,0.1580322318572,0.6097240797869,-0.0260243713842,0.5000722392542,-0.0884361818311,-0.1112603383934,0.0362627788351,-0.2894789699556,0.0932337551354,0.1699751159820,0.0682706219607,0.2359801513685,0.1328964943202,-0.0615173878293,-0.1192635963807,0.7289083283156,0.2236059684285,0.0685967319688,-0.0618488179171,0.4836056765446,0.8992696310481,0.4048633967311,1.0000000000000,0.3385407869168,0.1712938819962,0.2182122591311,0.5035739942751,0.5547056288918,0.1983881410914,0.4856870069994,-0.0396972641964,-0.0531991358331,0.2342383291777,0.3088458886974,0.1946706380718,0.2761728887495,0.4598184708270,0.2262984981015,0.2503438919770,-0.0666801027851,-0.1873938614432,-0.0347412897445,-0.3738823782472,0.1441410159883,0.2746544062164,0.1838099932236,0.2275937201109,0.1003894839271,-0.3433743699384,-0.2220632289392,0.7405726930467,0.3896325333154,0.0965320861397,0.2287673427056,0.4207864546037,0.5611954170685,0.4093494539412,0.7608263651118,0.3031742137209,0.2636409804003,0.1103491375680,0.5522047885106,0.2679881187195,0.1846281540993,0.4621592866876,-0.1496164484479,0.1458016154349,0.0914668698148,0.4118274442614
0.3037711543293,0.1826818641459,0.3870049229171,0.2044320950738,0.6068614190874,-0.3299870390407,-0.3725299850033,0.6065454572966,-0.1614867739222,0.6116471667039,-0.0729737339747,0.0943277972162,0.0546823070075,0.0170210347036,0.0445419982730,-0.2691866069961,0.4929998679384,0.1331857093373,-0.0832647186575,0.0174738336554,0.3537860583979,0.3997144539639,0.4077009309493,0.3385407869168,1.0000000000000,0.2928224071142,0.3297354808420,0.6019693087480,0.6798101967935,-0.1097865254381,0.5717648009053,-0.1760971021593,-0.2716465588559,0.0625843622723,-0.0587212463418,0.0185248138358,0.0599166513106,0.2768615780817,0.2543126918057,0.5777286495247,-0.3631119174068,-0.5153856093205,0.4965788374256,-0.3317928596013,0.5349378591129,-0.0997645271216,-0.1198169540394,0.0061139748547,-0.0518566030111,-0.1931877171650,-0.3081383935313,0.4581418457733,0.0573475333122,-0.1978030297704,-0.2360823913762,0.2572511238089,0.2367451656594,0.3915787759697,0.1366641333339,0.8967246959637,0.1237625033120,0.0003746985149,0.3984661268859,0.4790381758999,-0.3635571971993,0.1551635546133,-0.0031651429820,-0.2668844826640,-0.0687460020449,-0.0427118762177
0.2983245781842,0.2744150528817,0.1996622381100,0.2257450272938,0.2611736996954,-0.1077702332707,-0.0790696728043,0.1658561344535,0.1024302689287,0.3225055197989,0.0444086306580,0.5335390350646,-0.0016447836094,0.5974476982646,0.3957542251195,0.0305227343712,0.1180279972336,0.0903945452505,0.2138856345313,0.2899535678163,0.2293930941656,0.1419450201951,0.2130795742598,0.1712938819962,0.2928224071142,1.0000000000000,0.4340206124174,0.3893947532683,0.1330301604449,0.1118736517793,0.0577203972598,0.0546497445731,-0.0548677210171,0.1818127901726,0.2109795804070,0.0799467971426,0.0574778630981,-0.0261338063786,0.3893391485115,0.1572068982433,-0.0731692342226,-0.1650034053954,-0.0309895444981,-0.1141355479915,0.2235737510470,-0.0036149693163,0.2359367783677,-0.0144220182368,0.4706832959605,0.0885333673776,-0.0707808409487,0.1172010017795,-0.1029095594152,-0.1114480138845,-0.1195755880508,0.1951884004387,-0.0709908318143,0.1376537041276,-0.0233797859717,0.1618932100454,0.5328670131969,0.0102082372831,0.1133055749691,0.0836137851079,-0.1454969015521,-0.1559703708324,0.3846402534516,0.0324193813005,-0.0678236989584,0.2181278874200
0.4564590150423,0.2057571271403,0.5229602804777,0.3128372274267,0.3437979984816,-0.1848108195383,-0.1184046700827,0.2953447648502,0.1569179202930,0.2348294667914,0.1490777681322,0.3630025672667,0.1260029963873,0.2739426908510,0.5549724444244,0.0416771599251,-0.0251215620106,0.6618322634678,0.4715211599513,0.5532019889014,0.3396199593645,0.2383927151905,0.0725734559982,0.2182122591311,0.3297354808420,0.4340206124174,1.0000000000000,0.5972256753260,0.2118076778787,0.1780628521724,0.3412381280503,-0.0425114103295,-0.1200167318423,0.2236914258755,0.2191683735500,0.0750210877589,0.0138657444549,0.1337591283248,0.1859683477263,0.0544879852396,-0.1412962436076,-0.2838465679419,-0.0794534280736,-0.1493224339110,0.1298947742699,-0.0852700417527,0.0231085188835,-0.0700322363866,-0.0966620415752,-0.0831378908902,-0.1408407807991,-0.0775949684433,0.3727030648624,0.0009202631363,0.0858065531137,0.2400531852169,-0.1333894926360,-0.0344368528004,0.0575441557464,0.1900122988380,0.1143917514731,0.3379627941642,0.2951788059827,-0.0162790307035,-0.2646262704030,-0.2120043486112,0.2288589216574,0.0051195652592,0.0227878318012,0.1658046503522
0.4407072972445,0.3351513124694,0.5682965641931,0.1414095125629,0.4457716091603,-0.4348181531100,-0.4068778682440,0.4734232141302,-0.2682654958699,0.2817095361219,-0.0523052041412,0.2645238700108,0.0463615043156,0.1007132210302,0.1360437862273,-0.2465878185224,0.4172016453954,0.4772854923312,0.1171449471120,0.2892506055896,0.4058422333878,0.5215946102247,0.3827508112540,0.5035739942751,0.6019693087480,0.3893947532683,0.5972256753260,1.0000000000000,0.5579729068394,0.0645464161887,0.5642984458940,-0.0518243348962,-0.1504590446053,0.1825013002334,0.1929052391688,0.0128507263484,0.3361646605469,0.3300972668609,0.2985291401547,0.2738199394983,-0.4102299987517,-0.5395621775269,0.3120790758685,-0.4541940036821,0.2041463454673,-0.0382118075615,-0.0371384333965,-0.0152331709653,-0.0794092285312,-0.3567280681709,-0.3828011313300,0.4286916788274,0.2871548482784,-0.1498428411932,-0.0195993894335,0.2912404522024,0.2685940454742,0.3770881270877,0.3539754390946,0.4881824601610,0.1301303857564,0.0714059062464,0.7408583239449,0.3833380883293,-0.2143444217140,0.1732889436081,0.0465467752489,-0.0959275502482,-0.0028180402241,0.1141037669812
0.2774473338345,0.1212249570964,0.4459924271062,-0.1276223637249,0.5607322605906,-0.3627552850890,-0.2116222156702,0.5608191728946,-0.1829072006682,0.1551969811495,0.2323669248567,0.1402886371245,0.1716727903837,-0.0245320066723,-0.0229019261944,-0.2304342558850,0.6925427157541,0.1288232405844,-0.0471801506844,-0.0045264399561,0.4801972249877,0.7156454118451,0.3157587278849,0.5547056288918,0.6798101967935,0.1330301604449,0.2118076778787,0.5579729068394,1.0000000000000,0.0486383394622,0.6160984149004,-0.0688024522292,-0.1986826718735,0.0678358029033,-0.0399218384257,0.0000613273956,0.1138303841445,0.2627744777144,0.1554175104862,0.5376941581762,-0.3257143122839,-0.3817281379644,0.3590871002044,-0.4029665067567,0.1427102054785,0.2170381644898,-0.1135479432848,0.1956939998565,-0.1469221298223,-0.4026141238920,-0.3877445163761,0.6951569722761,0.0757390716090,-0.1587954987850,-0.1011453283081,0.3597273239498,0.4349399507055,0.3220226032509,0.3289479913817,0.5878557806232,-0.0230592876171,-0.0745911338649,0.4359626029560,0.8074390007315,-0.1849432446259,0.2907803018586,-0.0950041795456,-0.0592641176628,-0.1380952568177,-0.0244340483910
0.2929591264324,0.4077972903189,-0.0821915702146,0.1871464706327,0.1861028041876,0.0559221788442,0.2281128110597,-0.0147311238847,0.0695123905983,-0.1372831798051,0.3357221893098,0.2347081523027,0.2013739382410,0.0801993015523,0.2301729235747,0.2591536682319,0.0919319897054,0.3144562468846,0.2117868415572,0.3296600672478,0.1997274525200,0.2219392921993,0.1916809103616,0.1983881410914,-0.1097865254381,0.1118736517793,0.1780628521724,0.0645464161887,0.0486383394622,1.0000000000000,0.3430346034980,-0.0030871891293,0.2572144724500,0.6105299361629,0.4090063407824,0.2535297482498,0.3443774450974,-0.1469947602911,0.2764034489124,0.1226717832349,-0.0118869285411,0.0267487837266,-0.2100303619428,-0.2648903026487,0.0119340437167,0.2515610351842,0.1354380578292,0.1896034194136,-0.0056469926076,-0.2068262549450,0.1030798022870,0.1357257114952,0.2672894682292,0.0066747966391,0.2110673449853,0.1633626809034,0.1459881218610,0.3873718015375,0.2135120614728,0.0459289703504,0.1282807978091,-0.0440990165442,0.0352754747289,0.0764568868866,0.4892127652203,0.3024704327007,0.0015251626912,0.2764132281512,0.3752539804094,0.4316812796493
0.3365528892377,0.2008424765387,0.4347407929295,0.2161789141873,0.5197340656320,-0.1832267838475,-0.1427670554161,0.4602614026984,-0.1456038154047,0.2650951943279,0.2065738012907,0.1074036919742,0.1514580166051,-0.0941488405471,0.0198622161615,-0.1298392888765,0.4013156130031,0.3492389307334,0.0615074267843,0.1307915187770,0.4805739880307,0.6080029503421,0.4838409777953,0.4856870069994,0.5717648009053,0.0577203972598,0.3412381280503,0.5642984458940,0.6160984149004,0.3430346034980,1.0000000000000,-0.0868080747233,-0.0189547848988,0.3763245616379,0.1214888962954,0.0034732740390,0.2431833512223,0.2101319278650,0.3278895211532,0.5246662216340,-0.2140794368809,-0.3243573759982,0.1992333735640,-0.3857932136134,0.3406306742386,0.0668076468894,-0.0084293741830,0.1497120640826,-0.2000797388421,-0.4524367877198,-0.1996168475863,0.3947352417340,0.3049183798460,-0.1247189850760,-0.0086537361781,0.3372647979072,0.2422642432039,0.5215057357167,0.3235989635258,0.6155236773748,0.0182424977698,-0.0193541379667,0.4016428319504,0.3286415135795,-0.0786038841229,0.3245845780216,0.0074002830892,-0.0282210490453,0.0731499921795,0.1687870206484
-0.1017992049517,-0.1779727517125,-0.0897722415861,0.1259577681799,-0.1667686342541,0.1758125751049,0.1015584324053,-0.2558003526790,-0.0119856039523,-0.0199928923895,0.1405382936526,0.1898238002275,-0.0051674827054,0.5354939920027,0.0932242286180,0.0432353533118,-0.0261600643272,-0.0578464084909,0.2605139281722,0.0045731054835,-0.1096021575844,-0.0046689400408,0.0323862658361,-0.0396972641964,-0.1760971021593,0.0546497445731,-0.0425114103295,-0.0518243348962,-0.0688024522292,-0.0030871891293,-0.0868080747233,1.0000000000000,0.0068548056247,-0.0529821377564,-0.0772327911489,-0.0010976773266,-0.0645840521795,-0.1802843053864,0.0498580614750,-0.0273845243680,0.1619188311490,0.1965965144933,-0.2459438658588,0.1398361598932,-0.0942006439388,0.1631546039367,0.1935693753431,0.0653067160000,0.2388762987109,0.1034990363121,0.1768511073129,-0.0335726190002,0.0272792150842,0.3730142329195,0.2828731159199,-0.0713126969291,-0.0396267256350,-0.0393402579376,0.0244862623065,-0.1985607315431,0.1121901779350,0.1268612854749,0.0199982754102,-0.0906298355080,0.2317732501932,0.0323966382883,0.2215715421604,0.1006105122813,-0.1175371102992,0.0619384743170
-0.1798729975569,0.1172699227092,-0.0569074822822,-0.0165764642094,0.0333509814709,0.2169554662689,0.1529012222607,-0.1484701398716,0.0667336209098,-0.2404301899460,0.0589019959920,0.1394142099657,-0.0455038844578,0.1012324563001,0.0540115541074,0.3413438846207,-0.1512655499924,0.0938157702808,0.1861252898524,-0.2363708098297,0.0339157622670,-0.0549163097731,-0.1926370231979,-0.0531991358331,-0.2716465588559,-0.0548677210171,-0.1200167318423,-0.1504590446053,-0.1986826718735,0.2572144724500,-0.0189547848988,0.0068548056247,1.0000000000000,0.2551739759994,0.0833162959012,-0.1423373261572,0.0450988325891,-0.0604833102152,0.0236562352176,-0.1608731870362,0.0147552544363,0.2345893199119,-0.2341294974892,-0.0318818371691,-0.1411532938187,0.1381684195853,0.2122935715243,-0.0059051921504,0.2706911982154,-0.0843741514235,0.1514521709293,-0.1114874747166,0.0525478533029,0.0126762709601,-0.0576698861634,0.1022205914601,-0.0858991766418,-0.1148151732355,0.0269002064101,-0.2352250167740,0.0598297944370,-0.0457225155072,-0.1035891523727,-0.1791952553319,0.1742793903060,0.0035476508497,0.0386955197079,0.4091938569867,0.2537245574500,0.0658037633737
0.1921759242899,0.3836061352147,0.1061969427767,0.3401191484969,0.2477968198775,0.0733318708226,0.1292356245048,0.1082405612466,0.0550701839272,0.1380603045810,0.1887147053499,0.0718278562790,0.1304986243309,0.0829457302370,0.1483750336107,0.3168755671069,0.0712104796038,0.3145182761105,0.1668410123696,0.1380314436090,0.2244820260837,0.2093719650888,0.1334782380231,0.2342383291777,0.0625843622723,0.1818127901726,0.2236914258755,0.1825013002334,0.0678358029033,0.6105299361629,0.3763245616379,-0.0529821377564,0.2551739759994,1.0000000000000,0.2588944730596,0.0951991465460,0.3327987385215,-0.0089408684600,0.4515954734124,0.0581284585453,-0.0223831533534,-0.0073559850373,-0.0967758981738,-0.1448343285427,0.2430397183430,0.0841548373993,0.1594313071716,0.1203481049846,0.0700227114734,-0.2188540616041,0.1603220858444,0.1052644840978,0.2807165993073,-0.0325785971665,0.0387712396718,0.2120312026960,0.0332546944835,0.2969665276822,0.1858116306432,0.1803791470446,0.2181195795458,-0.0121483588939,0.1234753385084,-0.0375357232478,0.2123230551192,0.1406345331788,0.0514313686694,0.0999155542642,0.5070703872866,0.3987037958056
