1.0000000000000,0.2222346814847,0.3301114652886,0.3295076099654,0.1842378340042,0.0419404711933,0.3926601630010,0.3998889947574,0.4160812954090,0.2397105451100,0.0299636212139,0.0415084730930,0.2694807974083,0.3328654582605,0.5699836233253,0.2921535191794,0.3476672656250,0.6325375747754,0.2462017435906,0.6942845940350,0.2794848822298,0.2758863198115,0.3428389220855,0.3891136558528,0.1763352368891,0.4463144828278,0.4524823838200,0.4435816532709,0.1596833635997,0.5557885483388,0.3987299416616,0.1847065543657,0.0215996992447,0.5496358423048,0.3209196978285,0.1346429296270,0.0486126988422,-0.1140916722206,0.1411612995611,0.0769189628549,-0.2618347214100,-0.1687214100215,-0.3396647586113,-0.2639914806055,0.1422744068020,-0.2732866424569,-0.0218708959043,0.1897080390266,-0.0098103487257,-0.1386352365830,0.1591914038466,0.3030461270486,-0.1608745872581,-0.1903092614957,0.0515727842400,0.2648212298904,-0.1517064387871,0.2312438618131,-0.1360941903423,-0.0248069503212,0.0049518091376,-0.2760266345721,0.0069353055771,-0.1413125296153,-0.0701259408009,-0.3066695511944,-0.1717936097946,-0.2511907371508,-0.0577590738561,0.0131515264641
0.2222346814847,1.0000000000000,0.3268552873542,0.5998037361633,-0.1357132188218,0.0330293055202,0.0282254558798,-0.0351381351794,-0.0488699571880,0.1286527052117,-0.3202164937558,0.2273190200758,-0.0780209263657,0.1996982740752,-0.0883635397528,0.0345490393483,0.0833347556726,0.4849742606940,0.1467416878693,0.2923571951132,-0.0117100119042,0.1448455473245,0.6521769153080,0.4128819538822,0.1347962162880,0.4609635156172,0.4347850375835,0.4617927333478,0.0451864354353,0.2661084351862,0.4753380279735,-0.0166656764473,0.0479626252545,0.3107253244663,0.4226154202996,0.0656471699010,0.7299562632628,0.0498992355105,0.5096843277843,-0.2129998974209,-0.2115602920529,-0.2901589065591,-0.1904892211977,-0.2522813653026,0.1657790065381,-0.4193277571104,0.0982553634873,-0.1186763166401,0.0754598136447,-0.2373614241069,-0.1047661412776,0.2157836513579,0.5291213306421,-0.1103408019652,0.2778065866989,-0.0342367729744,-0.1226150369577,0.6515453902842,0.2004555610527,0.0557905076397,0.1710314931970,0.1379520943144,0.4225274064856,-0.0842633910041,0.0108031078746,0.1607551896409,-0.2099542353439,-0.0446945351358,0.0347921420866,0.3121781149611
0.3301114652886,0.3268552873542,1.0000000000000,0.3891800408726,-0.1593247363913,0.1055364532014,0.0607537953994,0.1702544257016,0.2863586331173,0.3160135740050,-0.4068402741567,0.3109561706438,-0.1770325674436,0.4237214087055,0.2095212858998,0.0687097822193,0.1291973929280,0.4743215471181,0.4383062356975,0.4621265437676,-0.1077287097321,0.0382681599497,0.3821856525996,0.4989825448844,0.1294086458429,0.3384290288913,0.6974329358891,0.7178514856719,-0.0293983704934,0.2161023355653,0.2107689849739,0.0184372435001,0.1564194748062,0.2105182673438,0.3147829173054,-0.2900149849966,0.2310720097515,0.4321214240692,0.2954341960971,-0.3196480838123,-0.1193296755389,-0.2433482258772,-0.2064198750435,-0.0421736422781,0.2734915562676,-0.5936823457512,0.1885550385695,-0.2436063536214,0.1958498008922,-0.1993319365907,-0.0971452512212,0.1404207800038,0.1596215638404,0.0675099521808,0.0961300242366,-0.1365023338050,-0.3143469026855,0.2842504556186,0.0010727761732,-0.0205982550089,-0.0236013832883,0.1578729750193,0.4154160077684,-0.3255348828110,-0.2073787843170,-0.2535021934552,-0.1044806917697,-0.0801319594148,-0.1269524701754,-0.0137547161733
0.3295076099654,0.5998037361633,0.3891800408726,1.0000000000000,0.0033061328886,0.0330861229452,0.2143340506244,0.1154301274046,0.1531116426851,0.4939672975758,-0.2830448476520,0.1154358596119,0.0424680504691,0.2104569626502,0.1205476730557,0.3432285668528,0.0841889284185,0.4689961245342,0.1370057595338,0.4041337417463,-0.0140417324088,0.0725638087157,0.6401742585787,0.2991287320767,0.3422853432955,0.5118506322635,0.5059622348514,0.3068332285425,0.0442634507123,0.4035679085619,0.3374975092401,0.1719034524445,0.0649424384620,0.4558461722319,0.4739526958738,-0.0144166347458,0.6202731958015,0.1630979336700,0.8270128196903,-0.1309075280927,-0.1737027163802,-0.2157719052801,-0.1086582332022,-0.2873807194699,0.4818243127791,-0.4508642754272,0.0466762045764,-0.0194870995055,0.0449599067221,-0.2446715464997,0.1872372824389,0.1244461176853,0.3545406466111,-0.1759723636426,0.2763677596545,-0.0191137195369,-0.1473033041789,0.5694951940212,0.0879149011226,0.2383020569499,0.2514357159705,0.1726579844618,0.2877546562441,-0.0823969303099,0.0232949197929,0.0008152577251,-0.0188319226446,-0.0456467139012,0.1975798057188,0.3708045792035
0.1842378340042,-0.1357132188218,-0.1593247363913,0.0033061328886,1.0000000000000,-0.1953270678503,0.1242134226869,0.2264075698712,-0.0997742409611,0.2695414155232,0.5315411929058,-0.3534232638515,0.7384290973247,-0.2594383625571,0.0657007600349,0.0005870688911,0.2840716558141,-0.0024355853908,-0.2803122237224,-0.1309717195894,0.7539220359058,0.4742202745454,0.1327181838702,0.1528652737978,0.3802589030868,-0.2427114678523,-0.1695580613272,-0.2521027616232,0.5330872373849,-0.0606921704651,0.2595880758987,0.2558193888831,-0.3240300831321,0.1186925328824,-0.1863750027484,0.1585716189608,-0.1874278789113,-0.3563515773968,-0.1062394382207,0.8903514322454,-0.1499221180520,-0.0559781618998,0.0490451092946,-0.2593187221010,0.2538116145537,0.3989551872206,-0.4184714143439,0.7248093877520,-0.3846933202054,-0.2335268150304,-0.0006815777326,0.1464249153908,-0.2935488222344,-0.3847515469075,-0.3375345736516,0.7229315847725,0.4199464237409,0.0839216779002,0.0484251124729,0.4343841473031,-0.2923356820934,-0.4368668031596,-0.3819280308756,0.5327299567655,-0.1781207446989,0.1779490180468,-0.0209246880141,-0.1191132771130,0.1993703659557,-0.2185506619619
0.0419404711933,0.0330293055202,0.1055364532014,0.0330861229452,-0.1953270678503,1.0000000000000,0.4489120732378,-0.1343553989684,0.5848972205953,-0.0638381575394,0.0083685284523,0.0560075574126,-0.1765245807671,0.2388752746072,0.1135142226042,0.2811198836526,0.1180706692239,-0.0015177006799,0.1324782480371,0.0400708443914,-0.2142239865606,0.0011278616158,0.0384409099782,0.0375761028522,-0.0739768747598,0.0216667444399,0.0791235451717,0.2510590223380,-0.1907781998662,0.2303069257774,0.0613351305364,-0.2064970734634,0.5337946220421,0.2035055375562,0.3593295346368,-0.1132644073105,-0.1591981704800,0.1239989387658,-0.1309893207632,-0.2232429683396,0.6440334305235,0.5531407720729,-0.3163464356857,0.5999211264113,0.0334778746936,0.0018796914831,0.2929604265830,-0.1194529133418,0.1994653228689,0.4596121553555,0.3348464756429,0.1307669792766,-0.1107994743545,0.2648170353616,-0.0384628866040,-0.1416139480425,-0.2045583262626,-0.0314176171800,-0.1517524051378,-0.1169241363701,-0.1067016130715,-0.0287776688647,-0.0052480506083,-0.2821889527259,0.2430703851672,-0.2117703195225,-0.3112063647565,0.1669810059607,0.0999189918133,0.4212580166235
0.3926601630010,0.0282254558798,0.0607537953994,0.2143340506244,0.1242134226869,0.4489120732378,1.0000000000000,0.0892818668891,0.7687737695086,0.0538526417034,0.2003042463465,-0.0238673242661,0.4084113011290,0.2267290150368,0.3116171625679,0.5639545525541,0.1726271990381,0.1138287527996,0.1476962725102,0.2704489563022,0.1709847132508,0.0389061960910,0.0853655889095,-0.0114790573891,-0.0296951029817,0.1220757149361,0.1266992136357,0.1158248252018,-0.0136288564342,0.4768219183733,0.1761319666254,0.0159365827822,0.3419194420703,0.3326089357599,0.2661606851880,0.0171379664926,-0.1190481460199,-0.1268744925488,0.0280537140011,0.0724571448309,0.1016681531520,0.4164597328906,-0.4792432630050,0.2087879995335,0.1392232448483,0.1180824320487,0.2002749674656,0.4080509312686,0.0281465344781,0.1981699382646,0.3257954627457,0.1031337747677,-0.2239536070862,-0.0233347127376,-0.1383064648184,0.1575532215423,-0.2877982363924,-0.0480482243124,-0.2966578945674,-0.1050470857425,-0.2057535952222,-0.2480071245063,-0.2621902780257,-0.1639741153140,0.1568721633274,-0.4797396521614,-0.3658377940237,-0.1737627428927,-0.1274364054433,0.2525648505191
0.3998889947574,-0.0351381351794,0.1702544257016,0.1154301274046,0.2264075698712,-0.1343553989684,0.0892818668891,1.0000000000000,0.2615185543191,0.3355851986137,0.3567261142731,-0.1225196639690,-0.0285580068772,-0.1072768460527,0.1565657396218,0.2030993151364,0.1738078849904,0.1911501079927,-0.1464240317328,0.2079340067013,-0.0252670069645,0.1216244034985,0.2419006057221,0.0488407365111,0.6560685406216,0.2507509661090,0.1475573804223,0.1256442773172,0.5416373519449,0.0835875663497,0.4119023549535,0.0265212421900,-0.1673388212734,0.1206218330409,-0.0566355664442,0.0111453864933,-0.1594055869621,-0.0719074974195,-0.0343422358082,0.0927144241288,-0.2986341021524,-0.3235103658264,0.4241922848727,-0.2869465978565,0.2692152719904,0.0182111188197,-0.3748805929828,-0.1045802270239,-0.2615700372108,-0.2489543204529,0.0035636936632,0.0494649309319,-0.2669901960911,-0.3563572442495,-0.1754454487251,-0.0338471053538,-0.1942175396579,0.0171412172988,-0.3563176854682,0.4760955195728,-0.0819522076224,-0.2122919502189,-0.1606777939751,0.2634410855077,-0.3543887228830,-0.1768446843561,-0.0820144292374,-0.2178748822385,-0.1307129156741,-0.2940301687968
0.4160812954090,-0.0488699571880,0.2863586331173,0.1531116426851,-0.0997742409611,0.5848972205953,0.7687737695086,0.2615185543191,1.0000000000000,-0.0010981572040,0.1598562732066,0.1906328187163,0.0734622460738,0.3516496303712,0.5117782847839,0.5465903953315,0.1497765463615,0.1427009363140,0.3296131508952,0.3345895797991,-0.0824034215260,0.0035216776945,0.0060419240822,0.0694941470836,-0.0113758863966,0.2377185038131,0.2973179118239,0.2832047595466,-0.0352522794660,0.4428279034099,0.1457993567738,-0.0465495810644,0.4109851813190,0.3790595066877,0.3730288476993,-0.1549755895336,-0.2110012592147,0.0677192285431,-0.0531327284144,-0.1904340962657,0.2568608916909,0.3920650498991,-0.3448062424512,0.3658766115960,0.0374595811055,-0.0726375259966,0.2513600054628,0.0289894936203,0.1240275236465,0.2356064213921,0.3843004304911,0.0798903185338,-0.3422276361076,0.1027947181941,-0.1855178111048,-0.0628144779355,-0.3650190105849,-0.1344765623191,-0.3629936968300,-0.1647538095076,-0.1308552461552,-0.1649607737419,-0.1902098284905,-0.2788063376197,0.0470816626888,-0.4970210518081,-0.3287725063697,-0.0208467161145,-0.0756846358908,0.1531834826344
0.2397105451100,0.1286527052117,0.3160135740050,0.4939672975758,0.2695414155232,-0.0638381575394,0.0538526417034,0.3355851986137,-0.0010981572040,1.0000000000000,-0.1295223609207,-0.0346109452094,0.0350956196013,0.1346706631517,0.0330468373871,0.2339046648980,-0.0061292326775,0.3173432743782,0.0121400355588,0.2876063238673,0.0289294156054,-0.1389847709714,0.3230934084169,-0.0506584848681,0.6108422515644,0.3383029160906,0.3280675435333,0.1915869387336,0.0255026336658,0.0081444448832,0.0742835631758,0.1543269817863,-0.2475204367746,0.1575413172605,0.0207479622996,-0.0681452734956,0.2299503639622,0.2109132293055,0.4356504363219,0.0680355546781,-0.2285638964638,-0.2581263114448,0.1812140673153,-0.3152542370674,0.8868144414441,-0.2612931772932,-0.1442497616019,0.0314427554172,-0.0106181347919,-0.3400050594937,0.0956315401418,-0.1260925359878,0.0268627479996,-0.1699923056410,0.1128934841666,0.0679487368466,-0.1960628751972,0.1891655585761,-0.1959094610171,0.5568018281111,0.1959904856710,0.1073243783656,0.1603650989580,-0.0513821563859,-0.3213291648316,-0.1088817576737,0.1410429058954,-0.0984618686346,0.1458485026831,-0.0378319199551
0.0299636212139,-0.3202164937558,-0.4068402741567,-0.2830448476520,0.5315411929058,0.0083685284523,0.2003042463465,0.3567261142731,0.1598562732066,-0.1295223609207,1.0000000000000,-0.3044707397789,0.4012443592460,-0.4357609249997,0.2213124464853,-0.0014510647674,0.0433269689282,-0.2673000029993,-0.2695035268648,-0.2634449002472,0.2759116367636,0.2215820549829,-0.1832640865687,-0.1968300386204,0.2389189435361,-0.2761518898573,-0.3740300918387,-0.4771767471254,0.4524275272982,-0.1418520172603,0.0679566736903,0.0200135295937,-0.1407314471040,-0.0048312984833,-0.1660193300174,0.1356652632633,-0.3857329510862,-0.3953743244209,-0.3570683907618,0.5119816064163,0.2196493688440,0.3835129120343,0.2641739313501,0.2160220796292,-0.1478183176963,0.7063393622955,-0.4404115441661,0.3841383681909,-0.4335780902604,0.1228679989219,0.1184988126186,-0.0787180128119,-0.4069596652876,-0.2963312603561,-0.4503403955792,0.2554357496917,0.3279607150612,-0.2202541428486,-0.1698874680993,0.2327909252436,-0.2910389283156,-0.4614895629798,-0.5236317668501,0.5287632577983,-0.1573650896689,0.1669202283183,-0.0387113149189,0.0712903604573,0.1404224895880,-0.2733126818977
0.0415084730930,0.2273190200758,0.3109561706438,0.1154358596119,-0.3534232638515,0.0560075574126,-0.0238673242661,-0.1225196639690,0.1906328187163,-0.0346109452094,-0.3044707397789,1.0000000000000,-0.2370784654873,0.6205285742721,0.2697968266771,-0.0401224787870,-0.1664686302479,0.1484509618351,0.7140062723878,0.2374473819419,-0.2563095664878,-0.1863114062096,-0.1530709961484,0.0394376023029,-0.2068710433034,0.3645523298934,0.4644278092014,0.3736023601294,-0.3234102326560,-0.1421885699465,-0.1831877060768,-0.0879124380678,-0.0077015852984,0.0695729565930,0.2264020394641,-0.3109250888659,0.1502697067893,0.2148779734669,0.1794633145205,-0.3659231957548,0.0620338404626,-0.0176259325802,0.0035501489588,0.0909389262515,-0.0847968918256,-0.2856918686656,0.5829173084051,-0.2998817161450,0.6140258757769,0.1318016350879,-0.0360423263657,-0.1565479593300,0.0561213030847,0.5561300906189,0.1185538806473,-0.1828566298083,-0.1772702000236,-0.0894319239808,-0.1038388787428,-0.2204354723816,0.3384979518658,0.2960730808351,0.1958342196273,-0.3419645836904,-0.0979462670167,-0.0418244207371,0.0382387614773,0.1182954586899,0.0590734017473,-0.0817581118772
0.2694807974083,-0.0780209263657,-0.1770325674436,0.0424680504691,0.7384290973247,-0.1765245807671,0.4084113011290,-0.0285580068772,0.0734622460738,0.0350956196013,0.4012443592460,-0.2370784654873,1.0000000000000,-0.1215142897383,0.2687297611870,0.2231565743604,0.2600443223856,0.0150304576792,-0.0341100735966,0.0252877561205,0.8677884571944,0.4230620922659,0.0256754372401,0.1630092336207,-0.0205114046877,-0.2007903356207,-0.1175434031114,-0.2011182313425,0.2992669264405,0.2296689438956,0.1733860759844,0.3386052521093,-0.1322793255464,0.2131482038084,0.0090628408212,0.1260583309623,-0.1178228064994,-0.3728877578582,-0.0594228580885,0.7118190585578,-0.1021205921002,0.0658427989483,-0.2803090959998,-0.2567997250692,0.0266663655752,0.2836629146204,-0.1703667389364,0.9314785368157,-0.2888996270041,-0.1513329525417,0.1355522550425,0.1704308967425,-0.2701807779031,-0.2484692448039,-0.2861846848054,0.7394736223025,0.3359657277491,0.0403448323610,0.0815003396051,0.0374116180194,-0.2892541700770,-0.4334166037788,-0.3272704446173,0.3227502589624,0.0622994602599,0.0281286843300,-0.0700493908267,-0.1314095155017,0.0573926080836,-0.0418291554047
0.3328654582605,0.1996982740752,0.4237214087055,0.2104569626502,-0.2594383625571,0.2388752746072,0.2267290150368,-0.1072768460527,0.3516496303712,0.1346706631517,-0.4357609249997,0.6205285742721,-0.1215142897383,1.0000000000000,0.3435360172919,0.1214734751455,0.0654296777987,0.2288948170583,0.6442628572759,0.3682872816035,-0.1009760182173,-0.0937609797337,0.0253945314401,0.1743918078221,-0.2271355374298,0.4923872386854,0.5436666034553,0.6161561564741,-0.4136163651185,0.1652621890903,-0.0245786883178,0.0716605943939,0.0530484208593,0.3806532961010,0.1984878649910,-0.0932401447066,0.0739094496281,0.2138176534977,0.1407744438826,-0.3447037622513,0.0028183508153,-0.0757635638765,-0.3881341485321,0.0354352492459,0.1169278836255,-0.3537414762625,0.7087684961798,-0.2035088014617,0.8079616600932,0.2448964786584,0.0686996502227,0.0559593987011,-0.1101642138917,0.5361320843079,0.0672296919662,-0.0111295658148,-0.4012066606030,0.0375520014565,-0.2416196904638,-0.2675009043517,0.3318866519566,0.2158910121719,0.2236981706862,-0.6356319895240,0.1580280391231,-0.3811204847920,-0.0314347141186,-0.1582466256845,-0.0023548803766,0.1129698964650
0.5699836233253,-0.0883635397528,0.2095212858998,0.1205476730557,0.0657007600349,0.1135142226042,0.3116171625679,0.1565657396218,0.5117782847839,0.0330468373871,0.2213124464853,0.2697968266771,0.2687297611870,0.3435360172919,1.0000000000000,0.3069205741889,0.1185136910235,0.2367195918260,0.5290537028742,0.4693816350669,0.1819419221428,0.1516655037279,-0.1107163125707,0.1904199456530,-0.0935007535809,0.3598451606319,0.3577908840702,0.1970083301386,-0.0944040462385,0.3572495907492,-0.0565642242204,0.2218933544130,0.0350230948511,0.5078023018689,0.3679337712845,-0.1164125140282,-0.1544268486025,-0.0772381018062,0.0724350956205,-0.0423531941942,0.1879999293587,0.1834144551661,-0.1793155703801,0.0889319088108,-0.0812491766617,-0.1721584303341,0.0411797895005,0.1329765446452,0.0773017489590,0.1572461851313,0.3548829284642,0.0810367894181,-0.3937670333605,0.0090059302930,-0.1930297604415,0.1556173517195,0.0039780080019,-0.0293595363706,-0.1931098991834,-0.1513336238564,0.0959981595063,-0.2326806131143,-0.0859716592447,-0.2139952427900,-0.0201079877299,-0.1639657542848,0.1390799350596,0.1085221295876,0.0569382485363,-0.1482796835308
0.2921535191794,0.0345490393483,0.0687097822193,0.3432285668528,0.0005870688911,0.2811198836526,0.5639545525541,0.2030993151364,0.5465903953315,0.2339046648980,-0.0014510647674,-0.0401224787870,0.2231565743604,0.1214734751455,0.3069205741889,1.0000000000000,0.1118510872339,0.1139764313011,0.0445303149114,0.2541473086355,0.0515223653789,-0.0132338577588,0.1080924098153,-0.0130479832567,0.1721281963770,0.2723474366934,0.1238188117578,0.0924421710077,-0.0401504171493,0.5571545812539,0.0944276100952,0.0741702577822,0.3543917931563,0.3219142492844,0.4298381751543,-0.1025064783271,0.0366762536575,0.0566620488393,0.2210955470765,-0.0887094241093,0.0898449758389,0.1834830572383,-0.1905891962373,0.0324038735662,0.3266955101715,-0.1708338570066,0.0856613390621,0.1761172076127,0.0387831914494,0.0899666760927,0.6569694662544,0.0971987362091,-0.2273469147628,-0.1033670861746,-0.0188102678600,0.0003609198827,-0.2478518611277,-0.0091924822150,-0.2034025963192,0.0917547104648,0.0548594829678,-0.1535582658548,-0.0526385180384,-0.1544524344803,0.1466072547268,-0.3635016619756,-0.1434809286928,-0.0261074871415,0.0009194638365,0.3167977497906
0.3476672656250,0.0833347556726,0.1291973929280,0.0841889284185,0.2840716558141,0.1180706692239,0.1726271990381,0.1738078849904,0.1497765463615,-0.0061292326775,0.0433269689282,-0.1664686302479,0.2600443223856,0.0654296777987,0.1185136910235,0.1118510872339,1.0000000000000,0.1329034185531,-0.0847926033437,0.0384871500543,0.2387088447772,0.7154770889665,0.4274947745644,0.6451721936781,0.2187511702144,0.0762435283393,-0.0334667636988,0.3660166018736,0.4155540536295,0.3560914903213,0.4191389124211,0.1669408940193,0.0959159214125,0.0846821817698,0.0469484237432,-0.0030340385659,-0.1312247013661,-0.1002049459327,-0.1322899917842,0.2562985765666,-0.0892032478634,-0.0818879851904,-0.3431636163232,-0.1517555267277,-0.0153160220831,-0.0246685076191,-0.1296976106855,0.2888749746385,-0.1532855733536,-0.1896159559361,-0.0217461294229,0.8923087195713,-0.2833365152198,-0.2832832967409,-0.3136955185493,0.1686653499452,0.3485540614913,0.3807784066063,0.3860750406765,0.1788095523447,-0.2315379847123,-0.3687352443878,0.1045583155493,0.2629823041679,-0.0580503878831,-0.0665440585983,-0.1624100576746,-0.1681943458887,-0.2827285560202,-0.0341253809566
0.6325375747754,0.4849742606940,0.4743215471181,0.4689961245342,-0.0024355853908,-0.0015177006799,0.1138287527996,0.1911501079927,0.1427009363140,0.3173432743782,-0.2673000029993,0.1484509618351,0.0150304576792,0.2288948170583,0.2367195918260,0.1139764313011,0.1329034185531,1.0000000000000,0.3262999855544,0.8082214773354,0.0944953357649,0.1519262764848,0.4166868462767,0.4129680423991,0.1557002657101,0.5410035703918,0.6845941239385,0.4991332572999,0.0747473641382,0.3756117562548,0.4228120840838,0.1876568865256,-0.0903490633002,0.4106984297609,0.4447870107690,-0.0285190577130,0.4098920377769,0.0125687490150,0.4079040431647,-0.0919404328058,-0.2579559022139,-0.2765531190143,-0.2509149574328,-0.2926259703943,0.2254652798906,-0.4999040063387,-0.0832233063540,-0.0580749921491,-0.0582181811732,-0.3607730207164,0.0506267015288,0.1724478516392,0.3304087310489,-0.1834077761328,0.3333475577176,0.0834509223584,-0.1409798345594,0.3206753957051,0.0782392142262,-0.0483914874729,0.1291467803647,0.0077480629236,0.2165742780181,-0.1783899288480,-0.1883313977289,-0.0353829936166,-0.0634431893011,-0.1440195666619,0.0799816985086,0.1289417066636
0.2462017435906,0.1467416878693,0.4383062356975,0.1370057595338,-0.2803122237224,0.1324782480371,0.1476962725102,-0.1464240317328,0.3296131508952,0.0121400355588,-0.2695035268648,0.7140062723878,-0.0341100735966,0.6442628572759,0.5290537028742,0.0445303149114,-0.0847926033437,0.3262999855544,1.0000000000000,0.5259520795608,-0.0919141785842,-0.1451055607731,-0.1624153655466,0.1234192429657,-0.3352045236709,0.4043123573381,0.6153812077109,0.4681555688500,-0.3738342260722,0.0591925236682,-0.2222321754995,0.0206836705022,-0.0061106651787,0.2522741921115,0.3535358417043,-0.2928536789111,0.0621630612408,0.1487541298089,0.1587575585986,-0.3447337548455,0.1264155109188,0.0699170530587,-0.2125704088542,0.0991440649531,-0.1172093215815,-0.3483342536489,0.4865850010097,-0.1393907427281,0.4985324826952,0.1358442064222,0.0542801861370,-0.1076700272672,0.0008783094286,0.5074494879600,0.1464189401014,-0.0738282946170,-0.1802820039215,-0.1035270117755,-0.1663035956594,-0.3829980266873,0.2352005337605,0.1999434379785,0.1467486559478,-0.4706728024394,0.0291155355371,-0.1588023644096,0.0729595432012,0.0421891691996,0.0630193302839,-0.0178378980497
0.6942845940350,0.2923571951132,0.4621265437676,0.4041337417463,-0.1309717195894,0.0400708443914,0.2704489563022,0.2079340067013,0.3345895797991,0.2876063238673,-0.2634449002472,0.2374473819419,0.0252877561205,0.3682872816035,0.4693816350669,0.2541473086355,0.0384871500543,0.8082214773354,0.5259520795608,1.0000000000000,0.0324093207484,-0.0570292730694,0.1952772816874,0.2015701111553,0.0237745483747,0.6482569372797,0.7320907232397,0.4951499082342,-0.1336396413310,0.4220194515799,0.1484320349971,0.1260155056616,-0.0036172366151,0.4533275238330,0.4906704918239,-0.0857595689957,0.2716664684904,0.1307445722507,0.3651687159897,-0.2059528092976,-0.2075290158617,-0.1678279995240,-0.2487692785665,-0.2171064026761,0.1812556660258,-0.4935532430924,0.0635375326205,-0.0688178627244,0.0919922586412,-0.1764985681801,0.1762771409983,0.0359027340798,0.1429632736857,0.0151332588033,0.4171003398267,0.0268792737490,-0.2993883430102,0.1237170621488,-0.1363947396979,-0.1615635899322,0.2650703982496,0.1054262410417,0.2131567769958,-0.3706497122430,-0.1293475313034,-0.2995163068066,0.0089978088593,-0.1319378922459,0.0432615528045,0.1356957602136
0.2794848822298,-0.0117100119042,-0.1077287097321,-0.0140417324088,0.7539220359058,-0.2142239865606,0.1709847132508,-0.0252670069645,-0.0824034215260,0.0289294156054,0.2759116367636,-0.2563095664878,0.8677884571944,-0.1009760182173,0.1819419221428,0.0515223653789,0.2387088447772,0.0944953357649,-0.0919141785842,0.0324093207484,1.0000000000000,0.4434003644871,0.0850732493717,0.2692258831938,0.0046350788205,-0.2013560138526,-0.1010322089473,-0.1136459453730,0.3221835721279,0.1536034087191,0.2531309490737,0.2639011802266,-0.2069506318025,0.1935136452237,-0.0430307195957,0.2110609605020,-0.0575958767030,-0.3097481314405,-0.0562601819563,0.7592167488656,-0.1691437342953,-0.1124441423611,-0.2133081530793,-0.2961439563229,0.0242344779903,0.1870329409148,-0.1939637189914,0.8108679901917,-0.2432317760312,-0.1837558005245,0.0453478949247,0.2200594785346,-0.1926163110219,-0.2376704845264,-0.2131867983939,0.9109170351380,0.2922671949836,0.1394321844163,0.1483925548059,0.0721770303931,-0.2375646023643,-0.3530097801086,-0.1907003336020,0.3049990102069,0.0492188820407,0.0967438646484,-0.0844976827871,-0.1663250288267,0.0400784986978,-0.0699523507700
0.2758863198115,0.1448455473245,0.0382681599497,0.0725638087157,0.4742202745454,0.0011278616158,0.0389061960910,0.1216244034985,0.0035216776945,-0.1389847709714,0.2215820549829,-0.1863114062096,0.4230620922659,-0.0937609797337,0.1516655037279,-0.0132338577588,0.7154770889665,0.1519262764848,-0.1451055607731,-0.0570292730694,0.4434003644871,1.0000000000000,0.3755369783145,0.7737707374532,0.1274543705034,-0.0927731835537,-0.0672981303202,0.1284434836932,0.6057527263556,0.3071599081440,0.5854204522073,0.2863155972063,-0.0105759743696,0.2414325850306,0.1225969561220,0.1232942563730,-0.0804584141935,-0.3416204202087,-0.1153547725312,0.4586880445900,-0.0710000458689,-0.1268340047920,-0.3010302915684,-0.2323712055133,-0.1517322264413,0.0449536161001,-0.2839829267061,0.3886746868537,-0.2911809448701,-0.2528078354668,-0.0386561742679,0.6950871702460,-0.1995568026601,-0.4100798822069,-0.3786039780431,0.3620473573383,0.5867012963263,0.3363087189636,0.4554936094365,0.0849743655519,-0.3536867290793,-0.5264977323638,-0.1075301279417,0.4448710989316,0.0203642937311,0.2100130409495,-0.1285646270494,-0.0511839454298,-0.0388285243570,-0.0273835382030
0.3428389220855,0.6521769153080,0.3821856525996,0.6401742585787,0.1327181838702,0.0384409099782,0.0853655889095,0.2419006057221,0.0060419240822,0.3230934084169,-0.1832640865687,-0.1530709961484,0.0256754372401,0.0253945314401,-0.1107163125707,0.1080924098153,0.4274947745644,0.4166868462767,-0.1624153655466,0.1952772816874,0.0850732493717,0.3755369783145,1.0000000000000,0.5838761738441,0.4573976899359,0.2826198930506,0.2445736129033,0.3839197959687,0.3711513914304,0.4402303456552,0.6250701207138,0.1190113656767,0.1210616470940,0.2662353614090,0.2621556455318,0.1362731673793,0.4658982350936,0.0095246951075,0.4342137233869,0.0361482765228,-0.2843051661360,-0.3806852850390,-0.1774556069993,-0.3651579814846,0.3645872027279,-0.3380061179842,-0.1557470261105,0.0269959571330,-0.1679786930734,-0.3530366469179,-0.1036650485733,0.4880838775810,0.3238640222385,-0.4130700452461,0.1112469542270,0.0338460154471,-0.0152643865355,0.8249311875102,0.2522485116645,0.3491732874255,-0.0841015522299,-0.1076520447952,0.3199796003145,0.1488426451054,-0.0469120933285,0.0207692042695,-0.1598476431043,-0.1714797296904,-0.1096515064536,0.2413590965718
0.3891136558528,0.4128819538822,0.4989825448844,0.2991287320767,0.1528652737978,0.0375761028522,-0.0114790573891,0.0488407365111,0.0694941470836,-0.0506584848681,-0.1968300386204,0.0394376023029,0.1630092336207,0.1743918078221,0.1904199456530,-0.0130479832567,0.6451721936781,0.4129680423991,0.1234192429657,0.2015701111553,0.2692258831938,0.7737707374532,0.5838761738441,1.0000000000000,0.0859215593275,0.1452527031991,0.2818434927729,0.5136097746097,0.3862039975773,0.4434455758688,0.5955179845835,0.2148533288826,0.1396315385258,0.2803863060327,0.3266848645902,-0.0207052284299,0.1731001400161,-0.0547024785811,0.1177889434283,0.0871524011878,-0.1337636867028,-0.2851900088534,-0.3980408237154,-0.2185211061718,-0.0612261448098,-0.4032800040569,-0.0440484549704,0.1048473567940,-0.0851003927743,-0.3094157199505,-0.1100814313185,0.7049229862566,0.0656175332191,-0.2674736145820,-0.1521781398468,0.1816529112838,0.2805970538327,0.5622944929250,0.4932367281429,-0.0006068968835,-0.2462220339348,-0.2731808866085,0.2544186593961,0.1401975693012,-0.0206458311157,0.1072985120668,-0.1299269138715,-0.0638359406555,-0.1845875659544,0.0470133399911
0.1763352368891,0.1347962162880,0.1294086458429,0.3422853432955,0.3802589030868,-0.0739768747598,-0.0296951029817,0.6560685406216,-0.0113758863966,0.6108422515644,0.2389189435361,-0.2068710433034,-0.0205114046877,-0.2271355374298,-0.0935007535809,0.1721281963770,0.2187511702144,0.1557002657101,-0.3352045236709,0.0237745483747,0.0046350788205,0.1274543705034,0.4573976899359,0.0859215593275,1.0000000000000,0.1609529203149,0.0522199636897,0.0120225042599,0.5743677654400,-0.0088663792330,0.3778057116505,0.0290424868256,-0.1347746569238,-0.0442043503770,-0.0330270956476,-0.0535361979046,0.0908440711774,0.0430747726387,0.2336651176128,0.2285560142546,-0.1841629593012,-0.2533060992625,0.4574248624749,-0.2398397997477,0.6284878794877,-0.0515677679291,-0.4267948400699,-0.0066464212490,-0.2963686229068,-0.3053608859941,0.0048058563387,0.1005988780014,-0.0066655507993,-0.4365468920912,-0.0629562745521,0.0037593488644,0.0052024850482,0.3015470735139,-0.0649976007040,0.8945699059380,-0.0911351195894,-0.0903799926677,0.0475781275656,0.4814793996053,-0.4105809426213,0.1156290883766,0.0295330142180,-0.0526567874146,-0.0111679528759,-0.1522462475054
0.4463144828278,0.4609635156172,0.3384290288913,0.5118506322635,-0.2427114678523,0.0216667444399,0.1220757149361,0.2507509661090,0.2377185038131,0.3383029160906,-0.2761518898573,0.3645523298934,-0.2007903356207,0.4923872386854,0.3598451606319,0.2723474366934,0.0762435283393,0.5410035703918,0.4043123573381,0.6482569372797,-0.2013560138526,-0.0927731835537,0.2826198930506,0.1452527031991,0.1609529203149,1.0000000000000,0.6257202169845,0.5543868999073,-0.1917295638610,0.2907309254399,0.1101946386446,0.1090636846471,-0.0723799712772,0.4566910020020,0.4718445771382,-0.1064869618538,0.4046647751355,0.2085322902834,0.4910471396354,-0.3628844786900,-0.1712835792263,-0.2193302946339,-0.0285271975058,-0.1875097441057,0.2935291685792,-0.4987921254326,0.0839253108278,-0.3084396514577,0.2926668209355,-0.1032868058392,0.1911779107083,0.0951788218837,0.0750517575879,-0.0166891628231,0.2329383397056,-0.1505758690617,-0.2767762686915,0.2912566258967,-0.1394366944072,0.0718116063264,0.6293955667399,0.2191226113459,0.3644329711950,-0.3680474949728,-0.1303338573593,-0.1837877253558,0.1456309895339,-0.0575036475607,0.0313955083285,0.1249494533588
0.4524823838200,0.4347850375835,0.6974329358891,0.5059622348514,-0.1695580613272,0.0791235451717,0.1266992136357,0.1475573804223,0.2973179118239,0.3280675435333,-0.3740300918387,0.4644278092014,-0.1175434031114,0.5436666034553,0.3577908840702,0.1238188117578,-0.0334667636988,0.6845941239385,0.6153812077109,0.7320907232397,-0.1010322089473,-0.0672981303202,0.2445736129033,0.2818434927729,0.0522199636897,0.6257202169845,1.0000000000000,0.6145363334256,-0.1453555881947,0.1718794375465,0.1473938469696,0.0939708223552,-0.1026706879125,0.4174484973358,0.4336565974475,-0.2654696140092,0.4089014788310,0.2938668370306,0.4392549822258,-0.3248754507247,-0.1218633784788,-0.2435046416203,-0.1664669608911,-0.1661940243756,0.2461789208830,-0.6079400774785,0.1805592725123,-0.2565351776809,0.2923198313064,-0.2017346596248,0.0455315468175,-0.0105508789284,0.1954411801265,0.1568760467442,0.2626130718474,-0.0672638530398,-0.2953002330800,0.1973376537273,-0.1403737604157,-0.0970674241201,0.2894744530021,0.3331149349013,0.3050789654927,-0.3990763989103,-0.2037451860726,-0.1888507599493,-0.0240176665135,-0.1270049390609,0.1204329730993,0.0342009615977
0.4435816532709,0.4617927333478,0.7178514856719,0.3068332285425,-0.2521027616232,0.2510590223380,0.1158248252018,0.1256442773172,0.2832047595466,0.1915869387336,-0.4771767471254,0.3736023601294,-0.2011182313425,0.6161561564741,0.1970083301386,0.0924421710077,0.3660166018736,0.4991332572999,0.4681555688500,0.4951499082342,-0.1136459453730,0.1284434836932,0.3839197959687,0.5136097746097,0.0120225042599,0.5543868999073,0.6145363334256,1.0000000000000,-0.1537881924262,0.3226871858829,0.2762528926384,0.0011592824153,0.1791763488157,0.2708568121554,0.3682993217487,-0.1828889758584,0.1933292031063,0.3509559262958,0.1616525505487,-0.3620347931449,-0.0599194340031,-0.2222082834514,-0.3466987247799,-0.0618392374430,0.1501671478538,-0.5739823504978,0.3631044635255,-0.2520989604132,0.3750166009817,-0.0837582932082,-0.0755473461186,0.4039407092556,0.0939790002319,0.1709598635450,0.1343828891897,-0.1079248279168,-0.2950331590623,0.3344332575941,0.0366281224852,-0.1081631100651,0.1681672777882,0.1521475903221,0.5861798126330,-0.4522677338155,-0.0586753167282,-0.2779276052809,-0.1889692854751,-0.1696479655215,-0.2029071624237,0.1416818400073
0.1596833635997,0.0451864354353,-0.0293983704934,0.0442634507123,0.5330872373849,-0.1907781998662,-0.0136288564342,0.5416373519449,-0.0352522794660,0.0255026336658,0.4524275272982,-0.3234102326560,0.2992669264405,-0.4136163651185,-0.0944040462385,-0.0401504171493,0.4155540536295,0.0747473641382,-0.3738342260722,-0.1336396413310,0.3221835721279,0.6057527263556,0.3711513914304,0.3862039975773,0.5743677654400,-0.1917295638610,-0.1453555881947,-0.1537881924262,1.0000000000000,0.0459568395349,0.6284098663998,0.1003301801975,-0.1956466437377,-0.0224870622321,-0.1068520822204,0.0956501053475,-0.0967754591719,-0.3286985260144,-0.1025269398697,0.4800904632603,-0.2285871613853,-0.2326350947193,0.2086644294943,-0.2802488903470,0.0221993028379,0.2087897710004,-0.5308099489846,0.2768809554180,-0.5571239366021,-0.4221971041775,-0.1364094065995,0.3376842254824,-0.0870814270614,-0.5342127091336,-0.3173066212395,0.2522608420436,0.3364536112873,0.2335239045662,0.1598537031282,0.4574585010924,-0.4755959018322,-0.4236985057345,-0.2812495968673,0.8179608058575,-0.2782196977012,0.2672522268505,-0.1690871484483,-0.1180692868537,-0.1102505070503,-0.2365134538749
0.5557885483388,0.2661084351862,0.2161023355653,0.4035679085619,-0.0606921704651,0.2303069257774,0.4768219183733,0.0835875663497,0.4428279034099,0.0081444448832,-0.1418520172603,-0.1421885699465,0.2296689438956,0.1652621890903,0.3572495907492,0.5571545812539,0.3560914903213,0.3756117562548,0.0591925236682,0.4220194515799,0.1536034087191,0.3071599081440,0.4402303456552,0.4434455758688,-0.0088663792330,0.2907309254399,0.1718794375465,0.3226871858829,0.0459568395349,1.0000000000000,0.4346465996407,0.1708323670500,0.4837273126648,0.5283579347903,0.6032878788044,0.1770622390210,0.1898492217516,-0.0339438127097,0.2325583582893,-0.0748403952924,-0.0576751061093,-0.0111475970362,-0.5182430752756,-0.1316577752141,0.0705557412946,-0.3715188433692,0.0967886431113,0.1953734887926,-0.0482033504073,-0.0534049772085,0.3175992392610,0.4115396905436,0.0471296178609,-0.2573965723487,0.0914866473078,0.0454153932670,-0.1367151615992,0.3703641885580,0.1341118512502,-0.1287175957945,-0.0927107586825,-0.2317812318142,0.1687141812216,-0.1616155593937,0.3555144712007,-0.2736646204270,-0.1985490964567,-0.1305473650427,-0.0977482650128,0.4848147267432
0.3987299416616,0.4753380279735,0.2107689849739,0.3374975092401,0.2595880758987,0.0613351305364,0.1761319666254,0.4119023549535,0.1457993567738,0.0742835631758,0.0679566736903,-0.1831877060768,0.1733860759844,-0.0245786883178,-0.0565642242204,0.0944276100952,0.4191389124211,0.4228120840838,-0.2222321754995,0.1484320349971,0.2531309490737,0.5854204522073,0.6250701207138,0.5955179845835,0.3778057116505,0.1101946386446,0.1473938469696,0.2762528926384,0.6284098663998,0.4346465996407,1.0000000000000,0.1407333950912,0.0208099247148,0.3482375044503,0.2257837168535,0.2652730507312,0.1964933972769,-0.2312673473155,0.0920448584076,0.2008938832420,-0.2790426042050,-0.3430762209897,-0.2000500905091,-0.3223269173330,0.1380529794113,-0.1556651312291,-0.1990986365535,0.1410379070571,-0.2679387377943,-0.3743478594943,-0.0528815801292,0.4364863644410,0.1689498419430,-0.4304150318732,-0.0955849086445,0.2292747964769,-0.0116745884553,0.4632624819844,0.1601969562541,0.2117434036486,-0.3278256188209,-0.2829171860524,0.0000216661657,0.3234402726737,-0.0254623044864,0.1502210399598,-0.3836572142798,-0.2417576696344,-0.0742499941800,0.1898340136730
0.1847065543657,-0.0166656764473,0.0184372435001,0.1719034524445,0.2558193888831,-0.2064970734634,0.0159365827822,0.0265212421900,-0.0465495810644,0.1543269817863,0.0200135295937,-0.0879124380678,0.3386052521093,0.0716605943939,0.2218933544130,0.0741702577822,0.1669408940193,0.1876568865256,0.0206836705022,0.1260155056616,0.2639011802266,0.2863155972063,0.1190113656767,0.2148533288826,0.0290424868256,0.1090636846471,0.0939708223552,0.0011592824153,0.1003301801975,0.1708323670500,0.1407333950912,1.0000000000000,-0.1362328039834,0.1669898261677,-0.0410303970509,-0.0249825931989,0.0565520506597,-0.3137048936780,0.0991448769911,0.2144145916883,-0.2042450674002,-0.2146252344876,-0.2177516806751,-0.3342249801405,0.0781332605132,-0.0944139453915,-0.1859210355274,0.2472374973926,-0.1423538467125,-0.2465000497499,0.0492515850524,0.1369325582877,-0.1338746699437,-0.3564527758581,-0.1020842811164,0.2154271675583,0.1526963374396,0.0804601390142,0.0397193153716,0.0030852307893,0.0207511730042,-0.2953684136893,-0.1098298488819,0.0546088032034,0.0074944829150,-0.0566693653798,0.4843200181697,-0.0017602562427,-0.0518601895222,-0.1393902249822
0.0215996992447,0.0479626252545,0.1564194748062,0.0649424384620,-0.3240300831321,0.5337946220421,0.3419194420703,-0.1673388212734,0.4109851813190,-0.2475204367746,-0.1407314471040,-0.0077015852984,-0.1322793255464,0.0530484208593,0.0350230948511,0.3543917931563,0.0959159214125,-0.0903490633002,-0.0061106651787,-0.0036172366151,-0.2069506318025,-0.0105759743696,0.1210616470940,0.1396315385258,-0.1347746569238,-0.0723799712772,-0.1026706879125,0.1791763488157,-0.1956466437377,0.4837273126648,0.0208099247148,-0.1362328039834,1.0000000000000,-0.0077598329743,0.4035717485540,-0.1185829615743,-0.0318313124582,0.1370178592657,0.0118742589525,-0.2779624730936,0.3526047342767,0.3975091607279,-0.3268578138167,0.4825153553254,-0.1128305001318,-0.1367155494689,0.3416802526711,-0.0454694199040,0.1243573647779,0.3716105025899,0.2102954082704,0.1569865475853,0.0503488308452,0.0917703983511,0.0687212179436,-0.2872843308282,-0.1625969474500,0.0707358445629,0.0899392190765,-0.1967578994461,-0.1740917653538,-0.0853061075512,0.1644873911367,-0.1969758150682,0.3213291000005,-0.2275636001663,-0.2267909459261,0.3166834323600,-0.1776566900728,0.4068722130057
0.5496358423048,0.3107253244663,0.2105182673438,0.4558461722319,0.1186925328824,0.2035055375562,0.3326089357599,0.1206218330409,0.3790595066877,0.1575413172605,-0.0048312984833,0.0695729565930,0.2131482038084,0.3806532961010,0.5078023018689,0.3219142492844,0.0846821817698,0.4106984297609,0.2522741921115,0.4533275238330,0.1935136452237,0.2414325850306,0.2662353614090,0.2803863060327,-0.0442043503770,0.4566910020020,0.4174484973358,0.2708568121554,-0.0224870622321,0.5283579347903,0.3482375044503,0.1669898261677,-0.0077598329743,1.0000000000000,0.5434614263119,0.3512041377138,0.2104244245223,-0.0805435201917,0.3186559713628,-0.0095123972722,-0.0279470485068,-0.0757592593156,-0.3253371061483,-0.1545066437617,0.1401976114050,-0.2433021167451,0.0716212852501,0.0757347175061,0.1234585909206,0.0500523848987,0.3385086053742,0.1291564070711,-0.0817313536438,-0.0533944523668,0.0491388480866,0.2541672012583,-0.1686391078872,0.2804403460927,-0.1748326606686,-0.1162662618090,0.1972490520895,-0.1206567604654,-0.0633689356764,-0.2898801304605,0.3063327941359,-0.1400070055801,-0.1675640857959,-0.0974802322673,0.4473251634561,0.3758556413114
