1.0000000000000,0.2391318521120,-0.1802551714966,0.4764763534024,0.5438964111006,-0.2657646656541,-0.2511836620730,0.3361244260840,-0.4450656966043,0.2621273370761,-0.2325198629640,-0.2408797433993,0.1642862965374,-0.0004235640139,-0.0702183721985,-0.5205942317218,0.4246834019776,0.4803963814658,0.0437339271505,0.5290892831157,0.7450888169333,0.0566830202662,0.5045988303201,0.0716202891250,0.4779750788981,0.2954896724863,0.2200156367993,-0.3689830562543,0.2460381651261,0.3838455045733,0.5011549831996,0.0451419058076,-0.2643046868587,0.1659750886326,0.3366157260043,0.5740809472452,0.1983185190937,-0.4192250068839,0.3602122951943,0.4007869194573,-0.3593377602076,-0.4262405963533,0.2873553769521,-0.4564835846760,0.0541496209188,-0.1495418892669,-0.1878492048215,0.2927389570584,-0.1801153139688,-0.2517069018901,-0.5159934614407,0.3944767243756,0.3449414442454,-0.3038215271715,0.2001392867677,0.6103982644256,0.3373004169920,0.3913956956804,0.1032356625998,0.5020349280880,0.2308607742910,-0.1416427515013,-0.4616347125066,0.3758087677980,0.1607876850733,0.2877457135437,-0.1408439689206,-0.0278627872022,0.1774393705513,0.2024744890985
0.2391318521120,1.0000000000000,-0.0212175506680,0.5558239695675,0.1894587058327,-0.2443705853175,-0.3320029524741,0.3509903848064,-0.4283548805751,0.1701048721782,-0.2417491764287,-0.1420028515860,-0.0605873440978,-0.0041945829982,-0.3276968199061,-0.3753064285101,0.2678994840931,0.4075467039070,0.0092536908082,0.4060000486459,0.1817587335583,0.2007684435754,0.4987351167812,0.2613634768450,0.4249885961847,0.4605758248338,0.4445519408309,0.0022357156094,0.2398288426507,0.0999040502917,0.4944681533832,0.1511475097730,-0.2596068530522,0.2689298220136,0.3100426305275,0.2689177514613,0.7714067859677,-0.2475024260513,0.3179511675558,0.1711146253452,-0.2948253268800,-0.3825741657647,0.4161222312270,-0.3640240828707,0.1103322723570,-0.2049698850165,-0.1842773366315,-0.0208577250572,-0.2527902217114,-0.3705521362923,-0.2800060526663,0.3160283265209,0.3827158757358,-0.3257222874282,-0.0457184763372,0.1402321063273,0.3583900928935,0.4478361750810,0.2893829355571,0.3790651144222,0.2835908254920,0.1142986134962,-0.1209549967330,0.2831841557336,0.0515141046169,0.4532316700909,-0.0732890203168,-0.0737925396431,0.2602075829813,0.2936567375220
-0.1802551714966,-0.0212175506680,1.0000000000000,-0.1498745902817,0.0290484065244,0.0048754124103,-0.1329320524634,0.3020694309225,0.0861957640420,-0.2177988443962,0.2333384277183,0.0949161988293,-0.1112190191056,-0.0021896103485,0.0846444535802,0.0385139333338,0.1485045848897,0.0515815325869,0.0679829760492,-0.0336258385964,-0.1470791045204,0.5531768784417,-0.0163713795169,0.5931892079202,0.0994506600906,0.0481327841158,0.2611131657582,0.8173955175297,0.4211253515668,-0.2393985281927,0.2068213217437,-0.1038467044844,-0.0617127906204,-0.0311893805682,-0.2600581399438,-0.3352658851371,0.0258301040512,0.7098039826288,-0.2221697361475,0.0519674973308,-0.0486916583352,-0.0861926511070,-0.0753055671127,0.0063076457894,-0.1560753241686,0.0072441258291,-0.1189802897486,-0.0808729448482,-0.0112502774916,-0.0650298506953,-0.0265277263786,0.1346913843427,-0.1803823174392,-0.0347909754206,-0.2667091615770,-0.1419328414318,0.0133441508060,-0.1037287518143,0.2706731523679,-0.0210696413765,-0.0497151271078,0.0229847368489,0.7379711965820,0.1174332691628,-0.3660424589177,-0.2738140749300,-0.0530486530197,-0.1616165394932,-0.1982244967415,-0.3549446019361
0.4764763534024,0.5558239695675,-0.1498745902817,1.0000000000000,0.3823822152893,-0.3424545405317,-0.3016080799925,0.2053783309605,-0.4728323746646,0.5488485474926,-0.5062037280666,-0.0767152178490,0.0946359942523,0.0433054273374,-0.3244775491630,-0.4135699950370,0.2808138480480,0.6129186565288,0.1799490725273,0.4604951599996,0.4873411268271,0.0051585063795,0.7428599100531,0.1830680836379,0.6513972752965,0.4479460171454,0.1602229426001,-0.2129928929797,0.2101405768381,0.3786341390629,0.5234350471388,0.0588861041356,-0.2251240598417,0.3526542610786,0.5223660586154,0.4882805193817,0.5161291562276,-0.4169074276962,0.7759827895394,0.2432123973602,-0.3704614427094,-0.4492799404157,0.4674786049344,-0.4283561038055,0.4349936547978,-0.3925999982938,0.0519095483188,0.0857718280611,-0.0687606203676,-0.3290590939390,-0.2208841081926,0.4596835768779,0.5822275315679,-0.1840886437419,0.2721668188101,0.4312715029287,0.4933330717347,0.7459753508706,0.3315654753640,0.6748433761868,0.5154709347047,-0.3431351422769,-0.2345804162916,0.4186287290981,0.1788648279144,0.5484327714650,-0.0066512893965,-0.0154004543214,0.2959783523409,0.4761115988731
0.5438964111006,0.1894587058327,0.0290484065244,0.3823822152893,1.0000000000000,-0.3155195057341,-0.1588733598124,0.3943016066101,-0.4298172147409,0.3858139325945,0.1084986408832,-0.3857250390627,0.5330750588295,-0.1433026456602,-0.0175894457993,-0.4139873235564,0.4919815411041,0.4362343918637,0.0027184220771,0.3213911932802,0.7725322792301,0.4058159055524,0.6125765153736,0.4567333859290,0.5792398124092,0.0132382173356,0.0514870696448,-0.2479276674941,0.6598372892847,0.4852731594712,0.4329560727756,0.0842736667716,-0.2572592299724,0.4789539756764,0.1202115984722,0.4407780733053,0.1236088616745,-0.2591807415285,0.3328661309765,0.9204624524166,-0.4049784961443,-0.3679737786544,0.3200543745012,-0.4880544187795,0.2485888492666,0.2275803072211,-0.4043059324562,0.7001393829661,-0.2464220739590,-0.3543533695232,-0.3870311107881,0.3763357181118,0.2696911323503,-0.3426521094217,0.0481775806003,0.7941349284831,0.4984197187779,0.4211184842109,0.3288085162741,0.5973575259490,-0.0568621108826,-0.3487093631757,-0.2732180718627,0.6020678038609,0.2858104501599,0.2326913475528,-0.1071507146612,0.0044292707486,0.3958506103433,0.0816346909253
-0.2657646656541,-0.2443705853175,0.0048754124103,-0.3424545405317,-0.3155195057341,1.0000000000000,0.5908411501268,-0.2937393813498,0.6929373264357,-0.2203756103776,0.4777932434299,0.2416143318749,-0.0370406958641,-0.0015533731636,0.4037457255486,0.5865602553704,-0.2487245346022,-0.3646718389546,-0.1358000823378,-0.2823734889877,-0.2182971883823,-0.1698302534764,-0.3911668525863,-0.2583010143631,-0.3467503767068,-0.1072837236517,0.0393307686889,0.0436981636981,-0.2815885603547,-0.1894295196829,-0.2605779871180,-0.3460581176302,0.7107597374690,-0.1102314405635,0.0959906496836,-0.2122392687494,-0.1322182209560,0.1798313503665,-0.4493650808791,-0.2896288564329,0.9011296562661,0.7066140167837,-0.3810054065204,0.7788537598172,-0.1700027652904,0.3402756389997,0.2370262572199,-0.1575383583204,0.0682914747700,0.5917059409135,0.4489697945507,-0.4200462018524,-0.3045830844447,0.1502947297143,-0.1338434921195,-0.3114281599210,-0.3902932876939,-0.4297921359799,-0.3661601518505,-0.3448060071537,-0.0742788683616,0.2889672556331,0.0417336977340,-0.3453237933333,-0.0537034226198,-0.2679751496174,-0.1730546144813,0.4140865245459,-0.1012303974006,0.0959423936868
-0.2511836620730,-0.3320029524741,-0.1329320524634,-0.3016080799925,-0.1588733598124,0.5908411501268,1.0000000000000,-0.3480382071747,0.8276656929132,-0.0336662826872,0.6373835005704,0.4427042390975,0.3856171137943,0.1745899727179,0.6512024159174,0.6979804695204,-0.3825872976629,-0.3951832584081,0.2372454593361,-0.1943737890142,-0.1149895356302,-0.1556979102610,-0.4653276368227,-0.2847035613607,-0.4391328705295,-0.2361838538256,-0.1295754700369,-0.1299068172857,-0.1959525882673,0.0595811763601,-0.4114249514767,-0.1573139885397,0.5699237229113,-0.0607639100198,-0.0562866969089,-0.2499346204542,-0.3256099845707,0.0181234034605,-0.2829466991456,-0.1337581241759,0.5939296645934,0.8499697880076,-0.5668747118230,0.7387086365985,0.0242030685627,0.6443885490410,0.3686953678566,0.2123230813501,0.2517059774231,0.5751380857760,0.5634475321026,-0.5698033698957,-0.4502793794203,0.3502226851645,-0.0974874340785,-0.1707999528698,-0.4879005940885,-0.4939167967470,-0.4741435359288,-0.4732250684263,-0.2041896804592,-0.0169377422453,-0.0314959952329,-0.4284967788360,0.1237487670254,-0.4815370651104,0.1153495600446,0.3858749029214,-0.0307666351592,-0.0573066147207
0.3361244260840,0.3509903848064,0.3020694309225,0.2053783309605,0.3943016066101,-0.2937393813498,-0.3480382071747,1.0000000000000,-0.3448166982018,0.1127597014528,-0.0011659776066,-0.2536875447260,0.0066397210462,-0.0198631115647,-0.0688600776051,-0.3990665875605,0.3387629197433,0.2117363127556,-0.2137941205371,0.4013342648338,0.3263033751775,0.4441137408450,0.3498527032642,0.3218121879429,0.4872694931402,0.4406046176249,0.4591054331856,0.1037650508857,0.5279630458900,0.0392821420770,0.6101567168796,-0.0176581198249,-0.3595432884672,0.1007701173156,0.0005151345101,0.0932513300859,0.4120548253013,0.0193996645953,-0.0251475396141,0.3651626186722,-0.4527437568688,-0.4590814065463,0.4934143939349,-0.4331975643592,-0.0597074033686,-0.0902356035630,-0.3690592315106,0.1213013857447,-0.2984744189284,-0.4359378687764,-0.4732315969363,0.3011553797340,0.0388995407426,-0.6169990429382,-0.3696404776857,0.3042425452122,0.1710209537065,0.1190138684802,0.1840807324493,0.3950800519406,0.2110869737555,0.1365805258697,-0.0382660354110,0.3627749562156,-0.1974564972822,0.0511444358477,-0.3674155255415,-0.1711747588743,0.0651036654981,-0.1422223308734
-0.4450656966043,-0.4283548805751,0.0861957640420,-0.4728323746646,-0.4298172147409,0.6929373264357,0.8276656929132,-0.3448166982018,1.0000000000000,-0.2210237326050,0.6167577871596,0.5532451232328,0.1192010619935,0.2316285309660,0.6433826877641,0.7968089036502,-0.4582992965508,-0.4841589617049,0.1804338430167,-0.3096877806608,-0.3640322974811,-0.1406414321616,-0.6471622739357,-0.2773290756489,-0.5545067818957,-0.1921644189349,-0.0886038963009,0.1489545000031,-0.2909613634494,-0.1557728567816,-0.4290975130146,-0.2328238713139,0.6240118437127,-0.2088345345619,-0.1055338809933,-0.4207358386143,-0.3717792224105,0.2914717925277,-0.4586350464650,-0.3881518922227,0.7202473626292,0.8321604495100,-0.5780846568405,0.8702654379664,-0.1025920067583,0.4965147041520,0.4130559193649,-0.0965061818100,0.3432301704864,0.6632251864123,0.6719185848880,-0.5898931593690,-0.5526410569418,0.3881079558792,-0.1776433887028,-0.4069046897915,-0.5940287417318,-0.6417380519773,-0.4689056116746,-0.5995543628110,-0.1639871111383,0.1494650760483,0.2304385426264,-0.5384320727624,-0.0953535607586,-0.5644396166787,0.1189524908397,0.2961792440662,-0.2357969908697,-0.1387537082293
0.2621273370761,0.1701048721782,-0.2177988443962,0.5488485474926,0.3858139325945,-0.2203756103776,-0.0336662826872,0.1127597014528,-0.2210237326050,1.0000000000000,-0.2299262327270,-0.0234848512200,0.3778296592527,0.2277870695137,0.0532816401013,-0.1069202758945,0.0125341258030,0.2568302163070,0.2880018364735,0.2150427512303,0.4154218186214,-0.1105195530798,0.4252035023736,-0.0109035384721,0.5395712777255,0.2013280108752,-0.0936190876558,-0.3386981986227,0.1092987311860,0.4154440825066,0.1211376817724,0.1198725340908,-0.1245784266739,0.3653079236942,0.2621502970463,0.2704567861034,0.1039895297457,-0.3053631722911,0.4936234534772,0.3509504648943,-0.1801699532021,-0.1432802570546,0.3107551526988,-0.2227384895259,0.8039634190867,-0.1230584939907,0.0782494608270,0.3565276050128,0.2022242752519,-0.0529134180387,0.0119808693173,0.0573065003448,0.2016491503364,0.0498101804594,0.2131071874186,0.4442911906925,0.2450891185404,0.4529439062831,0.0712205400511,0.5351175446817,0.2443427544418,-0.4086946732661,-0.2638383730509,0.1663288239626,0.3773415882386,0.2160329655241,0.1076047716947,0.1224811816374,0.3795452423562,0.2890050061420
-0.2325198629640,-0.2417491764287,0.2333384277183,-0.5062037280666,0.1084986408832,0.4777932434299,0.6373835005704,-0.0011659776066,0.6167577871596,-0.2299262327270,1.0000000000000,0.1391740821405,0.4946384981723,0.0234437735229,0.6492973626653,0.5610638010823,-0.0813261921317,-0.2564724661206,0.0755868779820,-0.1235620620623,-0.0219795167443,0.3240331570579,-0.3254741299955,0.1446882526143,-0.3318065246693,-0.1889966728662,0.0355645782793,0.1314242021548,0.2442418270449,0.0540623323619,-0.1365510678819,-0.1673037864759,0.3209253678167,0.1256243151463,-0.1642815179309,-0.2650927248067,-0.2638966201558,0.2630579163812,-0.5306566963796,0.2151411739367,0.4428775384982,0.5843091745637,-0.4000801763762,0.4919835455430,-0.1351063431135,0.8536405500708,-0.0884606570130,0.4154758676823,-0.0160088558098,0.3815639451911,0.3914115837325,-0.3932351177058,-0.4071568843116,0.0564330121096,-0.2866923200503,0.0086273997180,-0.2979073635673,-0.5083023180962,-0.2111142180111,-0.3941697663313,-0.2857057581022,0.1121888276016,0.1597287265209,-0.1196202667035,0.0407991801369,-0.4484539672524,-0.0306825965933,0.2350774692111,0.0822656704977,-0.1618039935663
-0.2408797433993,-0.1420028515860,0.0949161988293,-0.0767152178490,-0.3857250390627,0.2416143318749,0.4427042390975,-0.2536875447260,0.5532451232328,-0.0234848512200,0.1391740821405,1.0000000000000,-0.0198814364796,0.5593973347429,0.4884710047604,0.5277734550235,-0.4287561669379,-0.1869202843131,0.5351784302945,-0.0359209542936,-0.2441329364713,-0.1911970536905,-0.4364062556260,-0.1937580084259,-0.3793362643684,0.1038780678892,0.1237100247668,0.2563031240140,-0.3197318976297,0.0107348349682,-0.2390284375955,-0.0361626272600,0.2297172405358,-0.0760012831941,0.1050162373797,-0.3134578675596,-0.1016203748542,0.1337654992961,-0.1268239944062,-0.4532356696418,0.3115785556236,0.4156588930891,-0.4414528962111,0.4840232370259,0.0189976663098,0.0577144189183,0.8194561595989,-0.2376134492744,0.7257507773118,0.4536101698189,0.4656489541468,-0.3727010320436,-0.3534080049977,0.5662917739295,0.0422089919447,-0.3120475523581,-0.4373472791838,-0.3989622910090,-0.3103607000725,-0.4432068771395,0.1107804767398,0.0825065894821,0.2829566970201,-0.4877665460907,0.0093843010245,-0.3978181620299,0.3774369381791,0.1164851088237,-0.1048652128399,0.0140308377231
0.1642862965374,-0.0605873440978,-0.1112190191056,0.0946359942523,0.5330750588295,-0.0370406958641,0.3856171137943,0.0066397210462,0.1192010619935,0.3778296592527,0.4946384981723,-0.0198814364796,1.0000000000000,0.0941708017512,0.4609435904716,0.2821557125995,0.0072951867533,0.1079724225115,0.3697125632050,0.0697377597047,0.4744393611995,0.2327148792189,0.1407857276763,0.2385106423110,0.0862620350065,-0.1907068277035,-0.2686494488570,-0.2515951570587,0.3486380634449,0.6032844851044,0.0224997055283,0.1475770817542,0.0210442587546,0.5035133931801,0.0978844718955,0.1701260298474,-0.1618757911381,-0.1561317117167,0.1633355358176,0.5739577515993,-0.0145561614032,0.2091208830028,-0.0688033851970,-0.0540762916715,0.3951526102308,0.5883446980713,-0.1150446718709,0.8935216022547,0.0509952997262,0.1021472519373,0.3017405842304,-0.0960095495398,-0.0215798257815,0.1012460596178,0.0680204178083,0.6013842792385,0.1647571490863,0.0470156286071,0.0788944155032,0.0752157084485,-0.1972373000740,-0.4741132559018,-0.1329973437911,0.1615549508044,0.4827698011902,-0.0765122003372,0.2700827505588,0.2817996088550,0.4386713604202,0.1418509407540
-0.0004235640139,-0.0041945829982,-0.0021896103485,0.0433054273374,-0.1433026456602,-0.0015533731636,0.1745899727179,-0.0198631115647,0.2316285309660,0.2277870695137,0.0234437735229,0.5593973347429,0.0941708017512,1.0000000000000,0.4020133894941,0.2548917875987,-0.3340365878777,-0.0742540852189,0.4080075851633,0.2873950064583,-0.0660052550471,-0.0207593349900,-0.1756474634576,-0.0371459615584,-0.0454288912595,0.3770534589678,0.1727175035197,0.0897677592356,-0.0371051851780,0.2260668393034,-0.0859829654502,0.4251727609370,0.0490534207579,0.0652829944914,0.0713995381390,-0.2521796658913,-0.0799415893572,-0.0371919312745,0.0403064767802,-0.1891398582814,0.0388343864462,0.1106004173071,-0.1245277602787,0.1091700136143,0.1815742979973,0.0219607638357,0.3823132752637,-0.0386738939023,0.7055140823248,0.1428265940587,0.1675211401981,-0.2703284981804,-0.1993925286893,0.1044172319432,-0.1484504505022,-0.1226900409817,-0.1319342588867,-0.1506873217765,-0.1662735796021,-0.1891434128942,0.1261050543117,-0.0714340716759,0.0877488262637,-0.1979102609926,0.0875303761352,-0.2459670342387,0.4419948719173,0.2496301176537,0.0898296627310,0.0000152039939
-0.0702183721985,-0.3276968199061,0.0846444535802,-0.3244775491630,-0.0175894457993,0.4037457255486,0.6512024159174,-0.0688600776051,0.6433826877641,0.0532816401013,0.6492973626653,0.4884710047604,0.4609435904716,0.4020133894941,1.0000000000000,0.6289578349803,-0.3083279667608,-0.2208062320518,0.4042976487833,-0.0305269311318,-0.0581726822648,0.0843930505968,-0.3643949758939,-0.0518324739959,-0.3414526265158,-0.0628262998719,-0.0237742185289,0.0287564754387,0.0073304840823,0.3005518868707,-0.2159554701303,-0.0251293782442,0.4039259402951,0.1771379574177,-0.0389846660346,-0.2431809202448,-0.3339340564784,0.1510243430383,-0.3220262370981,0.0409013411755,0.4076554823673,0.5814559781327,-0.4003188844832,0.4830637035217,0.1404235622440,0.5625089201428,0.2826657009237,0.3097665111859,0.4007940708707,0.5699949055641,0.4582687831365,-0.5178012486007,-0.4249264929448,0.2480697687829,-0.1434556741262,-0.0320971022925,-0.3563642202935,-0.4835099603907,-0.3362699972011,-0.4246760468525,-0.1526615508425,-0.0327866869480,0.0881341954245,-0.3103881845496,0.2458113682637,-0.5022005898679,0.1574827300000,0.4279784266389,0.1252618155687,-0.0926558941985
-0.5205942317218,-0.3753064285101,0.0385139333338,-0.4135699950370,-0.4139873235564,0.5865602553704,0.6979804695204,-0.3990665875605,0.7968089036502,-0.1069202758945,0.5610638010823,0.5277734550235,0.2821557125995,0.2548917875987,0.6289578349803,1.0000000000000,-0.4714117676320,-0.4126982504184,0.2838163804335,-0.3386590215579,-0.3917403036205,-0.1034431563541,-0.5433405244760,-0.1570942716627,-0.5592910496654,-0.2402093338058,-0.2604466494775,0.1167221990451,-0.2872077588185,0.0253686260359,-0.4383689400943,-0.0831937173421,0.5871294642642,0.0270225782427,-0.0021410516239,-0.3312866727983,-0.3389690886336,0.2748785818090,-0.3076446289331,-0.3320321685128,0.6989372032241,0.8015452609964,-0.4836238451940,0.7136303217292,0.0784059146680,0.4346192218457,0.3935890151706,0.0272396812514,0.3881713568711,0.6800488031410,0.8596530330239,-0.5453447445651,-0.3942396039763,0.4693815883457,-0.0714843720408,-0.3368464724652,-0.4225792656299,-0.4925873607695,-0.2685127336010,-0.5830091335116,-0.1662397307524,0.0085908174565,0.2626353701452,-0.4973827602697,0.1317067885589,-0.4289934174450,0.2876846219884,0.4354452435902,0.0036919189710,0.0529275286105
0.4246834019776,0.2678994840931,0.1485045848897,0.2808138480480,0.4919815411041,-0.2487245346022,-0.3825872976629,0.3387629197433,-0.4582992965508,0.0125341258030,-0.0813261921317,-0.4287561669379,0.0072951867533,-0.3340365878777,-0.3083279667608,-0.4714117676320,1.0000000000000,0.4231162163367,-0.1733246568595,0.2243082235834,0.4298141273567,0.3602116186217,0.6532650982915,0.3893927505897,0.5066750372813,0.0622107285594,0.2451485626216,-0.0750073096177,0.4631614166295,0.1077037886185,0.5260324434329,-0.0958339350513,-0.2335771790463,0.1193471463339,0.1119471985642,0.3073593088619,0.2387342071206,-0.1966444801140,0.1614003455511,0.4528378036590,-0.3323699593005,-0.4440638221073,0.2807411615221,-0.4453179644251,-0.1303059764224,-0.0858247411923,-0.4361406336408,0.1981381991596,-0.4152906153643,-0.4452938727706,-0.4392165201193,0.8457551370416,0.3893449946927,-0.4026454143816,0.0447668405344,0.3891510019619,0.5838297051718,0.4628039203285,0.4803227762038,0.5402067825829,0.0227332483834,0.0259237667961,-0.2576820735664,0.7127274276201,0.0087984249259,0.4170967113335,-0.2533194401973,-0.1512000219533,0.0741917381357,0.0773484402490
0.4803963814658,0.4075467039070,0.0515815325869,0.6129186565288,0.4362343918637,-0.3646718389546,-0.3951832584081,0.2117363127556,-0.4841589617049,0.2568302163070,-0.2564724661206,-0.1869202843131,0.1079724225115,-0.0742540852189,-0.2208062320518,-0.4126982504184,0.4231162163367,1.0000000000000,0.2812412061155,0.6331582813387,0.4043552645146,0.1525482226264,0.6314989360570,0.3934251483566,0.4516915807116,0.3096906219304,0.2606315207941,-0.1391826724263,0.3180309247663,0.4093237952865,0.5682708255285,0.0867351562576,-0.2416615134128,0.4527488723376,0.4522627463444,0.4314844328153,0.2904694090968,-0.2949187846537,0.5560393378776,0.3270761784856,-0.3779515718083,-0.4855508224988,0.2854565268906,-0.4895173281139,0.2357410537028,-0.2653883869951,-0.1829004340313,0.1400570527633,-0.1878098455762,-0.3962794176052,-0.2675794328412,0.4448676103186,0.7532351889815,-0.1568417709475,0.3703696272584,0.4173982124861,0.4989495033904,0.5545742091708,0.4371776013976,0.4445635207834,0.3621772293063,-0.2244867222354,-0.2148871738053,0.4235082764159,0.1925052599623,0.4398060345614,0.0014844754972,-0.0612026495035,0.3380293473505,0.3778997247459
0.0437339271505,0.0092536908082,0.0679829760492,0.1799490725273,0.0027184220771,-0.1358000823378,0.2372454593361,-0.2137941205371,0.1804338430167,0.2880018364735,0.0755868779820,0.5351784302945,0.3697125632050,0.4080075851633,0.4042976487833,0.2838163804335,-0.1733246568595,0.2812412061155,1.0000000000000,0.2756830711736,-0.0079038914427,-0.0528089824997,-0.0301085537902,0.1014504312188,-0.1177823549228,-0.0245224115405,-0.0460817843631,0.0181775439926,0.0044246365629,0.4115410308928,-0.0096985748525,0.3138533689463,-0.0355065160474,0.3342449124296,0.1858651485079,-0.0345987774498,-0.1801265393498,-0.0152056871215,0.2560995934616,-0.0300197310622,-0.0200884370198,0.1029908363555,-0.2078539567541,0.0075966290515,0.3949478239636,0.0684031828939,0.3367510269233,0.1905753219483,0.4885058153642,0.1738823377586,0.3602144759212,-0.1373475750760,0.0713339711572,0.5763382435002,0.3227991618192,0.0317692945455,-0.0108608880371,0.0037950091786,0.0507245775935,-0.1884482131968,0.0332657323472,-0.3290173893090,0.1087019950379,-0.1522384749783,0.3420146295643,-0.1133390489043,0.6168928189258,0.0903328664305,0.1926314539409,0.2221786505797
0.5290892831157,0.4060000486459,-0.0336258385964,0.4604951599996,0.3213911932802,-0.2823734889877,-0.1943737890142,0.4013342648338,-0.3096877806608,0.2150427512303,-0.1235620620623,-0.0359209542936,0.0697377597047,0.2873950064583,-0.0305269311318,-0.3386590215579,0.2243082235834,0.6331582813387,0.2756830711736,1.0000000000000,0.3771102704362,0.1514454376136,0.4030293435928,0.1985999037077,0.3902404830204,0.5871651709550,0.5520999944550,-0.2001153381693,0.3368627054023,0.3989625598209,0.5616823724142,0.2422908253711,-0.2554506803422,0.2961129775866,0.4422006322569,0.2232552724959,0.2692643067395,-0.3485074436278,0.3155388349446,0.1628917420935,-0.3755919281708,-0.4039361574602,0.2871861514044,-0.3969927223404,0.0626009402515,-0.1244052929022,-0.1549503220627,0.0717417607982,-0.1324383532451,-0.3613435104801,-0.3439424258878,0.2039079329454,0.4079359032452,-0.3809616758483,-0.0361580365967,0.2942493078955,0.2308662009023,0.2764067796076,0.0969761192725,0.2695648742341,0.3396978328111,-0.0482506783414,-0.3224673483616,0.2887813311229,0.0820923080549,0.2452011458150,-0.0566330046278,-0.0191614505485,0.2678347505416,0.2726298839558
0.7450888169333,0.1817587335583,-0.1470791045204,0.4873411268271,0.7725322792301,-0.2182971883823,-0.1149895356302,0.3263033751775,-0.3640322974811,0.4154218186214,-0.0219795167443,-0.2441329364713,0.4744393611995,-0.0660052550471,-0.0581726822648,-0.3917403036205,0.4298141273567,0.4043552645146,-0.0079038914427,0.3771102704362,1.0000000000000,0.1384360013829,0.5406896212411,0.1549954848835,0.5661747661339,0.1757731083686,0.1302110236808,-0.3773117253605,0.3746871723601,0.4450416207120,0.4766441357556,-0.0504833521821,-0.2130499585980,0.2610886940049,0.3571593775702,0.5128217488345,0.1769117786603,-0.4126127097084,0.3429293170103,0.6213371254932,-0.3186160937463,-0.3313223755835,0.2846530000750,-0.3915125424204,0.1673937589146,0.0643030438139,-0.1837072128743,0.5909320605237,-0.1495996074402,-0.2574941798518,-0.3635168458273,0.3747507734787,0.2652149968209,-0.2698301023766,0.1657866558141,0.9059219807381,0.3793187287548,0.4018551111592,0.1332282299270,0.6341447773491,0.1458265803598,-0.2706647842133,-0.4299217705737,0.4949540733511,0.2115092976605,0.2960694321231,-0.1343767588651,0.0128422420228,0.2604018830987,0.2318561587753
0.0566830202662,0.2007684435754,0.5531768784417,0.0051585063795,0.4058159055524,-0.1698302534764,-0.1556979102610,0.4441137408450,-0.1406414321616,-0.1105195530798,0.3240331570579,-0.1911970536905,0.2327148792189,-0.0207593349900,0.0843930505968,-0.1034431563541,0.3602116186217,0.1525482226264,-0.0528089824997,0.1514454376136,0.1384360013829,1.0000000000000,0.2715654956600,0.8716511010369,0.2349196267842,0.0594389853212,0.1110894633276,0.4203747780274,0.7814148501664,0.1819927123604,0.4559455216820,0.1206219078950,-0.1790568440528,0.3479203212329,-0.1004959747555,-0.0435680158634,0.1752683147615,0.2501904283320,-0.1082262811603,0.4594103172419,-0.2836249445620,-0.2337504434088,0.1039122838807,-0.2510280609807,-0.1742216746720,0.2733295208115,-0.4395116717539,0.3150731262359,-0.2776282573562,-0.2628828413922,-0.1935391940660,0.2878111029688,-0.0502167530390,-0.3897527633483,-0.3538708391934,0.1612969985516,0.4226975185816,0.0693204309185,0.5610170597208,0.1380191576259,-0.1842369985750,-0.2245512793221,0.3626999971031,0.4516946215397,-0.0317773417759,-0.0097503890644,-0.0651659467855,-0.0023619165682,0.2081135659752,-0.1422681246446
0.5045988303201,0.4987351167812,-0.0163713795169,0.7428599100531,0.6125765153736,-0.3911668525863,-0.4653276368227,0.3498527032642,-0.6471622739357,0.4252035023736,-0.3254741299955,-0.4364062556260,0.1407857276763,-0.1756474634576,-0.3643949758939,-0.5433405244760,0.6532650982915,0.6314989360570,-0.0301085537902,0.4030293435928,0.5406896212411,0.2715654956600,1.0000000000000,0.4266232225620,0.7545383706305,0.2470552640082,0.1328585711463,-0.2444565832188,0.4914856648332,0.3561502848425,0.6533928247530,0.1115105200542,-0.2867506801355,0.4159896899151,0.3276613715500,0.5076764507372,0.4160409855717,-0.3328725853139,0.6355227207513,0.5615690360918,-0.4429570084855,-0.5737594709661,0.5853800126478,-0.5963634252537,0.3335248401441,-0.2479531500924,-0.3557178785350,0.2647688039940,-0.3201657405680,-0.4462473510580,-0.3973416724034,0.6682027964768,0.6600790745878,-0.4036539165273,0.1766743708427,0.5413047350883,0.7312091762521,0.8779571811473,0.5585343515702,0.7881827046539,0.2735387014299,-0.2769042975681,-0.3162276395890,0.7354589865362,0.2200314352627,0.6464588434064,-0.1136893832113,-0.0364785185306,0.3712554307850,0.3334574572058
0.0716202891250,0.2613634768450,0.5931892079202,0.1830680836379,0.4567333859290,-0.2583010143631,-0.2847035613607,0.3218121879429,-0.2773290756489,-0.0109035384721,0.1446882526143,-0.1937580084259,0.2385106423110,-0.0371459615584,-0.0518324739959,-0.1570942716627,0.3893927505897,0.3934251483566,0.1014504312188,0.1985999037077,0.1549954848835,0.8716511010369,0.4266232225620,1.0000000000000,0.3397925459444,0.0330663507909,0.0585752733101,0.4517635765994,0.7461378267433,0.2395667257338,0.4492460145269,0.1645607717622,-0.2220528981313,0.4646452867343,0.0018791357795,0.0448183357666,0.2274927662389,0.2541442729416,0.1542422992018,0.4901295245570,-0.3301534667053,-0.3442142148523,0.1582712208096,-0.3676374822901,-0.0067037010377,0.0841935093294,-0.3913575944426,0.3025379134866,-0.2410505760702,-0.3216513646835,-0.1577782915988,0.4165090585967,0.2217800335267,-0.2409807547204,-0.1200347624820,0.2198761401433,0.5829966772131,0.2978767355548,0.7691280906644,0.2465538383081,-0.0886776473042,-0.3471513652150,0.4258867052448,0.4953497319708,0.0558081508589,0.1470779557000,0.0548174125873,-0.0443646335482,0.3016438967818,0.0035627849295
0.4779750788981,0.4249885961847,0.0994506600906,0.6513972752965,0.5792398124092,-0.3467503767068,-0.4391328705295,0.4872694931402,-0.5545067818957,0.5395712777255,-0.3318065246693,-0.3793362643684,0.0862620350065,-0.0454288912595,-0.3414526265158,-0.5592910496654,0.5066750372813,0.4516915807116,-0.1177823549228,0.3902404830204,0.5661747661339,0.2349196267842,0.7545383706305,0.3397925459444,1.0000000000000,0.3097220139088,0.2694934946937,-0.1182114879019,0.5738386691712,0.2248458281010,0.5896699082410,0.0620800567157,-0.3191269831127,0.2752375650235,0.1932089145338,0.3347849358229,0.4325754346848,-0.2055700901400,0.4614685715948,0.5196867571359,-0.4466399470540,-0.5827894159952,0.6540179548564,-0.5469662340180,0.3694757036318,-0.2844267596319,-0.3071351683717,0.2297336053186,-0.2306350534760,-0.4605492544565,-0.4503134797248,0.5695966650774,0.4164206307964,-0.4355489893933,0.0337709490303,0.5077502846732,0.5973335900787,0.7082950713623,0.3699342622539,0.9126081503453,0.2691843737164,-0.1963252472321,-0.2017839761739,0.7387054288278,0.0423129045432,0.4824384859410,-0.1981361878746,-0.1313202720278,0.2369393743350,0.1523081410233
0.2954896724863,0.4605758248338,0.0481327841158,0.4479460171454,0.0132382173356,-0.1072837236517,-0.2361838538256,0.4406046176249,-0.1921644189349,0.2013280108752,-0.1889966728662,0.1038780678892,-0.1907068277035,0.3770534589678,-0.0628262998719,-0.2402093338058,0.0622107285594,0.3096906219304,-0.0245224115405,0.5871651709550,0.1757731083686,0.0594389853212,0.2470552640082,0.0330663507909,0.3097220139088,1.0000000000000,0.6107110572375,0.0958135301502,0.0673312669297,0.0105376103709,0.3778937932994,-0.0979012832677,-0.1531606348862,0.0089527086057,0.4236293718234,0.1041969624445,0.4956476928674,-0.1827062599851,0.1516841859996,-0.1023540729588,-0.2141985931619,-0.2840331925778,0.2766445780791,-0.1467421359259,0.0184382487194,-0.2388864601630,0.0562383558709,-0.2263798503255,0.0086163015410,-0.1882107543115,-0.2865428465351,0.1072647627710,0.1330255966037,-0.4462319322897,-0.2464843403608,0.0681938078371,0.0181783200153,0.1332343811934,-0.0273252218687,0.2255275572801,0.7442904059669,0.1843579702929,-0.0569720075048,0.0633622152361,-0.2272474839160,0.0840522737380,-0.2962096524240,-0.0350448482265,0.0493494222832,0.1920470428984
0.2200156367993,0.4445519408309,0.2611131657582,0.1602229426001,0.0514870696448,0.0393307686889,-0.1295754700369,0.4591054331856,-0.0886038963009,-0.0936190876558,0.0355645782793,0.1237100247668,-0.2686494488570,0.1727175035197,-0.0237742185289,-0.2604466494775,0.2451485626216,0.2606315207941,-0.0460817843631,0.5520999944550,0.1302110236808,0.1110894633276,0.1328585711463,0.0585752733101,0.2694934946937,0.6107110572375,1.0000000000000,0.2094548823411,0.1887762497787,-0.1575163485346,0.4484388689195,-0.1339000474589,-0.0966740480781,-0.0935877154739,0.1227464081443,-0.1114988885734,0.4172178582021,-0.0896654976998,-0.2093231721865,-0.0453491374622,-0.1255187784714,-0.2253117844432,0.1368051757575,-0.0759512003954,-0.2453563924310,-0.0724656455467,-0.0566176124506,-0.2081434103018,-0.0965109224577,-0.2394942510424,-0.3365816871001,0.1327903039884,0.0152087765900,-0.3948541430280,-0.3433093444629,-0.0121258067949,-0.0695043007550,-0.0475946969667,-0.1414993552700,0.1431839098494,0.3104192157764,0.5421637681204,-0.0870556377109,0.1676023480013,-0.3472292961479,-0.0098656484107,-0.3609270341433,-0.1706734824807,-0.1141704383475,-0.1013079900967
-0.3689830562543,0.0022357156094,0.8173955175297,-0.2129928929797,-0.2479276674941,0.0436981636981,-0.1299068172857,0.1037650508857,0.1489545000031,-0.3386981986227,0.1314242021548,0.2563031240140,-0.2515951570587,0.0897677592356,0.0287564754387,0.1167221990451,-0.0750073096177,-0.1391826724263,0.0181775439926,-0.2001153381693,-0.3773117253605,0.4203747780274,-0.2444565832188,0.4517635765994,-0.1182114879019,0.0958135301502,0.2094548823411,1.0000000000000,0.1808424263948,-0.3816169509541,-0.0272937929446,-0.1054210447811,-0.0293057079775,-0.1807490888554,-0.2916080706659,-0.4408095839116,0.0694330181897,0.6432063949501,-0.2947333429277,-0.2176335237796,0.0041612098569,-0.0288547568748,-0.2211469224365,0.0940235384311,-0.2698325892014,-0.0756233871499,0.0468336393797,-0.2898708841498,0.0701592065874,-0.0389890157453,0.0648861002141,0.0336289214255,-0.3215042690127,0.0451627290755,-0.3138080739020,-0.3551689617581,-0.1113751416461,-0.2526855498336,0.1946839963275,-0.2192032474602,-0.0276408192155,0.0726928461138,0.8913237458598,-0.0890888280834,-0.4543774494612,-0.3536695366011,-0.0112554228823,-0.1566101610619,-0.3080413489895,-0.3712215136566
0.2460381651261,0.2398288426507,0.4211253515668,0.2101405768381,0.6598372892847,-0.2815885603547,-0.1959525882673,0.5279630458900,-0.2909613634494,0.1092987311860,0.2442418270449,-0.3197318976297,0.3486380634449,-0.0371051851780,0.0073304840823,-0.2872077588185,0.4631614166295,0.3180309247663,0.0044246365629,0.3368627054023,0.3746871723601,0.7814148501664,0.4914856648332,0.7461378267433,0.5738386691712,0.0673312669297,0.1887762497787,0.1808424263948,1.0000000000000,0.2520144869126,0.5477765433906,0.2080685374373,-0.2831160822702,0.3795161755655,-0.1132780995474,0.0292420279525,0.1625549047610,0.0701002613786,0.1045187797485,0.6785035074259,-0.4085759406932,-0.3786671347540,0.3213284038655,-0.4301806529876,0.0326462252333,0.2361879845567,-0.5097699380123,0.4729211202682,-0.2991747917089,-0.4171260158165,-0.3175890149040,0.3833675734834,0.1012918559153,-0.4349870007134,-0.2400205685640,0.3902834224184,0.4580733572432,0.2870195803351,0.4405290073441,0.4333605711797,-0.1383292103005,-0.2876763005049,0.1181992595644,0.7239474328309,-0.0111416102581,0.1088652155475,-0.0561592147771,-0.0564410445742,0.2194157466093,-0.1571112453043
0.3838455045733,0.0999040502917,-0.2393985281927,0.3786341390629,0.4852731594712,-0.1894295196829,0.0595811763601,0.0392821420770,-0.1557728567816,0.4154440825066,0.0540623323619,0.0107348349682,0.6032844851044,0.2260668393034,0.3005518868707,0.0253686260359,0.1077037886185,0.4093237952865,0.4115410308928,0.3989625598209,0.4450416207120,0.1819927123604,0.3561502848425,0.2395667257338,0.2248458281010,0.0105376103709,-0.1575163485346,-0.3816169509541,0.2520144869126,1.0000000000000,0.2439413599645,0.3221459517083,-0.0367431959114,0.7520893048304,0.4799853327352,0.4625601633907,0.0046119622226,-0.3122774458712,0.4020760374119,0.4373610870769,-0.1756877615563,-0.1312610190541,0.1243775667566,-0.2920794906318,0.4159404781332,0.1394179021717,-0.0266900438464,0.5479167749458,0.1121467100056,0.0074588327356,0.0425232428291,0.1012847436239,0.3053233498729,0.0149760987607,0.2785955906160,0.5065879296860,0.3907626816091,0.3066768170000,0.2232500366054,0.2282747532276,-0.0316650555202,-0.4529818429229,-0.3088475178292,0.2127052964540,0.7692065750738,0.2290748191403,0.2827972966089,0.3327658738014,0.6484590685732,0.4848223094113
0.5011549831996,0.4944681533832,0.2068213217437,0.5234350471388,0.4329560727756,-0.2605779871180,-0.4114249514767,0.6101567168796,-0.4290975130146,0.1211376817724,-0.1365510678819,-0.2390284375955,0.0224997055283,-0.0859829654502,-0.2159554701303,-0.4383689400943,0.5260324434329,0.5682708255285,-0.0096985748525,0.5616823724142,0.4766441357556,0.4559455216820,0.6533928247530,0.4492460145269,0.5896699082410,0.3778937932994,0.4484388689195,-0.0272937929446,0.5477765433906,0.2439413599645,1.0000000000000,0.0687305412971,-0.3248438598364,0.3180393625376,0.3602860787695,0.3155178655004,0.4187098043560,-0.1587506842733,0.2945510938126,0.3219483045507,-0.3476199382625,-0.5292491095995,0.5798378396887,-0.4268792316482,-0.0101344771806,-0.1836889666111,-0.3501278973557,0.0756306231565,-0.3351523068222,-0.3724295529093,-0.3736873523896,0.5557735105632,0.4311820816002,-0.4711661456834,-0.0855107007583,0.3889266405331,0.5115301995330,0.4998693368744,0.4071166960759,0.5704189956697,0.2247507601536,-0.0404895330781,-0.1754212031703,0.6165745366557,-0.0575931470070,0.4976456145598,-0.1509360268772,-0.1398311962475,0.2160045528667,0.2485659081299
0.0451419058076,0.1511475097730,-0.1038467044844,0.0588861041356,0.0842736667716,-0.3460581176302,-0.1573139885397,-0.0176581198249,-0.2328238713139,0.1198725340908,-0.1673037864759,-0.0361626272600,0.1475770817542,0.4251727609370,-0.0251293782442,-0.0831937173421,-0.0958339350513,0.0867351562576,0.3138533689463,0.2422908253711,-0.0504833521821,0.1206219078950,0.1115105200542,0.1645607717622,0.0620800567157,-0.0979012832677,-0.1339000474589,-0.1054210447811,0.2080685374373,0.3221459517083,0.0687305412971,1.0000000000000,-0.2262276354453,0.3192266624223,-0.1087308220035,-0.0100516680075,-0.1448361437872,-0.0362846917996,0.3068377941798,0.1399806476611,-0.3032427629628,-0.2738645531063,0.1950309566986,-0.3811718992805,0.2093272304718,-0.1105809997804,-0.1877831042582,0.1431343270288,0.2008597624540,-0.2078400256323,-0.0677454563369,-0.0140069795527,0.1101836108201,-0.0082860766158,-0.0279210341859,0.0210295958207,0.1877449249522,0.2067309889468,0.1342627772765,0.0135127745125,-0.2763765929367,-0.2318803945612,-0.0319577425101,0.1068480218537,0.2211647902672,0.0731117388667,0.6780405787091,0.0388337489082,0.2648027301363,0.0156943399669
-0.2643046868587,-0.2596068530522,-0.0617127906204,-0.2251240598417,-0.2572592299724,0.7107597374690,0.5699237229113,-0.3595432884672,0.6240118437127,-0.1245784266739,0.3209253678167,0.2297172405358,0.0210442587546,0.0490534207579,0.4039259402951,0.5871294642642,-0.2335771790463,-0.2416615134128,-0.0355065160474,-0.2554506803422,-0.2130499585980,-0.1790568440528,-0.2867506801355,-0.2220528981313,-0.3191269831127,-0.1531606348862,-0.0966740480781,-0.0293057079775,-0.2831160822702,-0.0367431959114,-0.3248438598364,-0.2262276354453,1.0000000000000,-0.0461639981466,0.0341155803086,-0.1616496946522,-0.2154662174199,0.0348499108979,-0.2346162934016,-0.2197679391213,0.7047537840685,0.6802152590235,-0.4325892660075,0.6701607613695,-0.0193355159146,0.2821020477316,0.2340297862931,-0.0837933849928,0.1470348187655,0.5119788250763,0.5118617479003,-0.3758758179771,-0.2390434982400,0.1835184566219,-0.0539344404458,-0.2333106036128,-0.2867961763894,-0.3015112429086,-0.2826029703878,-0.3268089756199,-0.0996557965542,0.0342728893208,-0.0209285324137,-0.3003548248786,0.0776720762542,-0.2727127301384,-0.0514719375467,0.6719114961331,-0.0740277972413,0.0239904699344
0.1659750886326,0.2689298220136,-0.0311893805682,0.3526542610786,0.4789539756764,-0.1102314405635,-0.0607639100198,0.1007701173156,-0.2088345345619,0.3653079236942,0.1256243151463,-0.0760012831941,0.5035133931801,0.0652829944914,0.1771379574177,0.0270225782427,0.1193471463339,0.4527488723376,0.3342449124296,0.2961129775866,0.2610886940049,0.3479203212329,0.4159896899151,0.4646452867343,0.2752375650235,0.0089527086057,-0.0935877154739,-0.1807490888554,0.3795161755655,0.7520893048304,0.3180393625376,0.3192266624223,-0.0461639981466,1.0000000000000,0.4132343554021,0.4062259762504,0.1824216054066,-0.0973813428049,0.3642237256680,0.5280205383340,-0.1061958367089,-0.1505557884795,0.2337147586312,-0.2591388407694,0.4641058795235,0.1449426960045,-0.1634818610570,0.4666693196319,-0.0339357892564,-0.0229675282768,0.0855225624051,0.1029816164963,0.3857232890475,0.0026765792372,0.2193210856901,0.3797514676024,0.4732636596527,0.3711418104235,0.4118635302882,0.2504549434078,-0.0026878919023,-0.3647615603377,-0.1024091032682,0.2632238026989,0.6435993403602,0.3020906424882,0.2246076803269,0.2440330638669,0.8332946497895,0.4919085633930
