1.0000000000000,0.2304142327151,0.3178857424500,0.3043118557323,0.5381681825729,-0.2110171029379,-0.1847638464889,0.2637040866990,-0.3736504895475,0.3820568696958,-0.1708009085817,-0.3063345585584,0.1770610309259,0.1060628719024,0.0512632471125,-0.4109534251756,0.4449125729586,0.4320956459284,0.1509954359261,0.3188459496158,0.7159710078281,0.2606548409584,0.4186776014207,0.3044400436746,0.4132327646131,0.2362353531946,0.2456638212405,0.1726305821604,0.2566842915935,0.3790624062938,0.4015996512558,0.1527452345434,-0.2280281256598,0.2139572008840,0.3542831097596,0.5178183526001,-0.0307278067916,-0.3686827839703,0.3557564164511,0.4917536846066,-0.2683772524159,-0.2840963110121,0.0546714106163,-0.4302547521812,0.1373249753019,-0.1869360142147,-0.3580071200177,0.3167859916406,-0.0090525189032,-0.3773129913282,-0.4637313044733,0.3551536234027,0.2133816986470,-0.3711085189529,-0.0131778695824,0.6176437158601,0.2568332541232,0.2934950648001,-0.0343720852901,0.2777526620104,0.0520757578504,-0.3025272543840,-0.1940201941046,0.2611133223488,0.0771442299622,0.0921662197686,0.1491158475118,-0.0869287986715,0.1928320177388,0.0064664908615
0.2304142327151,1.0000000000000,0.3514059560904,0.7261856073777,0.3813448020579,-0.3240751981439,-0.1920312730434,0.2907327470781,-0.4689550421709,0.2667855196036,-0.4472420848932,-0.1973603917399,0.0470922141710,0.1680954569599,-0.2724569417726,-0.3205933201134,0.2695675793756,0.5080776148129,0.0330623879079,0.3283231451563,0.2251756104929,0.2437229176953,0.5875533586341,0.3840347010262,0.5087007434712,0.4814369691485,0.5520026275065,0.3653955753924,0.2941073119675,0.1769647505426,0.4889324783140,0.2892982340617,-0.2352175520563,0.3723465753728,0.1378886696590,0.2415315346747,0.7603136900840,-0.3621392812909,0.5972330547284,0.2897080661911,-0.4090740935487,-0.3323793449821,0.2625479487599,-0.4724595579114,0.2377185594884,-0.3612252564748,-0.2637142219164,0.1137017269575,-0.0064069927013,-0.3941101818716,-0.3571634571731,0.3024109931797,0.4215665861452,-0.3916490997911,-0.0988419754121,0.2166087404579,0.2970659799261,0.6050280534099,0.1661274208460,0.4282601487988,0.3104696361688,-0.0839557029024,0.0849023097500,0.3419054842894,0.0415800411790,0.4801903644475,0.2530740661548,0.0151873149566,0.3394630944079,0.1706436169524
0.3178857424500,0.3514059560904,1.0000000000000,0.3704161409000,0.1925973961469,-0.4087215374196,-0.4656919267476,0.5081428326809,-0.4708158498607,0.0824880120959,-0.3742671514960,-0.1625305669586,-0.1380733054826,0.0916424448429,-0.1975523201977,-0.3784456599055,0.4740612899169,0.4040375941407,0.1936322809272,0.2411513517849,0.0869805185611,0.4826823942363,0.5884036665879,0.7129874350651,0.5051387507736,0.1782439784424,0.5265249031750,0.7722071181224,0.5100305753642,0.0055476870186,0.6221599072759,0.0775191658542,-0.3298193535196,0.0672449323400,-0.0239559164540,0.1161257410187,0.1182933322008,0.0149614105761,0.2120223164281,0.1146871862961,-0.3662022335605,-0.4967486343780,0.2307282116918,-0.4864738418125,-0.1031188200478,-0.3732165016527,-0.2934842591297,-0.0623056818732,-0.0700452653879,-0.3156871955380,-0.3901796952924,0.6096850203158,0.0825346604155,-0.3676990279846,-0.2315724338793,0.1307182086926,0.4378519545614,0.4721883531547,0.2982320837025,0.3237200786068,0.0095026786064,-0.1459267492586,0.4280352574618,0.4943003497212,-0.1225091309279,0.1566830996080,0.0803765003385,-0.1156232419897,-0.0091227021775,-0.2138756823563
0.3043118557323,0.7261856073777,0.3704161409000,1.0000000000000,0.4817105948764,-0.3325166357114,-0.1285128116270,0.2926328092989,-0.4477297558756,0.4581465201829,-0.5179022940582,-0.0840581798805,0.1774611170793,0.2262412514861,-0.2220602257673,-0.2626484911920,0.1357672949461,0.5034675256879,0.2141859549445,0.5190659645190,0.3050356169623,0.0757438417551,0.7459916681621,0.3055571145585,0.6262996139357,0.4570430337088,0.4614635043557,0.2104745468630,0.2684941624393,0.2197827635175,0.5453532163777,0.1212194640312,-0.2735123841422,0.3860581808144,0.3440232857450,0.4495826671443,0.4703326488943,-0.5108746616203,0.8205824165997,0.3295842855803,-0.4158586178293,-0.3216104463872,0.4089796804975,-0.4471284198175,0.3807718825231,-0.3447707713851,-0.1266768085551,0.1586633241964,-0.0478029187388,-0.2416788294136,-0.2970831067819,0.3145141117854,0.3740231833448,-0.3211943420423,-0.1073748858229,0.2506964927053,0.2280810039158,0.7301621762271,0.0427171108341,0.6115565427342,0.3577394774460,-0.3687402819736,0.0282208315597,0.3979555809923,0.0561100048554,0.4672209440895,0.2157116907626,0.0273009577366,0.2949939934980,0.3429388059682
0.5381681825729,0.3813448020579,0.1925973961469,0.4817105948764,1.0000000000000,-0.2841149140485,0.0031743268212,0.4755061345007,-0.3390455940442,0.5008422302754,0.0157787434397,-0.2660362933123,0.5085862649895,0.1575532604571,0.0430587880028,-0.2297785373229,0.2644230602578,0.3997543226849,0.1487436679046,0.3058209106547,0.6268171357277,0.3372563998807,0.4703994886519,0.3327294575798,0.5396240544453,0.2492688772624,0.2557623581705,0.0182432220960,0.5289756095202,0.5303060630113,0.4650207022054,0.2906916876269,-0.2764283615682,0.4992730113826,0.2872595147491,0.4988895803505,0.1088674427588,-0.4742186209499,0.4742724412370,0.8666803850390,-0.3780068794949,-0.2031184800062,0.2447147789307,-0.4400370968732,0.3843020126171,0.0926220753860,-0.3346960366414,0.6531519401180,-0.0870902090941,-0.4110585474060,-0.2180993997523,0.2190713746233,0.0919151011406,-0.4687273574352,-0.2631268120728,0.7635696581528,0.2620255985254,0.3348439433407,0.0324554722524,0.4521518428234,-0.0981409314008,-0.4899439499788,-0.2625554232367,0.4679708032795,0.0849324128367,0.1722518887666,0.3130316109576,0.0054658531661,0.4128416297705,0.1502858889636
-0.2110171029379,-0.3240751981439,-0.4087215374196,-0.3325166357114,-0.2841149140485,1.0000000000000,0.6298535067070,-0.4129961850882,0.7276358375417,-0.0889539865554,0.4242181935675,0.2219009739383,0.0212521102373,-0.0288347400123,0.5168838974718,0.5582556068384,-0.1744735688777,-0.3591668958255,0.0354453675353,-0.1121948990100,-0.1978285305341,-0.2446057907518,-0.4010912428762,-0.3134311850839,-0.3859400823682,0.0050394186308,-0.1071842944773,-0.3779508081470,-0.4231312906111,0.0540603774354,-0.2968872739373,-0.4488576939884,0.7552444467328,-0.1276864046935,0.2482100881661,-0.1661462711328,-0.2358431581153,0.1427255602688,-0.4833538065220,-0.3673492875235,0.8928338700047,0.7087211506359,-0.3365589796484,0.7893541674254,-0.0578711898457,0.4257829648025,0.3523569655916,-0.1394660479509,-0.0088774370929,0.6470059265250,0.4793823553281,-0.2813027311909,-0.2197798583640,0.1297437168545,-0.1356094443642,-0.2763495809529,-0.4410769891540,-0.4166268690352,-0.2802758401731,-0.3259093631228,-0.0107804757076,0.1863848997595,-0.1834167978531,-0.4218976452232,0.1319866595071,-0.2346061161743,-0.4227508285774,0.3575028431051,-0.1332373021402,0.2244782949579
-0.1847638464889,-0.1920312730434,-0.4656919267476,-0.1285128116270,0.0031743268212,0.6298535067070,1.0000000000000,-0.3008517563369,0.7529486454718,0.0529943501844,0.5847192016668,0.3249034882910,0.4056508713567,0.1539162944352,0.5775081232656,0.5822697830645,-0.2238061321602,-0.3667793976036,0.1136922533941,-0.0611924522336,0.0117149709597,-0.2032385180476,-0.3556081119117,-0.3512035539128,-0.2962052462707,0.0101146434435,-0.0815379193767,-0.4726444108716,-0.2647200781850,0.1655312315172,-0.2642912382623,-0.2316598822481,0.5913966938561,-0.0312324844982,0.1471364133909,-0.1847776839992,-0.1399619341144,-0.0630304694482,-0.1943484202848,-0.1287635641005,0.5100002421107,0.8110146161095,-0.4199938934865,0.7043460338802,0.0879005051725,0.6216648336473,0.3608585468905,0.2084873455789,0.0638869390196,0.4269596417928,0.5241750178253,-0.3066393506835,-0.3424149864678,0.0423821760301,-0.3380579719321,-0.0531788876255,-0.4594905307494,-0.3651969196455,-0.3007395984244,-0.3016180099060,-0.0986045978420,-0.0941589992786,-0.2746894214073,-0.3736294002044,0.0031694748282,-0.2881363685501,-0.1604386239332,0.3667689580983,-0.0552891450392,0.0876483455979
0.2637040866990,0.2907327470781,0.5081428326809,0.2926328092989,0.4755061345007,-0.4129961850882,-0.3008517563369,1.0000000000000,-0.3417143451056,0.2626049507318,-0.1504261678865,-0.2829804728668,0.1015553171367,0.0101981100582,-0.0833709168758,-0.2940927679820,0.1500600769836,0.3561799573858,0.1408759503484,0.1253379684328,0.1626147399219,0.4445132905537,0.4064456178351,0.4214719274894,0.5960759715491,0.2744924273747,0.3717075106187,0.2825450386672,0.7391927667262,0.1167711393780,0.7105874070918,0.2223849831461,-0.3369689994382,0.1482735776614,-0.0968933644440,0.0996027505383,0.0071395412687,-0.1484816741158,0.1697558896231,0.3751228672967,-0.4569460772687,-0.4132216680404,0.5603668513349,-0.4760338356386,0.1509973659052,-0.1881510222756,-0.4403991838844,0.1428459110613,-0.1195196516922,-0.3490228051779,-0.2660500931853,0.1722026567877,-0.0866919549961,-0.5913038557490,-0.3452201244441,0.2733355170416,0.1627914195604,0.2277137502069,0.0305349133655,0.4291801785425,-0.0240377323937,-0.2956800625440,0.0561982128902,0.5866988937663,-0.2247190059812,0.0294895227008,0.1235828914515,-0.0107983420335,-0.0260270357748,-0.2409933653654
-0.3736504895475,-0.4689550421709,-0.4708158498607,-0.4477297558756,-0.3390455940442,0.7276358375417,0.7529486454718,-0.3417143451056,1.0000000000000,-0.2107697599448,0.7131647705087,0.3862633291126,0.1612639671946,0.0729492558205,0.6635752096216,0.7184585265412,-0.2876975799928,-0.4253868644555,0.1437091314850,-0.1602501281037,-0.3299047140542,-0.1565558910660,-0.5981535177017,-0.3469836983954,-0.5288936306662,-0.0959854454083,-0.1750281472450,-0.4226201179374,-0.3255944328309,0.0074222915708,-0.3361960368607,-0.3860920000914,0.6996715436741,-0.1454405043312,0.0534396143278,-0.4310714886022,-0.3195113150277,0.2762494380931,-0.5193505938448,-0.4034470813732,0.7078129793776,0.7497342325268,-0.4045194401952,0.8771446838226,-0.0725261487355,0.6068226420000,0.4258893943746,-0.0868557493326,0.0531030149410,0.5773149838253,0.6831786857049,-0.3622608698733,-0.4098190619852,0.1956711132406,-0.3101327938342,-0.3840804233441,-0.4817283821024,-0.6195309390548,-0.1887410091761,-0.5103281104316,-0.1508235704471,0.0785142167247,-0.0850146133937,-0.4786938360393,-0.1270483170733,-0.4186263056910,-0.3153204748474,0.2993443411422,-0.2215631405335,0.0022550820384
0.3820568696958,0.2667855196036,0.0824880120959,0.4581465201829,0.5008422302754,-0.0889539865554,0.0529943501844,0.2626049507318,-0.2107697599448,1.0000000000000,-0.0506572222478,-0.0726599110149,0.5296019569083,0.3348027320937,0.2041553992189,0.1048611554644,0.0568233607481,0.1959685031176,0.2554477842724,0.1883200996977,0.4353605413689,0.0662096648152,0.4618384277610,0.0762617844522,0.5186302645189,0.1809898449485,0.0828846245477,-0.1096758664205,0.2094747910570,0.4869307371079,0.2991347226249,0.0654074427286,-0.1185358923456,0.4769137230350,0.2814550000938,0.4181705876750,0.1022942831073,-0.3845535346898,0.4226026710236,0.4575394849650,-0.1616534076618,-0.0549700775020,0.3364278705666,-0.2746899318962,0.8008024052596,0.0122362900030,-0.1057586647487,0.4907096188472,0.0773984918367,-0.0892654937716,0.0363401533543,0.1126112464203,-0.0081457088848,-0.1999815733043,-0.1873017765244,0.4303545039979,0.0966572877799,0.4418915563170,-0.1639883860954,0.5649346704971,0.0596169066039,-0.4591661037299,-0.2157025284764,0.2508069372236,0.2835848034958,0.1537173267223,0.1687958191375,0.1324930139872,0.4238692113345,0.1880619060106
-0.1708009085817,-0.4472420848932,-0.3742671514960,-0.5179022940582,0.0157787434397,0.4242181935675,0.5847192016668,-0.1504261678865,0.7131647705087,-0.0506572222478,1.0000000000000,0.1359693088837,0.4519321323712,0.0346441506475,0.6429826103298,0.6143642973935,-0.0501860949693,-0.2634893375807,0.1608925658498,-0.1315952278710,-0.0594083899329,0.0998783827533,-0.4868824123796,-0.1500628662215,-0.4348451092062,-0.1795343320377,-0.1578512414163,-0.3447927446065,-0.0652308014836,0.2303081384282,-0.2331470108574,-0.1928350020039,0.3667700190994,0.0968579682055,0.0271908234057,-0.2818865442047,-0.3487704200038,0.2334365217392,-0.4781195015309,0.0426584981717,0.4211580146175,0.5341143740225,-0.4171433984747,0.5622120462245,0.0458135416226,0.7767339537670,0.1480792320648,0.2924573996344,-0.0334322349469,0.2687775261147,0.5725472649506,-0.2617136196185,-0.3727186703191,0.0913210429008,-0.3321047981501,-0.0427885394537,-0.2933375874246,-0.5718019979057,-0.0808971072044,-0.4584775873187,-0.3279624972483,-0.0206004451600,-0.1202362559723,-0.2946616900344,-0.0913947716218,-0.4480248404100,-0.1233901932690,0.1176778196228,-0.0036823853965,-0.0965743672156
-0.3063345585584,-0.1973603917399,-0.1625305669586,-0.0840581798805,-0.2660362933123,0.2219009739383,0.3249034882910,-0.2829804728668,0.3862633291126,-0.0726599110149,0.1359693088837,1.0000000000000,0.0414750346893,0.6130517909028,0.3035784137883,0.4110740463068,-0.2544053123773,-0.3796330079149,0.4260129351290,0.0880365595142,-0.2063021808148,-0.1995029622422,-0.2612194629441,-0.2602602807768,-0.3381173285101,0.0528189587919,0.0395266540824,-0.1277522840618,-0.3659063901005,0.0342505446219,-0.2753813071379,-0.1075809176044,0.1556261994985,-0.0461317348632,0.1038559896978,-0.1962463890774,-0.0451494554364,0.0994705142381,-0.1177504347003,-0.3230754850214,0.2172788364307,0.2694556003024,-0.3080283172227,0.3821788296289,-0.0442653260460,0.1587272686058,0.8969386487290,-0.1561053628798,0.6460282820810,0.4728589829219,0.4199441488770,-0.1744836363624,-0.3389320402735,0.5368953540389,-0.1348502200152,-0.2123788887984,-0.2618239107756,-0.2337882913452,-0.0325953800170,-0.2988411377448,0.0772078127679,0.0372112124184,0.0876616010706,-0.4116599944703,0.1105378786365,-0.2662631638039,0.1382339877037,0.2295332974647,-0.0688236930479,0.1449698990812
0.1770610309259,0.0470922141710,-0.1380733054826,0.1774611170793,0.5085862649895,0.0212521102373,0.4056508713567,0.1015553171367,0.1612639671946,0.5296019569083,0.4519321323712,0.0414750346893,1.0000000000000,0.2733574662712,0.4467030191598,0.4987847739805,0.0373825723715,0.0332710255425,0.2780503856285,0.1556517511285,0.4036136758940,0.1787526967377,0.1009806315283,0.0680057834581,0.1090370413256,0.0448288442537,0.0152587593939,-0.2408613660926,0.1947600375201,0.5969665717320,0.1246384922610,-0.0254875791292,-0.0038480455865,0.4689228860581,0.2616401659270,0.1891718536613,-0.0522806006816,-0.3060655643643,0.1332793101294,0.4023498210718,-0.0291642768154,0.3120433840680,-0.0948432858672,0.0362491832293,0.4577889658482,0.4851333329747,0.0156267615976,0.8449303330324,0.0026463408964,0.0053067303578,0.4540746837543,0.0173233135543,-0.2170000690076,-0.1927109579643,-0.4333295042474,0.4028112246173,0.0191841541930,-0.0248485640103,-0.0148051713291,0.0684501680422,-0.1958997333382,-0.4880770631602,-0.2112289538137,0.0824926219763,0.1465951576567,-0.0724582923263,0.1324032241706,0.1668970940337,0.3546523875835,0.1270728688145
0.1060628719024,0.1680954569599,0.0916424448429,0.2262412514861,0.1575532604571,-0.0288347400123,0.1539162944352,0.0101981100582,0.0729492558205,0.3348027320937,0.0346441506475,0.6130517909028,0.2733574662712,1.0000000000000,0.3101623686565,0.2355729325212,-0.0155113414526,0.0242462557578,0.5682228327907,0.3332325980470,0.0968660306737,0.0443220350168,0.1127909319400,-0.0144936396926,0.0545502532175,0.3977107941027,0.3175731780881,0.0991190477438,-0.0215565003917,0.3412521323877,0.0254655829734,0.2327339465714,0.0089096636556,0.2452606465988,0.2048519897151,-0.0112381337330,0.0648790135196,-0.1470953808117,0.2013541074144,0.0752158509708,-0.0793706175150,0.0114632236568,-0.1097306262145,-0.0632957072953,0.3398386352846,0.0212033378082,0.4974738295037,0.1619684724139,0.7792371298613,0.0773473481408,0.2335925778479,0.0290011779262,-0.1947288438881,0.1880156788796,-0.3153944606385,0.0914051036844,-0.0367348545985,0.0724267909402,-0.0154526733814,0.0324647909190,0.2013552645625,-0.2230216663891,0.1118369388517,-0.0998773664138,0.1259063887537,-0.2019098764979,0.4780515666879,0.3153481835883,0.1208289116150,0.1575230167174
0.0512632471125,-0.2724569417726,-0.1975523201977,-0.2220602257673,0.0430587880028,0.5168838974718,0.5775081232656,-0.0833709168758,0.6635752096216,0.2041553992189,0.6429826103298,0.3035784137883,0.4467030191598,0.3101623686565,1.0000000000000,0.6517369769203,-0.0075600263264,-0.1808859173863,0.4369974155679,-0.0148731712424,-0.0711391384843,0.1376363140640,-0.1866582949880,-0.0345522251073,-0.2482421056811,0.0540423959105,-0.0489336746069,-0.3128908477076,-0.0865069834167,0.5044024839283,-0.0692787303088,-0.2865209758483,0.4803016979659,0.2649493642713,0.2682182676588,-0.1129064656295,-0.2441915173667,0.1147867681539,-0.2879684616891,-0.0449906067274,0.4747990500718,0.5169038743096,-0.2675089684774,0.5079092037589,0.1706309465995,0.5224733737644,0.2626972287472,0.2777335372911,0.1782100549637,0.4967156724052,0.5529007012707,-0.1047429028605,-0.4092158294259,-0.0342940345431,-0.4326142590321,-0.0676129981118,-0.1600462332269,-0.3342736103135,-0.0763819184578,-0.3157291352647,-0.1411470978405,-0.1859405210605,-0.1569281988513,-0.2496178905740,0.1943277150877,-0.3471991101500,-0.1805032425891,0.4712435990715,0.1530598335618,0.0518995142128
-0.4109534251756,-0.3205933201134,-0.3784456599055,-0.2626484911920,-0.2297785373229,0.5582556068384,0.5822697830645,-0.2940927679820,0.7184585265412,0.1048611554644,0.6143642973935,0.4110740463068,0.4987847739805,0.2355729325212,0.6517369769203,1.0000000000000,-0.2310760201584,-0.3240515188998,0.2753248275673,-0.0368125143231,-0.3212009263045,-0.0650585669520,-0.3495176011653,-0.2125978982860,-0.3864222700312,-0.0981845294153,-0.1748338691276,-0.3917592201579,-0.2366286079258,0.2547120086875,-0.2441134671303,-0.3535291077043,0.4929145159605,0.1925236312304,0.1692187287160,-0.2407832086652,-0.2226723620608,0.1506848695106,-0.3888842680120,-0.2922865984577,0.5787206300794,0.6289018894487,-0.2844455758713,0.6335920563968,0.1862719630769,0.5743846616701,0.4328833365606,0.2274349713812,0.0986346503558,0.5957071454241,0.8927970591614,-0.2337161751394,-0.3666133962882,0.2070779862128,-0.3256166726029,-0.3284715536917,-0.2447297198220,-0.3991001446658,-0.0582973011337,-0.3261402505529,-0.1645324333465,-0.1163584557095,-0.0713311708588,-0.3367255467344,0.1478189797718,-0.2625700653833,-0.1992065933370,0.3596879437820,0.0954270225797,0.2071392310790
0.4449125729586,0.2695675793756,0.4740612899169,0.1357672949461,0.2644230602578,-0.1744735688777,-0.2238061321602,0.1500600769836,-0.2876975799928,0.0568233607481,-0.0501860949693,-0.2544053123773,0.0373825723715,-0.0155113414526,-0.0075600263264,-0.2310760201584,1.0000000000000,0.3635421120139,-0.0583284253524,0.1502369390707,0.3322708165649,0.5440488773154,0.4563762909595,0.6639228058664,0.3716201223359,0.1521651913977,0.3418385301609,0.4312269347071,0.2924085747787,0.2194400623348,0.4367579657098,0.0984338119565,-0.2320353942044,0.2088383692027,0.2085310669035,0.2465460272717,0.1593885839546,-0.1767683251624,0.1363574869569,0.2676643996777,-0.1547325149739,-0.3015915098517,-0.0952428007410,-0.2817816602245,-0.1121602064813,-0.1581411391833,-0.3022359634191,0.1310077510016,-0.0630960623451,-0.2673554028747,-0.2732210825041,0.8366714083719,0.2839897586027,-0.3559202966575,-0.0693711586866,0.3090928343089,0.4865871874310,0.3255917044843,0.3128969605904,0.2522461369684,-0.0108868368414,0.0477898612169,-0.0449788197402,0.4226654610420,0.0377895045953,0.2745911045115,0.0107854154034,-0.1322240710528,0.2088478401908,-0.0220142867368
0.4320956459284,0.5080776148129,0.4040375941407,0.5034675256879,0.3997543226849,-0.3591668958255,-0.3667793976036,0.3561799573858,-0.4253868644555,0.1959685031176,-0.2634893375807,-0.3796330079149,0.0332710255425,0.0242462557578,-0.1808859173863,-0.3240515188998,0.3635421120139,1.0000000000000,0.2104536221296,0.6112938193284,0.2179259350432,0.3675579175782,0.5089470047262,0.5276983547505,0.3769092985370,0.3551266289923,0.4856135273972,0.3621593469479,0.3376579609555,0.2332301074274,0.5714609085870,0.2265449511990,-0.3587355519946,0.3651027911092,0.3190603992153,0.3016448874143,0.1832978832074,-0.2861578769231,0.4816748918567,0.3410867814606,-0.3586180948578,-0.4934090043112,0.2305597038193,-0.5307593772472,0.1320015144631,-0.3558893414104,-0.4707302387269,0.1301636384975,-0.1744907799023,-0.4887423573784,-0.3322963321951,0.3712392278240,0.6343185425306,-0.4461051170625,-0.0076261561944,0.1922738868391,0.4305115555434,0.3822403546009,0.2848122495734,0.3091301197516,0.1515694848821,-0.1806760330883,0.0557724688092,0.3528397864906,-0.1225037134442,0.2935784654446,0.1900560308633,-0.1751890631593,0.1965079627681,0.1928600744530
0.1509954359261,0.0330623879079,0.1936322809272,0.2141859549445,0.1487436679046,0.0354453675353,0.1136922533941,0.1408759503484,0.1437091314850,0.2554477842724,0.1608925658498,0.4260129351290,0.2780503856285,0.5682228327907,0.4369974155679,0.2753248275673,-0.0583284253524,0.2104536221296,1.0000000000000,0.5737161616375,-0.0083241209814,0.1161228793225,0.1066216364624,0.1178309350715,0.0168708381610,0.3334950996264,0.4228407262028,0.1032422463319,0.0735619942544,0.3302583624741,0.2139966417641,-0.0833884698320,-0.0106356270818,0.3074995753875,0.4299833612554,0.0195614185470,-0.1400896870511,-0.0560264852220,0.0481518476958,0.0179310828006,0.0629871370402,0.0376521932828,-0.0526370008282,0.0257195289244,0.1901572216925,0.1495284928434,0.2774091379038,0.1657015956060,0.2343899768432,0.1276603971626,0.2563641577724,-0.0071684907259,-0.1706091431999,0.0579239416738,-0.3616337388031,0.0192972906396,-0.1070500742623,-0.0409738329672,-0.0518546432606,-0.0803030911014,0.0626189770797,-0.2550426468030,0.1246636624885,-0.0819029883694,-0.0319483985615,-0.2900313152450,0.2001024405323,0.1242916563076,0.0898011334715,0.2233848621869
0.3188459496158,0.3283231451563,0.2411513517849,0.5190659645190,0.3058209106547,-0.1121948990100,-0.0611924522336,0.1253379684328,-0.1602501281037,0.1883200996977,-0.1315952278710,0.0880365595142,0.1556517511285,0.3332325980470,-0.0148731712424,-0.0368125143231,0.1502369390707,0.6112938193284,0.5737161616375,1.0000000000000,0.1906768138631,0.1157059672623,0.3583825893006,0.2450490681215,0.2028357454056,0.5157695332708,0.5986493073597,0.1548183422475,0.0787275547889,0.3181353561215,0.4388833934759,0.0916110254663,-0.2161427998058,0.3830201814439,0.6431133408255,0.2931362153196,0.0521480658468,-0.3563142066116,0.3996204932562,0.1307676616173,-0.1562538216949,-0.2431340410919,0.0174335644570,-0.2523292191419,0.1019941959843,-0.1400434920890,-0.0105933459618,0.1195297233736,0.0040766949597,-0.1779418186350,-0.0704430839639,0.2005629076814,0.4211105062392,-0.1255781323116,-0.1213187964412,0.1243621200730,0.0630892995501,0.2488795401305,0.0083644149783,0.1167978082311,0.2468362681062,-0.2547669975498,-0.0078037204749,0.0790851587754,-0.0395431513269,0.1110106559262,0.2778166580577,-0.1337227939549,0.2007432770673,0.5325560343136
0.7159710078281,0.2251756104929,0.0869805185611,0.3050356169623,0.6268171357277,-0.1978285305341,0.0117149709597,0.1626147399219,-0.3299047140542,0.4353605413689,-0.0594083899329,-0.2063021808148,0.4036136758940,0.0968660306737,-0.0711391384843,-0.3212009263045,0.3322708165649,0.2179259350432,-0.0083241209814,0.1906768138631,1.0000000000000,0.1092041736577,0.2898647505486,0.1232622557592,0.4006052719038,0.1791753448877,0.1589767347111,0.0175174712755,0.1544234513656,0.3202320366353,0.2220048118779,0.1768420426358,-0.2296999234625,0.1700061163473,0.3079954029380,0.4713419214174,0.0662170744726,-0.4331450699064,0.3682667215496,0.5634404172694,-0.2881800450447,-0.1374142851604,-0.0216600044367,-0.3366018026918,0.2395620659334,-0.0231164550075,-0.2199998458053,0.4746425519130,-0.0056994685238,-0.3918498982377,-0.3273627267279,0.2164330855138,0.1686092140768,-0.2698610622492,-0.0241774874388,0.8462313667162,0.0622535057709,0.2403885332040,-0.1399917632930,0.3172562051425,0.0250348192327,-0.2523972991010,-0.2427230918431,0.1935294808513,0.0531601563898,0.1179598971406,0.2223609449276,-0.0821767347183,0.2151833168654,0.0718282091346
0.2606548409584,0.2437229176953,0.4826823942363,0.0757438417551,0.3372563998807,-0.2446057907518,-0.2032385180476,0.4445132905537,-0.1565558910660,0.0662096648152,0.0998783827533,-0.1995029622422,0.1787526967377,0.0443220350168,0.1376363140640,-0.0650585669520,0.5440488773154,0.3675579175782,0.1161228793225,0.1157059672623,0.1092041736577,1.0000000000000,0.2786150123631,0.8623811511022,0.2552770527735,0.1045418901001,0.2597541481031,0.3493492024610,0.6928000546006,0.3542843337566,0.5372358357096,0.1937988314558,-0.2451013771367,0.3706859409190,0.0365375412740,0.0750991719087,0.0250838095073,0.0601733090411,0.0258193538631,0.3350830528419,-0.2229027980515,-0.2071535151746,-0.0310727359182,-0.2817027425197,-0.0386135687101,-0.0123860464928,-0.3530785618352,0.2742788587192,-0.0948461493128,-0.3092825424595,-0.1202912116074,0.5080917024822,-0.0581911668998,-0.4619771908912,-0.4237296739176,0.1916559336616,0.5335549047766,0.1251391330563,0.5235978642042,0.1069919824129,-0.2685876109344,-0.3458130277533,0.1848344340415,0.4115946287709,-0.0218550832420,0.0186189096449,0.1380136653397,-0.0203281973264,0.2550728207324,-0.1817220004913
0.4186776014207,0.5875533586341,0.5884036665879,0.7459916681621,0.4703994886519,-0.4010912428762,-0.3556081119117,0.4064456178351,-0.5981535177017,0.4618384277610,-0.4868824123796,-0.2612194629441,0.1009806315283,0.1127909319400,-0.1866582949880,-0.3495176011653,0.4563762909595,0.5089470047262,0.1066216364624,0.3583825893006,0.2898647505486,0.2786150123631,1.0000000000000,0.5101510881710,0.7410204551719,0.3131165199511,0.3821181116703,0.3225487726099,0.3972796854802,0.2795522009777,0.6770833223036,0.1158721231377,-0.3131985319950,0.4204399635386,0.2554952268998,0.4180142854014,0.3459775229722,-0.4380098268557,0.6315893019039,0.4233915554551,-0.4067606165039,-0.5149681495452,0.4722904004393,-0.5927257108475,0.3138560710751,-0.4242302965481,-0.3115019301580,0.1947635127884,-0.0705328739259,-0.2970014959418,-0.4159996264756,0.5426956266774,0.3882648946342,-0.4161554406513,-0.0491029685203,0.2843683918810,0.5102764933087,0.8928341250884,0.1580538015198,0.7063125606383,0.2339879052732,-0.2728926972521,-0.0724824164446,0.6319115775123,0.1868402062318,0.5812783165006,0.0994023889932,0.0242134762189,0.3457147759404,0.1843815349052
0.3044400436746,0.3840347010262,0.7129874350651,0.3055571145585,0.3327294575798,-0.3134311850839,-0.3512035539128,0.4214719274894,-0.3469836983954,0.0762617844522,-0.1500628662215,-0.2602602807768,0.0680057834581,-0.0144936396926,-0.0345522251073,-0.2125978982860,0.6639228058664,0.5276983547505,0.1178309350715,0.2450490681215,0.1232622557592,0.8623811511022,0.5101510881710,1.0000000000000,0.4053125781906,0.1505849056797,0.3817529190897,0.5277993697347,0.6247535993653,0.2767427983921,0.6394910342722,0.1034977541655,-0.3300704876138,0.3608442385526,0.1574068436675,0.2108842562955,0.1539588954674,-0.0227544416863,0.1916267155116,0.2825477035777,-0.2826398541340,-0.3784685669116,0.0840673770366,-0.3993837346249,-0.0816681557948,-0.2127448428781,-0.3803920544304,0.1665747240851,-0.1780668182455,-0.3352769480059,-0.2488170915004,0.7078155780727,0.1504884330462,-0.4877502699401,-0.3147404225660,0.1941933036849,0.6492682693812,0.3568744125839,0.5971972752445,0.2624077180681,-0.1446480465969,-0.2913001422342,0.2493158445752,0.5001551633552,-0.0093626035436,0.2477034665877,0.0762016942959,-0.0594141425996,0.2498032004776,-0.0476615418897
0.4132327646131,0.5087007434712,0.5051387507736,0.6262996139357,0.5396240544453,-0.3859400823682,-0.2962052462707,0.5960759715491,-0.5288936306662,0.5186302645189,-0.4348451092062,-0.3381173285101,0.1090370413256,0.0545502532175,-0.2482421056811,-0.3864222700312,0.3716201223359,0.3769092985370,0.0168708381610,0.2028357454056,0.4006052719038,0.2552770527735,0.7410204551719,0.4053125781906,1.0000000000000,0.2624777162036,0.3506058554614,0.2583579137358,0.6292776214238,0.2064421341523,0.7081121298272,0.1908550447966,-0.2690580815988,0.3067223053137,0.1254800067681,0.3994351331623,0.2464768966786,-0.4347998425669,0.5180307126719,0.4979079297857,-0.4130908652749,-0.4619619715884,0.5807358775384,-0.5672407398577,0.3933093306739,-0.3668438389424,-0.4036057862598,0.2177244318862,-0.1206013241078,-0.3574026586822,-0.3917572077577,0.4819612576053,0.1940630778124,-0.4861807906462,-0.0974290158677,0.4156870646097,0.3419843595697,0.7168661215549,-0.0642252391985,0.8896986986403,0.1317218446902,-0.2830267473311,-0.0961393587156,0.7795840531325,0.0772277910444,0.4659852025897,0.1283407387537,-0.0059092201948,0.2378852076567,0.0390468758525
0.2362353531946,0.4814369691485,0.1782439784424,0.4570430337088,0.2492688772624,0.0050394186308,0.0101146434435,0.2744924273747,-0.0959854454083,0.1809898449485,-0.1795343320377,0.0528189587919,0.0448288442537,0.3977107941027,0.0540423959105,-0.0981845294153,0.1521651913977,0.3551266289923,0.3334950996264,0.5157695332708,0.1791753448877,0.1045418901001,0.3131165199511,0.1505849056797,0.2624777162036,1.0000000000000,0.6530990094121,0.2015172979329,0.0551517184101,0.1560583883750,0.3237549748982,0.0169702182985,-0.0888513924680,0.1984066448358,0.4621543201667,0.0716217675642,0.2445344053130,-0.2236220614621,0.3081178048353,0.0509484456016,-0.1261969152014,-0.1455727468508,0.1348872414584,-0.1576001350996,0.1488674566107,-0.2247479741842,-0.0427136354470,-0.0155548762831,0.2357217595307,-0.1180103812287,-0.1400434956634,0.0880351185401,0.1794359141919,-0.3778551322806,-0.2464428137833,0.1253333545907,-0.1258276041761,0.1962480360919,-0.1201700125038,0.1776632600456,0.7031971398052,0.0000185778391,0.0672233227759,0.0312431218716,-0.1962881994958,0.0231132999636,0.0304294857274,0.0430983395790,0.0265762242790,0.3014088961649
0.2456638212405,0.5520026275065,0.5265249031750,0.4614635043557,0.2557623581705,-0.1071842944773,-0.0815379193767,0.3717075106187,-0.1750281472450,0.0828846245477,-0.1578512414163,0.0395266540824,0.0152587593939,0.3175731780881,-0.0489336746069,-0.1748338691276,0.3418385301609,0.4856135273972,0.4228407262028,0.5986493073597,0.1589767347111,0.2597541481031,0.3821181116703,0.3817529190897,0.3506058554614,0.6530990094121,1.0000000000000,0.5312666035375,0.2599411708432,0.1246091221137,0.5672561495869,0.0901595563528,-0.1528367038710,0.1482884185416,0.2828410645012,0.0603174314272,0.2532071013046,-0.2345283115702,0.2202157204171,0.0788020360995,-0.1815278556825,-0.2216838281659,0.0423561425211,-0.2278485667876,-0.0198874791838,-0.1718407702027,-0.1119955967045,-0.0108800537637,0.0408966525259,-0.2319142265191,-0.1727064602445,0.2973898085538,0.2281781780348,-0.4177846788016,-0.3870595478771,0.1368435703530,-0.0193606879416,0.2663028416933,-0.0485796273769,0.1554060421350,0.3055463907183,0.0875987534698,0.2148945903914,0.2261717846456,-0.2517657601872,0.0793551791497,0.1373240476277,-0.0802154691717,0.0171116202441,0.0849869947651
0.1726305821604,0.3653955753924,0.7722071181224,0.2104745468630,0.0182432220960,-0.3779508081470,-0.4726444108716,0.2825450386672,-0.4226201179374,-0.1096758664205,-0.3447927446065,-0.1277522840618,-0.2408613660926,0.0991190477438,-0.3128908477076,-0.3917592201579,0.4312269347071,0.3621593469479,0.1032422463319,0.1548183422475,0.0175174712755,0.3493492024610,0.3225487726099,0.5277993697347,0.2583579137358,0.2015172979329,0.5312666035375,1.0000000000000,0.3404445873605,-0.1858580454627,0.3404214198158,0.1343369717485,-0.3716166319636,-0.1101841292778,-0.1425522457121,-0.1049009704943,0.2178184475010,0.1138010743962,0.1807799507362,0.0173442286799,-0.3207138823170,-0.4378522649394,0.0383618110980,-0.4150828128765,-0.2000280405853,-0.4030812504573,-0.2100518690196,-0.1785554224992,0.0023721658704,-0.4172553600997,-0.3553062902891,0.5558274073987,0.1335537704125,-0.1841742559237,-0.1209578377247,0.0122960147275,0.3638674690279,0.2810340284114,0.3787969451550,0.1262575505861,0.0879788488260,0.1194144752467,0.6762366456764,0.3422822890397,-0.3489113436283,0.0309621180847,0.1355556394539,-0.2759090401242,-0.1510347256298,-0.2841306294432
0.2566842915935,0.2941073119675,0.5100305753642,0.2684941624393,0.5289756095202,-0.4231312906111,-0.2647200781850,0.7391927667262,-0.3255944328309,0.2094747910570,-0.0652308014836,-0.3659063901005,0.1947600375201,-0.0215565003917,-0.0865069834167,-0.2366286079258,0.2924085747787,0.3376579609555,0.0735619942544,0.0787275547889,0.1544234513656,0.6928000546006,0.3972796854802,0.6247535993653,0.6292776214238,0.0551517184101,0.2599411708432,0.3404445873605,1.0000000000000,0.1975687681191,0.6693256366785,0.2528145706967,-0.2929183494100,0.2540889291411,-0.1402115969700,0.0972532629508,0.0008192644263,-0.1230390831473,0.2017557704946,0.5197215134236,-0.4097711963867,-0.3147894255454,0.3551485731047,-0.4623421675794,0.1343912143680,-0.0612349520727,-0.5004423433258,0.3184383088506,-0.2182668578098,-0.4553450063557,-0.2123402457097,0.3752196267431,-0.1131424550016,-0.5305870670903,-0.3959159261261,0.2897991390575,0.4207086711601,0.2816523101260,0.2563409807280,0.4601976725888,-0.2777756932820,-0.4522403430378,0.1404238869164,0.7576303250996,-0.1513219925597,0.0880352780412,0.1914817977668,-0.0549820628789,0.1126170585145,-0.2911373931989
0.3790624062938,0.1769647505426,0.0055476870186,0.2197827635175,0.5303060630113,0.0540603774354,0.1655312315172,0.1167711393780,0.0074222915708,0.4869307371079,0.2303081384282,0.0342505446219,0.5969665717320,0.3412521323877,0.5044024839283,0.2547120086875,0.2194400623348,0.2332301074274,0.3302583624741,0.3181353561215,0.3202320366353,0.3542843337566,0.2795522009777,0.2767427983921,0.2064421341523,0.1560583883750,0.1246091221137,-0.1858580454627,0.1975687681191,1.0000000000000,0.2604786925163,0.1754241988667,-0.0403133046976,0.7946670015752,0.5220879922737,0.3982839345795,0.0713321814950,-0.2394744030064,0.2400018640149,0.4397062072048,-0.0292033037911,-0.0022597368611,-0.0280269269453,-0.1488629602749,0.4079529360669,0.1257600100004,-0.0562226420036,0.5885239283211,0.1330562047494,-0.0079619794118,0.1349064674172,0.1904234109832,-0.0157305922826,-0.2486614536817,-0.3273732108900,0.3635725195030,0.2238376837933,0.1870991550811,0.0848711096755,0.1518941544088,-0.0885615474427,-0.4315927720444,-0.2567868070419,0.1369689513486,0.5309005485191,0.0752666288267,0.2640721184729,0.2797534085520,0.6999052685878,0.3790088581556
0.4015996512558,0.4889324783140,0.6221599072759,0.5453532163777,0.4650207022054,-0.2968872739373,-0.2642912382623,0.7105874070918,-0.3361960368607,0.2991347226249,-0.2331470108574,-0.2753813071379,0.1246384922610,0.0254655829734,-0.0692787303088,-0.2441134671303,0.4367579657098,0.5714609085870,0.2139966417641,0.4388833934759,0.2220048118779,0.5372358357096,0.6770833223036,0.6394910342722,0.7081121298272,0.3237549748982,0.5672561495869,0.3404214198158,0.6693256366785,0.2604786925163,1.0000000000000,0.0809179525466,-0.2381338639920,0.3528810926292,0.2176740497283,0.2765352267890,0.1171699873542,-0.3589061459963,0.3392731445746,0.3379767344912,-0.3323291186384,-0.3978796112369,0.4324206383182,-0.4375230237072,0.1489197775317,-0.2270358118843,-0.4115317029772,0.1626883996414,-0.2351231921898,-0.3343730017629,-0.2769713369336,0.4840232395310,0.2354148146763,-0.5856624524229,-0.3179625572791,0.2294488297210,0.3257810178884,0.5229684150706,0.0988464458556,0.5227312509842,0.0095556103185,-0.3245906307200,-0.0431767334606,0.6518106208008,-0.0994635647536,0.3969480695526,0.0546737665787,-0.0644774148435,0.1721897419230,0.0292588937093
0.1527452345434,0.2892982340617,0.0775191658542,0.1212194640312,0.2906916876269,-0.4488576939884,-0.2316598822481,0.2223849831461,-0.3860920000914,0.0654074427286,-0.1928350020039,-0.1075809176044,-0.0254875791292,0.2327339465714,-0.2865209758483,-0.3535291077043,0.0984338119565,0.2265449511990,-0.0833884698320,0.0916110254663,0.1768420426358,0.1937988314558,0.1158721231377,0.1034977541655,0.1908550447966,0.0169702182985,0.0901595563528,0.1343369717485,0.2528145706967,0.1754241988667,0.0809179525466,1.0000000000000,-0.3613303403235,0.2177398542843,-0.2029409269095,0.1347036345901,0.1409922966643,-0.1717759863958,0.3231363991874,0.3787977464119,-0.5041834972361,-0.3674795630313,0.0686977049698,-0.5121447877052,0.1410735571484,-0.1969344021489,-0.2361420368257,0.1715003768917,0.2903569069227,-0.5193542694974,-0.3068642948329,0.0807781341031,0.1607992686740,-0.1153253526608,0.0092492059760,0.2818475325245,0.1735528533828,0.1800545361016,0.0415667154561,0.1482393315279,-0.1547871812601,-0.1406428019614,-0.1091719192578,0.1990666991644,0.0268657620327,0.0324360072479,0.8412398917160,-0.0715551204318,0.2325624786039,-0.0940318859607
-0.2280281256598,-0.2352175520563,-0.3298193535196,-0.2735123841422,-0.2764283615682,0.7552444467328,0.5913966938561,-0.3369689994382,0.6996715436741,-0.1185358923456,0.3667700190994,0.1556261994985,-0.0038480455865,0.0089096636556,0.4803016979659,0.4929145159605,-0.2320353942044,-0.3587355519946,-0.0106356270818,-0.2161427998058,-0.2296999234625,-0.2451013771367,-0.3131985319950,-0.3300704876138,-0.2690580815988,-0.0888513924680,-0.1528367038710,-0.3716166319636,-0.2929183494100,-0.0403133046976,-0.2381338639920,-0.3613303403235,1.0000000000000,-0.1463584608810,0.0240242851759,-0.2802629312388,-0.1696665019331,0.0733589114616,-0.4245070249441,-0.3153521600681,0.7172459543046,0.6378952630237,-0.2457557586641,0.6890138233545,-0.0217027176575,0.3970983525657,0.2436280306589,-0.1156447809793,0.0057666092576,0.5305388309860,0.4129932260916,-0.2842497215937,-0.2344973376204,0.1079306640610,-0.1400825940098,-0.3225702667194,-0.3663016703286,-0.3008237402927,-0.2918659386372,-0.2462303885518,-0.0985282204730,0.1238346543438,-0.2050072753114,-0.2878936839789,0.0969683270718,-0.1560417907382,-0.3828578090074,0.4973270485926,-0.1742142428886,0.0495709611221
0.2139572008840,0.3723465753728,0.0672449323400,0.3860581808144,0.4992730113826,-0.1276864046935,-0.0312324844982,0.1482735776614,-0.1454405043312,0.4769137230350,0.0968579682055,-0.0461317348632,0.4689228860581,0.2452606465988,0.2649493642713,0.1925236312304,0.2088383692027,0.3651027911092,0.3074995753875,0.3830201814439,0.1700061163473,0.3706859409190,0.4204399635386,0.3608442385526,0.3067223053137,0.1984066448358,0.1482884185416,-0.1101841292778,0.2540889291411,0.7946670015752,0.3528810926292,0.2177398542843,-0.1463584608810,1.0000000000000,0.4842829398758,0.3801890695324,0.2707030496387,-0.2132253929834,0.3851241391978,0.4397117132920,-0.1684067508448,-0.1890590728564,0.1660257992337,-0.2663575358450,0.4773227668267,-0.0024088363833,-0.1462121683904,0.4713966445099,0.0456231258358,-0.0989230263992,0.0635391849283,0.2225184680021,0.1683150313675,-0.2200338334287,-0.1969525366341,0.2404744995858,0.3546360743127,0.3670892059140,0.2060575801426,0.3018839306574,0.0068257347672,-0.3617457722348,-0.1716456993697,0.2304252368623,0.4407560388178,0.3020993646473,0.2940993354372,0.1580775432091,0.8373793437984,0.4624542059360
