1.0000000000000,0.0730752739297,0.1024589548392,0.3394430147645,0.2684882670513,0.0094535473857,0.0132954061023,-0.0483315688545,0.0729065252093,-0.0451061460231,0.0168478389628,0.1361662098126,0.0222132320257,-0.1884119665101,0.5600240346621,0.0507395523914,0.1943844574712,0.3329332028897,0.2255984618508,0.4373245155888,0.2027023061180,0.2172210660049,0.2801870703099,0.3186673736970,0.0095396199314,-0.0339864659732,-0.0279438888508,0.1530935731186,-0.0309439607464,0.4090772980832,0.4085262601886,-0.3346103966336,0.0598565696843,0.1800081232367,0.3243433653026,0.4915376485612,0.0700471496164,-0.2893190109840,0.1715119238704,0.1889322476143,-0.0544061559751,0.0276609267665,-0.1264955084855,-0.1063533015311,-0.0422608930679,-0.0069601179294,-0.1031809284539,-0.0619061625218,-0.2550631665136,0.2002793067083,0.1287682860888,0.1735102186001,0.2061375295632,-0.1222389813478,0.2510912028821,-0.0035045424921,0.2325760266719,0.1685115586676,0.1937599268027,0.0287920070632,-0.0977708920722,-0.1998977175503,-0.0742902725340,-0.0668621903395,0.3223110230972,0.1434478143491,-0.2392480117271,0.0960942127769,0.0588213025064,0.1831045042461
0.0730752739297,1.0000000000000,-0.0010939880408,0.3613655043885,0.2088786201595,-0.0257622501642,-0.0808264175513,-0.2718217216128,0.0143053755701,-0.1647598832422,0.0424336435192,0.2357272539163,0.0434000963368,-0.1066165410209,-0.1332645534123,0.1104931041769,0.1245577737813,0.3092031543815,0.0384327686580,0.2646225432422,0.0741684318646,0.2550817108733,0.4146990672108,0.4512588471692,-0.0475324871576,0.0941946631759,0.2180996308257,0.1724625681528,0.1978340824669,0.2525563847134,0.2015117506016,0.0053917474267,-0.0084198955400,0.3158304184766,0.5445684834121,0.2652717761040,0.7415567554849,-0.1396901615558,0.3377564732212,0.1453125035854,0.0264234670170,0.0238097219165,-0.0730777205347,-0.0947551015674,-0.0832579166112,0.1185147946956,0.2039176886077,-0.0272514150218,-0.1306037479235,-0.2216465932006,0.0360180615995,0.1328908503352,0.3413435024777,-0.1359230050935,0.2559479095979,0.0061722857310,0.2318366197788,0.3753337531299,0.3589318976044,0.0190007498452,0.0593632550213,0.0161610126664,0.0891076120212,0.2071041620470,0.1808390748667,0.3415353323887,0.0671086714974,-0.0830575211719,0.2830479367349,0.4985238488403
0.1024589548392,-0.0010939880408,1.0000000000000,0.1941210908147,0.2235819579471,0.0682391341675,-0.1979357461852,0.6526821884162,0.2984789163970,0.2813432023232,0.0660330851441,0.2585578225953,0.0991912719062,0.2811265651550,0.3239631411842,0.1782950449392,0.0505952828518,0.4557441124695,0.1986545681403,0.1327713170403,0.1897311879347,-0.0841736910847,0.0736347664326,0.0590787859400,0.3685735452862,0.2107902939481,0.5780413065192,0.5961116430619,0.3229490777947,-0.1791996708505,0.2850208425604,0.1579201336715,0.0770202567836,-0.0569745838440,0.0161445711618,-0.2496202635453,-0.1204318600848,0.4157741279659,0.0647109501127,0.1305872334938,-0.0666334223152,-0.1734393312069,0.0929538496230,0.0897281637743,0.2111010080589,0.1467509237954,-0.0272573667011,0.0726462311719,0.0244728919683,-0.0228521179094,0.1411537079483,0.0194295996492,-0.2815943161987,-0.1374234283945,-0.3795922674400,0.1191104293210,-0.1014958312456,-0.2000559974731,-0.2231880588251,0.0062728176330,0.0150555963564,-0.1156321169168,0.1023221716127,0.1888421258131,-0.1571455348921,-0.0277237971421,0.0081857064625,0.0684201676791,-0.0375719977030,-0.1417108094925
0.3394430147645,0.3613655043885,0.1941210908147,1.0000000000000,0.4391086521769,0.1499789164647,-0.1555096894432,0.0020779973977,0.1387051082106,0.1947828167058,0.0352386170970,0.2671056303743,0.0723577461984,0.0943283916738,0.2942520157024,0.2434204993025,0.1759448557288,0.2232345605806,-0.0675438973535,0.1719867549633,0.2962827866872,0.0779006913046,0.5429375579434,0.2066496542516,0.3688666522672,0.3416348663452,0.0918542904758,0.1577704138477,0.2193479690313,0.3186285920789,0.3091596021401,0.0237291068724,0.0863099098081,0.3561831346622,0.4284690463028,0.2968453222784,0.3441262623968,0.0059904440399,0.6915466587269,0.3885036163053,0.1312593029583,-0.1309689847084,0.2010929815930,0.0229769166609,0.3084821160897,0.0814679900258,0.2173203846126,-0.0260788152504,0.0681489107510,0.2462946592378,0.2096726068866,0.1489177160297,0.1925763305020,-0.2405742151373,0.1559516371099,0.1241954511594,0.0883024144107,0.4559570197769,0.1175783991725,0.4254618061341,0.2740557075976,0.0006126691430,0.2698897965193,0.2905173110762,0.2521953011493,0.3435225750949,-0.0513319777229,0.1048982084581,0.1890598241659,0.3764652932842
0.2684882670513,0.2088786201595,0.2235819579471,0.4391086521769,1.0000000000000,0.1271807325666,0.1856974774949,0.2048522972724,0.1329465837170,0.3129077543646,0.5672407939005,0.1441159868916,0.5444892057930,0.1061635437214,0.2788163641585,0.2054957904629,0.1805668962724,0.0785825978588,0.0859025610870,0.0487185186037,0.5634631011529,0.2349191804818,0.3200179616926,0.3348959572653,0.3985119153140,0.1741296209781,0.1850131557087,0.1199193712379,0.3565229577522,0.3170685417440,0.2549009897232,0.1896279380102,0.0622246937659,0.2629276802348,0.2319433279142,0.2986967941541,0.2099365625534,0.0313351868770,0.2116148360609,0.8938235022396,0.0348066824926,0.1724426004454,0.2173058437563,0.0890977554498,0.4070231646094,0.5730207902816,0.1142329017326,0.3950535440313,0.0362020427249,0.0970401809909,0.2169379177011,0.1567805788051,0.1002541619990,-0.2067811939354,-0.0058741662864,0.5245763537108,0.2731107142513,0.2819302318627,0.2805678486121,0.3676765207379,0.0205361598923,-0.0991902511066,0.0266934317055,0.3455686184601,0.2106889247010,0.2827396363930,0.1590581689768,0.0425172560644,0.3069156055009,0.2399882324028
0.0094535473857,-0.0257622501642,0.0682391341675,0.1499789164647,0.1271807325666,1.0000000000000,0.2402265384222,0.1267724020155,0.3429834845943,0.1247863430634,0.1429841869935,0.3453701068708,0.2294574773090,0.1220907340399,0.2643162935606,0.1523329853510,-0.0158250667559,0.0610946651823,0.0650833557534,0.0348017050708,0.1460675795823,-0.0360788857810,0.0571019115513,0.0276890627980,0.1178983029039,0.1480122477630,0.1379798529540,0.0931607236032,0.1770799493127,0.2552997123775,0.0637881184471,0.1413309032391,0.5461666848309,0.1330471191213,0.1250927652783,-0.0474573640938,-0.1378449989216,-0.0333212942845,0.0950184186205,0.1228761384736,0.6892600865646,0.3363981655102,0.1442252190667,0.4165734287547,0.1836114153355,0.1982568835740,0.2278105853036,0.1414971403165,0.1823610805621,0.1654998891686,0.3933656767332,-0.0383309439215,-0.1448462859477,-0.1099283663719,-0.1666714758392,0.1844429817093,-0.0401663811890,-0.0408846733945,-0.0407654690420,0.0706564256943,0.0002455183033,-0.1476479264677,-0.0184486293007,0.1779745165597,0.0969623511783,0.0574802974311,0.0108703412450,0.3249751909747,0.0781099307014,-0.0078941993300
0.0132954061023,-0.0808264175513,-0.1979357461852,-0.1555096894432,0.1856974774949,0.2402265384222,1.0000000000000,-0.0689828598919,0.2151999330798,-0.0215739374453,0.5904856904460,0.0256933139128,0.6328327058121,-0.1808836795871,0.0450966592877,-0.0175927355398,-0.1577837241941,-0.0031319755852,0.1987268258829,0.0895181921481,0.1864268746993,0.0888068220838,-0.1159084297869,0.0491687756710,-0.1040917604083,-0.2987251747846,0.0056944020478,-0.1413607698472,0.0777805640646,0.2228283113184,-0.1143568917613,0.0494118915046,0.1588486022456,0.0617476766942,0.0206788948455,0.1054401268302,-0.1116117704182,-0.1733652374143,-0.2300361786004,0.1786606385496,0.1798256094686,0.8266180102849,-0.0776248260115,0.3118714416489,-0.0120791291494,0.5184810000931,0.0235615148927,0.5236252606723,-0.0912821995609,-0.0434361583458,-0.0252208292093,-0.1314859051300,0.0261703491942,0.1440592942651,0.0714732864103,0.3888897170295,0.0554095839641,-0.0573685658249,0.1144415420745,-0.1050279413445,-0.2679607727595,0.0115504455100,-0.2462412010409,0.0202866810531,0.0783055948124,-0.0920260101691,0.2173956020110,0.0119468921963,0.1038768260923,0.0392216499468
-0.0483315688545,-0.2718217216128,0.6526821884162,0.0020779973977,0.2048522972724,0.1267724020155,-0.0689828598919,1.0000000000000,0.0792856235848,0.6784664690775,0.1517231415388,-0.0495054647682,0.2052320807660,0.5052550700697,0.3876969282623,0.3009675078223,-0.1940700215391,-0.0544024220627,0.0103325991156,-0.2922108077477,0.1976500886209,-0.2950182837969,-0.1812104083874,-0.3230943273117,0.6659962960627,0.3109492235597,0.4187884745718,0.5140397527600,0.2483081100572,-0.2158675932713,-0.1096155036863,0.4685072939153,0.1219496208815,-0.1523736752719,-0.3512397714620,-0.4665129776345,-0.4341455246609,0.2121779971197,-0.0683274658732,0.1918678688027,-0.0160303901538,-0.1035691293029,0.3347471179665,0.0242224248293,0.5304045213493,0.2063374345544,-0.2047733294954,0.2182676948707,0.3369014705356,0.1501109230028,0.2758416329297,-0.2237662695755,-0.6086186064637,-0.3131691879223,-0.6216264448118,0.2362840705450,-0.2969182732671,-0.3705577136479,-0.4312959830392,0.2236316555265,0.1095895370743,-0.2876932053850,0.0404797154615,0.1420976888576,-0.1427594475809,-0.4196467888327,0.1772880069415,0.2045111259986,-0.0946511357291,-0.4895128877251
0.0729065252093,0.0143053755701,0.2984789163970,0.1387051082106,0.1329465837170,0.3429834845943,0.2151999330798,0.0792856235848,1.0000000000000,-0.2167763093310,0.2964720480169,0.3118301831605,0.1611693537571,-0.1012568056026,0.2839015809397,0.1296076002190,0.1695865989254,0.3698922106695,0.1445511397674,0.2554606376777,0.1070316829239,0.1820813928662,0.1739242027667,0.2353083237145,-0.0236020182735,-0.1215565005456,0.2112194599912,-0.0340788843667,0.5855518865611,0.1904799335984,0.5458669426251,-0.0602988929614,0.2227802283284,0.2653676226847,0.2622817253758,0.1341843030815,-0.1207740125706,0.1785858419808,-0.0372735291237,0.1182975516611,0.2662057763927,0.2641263998698,0.0808638637873,0.7060028146592,-0.0009025178593,0.3475093381521,0.0784407691125,0.0556003777594,-0.1501787242759,0.1862007820159,0.0585834506384,0.1704268550442,0.0678173863618,-0.0340425832581,-0.0967235345889,0.1133624059157,0.1533757276150,0.0118859785796,0.0712733383148,-0.0736526464883,-0.3140303439721,0.0363183262084,-0.0682075316907,0.4993123523722,0.0498503037536,0.3604922432997,0.1300219931239,0.1503770718207,0.1725036793353,0.1753641731185
-0.0451061460231,-0.1647598832422,0.2813432023232,0.1947828167058,0.3129077543646,0.1247863430634,-0.0215739374453,0.6784664690775,-0.2167763093310,1.0000000000000,0.0673821654299,-0.1497122450688,0.2500683556520,0.5698263071365,0.2558642096920,0.3770239915416,-0.1254834992597,-0.2618290866482,-0.0972064435996,-0.4209311710614,0.2736538111154,-0.1936537564060,-0.0151398746985,-0.2787859637013,0.7859861024531,0.4628479675040,0.2233523469289,0.3591052216450,0.0183157331077,-0.1037490897696,-0.2669779712038,0.4615320018887,0.1274972642746,-0.0767872835291,-0.2499990247640,-0.3747804991918,-0.3301165648026,0.0135708274269,0.1487805202828,0.3407714521922,0.0645873164935,-0.0347231179044,0.1765970128457,-0.1698831592859,0.8036711171295,0.0583186210854,-0.1592252871679,0.3080955169413,0.5567683222405,0.1384893565471,0.3623804143693,-0.1858754224207,-0.5285202613752,-0.3778866755670,-0.4685111918744,0.3067977050318,-0.2035699629935,-0.1336824520066,-0.3299740840872,0.4738202448009,0.4266619155983,-0.2671891565764,0.0339293228416,-0.0670652791968,-0.0040635824737,-0.4365915162160,0.1665364208500,0.1622003023782,-0.0163472497015,-0.3656121166558
0.0168478389628,0.0424336435192,0.0660330851441,0.0352386170970,0.5672407939005,0.1429841869935,0.5904856904460,0.1517231415388,0.2964720480169,0.0673821654299,1.0000000000000,0.1861815398269,0.6860522420813,0.0645102150128,0.2534732792096,0.0183549622970,0.0853669961174,0.0396501647465,0.3075334479467,0.1570370041172,0.3609996375992,0.2242072983232,0.0080500194022,0.2091160745020,0.0365653294074,-0.0574085766233,0.2073337215886,0.0818302513054,0.3002091819279,0.3171110540486,0.0064592287190,0.3119105951809,0.1080651419245,0.3076484976128,0.0409400572466,0.1460753440731,0.0053298273471,-0.0233444143352,-0.1952176291744,0.5606565244738,0.1168642080249,0.5521866208913,0.1098417458593,0.3808447635701,0.0800888789431,0.9098641005334,0.2015904728298,0.5045084645311,0.0382318404268,0.0725567089085,0.1055094782083,0.0563221053107,-0.0348673276730,0.0778308962812,-0.0611497245399,0.5409906950812,0.2138259417941,0.0124914261303,0.2064616318024,-0.0588362799182,-0.2553861360918,-0.1002608885466,-0.0553610231095,0.2965590382255,0.2017598607014,0.0803987184281,0.4236796426685,0.1253918372701,0.3750285647890,0.0380131008799
0.1361662098126,0.2357272539163,0.2585578225953,0.2671056303743,0.1441159868916,0.3453701068708,0.0256933139128,-0.0495054647682,0.3118301831605,-0.1497122450688,0.1861815398269,1.0000000000000,0.1992274778395,0.2475533236379,0.3062122400530,-0.0331628740694,0.0604988706469,0.3747873711788,0.6060450886308,0.5734980919225,0.1807035250241,-0.0383927800667,0.1576778425525,0.1456338604569,-0.0951407857451,0.1815820316808,0.4943846221786,0.3451284504377,0.1489433974450,0.2103391845933,0.2043238006108,0.2139611786165,0.1038596438985,0.1006551560410,0.2110586617481,0.0856170300236,0.1640648381920,-0.1373902535980,0.1690650808641,0.0977782970038,0.2196491742174,0.0841298325486,-0.1208198586028,0.1510299366317,-0.1706227091453,0.2515921957412,0.5600503456237,0.0963697446259,0.0785685679822,-0.0652518415436,0.2388097022787,0.0500052324297,-0.0028771268683,0.0976660225185,0.0538285430985,0.1360665461418,-0.0362667995925,-0.0114282873331,0.0328026641127,-0.2437861398541,-0.0359062338753,-0.1139585579963,-0.0095758221483,0.0944362376579,0.1240508784564,0.1250005866959,0.1621586040220,0.0231316504113,0.1172243142802,0.0552571012179
0.0222132320257,0.0434000963368,0.0991912719062,0.0723577461984,0.5444892057930,0.2294574773090,0.6328327058121,0.2052320807660,0.1611693537571,0.2500683556520,0.6860522420813,0.1992274778395,1.0000000000000,0.1438807560752,0.2043759658361,0.0840807846059,-0.1345367384195,0.0857148056608,0.2244031930107,0.0341270431865,0.6183632661704,0.0256144387535,-0.0001796418750,0.1030100081299,0.1705377627334,-0.0064131161498,0.1949338121900,0.1489144687900,0.2347923252822,0.2034966943654,-0.0457394017554,0.3185155014210,0.1021469839034,0.1195294575663,-0.0110110624980,0.0267100099875,-0.0587012170307,0.0333738293219,-0.0588252689746,0.5408986842516,0.0537496234433,0.5034044194880,0.0969456929589,0.2279047532705,0.2600064457771,0.6989577386920,0.1786269293015,0.8608193929228,0.1299228368794,0.0398050022943,0.1833894482086,-0.1350024979491,-0.0073580474444,-0.0016282696475,-0.0964243947642,0.7573071154116,0.0168615651892,-0.0247679604628,0.0780826547093,0.0694806213619,-0.0639922008745,-0.0689995711786,-0.0319102531600,0.2244436724225,0.1237275378844,-0.0161930644036,0.3616098783028,0.0596367963644,0.2223716524083,-0.0228841537058
-0.1884119665101,-0.1066165410209,0.2811265651550,0.0943283916738,0.1061635437214,0.1220907340399,-0.1808836795871,0.5052550700697,-0.1012568056026,0.5698263071365,0.0645102150128,0.2475533236379,0.1438807560752,1.0000000000000,0.3082740107756,0.2326069833251,-0.1459874534069,-0.1940853815752,0.1635344625379,-0.2395579032893,0.2407293528949,-0.3476410057704,-0.1716237720678,-0.3414240873844,0.3755369687328,0.7550693050568,0.4357320369910,0.5233820881114,-0.1025019729957,-0.1552883193194,-0.3522654783590,0.6176924194775,0.0638861805310,-0.0397333014765,-0.2411453865565,-0.4719419033740,-0.2421316857732,-0.0225327414937,0.1644301625340,0.1289287506445,0.0253748916807,-0.1923585156729,-0.0066096373467,-0.1232424169793,0.3741397384120,0.0766274675400,0.0118694648585,0.1895276565331,0.6785782504837,0.0543258342633,0.3680659029820,-0.2294414766171,-0.5530179590873,-0.2901659871890,-0.5623751360487,0.2246320594933,-0.3190361111238,-0.3130465310613,-0.4098706175282,0.0275434074632,0.5859131979056,-0.3583666422709,0.1295143626717,-0.1456755743165,-0.0669562860290,-0.4237182786279,0.1048632037045,0.1895397661411,-0.0095479347609,-0.3862730165413
0.5600240346621,-0.1332645534123,0.3239631411842,0.2942520157024,0.2788163641585,0.2643162935606,0.0450966592877,0.3876969282623,0.2839015809397,0.2558642096920,0.2534732792096,0.3062122400530,0.2043759658361,0.3082740107756,1.0000000000000,0.2422249501683,0.0657464858133,0.2580417183582,0.3067814238639,0.3533665165161,0.2097937706917,-0.0340111169678,0.0877052929748,0.0516224708387,0.2100231722954,0.2508144987617,0.2752173299349,0.3926773472050,0.0190113889440,0.4153599931525,0.1472701003530,0.2028827820032,0.2410517494620,0.2908754587713,0.0970784179187,0.1345952896789,-0.1450626298489,-0.1950348204806,0.0767314094613,0.2389542567924,0.1906409492971,0.0380674429462,0.0644588678708,0.1433145961498,0.1266331199895,0.2958835188311,-0.0091164035550,0.1018153368154,0.1134608754487,0.4874908235983,0.3595202825318,-0.0161680582204,-0.1818294820695,-0.1648824281997,-0.1175596677383,0.1552396119368,0.0036288112001,-0.0456032167384,-0.0562843904521,-0.0150404412304,-0.0248636941810,-0.3606815201903,0.0552102886555,0.0456151641679,0.3410274240400,-0.0609887695428,0.0270826611491,0.3952164220523,0.1586915383282,-0.0605817711801
0.0507395523914,0.1104931041769,0.1782950449392,0.2434204993025,0.2054957904629,0.1523329853510,-0.0175927355398,0.3009675078223,0.1296076002190,0.3770239915416,0.0183549622970,-0.0331628740694,0.0840807846059,0.2326069833251,0.2422249501683,1.0000000000000,0.0150699409268,0.1235221102896,-0.2754074214587,-0.1164930663226,0.2630691421542,0.0257555263963,0.0663792973368,0.0336012871695,0.2740904498645,0.3929356915397,0.1816170134736,0.2243633235524,0.1366153770361,0.0769372235280,0.0508843648874,0.1856540798695,0.2024947373649,0.2919950588518,0.3886996989909,-0.0842771808331,-0.0495579641761,-0.0498906297720,0.2508611993107,0.1900722390845,0.1798388071819,-0.0362290691525,0.1419782509334,-0.0130967629788,0.4414921213769,0.1063754427121,-0.1495304771736,0.0061277101927,0.1583881484305,0.2198994569295,0.4669708303905,-0.0505547628315,-0.0712188041296,-0.4412430658281,-0.1760723958982,0.1354499612586,0.0034812151212,-0.0982789064419,-0.1113183133452,0.1038196134355,0.1850486348755,-0.1576338484457,0.1276456865512,0.1702708021804,0.0084290880838,-0.0229462429131,-0.0003275697836,0.2767579903606,0.0460087969761,0.2008358505158
0.1943844574712,0.1245577737813,0.0505952828518,0.1759448557288,0.1805668962724,-0.0158250667559,-0.1577837241941,-0.1940700215391,0.1695865989254,-0.1254834992597,0.0853669961174,0.0604988706469,-0.1345367384195,-0.1459874534069,0.0657464858133,0.0150699409268,1.0000000000000,0.1713915683692,0.0270124962968,0.2148041836141,-0.0348885996528,0.7623692614979,0.5669589550735,0.7324643515987,-0.1008520658781,-0.0357318213290,-0.0837577344195,-0.0472210079250,0.2726822046311,0.3411112354161,0.5010589363481,-0.2798158687245,-0.0139531140265,0.2281020416678,0.3151710429706,0.3370133258242,0.0993256765084,-0.0418038729286,0.1189080196854,0.1557024995612,0.0090551306357,-0.0364411369737,-0.1238534435824,0.0459718000027,0.0138255540180,0.0705148812895,0.0503278056391,-0.2046323584631,-0.0952852955501,-0.0694730463902,0.1013629697515,0.9445815111928,0.2337533424341,0.0347330237490,0.1577244588128,-0.1985703998609,0.7085596134167,0.4434521896403,0.6153145390087,-0.0010285274657,-0.0867379347922,-0.0316731475856,0.0183916137183,0.3213699223345,0.3391828426927,0.5393164808264,-0.1548210957319,-0.0183933277691,0.2904939815707,0.3347215720101
0.3329332028897,0.3092031543815,0.4557441124695,0.2232345605806,0.0785825978588,0.0610946651823,-0.0031319755852,-0.0544024220627,0.3698922106695,-0.2618290866482,0.0396501647465,0.3747873711788,0.0857148056608,-0.1940853815752,0.2580417183582,0.1235221102896,0.1713915683692,1.0000000000000,0.2177467461655,0.6684032953899,0.0457567371140,0.2466324586428,0.1820618432641,0.4504120088368,-0.1798022904052,-0.1293832162167,0.3113663937722,0.2268250577156,0.2712698931610,0.2860066567083,0.4101727116247,-0.2131491649913,0.0824724132222,0.2968556851356,0.5181466336128,0.2228238648705,0.2472239275193,-0.0323570984358,0.1401821566266,0.0000819591199,0.0030431882944,0.0801984521470,-0.2900072904219,0.0338579302321,-0.2179451028327,0.0961690323799,0.0568644293317,-0.0157409255707,-0.3511101811284,-0.1696465110954,0.0939019945554,0.1758122488357,0.3086113925598,-0.0357986334552,0.2014224014271,-0.0335260566519,0.2281153772800,-0.0162626450437,0.1778793202033,-0.2836800227630,-0.2340181227681,-0.0421643828218,-0.1378559482070,0.1788558178731,0.2109514029217,0.2963135387418,-0.1404306461556,-0.0245620729537,0.1808549056146,0.3256749534835
0.2255984618508,0.0384327686580,0.1986545681403,-0.0675438973535,0.0859025610870,0.0650833557534,0.1987268258829,0.0103325991156,0.1445511397674,-0.0972064435996,0.3075334479467,0.6060450886308,0.2244031930107,0.1635344625379,0.3067814238639,-0.2754074214587,0.0270124962968,0.2177467461655,1.0000000000000,0.5838304214059,0.0076449842773,0.0166299313769,0.0057474677686,0.1287327939939,-0.1487466603817,-0.0996829104347,0.3359108327016,0.2706006183942,-0.0745693935926,0.1622357813436,0.0038547323786,0.1144597489435,0.0882122630845,-0.0585286625211,-0.0462065180018,0.1210865862615,0.0238281573458,-0.1663342520603,-0.1556369871624,0.1095242629961,0.0110460168471,0.2222770335557,-0.2578478844458,-0.0130338169188,-0.2156463240201,0.2486643658432,0.2695079710188,0.2245798068446,0.0407761249810,-0.1882145717625,0.0101105975332,0.0183115009658,-0.1033714018215,0.3434427563074,0.0525467589152,0.1265520475485,0.0873897677383,-0.1125687141909,0.1383695230049,-0.3433510753216,-0.2317601362581,-0.2641092675556,-0.2325576697645,-0.1915971584816,0.1633928774904,-0.0482312471784,0.2576205828696,0.0092152406471,0.1722377102944,-0.1185292058041
0.4373245155888,0.2646225432422,0.1327713170403,0.1719867549633,0.0487185186037,0.0348017050708,0.0895181921481,-0.2922108077477,0.2554606376777,-0.4209311710614,0.1570370041172,0.5734980919225,0.0341270431865,-0.2395579032893,0.3533665165161,-0.1164930663226,0.2148041836141,0.6684032953899,0.5838304214059,1.0000000000000,-0.0647263040962,0.2387651414170,0.2186414685253,0.4008934653218,-0.3714410108594,-0.2347452299335,0.2321976480897,0.1027066382105,0.0400415987050,0.4090686792934,0.3252481773847,-0.1993260668308,0.0582662500239,0.2029956917563,0.4147467436344,0.4324601288606,0.3020153335223,-0.2568719641743,-0.0009700782428,0.0239894303296,0.0351819962884,0.1362234900929,-0.2820454305109,0.0097667614890,-0.4511686948610,0.1945739408229,0.2327265373220,-0.0510225535289,-0.3865561921043,-0.0807433091304,0.0262672282217,0.2093758330452,0.3135053089107,0.2428917281909,0.4947904036324,-0.0811070065341,0.2524269715032,0.1190392730297,0.3237029508106,-0.4026067133320,-0.3654083293175,-0.0833544644921,-0.1616339565793,-0.0039311217893,0.3325243078443,0.2921107990846,-0.0388887402222,-0.0569668485653,0.2129287898250,0.3000773902964
0.2027023061180,0.0741684318646,0.1897311879347,0.2962827866872,0.5634631011529,0.1460675795823,0.1864268746993,0.1976500886209,0.1070316829239,0.2736538111154,0.3609996375992,0.1807035250241,0.6183632661704,0.2407293528949,0.2097937706917,0.2630691421542,-0.0348885996528,0.0457567371140,0.0076449842773,-0.0647263040962,1.0000000000000,-0.0443888506295,0.0599409325615,0.0572775276838,0.2012516975612,0.3093863366263,0.0933147537976,0.2613923199872,0.1374127245465,-0.0566426926187,0.1127392323329,0.3110527177209,0.1042781379320,0.0882431940862,0.1351270000029,-0.0011149526962,-0.0245739772012,0.1170659265433,0.1566575119382,0.4712398611559,0.0249621740391,0.0490746614362,0.1037498774051,0.1149285077694,0.2813960504204,0.4056582281931,0.1947122708410,0.5657601293680,0.1988833196924,0.1575120490083,0.1889530190365,-0.0811822708094,0.0194337392127,-0.2006171105647,-0.1198811928965,0.8124253515432,-0.0906262731695,-0.0259711485043,-0.0971469031773,0.1088450014896,0.2476026783702,-0.0488774334017,0.2395290679660,0.1652149669500,-0.1413827504068,0.0459722921396,0.2603251912578,0.0759817616744,-0.0421448130442,0.0663216835680
0.2172210660049,0.2550817108733,-0.0841736910847,0.0779006913046,0.2349191804818,-0.0360788857810,0.0888068220838,-0.2950182837969,0.1820813928662,-0.1936537564060,0.2242072983232,-0.0383927800667,0.0256144387535,-0.3476410057704,-0.0340111169678,0.0257555263963,0.7623692614979,0.2466324586428,0.0166299313769,0.2387651414170,-0.0443888506295,1.0000000000000,0.5444857699835,0.8588322227734,-0.1857898862558,-0.2379781805324,-0.1610858337416,-0.1716288263428,0.3397901522972,0.4660418080830,0.4755317809848,-0.3013149820738,-0.0385761458016,0.3120564357311,0.4204370331462,0.4494744840203,0.2685057656704,-0.1727278632070,0.0182573772546,0.1927638191533,-0.0010233724565,0.2482867144386,-0.2268661949736,0.0699017878649,-0.0303199070087,0.1584572076742,0.0273236795192,-0.1016845966532,-0.2177830929685,-0.2145218099462,0.0562578680959,0.7735488282594,0.4329340262553,0.0503479238598,0.3148011777756,-0.1471069787248,0.9306810897154,0.4495124435901,0.7945157688636,-0.0354347818669,-0.2470999112645,0.0025816978369,-0.1328775239262,0.3285872962144,0.4151123540950,0.5511027958656,-0.0860759323721,-0.1312645281197,0.3912183544999,0.4707332519991
0.2801870703099,0.4146990672108,0.0736347664326,0.5429375579434,0.3200179616926,0.0571019115513,-0.1159084297869,-0.1812104083874,0.1739242027667,-0.0151398746985,0.0080500194022,0.1576778425525,-0.0001796418750,-0.1716237720678,0.0877052929748,0.0663792973368,0.5669589550735,0.1820618432641,0.0057474677686,0.2186414685253,0.0599409325615,0.5444857699835,1.0000000000000,0.6139376492521,0.1339263963853,-0.0302721901325,-0.0425398676682,0.0083046232108,0.4004625195666,0.4666989075137,0.5981456371473,-0.1935872138629,0.0531923146729,0.3573890697780,0.4555578494963,0.4611004721564,0.3585661414157,-0.1137370722758,0.4214414490834,0.2847212198992,0.0179031119674,-0.0364383356247,0.0645033905536,-0.0262763059553,0.1599399928186,0.0209451418004,0.1327583621338,-0.1016089795937,-0.0882525154394,-0.0334369896091,0.1135710792000,0.5598121552874,0.3846955800151,-0.1524873489674,0.2885097514262,-0.0951467927380,0.5118542386586,0.7717494841903,0.5710310009243,0.2740711149836,-0.0571369082145,-0.0577544694252,0.1087252794800,0.4233681740797,0.3785302520694,0.6465507076773,-0.0533562421340,-0.0305534742658,0.3227595850296,0.4622323298056
0.3186673736970,0.4512588471692,0.0590787859400,0.2066496542516,0.3348959572653,0.0276890627980,0.0491687756710,-0.3230943273117,0.2353083237145,-0.2787859637013,0.2091160745020,0.1456338604569,0.1030100081299,-0.3414240873844,0.0516224708387,0.0336012871695,0.7324643515987,0.4504120088368,0.1287327939939,0.4008934653218,0.0572775276838,0.8588322227734,0.6139376492521,1.0000000000000,-0.2016225921173,-0.1760639281571,-0.0219806465231,0.0044823223610,0.3910318421933,0.4976780880224,0.5940666533944,-0.2947179009764,0.0186016303901,0.3427269422726,0.5677786587269,0.4872009666727,0.4198441132796,-0.1078495245395,0.1363028826734,0.2718092039026,0.0321650057961,0.1759402625324,-0.1994604689018,0.0685806363687,-0.0904355442084,0.2105051165096,0.0717491546652,-0.0486567251225,-0.2996758762413,-0.1960495835528,0.1013764633752,0.7246598667314,0.4915402153823,0.0026703502528,0.3367756717440,-0.0595093565456,0.8304195215786,0.4800784865079,0.8315731944921,-0.0622992414891,-0.2494347537222,-0.0381702953119,-0.0624762423602,0.4067342092904,0.3898510348154,0.6684386658645,-0.0977549899248,-0.0687720533461,0.3961392327978,0.5452277232639
0.0095396199314,-0.0475324871576,0.3685735452862,0.3688666522672,0.3985119153140,0.1178983029039,-0.1040917604083,0.6659962960627,-0.0236020182735,0.7859861024531,0.0365653294074,-0.0951407857451,0.1705377627334,0.3755369687328,0.2100231722954,0.2740904498645,-0.1008520658781,-0.1798022904052,-0.1487466603817,-0.3714410108594,0.2012516975612,-0.1857898862558,0.1339263963853,-0.2016225921173,1.0000000000000,0.3073564206005,0.2742934239804,0.2126682038630,0.3799814509847,-0.0821724773024,-0.0334964617784,0.3543321635151,0.0172131551044,-0.0658425976943,-0.1880231124677,-0.2599717352539,-0.1239835299043,0.1700312573572,0.2476085490542,0.4123966887212,0.0149671523417,-0.1573875643707,0.4428517121219,-0.0946935142372,0.7482509841542,0.0376520219681,-0.1365626741710,0.1742498784105,0.3619514659760,0.1817883810237,0.2612681182657,-0.1131079908626,-0.3523156034032,-0.3786124710746,-0.3531808983568,0.2188686289174,-0.1986530073821,0.0782675990903,-0.2293894523058,0.7742768443847,0.2601353604503,-0.1019447354631,0.0941416630759,0.2624003737772,-0.0600325640556,-0.2169864041816,0.1251849636604,0.0624480186577,-0.0691747874327,-0.2543560908044
-0.0339864659732,0.0941946631759,0.2107902939481,0.3416348663452,0.1741296209781,0.1480122477630,-0.2987251747846,0.3109492235597,-0.1215565005456,0.4628479675040,-0.0574085766233,0.1815820316808,-0.0064131161498,0.7550693050568,0.2508144987617,0.3929356915397,-0.0357318213290,-0.1293832162167,-0.0996829104347,-0.2347452299335,0.3093863366263,-0.2379781805324,-0.0302721901325,-0.1760639281571,0.3073564206005,1.0000000000000,0.3181462653593,0.5620302169978,-0.1302711732211,-0.1254688387012,-0.1694032500061,0.4443123075944,0.0693254197521,0.1274262029234,0.0989983590423,-0.3310818774705,-0.0636539388185,-0.0429000905290,0.4158628378771,0.1479618891485,0.0703219025876,-0.2786960580206,-0.0172111234501,-0.1150480328861,0.3545566427548,0.0197551449382,0.0095447981556,-0.0067039442006,0.4777505975397,0.1418167839572,0.3263263332343,-0.1350776149052,-0.3799277632419,-0.4440440487216,-0.4160008906424,0.1764850434095,-0.2206692182213,-0.1432451468724,-0.3469951514840,0.0719910469809,0.7627800429907,-0.2754239922725,0.2913981811674,-0.1109472163208,-0.0845127888093,-0.2436003527054,-0.0893846864707,0.1909868762774,-0.0373054150274,-0.0589137170231
-0.0279438888508,0.2180996308257,0.5780413065192,0.0918542904758,0.1850131557087,0.1379798529540,0.0056944020478,0.4187884745718,0.2112194599912,0.2233523469289,0.2073337215886,0.4943846221786,0.1949338121900,0.4357320369910,0.2752173299349,0.1816170134736,-0.0837577344195,0.3113663937722,0.3359108327016,0.2321976480897,0.0933147537976,-0.1610858337416,-0.0425398676682,-0.0219806465231,0.2742934239804,0.3181462653593,1.0000000000000,0.5836128629874,0.2179924565253,-0.0832695793622,0.0107662514228,0.3923331243167,-0.0023164643094,-0.0023852139120,0.0853763839302,-0.2239662534311,0.0634097335341,0.1077140113469,0.0130595090727,0.0983564764129,0.0028550658461,0.0183926006598,0.0219928759295,0.0439200994286,0.0991590167591,0.2837885027378,0.0851558936340,0.0823757270650,0.0302055778256,-0.1024929759039,0.2064118080590,-0.1293350946198,-0.2380690048380,-0.0860054657445,-0.2447116994882,0.0951305358077,-0.1629507230862,-0.2138717512806,-0.1959492612402,-0.0756261264116,0.0322358903452,0.0145019276527,0.0777870824741,0.0616180650966,-0.1464486323682,-0.1800332614844,0.0235002271884,-0.0176235186298,-0.0205563413003,-0.1001276140207
0.1530935731186,0.1724625681528,0.5961116430619,0.1577704138477,0.1199193712379,0.0931607236032,-0.1413607698472,0.5140397527600,-0.0340788843667,0.3591052216450,0.0818302513054,0.3451284504377,0.1489144687900,0.5233820881114,0.3926773472050,0.2243633235524,-0.0472210079250,0.2268250577156,0.2706006183942,0.1027066382105,0.2613923199872,-0.1716288263428,0.0083046232108,0.0044823223610,0.2126682038630,0.5620302169978,0.5836128629874,1.0000000000000,-0.0169896814283,-0.1964059815382,-0.0062300910505,0.4354979811708,0.1294039393092,-0.0061289348095,0.0523999694376,-0.3689527816022,-0.0623306600066,0.0028616921436,0.1436238748294,0.0873928208952,-0.0510619144640,-0.1558602052346,-0.1059838594519,-0.1223636089036,0.1259723696803,0.1779744243745,-0.0066266006158,0.1194258665740,0.2219793746432,-0.0309915912978,0.1829130382494,-0.1148532259706,-0.4540491020228,-0.2908838188365,-0.4346491378282,0.2231820108984,-0.1609754510050,-0.2512308377192,-0.2606193446755,-0.1929210557346,0.2922225653187,-0.3475600876075,0.2663653447308,-0.0786042831777,-0.1546694384758,-0.2844960552504,0.0972110751981,0.1779209715797,-0.0827686724623,-0.2276503588844
-0.0309439607464,0.1978340824669,0.3229490777947,0.2193479690313,0.3565229577522,0.1770799493127,0.0777805640646,0.2483081100572,0.5855518865611,0.0183157331077,0.3002091819279,0.1489433974450,0.2347923252822,-0.1025019729957,0.0190113889440,0.1366153770361,0.2726822046311,0.2712698931610,-0.0745693935926,0.0400415987050,0.1374127245465,0.3397901522972,0.4004625195666,0.3910318421933,0.3799814509847,-0.1302711732211,0.2179924565253,-0.0169896814283,1.0000000000000,0.1812504671753,0.5580194504930,0.0253824707836,0.0168442726543,0.1679331519534,0.2123664807167,0.0618052502338,0.0898328903952,0.1850519509118,0.0321895358637,0.3333987201904,0.0268266401313,0.1134124310814,0.3356087778857,0.3380266547067,0.2500435316455,0.3436636738293,0.0443359642830,0.0778791836023,-0.1039834724293,-0.0632852788659,0.1174724133016,0.2952436632674,0.1645926804056,-0.2324147759703,-0.0502138989882,0.1067701185829,0.2381754439880,0.2635932490316,0.2696013541991,0.3252992706353,-0.2913494040400,0.0403659204589,0.0239456954896,0.8423061602501,0.0359069594897,0.4307203133448,0.0975860969233,-0.0598055610418,0.1407820607989,0.1564458426416
0.4090772980832,0.2525563847134,-0.1791996708505,0.3186285920789,0.3170685417440,0.2552997123775,0.2228283113184,-0.2158675932713,0.1904799335984,-0.1037490897696,0.3171110540486,0.2103391845933,0.2034966943654,-0.1552883193194,0.4153599931525,0.0769372235280,0.3411112354161,0.2860066567083,0.1622357813436,0.4090686792934,-0.0566426926187,0.4660418080830,0.4666989075137,0.4976780880224,-0.0821724773024,-0.1254688387012,-0.0832695793622,-0.1964059815382,0.1812504671753,1.0000000000000,0.3132230254499,-0.1461906177561,0.2405136022562,0.6127228060259,0.4544436598479,0.6208970910317,0.2721131489614,-0.3522692217932,0.2276972417168,0.2854564480490,0.2728564990976,0.3603555866289,-0.0130499853631,0.1334831691317,0.0376931704280,0.2733354970745,0.2151940976879,0.0430456689333,-0.0545667390700,0.1450241945126,0.3370322627788,0.3342845379402,0.3703866932050,0.0006309812634,0.3417885158830,-0.0943763912431,0.4896832308698,0.4284270658623,0.5466549440196,0.0473678473167,-0.1736770518865,-0.1471476443861,-0.1787705303363,0.2672979563720,0.8261991258804,0.4845369081306,-0.0232184189344,0.1999026395296,0.6239105752967,0.4412626143763
0.4085262601886,0.2015117506016,0.2850208425604,0.3091596021401,0.2549009897232,0.0637881184471,-0.1143568917613,-0.1096155036863,0.5458669426251,-0.2669779712038,0.0064592287190,0.2043238006108,-0.0457394017554,-0.3522654783590,0.1472701003530,0.0508843648874,0.5010589363481,0.4101727116247,0.0038547323786,0.3252481773847,0.1127392323329,0.4755317809848,0.5981456371473,0.5940666533944,-0.0334964617784,-0.1694032500061,0.0107662514228,-0.0062300910505,0.5580194504930,0.3132230254499,1.0000000000000,-0.3643573233052,0.0883751996810,0.2304873018510,0.4862733775080,0.4172684276516,0.1395788258160,0.0639754145644,0.1754560111658,0.1850940996713,-0.0102586421115,-0.0197707634373,0.0204470313902,0.2122282415478,-0.0398644388082,0.0573316819223,0.0657616404852,-0.1527142368619,-0.2869939092529,0.0173569547035,-0.0070293297780,0.5126879096432,0.3836436945327,-0.1184197505386,0.2034534905300,-0.1029968052665,0.4054055056331,0.3861841243535,0.3788984881907,0.0353728221442,-0.2659627123345,0.0188295351727,0.0102298768782,0.4615930364641,0.1912330707779,0.6833947784073,-0.0978466587048,0.0452617733850,0.1964223107678,0.4102904249834
-0.3346103966336,0.0053917474267,0.1579201336715,0.0237291068724,0.1896279380102,0.1413309032391,0.0494118915046,0.4685072939153,-0.0602988929614,0.4615320018887,0.3119105951809,0.2139611786165,0.3185155014210,0.6176924194775,0.2028827820032,0.1856540798695,-0.2798158687245,-0.2131491649913,0.1144597489435,-0.1993260668308,0.3110527177209,-0.3013149820738,-0.1935872138629,-0.2947179009764,0.3543321635151,0.4443123075944,0.3923331243167,0.4354979811708,0.0253824707836,-0.1461906177561,-0.3643573233052,1.0000000000000,0.1173789444302,0.0065358936878,-0.2345686903152,-0.4606887254770,-0.1159301398697,-0.0269602590471,-0.0236757564582,0.2074344313323,0.1722622880413,-0.0231139701152,0.2142589363271,0.0258496037577,0.2944174230653,0.3631375178103,0.1903085189238,0.2910438946376,0.6249474451355,0.1322098577849,0.2196679583122,-0.3297084680330,-0.4749689919646,-0.2636127669645,-0.4284782361148,0.4102015987592,-0.2705893810706,-0.2453821413669,-0.3107991996959,0.0773477774193,0.2635176386742,-0.2541249826769,0.1497680893257,0.0869698851420,-0.1448365049153,-0.3407880877922,0.5606664655937,0.2113719170988,-0.0007821487340,-0.3501632169896
0.0598565696843,-0.0084198955400,0.0770202567836,0.0863099098081,0.0622246937659,0.5461666848309,0.1588486022456,0.1219496208815,0.2227802283284,0.1274972642746,0.1080651419245,0.1038596438985,0.1021469839034,0.0638861805310,0.2410517494620,0.2024947373649,-0.0139531140265,0.0824724132222,0.0882122630845,0.0582662500239,0.1042781379320,-0.0385761458016,0.0531923146729,0.0186016303901,0.0172131551044,0.0693254197521,-0.0023164643094,0.1294039393092,0.0168442726543,0.2405136022562,0.0883751996810,0.1173789444302,1.0000000000000,0.1617660949270,0.2559681480442,0.0013113748559,-0.1313111654531,-0.0363806111361,0.0931462296930,0.0935531169836,0.5290693148622,0.2896036992380,0.0946970553996,0.2333745776974,0.0986437740989,0.1136717937102,0.1839870727544,0.0692825364640,0.2704656706409,0.2184984427807,0.1607515723487,-0.0600675245397,-0.1344954002950,-0.0786081354895,-0.1308407301605,0.1061188423155,-0.0192536275313,-0.0368906745033,-0.0604137194303,-0.0368366808663,-0.0261786126543,-0.1977937448433,0.0170792347028,0.0271631933258,0.0708773943899,0.0675515729943,0.1288779374400,0.7015889565936,0.1221098116777,0.0044809578696
0.1800081232367,0.3158304184766,-0.0569745838440,0.3561831346622,0.2629276802348,0.1330471191213,0.0617476766942,-0.1523736752719,0.2653676226847,-0.0767872835291,0.3076484976128,0.1006551560410,0.1195294575663,-0.0397333014765,0.2908754587713,0.2919950588518,0.2281020416678,0.2968556851356,-0.0585286625211,0.2029956917563,0.0882431940862,0.3120564357311,0.3573890697780,0.3427269422726,-0.0658425976943,0.1274262029234,-0.0023852139120,-0.0061289348095,0.1679331519534,0.6127228060259,0.2304873018510,0.0065358936878,0.1617660949270,1.0000000000000,0.5574900222012,0.4270698514807,0.2861694510766,-0.1905132340874,0.3185012138669,0.2138560187097,0.2107362987749,0.1300307649569,-0.0202136568630,0.1677045596294,0.0083713442385,0.2960090191667,0.1085385731725,-0.0495002540281,-0.0343274141182,0.2131736238016,0.1717928355888,0.1799276313414,0.2968871278586,-0.1397190146624,0.1643226899445,0.0733994739639,0.3477992867318,0.3725993434280,0.3281615366546,-0.0320743417152,-0.0093879620311,-0.0767644002869,0.0562890805728,0.2481684451606,0.5170170090659,0.4161887078012,0.0623323491469,0.1995325344723,0.6580209656816,0.5255385272049
0.3243433653026,0.5445684834121,0.0161445711618,0.4284690463028,0.2319433279142,0.1250927652783,0.0206788948455,-0.3512397714620,0.2622817253758,-0.2499990247640,0.0409400572466,0.2110586617481,-0.0110110624980,-0.2411453865565,0.0970784179187,0.3886996989909,0.3151710429706,0.5181466336128,-0.0462065180018,0.4147467436344,0.1351270000029,0.4204370331462,0.4555578494963,0.5677786587269,-0.1880231124677,0.0989983590423,0.0853763839302,0.0523999694376,0.2123664807167,0.4544436598479,0.4862733775080,-0.2345686903152,0.2559681480442,0.5574900222012,1.0000000000000,0.4785348148909,0.5273174907518,-0.2012767753094,0.3962175431598,0.1435690814777,0.1473044149248,0.0793670661198,-0.1290772737288,0.0122835823900,-0.1166693265249,0.1058954570896,0.0994947995159,-0.1840310359311,-0.2808909038480,-0.0148341957266,0.1102165278702,0.2964197491515,0.5337322516169,-0.2003403835103,0.3718220538665,-0.0571549057577,0.3969336584280,0.3820190253636,0.4278123457490,-0.1021357207740,-0.0226388427331,0.0098385468210,0.0797075777514,0.2284185317844,0.2367901418398,0.5638406471021,-0.2052550044639,0.1428102676999,0.2732048780356,0.8029439071125
