1.0000000000000,0.0897998731190,-0.0414965149950,0.4226006411338,0.5776823873862,-0.2168797406508,-0.0031658054617,0.2130136422447,-0.3961279185648,0.4993568080712,0.0488303309957,-0.1861040434411,0.3438346210564,-0.1973990828731,0.1135147314639,-0.0647122924333,0.3857303867939,0.5014099996857,-0.0126307351136,0.2569245124907,0.5092594124535,0.4110842214011,0.4118373990758,0.3143164159163,0.4683860542093,-0.0084624492898,-0.0740455188574,-0.2031949401895,0.3770168016425,0.5352895461746,0.4044167118416,-0.1385075822817,-0.0146477661646,0.4844114694230,0.5056428341525,0.6311443155161,0.0640157869910,-0.1573117626948,0.3558747176947,0.4318958636803,-0.1189012969719,0.0522588264532,0.1425803884401,-0.3277469356127,0.4324133749994,0.0116387503262,-0.1094374686112,0.2148379889119,-0.0898000377149,0.0811822757771,0.0037784127241,0.3366371116799,0.4085750824465,-0.1167155547338,0.2755277761338,0.3719593770175,0.3401001685446,0.4030863518303,0.2431016782570,0.4986114843361,0.0811448769692,-0.0689248658763,-0.3044541231515,0.1792225019027,0.4059221731064,0.4484180115489,-0.1120417079968,0.0884719929055,0.4747969811657,0.4133767089177
0.0897998731190,1.0000000000000,0.1577807375425,0.4092267251709,0.0719086609811,-0.0822495314743,-0.2637650708950,-0.0155265475093,-0.2545857510265,0.0604092696084,-0.2117143428571,-0.1261806741647,0.0171301328660,0.1112070229252,-0.1797089253448,-0.3174968672998,0.2921302929478,0.3486792709142,0.1400138538440,0.3446267495448,0.0741304043126,0.1854551930439,0.3724902566929,0.2717294344233,0.0569389680388,0.3460248212646,0.4105156392143,0.3268976056220,-0.0388974974567,0.0629848726786,0.1113098938700,-0.0759939071054,-0.0051908317394,0.0050574979532,0.3240548346545,0.0634424763816,0.8515126772657,0.0522631613425,0.4900648006571,-0.0136818838604,-0.0595959014375,-0.0992884808945,0.0576221889742,-0.1530963141759,0.0298119567053,-0.1862232774916,-0.1522981293178,-0.0107103371511,0.0417508134170,0.0060765714802,-0.2642855855669,0.2827039494505,0.1722617583644,-0.1722577760155,0.0988339050310,0.1044884028690,0.1989851966704,0.3673861811525,0.1852456271317,0.0882371247162,0.3620342914983,0.0897494035924,0.1985081808039,-0.0565823873325,0.0412527587455,0.1713248122167,-0.1860911390697,0.0601810907229,0.1018598617649,0.0935455939128
-0.0414965149950,0.1577807375425,1.0000000000000,0.0787542620714,-0.1276971101201,-0.5050735987934,-0.3439420619427,-0.2930906605373,-0.3260271445549,0.0597633179894,0.0872634608435,-0.1014116919730,0.2295149383620,-0.0015538978923,-0.3211356755567,-0.2725908440026,0.3665513076699,0.2827695272717,0.0066646011039,0.1271421166358,0.2901325987842,0.4071976073738,0.4333532255892,0.7557916400232,-0.2525765680524,-0.0077880932877,0.3129705882446,0.6987133627999,-0.2649013798222,-0.3175949679644,-0.2132672526022,-0.3180208823945,-0.4194279426874,-0.1934132614557,-0.0544303677810,-0.1096613212468,0.2915233631772,0.6403285459855,0.2312727719331,-0.0939697705578,-0.4981977050079,-0.2223911865989,-0.3626780462546,-0.4269319162321,-0.0156831987283,0.0439918872330,-0.0010262269156,0.0921367541527,-0.0352118081613,-0.4073716756880,-0.3975411126514,0.3828909671642,0.1976698988230,-0.0032161759135,0.2439365871425,0.2774562592559,0.3844180921005,0.4317128466184,0.5795152715248,-0.2002626646929,0.0543261086074,0.2443228087297,0.7339018254654,-0.2698500196111,-0.2038944257879,-0.1183367825535,-0.1590489108034,-0.2241495445967,-0.0836655996759,-0.0184070075888
0.4226006411338,0.4092267251709,0.0787542620714,1.0000000000000,0.3815041219460,-0.1905965833679,-0.0654270905567,0.0961218393706,-0.3698212153536,0.5052023666951,-0.1773984122421,-0.2916408659736,0.3010934783369,-0.1615996854531,-0.2422956688429,-0.3091384201425,0.4349126946252,0.5442107957202,-0.0698927420037,0.3728705827104,0.3282303266659,0.1911392955952,0.5378372073140,0.2507691812782,0.2855191168943,0.2780735259200,0.1919939945217,0.1433221656933,0.1305595771592,0.2195116162308,0.3009027133544,-0.0405282706945,-0.1046097679865,0.4756706512046,0.3932723587651,0.5113134519441,0.3808161118605,-0.0168078180707,0.7793486905340,0.1613137178796,-0.2065743872219,0.0528592390195,0.0005688706292,-0.1604973161531,0.3992173785153,-0.0804607511913,-0.1640430529551,0.2476019631969,-0.0152469334691,0.1495720640597,-0.0116301102460,0.4084547519501,0.4196693756559,-0.2155776338994,0.1723894675471,0.2895243130302,0.2123733814144,0.5369212146741,0.2136254854939,0.3613397055515,0.3522788720122,0.0862281779545,0.0154114867055,-0.0614392590785,0.3587323536889,0.1749886180138,-0.0996909691277,-0.0147193590796,0.4116720795615,0.4138350134672
0.5776823873862,0.0719086609811,-0.1276971101201,0.3815041219460,1.0000000000000,-0.2239557358606,-0.0221254973226,0.3309172512792,-0.3035047379095,0.5349933168440,0.0389039814563,-0.1862708464782,0.3738454457601,-0.1493263966935,-0.0235064758817,-0.0168706541750,0.2475132357242,0.3099172199201,-0.0862024949676,0.0829464117854,0.4858992362546,0.2817093717215,0.3793822536227,0.1375611454157,0.6624691917929,0.0678527042113,-0.0706931494730,-0.1726418048084,0.5285846857492,0.3367107985681,0.4220042867643,0.0110181297571,-0.1272742045488,0.3854657753062,0.2533239249177,0.6655534870081,0.0685533963362,-0.1419026394743,0.3273108080519,0.8621485262029,-0.1463760812921,0.0665395569113,0.2797237674928,-0.2399035042705,0.5053864812604,0.2198775826431,-0.1363654377023,0.3477316848811,-0.1095633651743,0.2442722659133,0.0674473245246,0.1870105947332,0.3668701271992,-0.0640413680079,0.2131817858437,0.5319729975969,0.1593271649673,0.3628605707143,0.0813917360551,0.7177855636679,0.1034891849319,-0.0107204318079,-0.2757390700672,0.3906152281398,0.4014281484084,0.4298416359745,0.0332909856585,-0.0135046948274,0.4812331425483,0.3617740248560
-0.2168797406508,-0.0822495314743,-0.5050735987934,-0.1905965833679,-0.2239557358606,1.0000000000000,0.3781433063704,0.0389327638446,0.4597773518957,-0.2261915022393,-0.0241688790368,0.1171886236070,-0.2839524231198,-0.0460459263596,0.2372949463552,0.1831331455777,-0.3213809642301,-0.4221609440268,-0.0785757862205,-0.2122347893695,-0.3923001287242,-0.3529780154071,-0.3723682820546,-0.5738018851534,-0.0414403830035,-0.1344431563594,-0.2460008912372,-0.3131591105689,0.0025735077093,0.0367353263556,-0.0260984725977,0.1215178425229,0.5705759917061,-0.1342201610929,-0.1163946157999,-0.1857222611499,-0.2270725422439,-0.3630312810271,-0.2624392675544,-0.2185004818813,0.6823238213393,0.2705616142858,0.1357803355001,0.5240024765261,-0.1333665835408,-0.1502939204128,-0.0360660695172,-0.1553599353875,-0.1029794872745,0.1262125268233,0.3531032273080,-0.3154522275351,-0.4052832657266,-0.1079759752643,-0.4365184921917,-0.4442191940746,-0.3439189464426,-0.3612665092592,-0.4663485584624,-0.1169001412375,-0.1856220482677,-0.2993560813572,-0.2913673657285,0.0850466886596,-0.0763231446495,-0.1062992039881,0.0073832889295,0.2784073849394,-0.1188774423988,-0.2567165000671
-0.0031658054617,-0.2637650708950,-0.3439420619427,-0.0654270905567,-0.0221254973226,0.3781433063704,1.0000000000000,-0.3796028676118,0.6722065029689,0.0680568470655,0.3554105597168,0.0472518794037,0.3993545381005,-0.0963664880620,0.2430923015801,0.6835450225341,-0.2755645668443,-0.1588662019232,0.0192917883876,-0.0364357793487,0.1500218022221,-0.3028097378598,-0.1356192536519,-0.3774460988188,-0.1983027437127,-0.4882439677670,-0.6307109889649,-0.6273571765963,-0.2317440016391,0.0642614836280,-0.2639947681780,-0.2329443469425,0.2471195321797,0.1024290059416,-0.0297375777998,0.0639399973616,-0.3169544616419,0.0065177454200,-0.1358809849472,-0.0783863193097,0.3380710738404,0.8023243635961,-0.3937958358951,0.6605774814400,0.2151441847167,0.3949938251903,0.1862275769307,0.5511176861936,-0.0627533920789,0.2377971495457,0.6825570179406,-0.2143207328292,0.1297646303064,0.0333997453099,-0.0015197341252,0.1516281674956,-0.0342793225697,-0.1282966908398,-0.0213369678144,-0.1486014942585,-0.4308601324152,-0.5741359819950,-0.3656554296207,-0.2855326377263,0.2257205354734,-0.1622712432221,-0.2890223192074,0.0702226449338,0.1769072708221,0.1890600900185
0.2130136422447,-0.0155265475093,-0.2930906605373,0.0961218393706,0.3309172512792,0.0389327638446,-0.3796028676118,1.0000000000000,-0.2879471999264,0.1257532098450,-0.5116156274743,-0.0407123744579,-0.5292871107146,-0.0161753285908,0.1557827500715,-0.2636223463825,0.0319776906272,-0.1500792283212,-0.0748142849843,-0.1494048323324,-0.3665991430430,0.3384719617315,0.0009562971708,-0.1239962742634,0.7833695125494,0.3949238882617,0.2517372520335,0.0440445146237,0.8167940884136,0.2519934360106,0.8203490924791,0.6420024249870,0.0085342701421,0.1761734087667,-0.0523552763080,0.2402308148680,-0.1204913984288,-0.6472627679170,-0.0856692045383,0.3314314522718,0.1656918658194,-0.4723868670480,0.8240164550915,-0.2690193130098,0.0130361460229,-0.4131996280653,-0.3326429143584,-0.5352709809901,-0.1349116288271,0.1656886347116,-0.1391224086495,-0.1356877436520,-0.3518682061732,-0.3036209804653,-0.4063956035129,-0.4145864262451,-0.2215820384217,-0.1247931002553,-0.5144921439668,0.6797921351226,0.2251735805348,0.1772837884538,-0.3975787057277,0.7479518142184,-0.0114148829053,0.3265763426269,0.4701330997748,0.1949083447450,-0.1060777425639,-0.2493329521637
-0.3961279185648,-0.2545857510265,-0.3260271445549,-0.3698212153536,-0.3035047379095,0.4597773518957,0.6722065029689,-0.2879471999264,1.0000000000000,-0.2106090753162,0.1589861289922,0.3019944591607,-0.0299683002266,0.1250876257164,0.3633160574502,0.5944746854448,-0.4431304550074,-0.3302115364346,0.1963302134215,-0.0124120060801,-0.2444678862593,-0.4527036186774,-0.4123028296036,-0.4789489563427,-0.2973152496318,-0.2774245863221,-0.3753899674151,-0.4779478505153,-0.2779639035696,-0.1344513574570,-0.3366339405903,-0.1144255625894,0.2631930505355,-0.2002510175159,-0.2392873872364,-0.3172408107741,-0.2858970600898,-0.0245640428006,-0.4038862715725,-0.2553716377810,0.3219188635853,0.3737922078994,-0.2286519291976,0.6268936765194,-0.1234408009544,0.1035787938920,0.2604872164811,0.0822730597047,0.0372143545956,0.0178467250958,0.3946282512536,-0.3608816723111,-0.2323271288180,0.0965166731767,-0.1914994935099,-0.1766170844633,-0.2806088666174,-0.4241909046759,-0.2471258352573,-0.3292297141915,-0.2915000039280,-0.4626375229457,-0.2497918036898,-0.2078463715964,-0.1692669812042,-0.2746616582418,-0.1139051003305,-0.0446476397954,-0.1819099447622,-0.1621597583922
0.4993568080712,0.0604092696084,0.0597633179894,0.5052023666951,0.5349933168440,-0.2261915022393,0.0680568470655,0.1257532098450,-0.2106090753162,1.0000000000000,0.0317178289632,-0.1133104335816,0.4920212300080,0.0003299135802,-0.0763733954988,0.0056103122631,0.2099162630225,0.2783020318561,0.0481905870872,0.1561925731258,0.4991736225294,0.2182867261102,0.5420392441527,0.1813287935386,0.4301988152598,-0.0342141489290,-0.1507249116019,-0.1224159269182,0.1806592154457,0.2548189867697,0.2389934724375,-0.1379718948347,-0.1330318281447,0.4671063813766,0.2994946943692,0.5166341751786,0.0613115803609,0.0625309192062,0.4091335190377,0.4397476253953,-0.1781012326614,0.1299771514725,0.0250825622642,-0.1355465911447,0.8159265849821,0.0802051781159,0.0191003582522,0.4024313649514,0.0741791791862,0.1314254288089,0.2102478425297,0.1685791380008,0.3385504564795,0.0151110127869,0.1596035159995,0.4884010451770,0.2514855767686,0.4993712327933,0.2017248200897,0.5285415767897,0.0448948752777,-0.0860856179385,-0.0635704682380,0.0475181782187,0.3278320282897,0.1546634058935,-0.1647792529971,-0.0684923026903,0.4470816420379,0.4053723052283
0.0488303309957,-0.2117143428571,0.0872634608435,-0.1773984122421,0.0389039814563,-0.0241688790368,0.3554105597168,-0.5116156274743,0.1589861289922,0.0317178289632,1.0000000000000,-0.0222330401194,0.5432017436901,-0.0529517696586,0.1190375394398,0.2376029748466,-0.0070471651516,0.0125726714811,-0.1196117210102,-0.1411309573316,0.6100799925701,-0.1326784279748,-0.0639728260833,0.0298548997786,-0.3118819063452,-0.3518008173651,-0.3322517626053,-0.2289076301489,-0.2597498009506,-0.0174515254302,-0.4684295449060,-0.5081962827795,-0.0884628932222,-0.0295617023073,0.0089615983615,-0.0834499106077,-0.1669195735659,0.3885466030771,0.0770140834491,0.1884973126700,-0.2213897693991,0.4066496282385,-0.4886765483142,0.1635976209951,0.1831715595160,0.7851454466117,0.1884768598381,0.5391947900942,-0.0790246799089,-0.1502337134993,0.0925812081363,0.0666217842338,0.1312731661196,0.1942320700487,0.2281625510771,0.4941884200993,0.2541270297047,0.0488630071898,0.3386577728787,-0.3156031182248,-0.2827371915308,-0.2259536983804,0.1218416374083,-0.1853177159814,0.0000597994643,-0.1409699353612,-0.3312390950861,-0.1742825885466,0.1573447663609,0.0793415162980
-0.1861040434411,-0.1261806741647,-0.1014116919730,-0.2916408659736,-0.1862708464782,0.1171886236070,0.0472518794037,-0.0407123744579,0.3019944591607,-0.1133104335816,-0.0222330401194,1.0000000000000,-0.1750153594792,0.7253015646445,0.3733658447091,0.1813396567123,-0.3283009765423,-0.1405411984818,0.6053297534397,0.1978543897635,-0.1812476988530,-0.2252434812893,-0.4317613033905,-0.2483305734742,-0.0983080301768,0.2365348670693,0.1322471042759,-0.0720179244243,-0.0538256753002,0.0849879387558,-0.1711926010993,-0.0753639192550,0.0572420217668,-0.2257763968424,0.0967448037230,-0.2809453497929,-0.1397210744257,-0.0813804279055,-0.2297511019800,-0.1556830944742,-0.1223707952240,-0.0675562435380,0.0917028526239,0.0006784732528,-0.1783694055294,-0.2171388477615,0.7241767729293,-0.2576313684905,0.6828057588342,-0.1645676815853,-0.0281221157384,-0.3268322657508,-0.2198346370337,0.5436778304103,-0.0414583765943,-0.2050540658098,-0.2269098509385,-0.4165299817027,-0.2572699454479,-0.0928069964994,0.1220855063303,0.1409814036049,0.0062050390578,0.0206968914882,-0.2279679702834,-0.1346104196111,-0.1030282828591,-0.2862074628528,-0.2109363965336,-0.0380466913989
0.3438346210564,0.0171301328660,0.2295149383620,0.3010934783369,0.3738454457601,-0.2839524231198,0.3993545381005,-0.5292871107146,-0.0299683002266,0.4920212300080,0.5432017436901,-0.1750153594792,1.0000000000000,-0.1142197366315,-0.1721050481159,0.1646545043310,0.2717047565144,0.3807460923977,0.0400349039695,0.1917933985929,0.8100703334725,0.0354678342857,0.3782559586728,0.3025035024946,-0.1658462444918,-0.4019085292146,-0.3652925859448,-0.2030398552894,-0.3023433788213,0.0616023442272,-0.2997813077865,-0.5781801674993,-0.1994644729693,0.2715781604356,0.2402559987636,0.3408380448110,0.0732747988439,0.4954220750330,0.3748233214295,0.2806089830588,-0.3193998734622,0.5043737960216,-0.5706058776518,0.0496208895275,0.4570384947850,0.5896892820799,0.1993396884878,0.8627038966343,0.0321240816155,0.0230035895947,0.2469592939244,0.3241344348986,0.5480017621557,0.1743645232830,0.4308364848845,0.8251360820084,0.4027693889980,0.4352956352538,0.5615130654747,-0.0229623191101,-0.2297655764121,-0.2339837883005,0.1051007358072,-0.3847918422242,0.3260251236936,-0.0195074103714,-0.4536289414751,-0.1890099768353,0.4237084920518,0.4719971111646
-0.1973990828731,0.1112070229252,-0.0015538978923,-0.1615996854531,-0.1493263966935,-0.0460459263596,-0.0963664880620,-0.0161753285908,0.1250876257164,0.0003299135802,-0.0529517696586,0.7253015646445,-0.1142197366315,1.0000000000000,0.0731834633018,-0.0102797475768,-0.1835406090593,-0.0831962140200,0.6094135611914,0.3116243869427,-0.0883785377762,-0.2025482179437,-0.2973950881765,-0.1495033460482,-0.0936321378712,0.3261993064571,0.2931864431896,0.0660872827769,-0.1182838972009,-0.0194291324090,-0.1382383190062,-0.1039538601362,-0.0432106126144,-0.1363099124547,0.0485709747845,-0.1933225568427,0.0777829344118,0.0039812015378,-0.1152137075817,-0.1105363459999,-0.1202591064553,-0.1589781351499,0.0461851221867,-0.0332164352568,-0.1641623590882,-0.1397691911523,0.5940652463161,-0.2078924575995,0.8094271427356,-0.0488798696944,-0.0895290235449,-0.1977468739867,-0.1330166776768,0.5448490132415,0.0742548241920,-0.0923322765771,-0.2050986381080,-0.2874325551071,-0.2006130553179,-0.0805634741984,0.2937103600373,0.2425989376953,0.1239653651742,-0.0473641157883,-0.1163931182270,-0.1670452510408,-0.2075049217062,-0.1722270942739,-0.1736852487464,0.0610130199882
0.1135147314639,-0.1797089253448,-0.3211356755567,-0.2422956688429,-0.0235064758817,0.2372949463552,0.2430923015801,0.1557827500715,0.3633160574502,-0.0763733954988,0.1190375394398,0.3733658447091,-0.1721050481159,0.0731834633018,1.0000000000000,0.4834008688361,-0.3449285350571,-0.0338804412050,0.2530177044185,0.1396677587816,-0.2143452824283,-0.0028423830611,-0.3137536297240,-0.2557937836835,0.1158602376896,0.1540843881461,-0.0595358819146,-0.3492613184642,0.2206676825609,0.5556545883497,0.0250127710815,0.2833121769195,0.3305730578446,-0.1438782482597,0.2940243137942,-0.2322174362329,-0.3120863337084,-0.4554440114197,-0.1319580793694,0.0211852953420,0.2051969327688,0.0964710901176,0.2016666127490,0.0858230413448,0.0175455294968,-0.0396636731165,0.0092066799643,-0.1858923904352,-0.0021551348982,0.0444640478942,0.1744569383606,-0.3568414446571,-0.2509823693509,-0.0785548434965,-0.1631363643022,-0.2946070604576,-0.1364889173313,-0.3602540132204,-0.2966943255312,-0.0159244334600,0.0002232212679,-0.2473794565345,-0.4113828104065,0.2622499401907,-0.1553526111350,-0.0185805936020,0.2621092198498,0.2357447180765,-0.1288002892292,-0.1406433406361
-0.0647122924333,-0.3174968672998,-0.2725908440026,-0.3091384201425,-0.0168706541750,0.1831331455777,0.6835450225341,-0.2636223463825,0.5944746854448,0.0056103122631,0.2376029748466,0.1813396567123,0.1646545043310,-0.0102797475768,0.4834008688361,1.0000000000000,-0.4295791022831,-0.1428737302369,0.0643470197737,-0.0011429420999,0.0327114976866,-0.2235531051223,-0.1201645957040,-0.3161713900542,-0.1298703052572,-0.3267692315180,-0.4751107228991,-0.5453566418134,-0.1370699148614,0.2157205834797,-0.2380515514617,-0.0579382097000,0.3029576090663,0.0610223286255,0.0932899355958,-0.1012790255321,-0.3304889867194,-0.0470280379616,-0.2743761408281,0.0286804669389,0.3334522881407,0.5584953361931,-0.2556482875979,0.4305478785838,0.2296178567396,0.2614371965652,0.1500022047960,0.3226566403574,-0.0102239664033,0.2569101213694,0.6428874561430,-0.3541853174151,0.1143182910233,0.1685837053142,0.1175765021314,0.0699846171963,-0.0839918131400,-0.1824844735421,-0.0732274458124,-0.1376772666899,-0.3475492686792,-0.4385315637486,-0.3477101642662,-0.1280301955650,0.1564354924206,-0.1204600630369,-0.0612569161401,0.1932601698723,0.1148321158882,0.2199194583943
0.3857303867939,0.2921302929478,0.3665513076699,0.4349126946252,0.2475132357242,-0.3213809642301,-0.2755645668443,0.0319776906272,-0.4431304550074,0.2099162630225,-0.0070471651516,-0.3283009765423,0.2717047565144,-0.1835406090593,-0.3449285350571,-0.4295791022831,1.0000000000000,0.3848338217588,-0.0922509727645,0.1663186252640,0.3891735399927,0.5503186508233,0.4953708379165,0.6676443223076,0.2529518272460,0.0492754456055,0.0798337916985,0.2988613266089,0.1757820283364,0.0160252561503,0.2374696837843,-0.1873062275560,-0.2027310325449,0.2501032395846,0.1392112137368,0.3549569373195,0.2952774055983,0.2272872807658,0.4027508388616,0.1612376745361,-0.2874116546819,-0.1361010169401,-0.0791241931913,-0.3264825725076,0.1090828333431,0.0303681430272,-0.1437482968461,0.1281625065738,-0.0972458686485,-0.0681912100048,-0.2705966358509,0.9479770877900,0.2922473271871,-0.1403549857884,0.1655760691747,0.3382412567601,0.5936335282334,0.5303524716655,0.5608681226772,0.2921860201138,0.1254407504672,0.0489531347096,0.1587526477227,0.0523988017950,0.1493851854404,0.3245245155437,-0.1222538032362,-0.0229333089791,0.1874048913852,0.1765498690287
0.5014099996857,0.3486792709142,0.2827695272717,0.5442107957202,0.3099172199201,-0.4221609440268,-0.1588662019232,-0.1500792283212,-0.3302115364346,0.2783020318561,0.0125726714811,-0.1405411984818,0.3807460923977,-0.0831962140200,-0.0338804412050,-0.1428737302369,0.3848338217588,1.0000000000000,0.1487457588089,0.6672850196787,0.4314161538020,0.2849956974658,0.4550065055972,0.5401326711876,0.0333314056724,0.2239255241236,0.3511009430229,0.1541162519558,-0.0183093377288,0.3419714987646,0.0418002024459,-0.1879639359270,-0.1516924144815,0.2799480184984,0.6456047357112,0.3347243157317,0.3846485439703,0.1746479117721,0.6393743364266,0.1785377757538,-0.3479775605002,-0.0303477921874,-0.2110612579787,-0.3805536846761,0.2510005427038,-0.0112244875858,-0.1198757468252,0.2324607933536,0.0468791098632,-0.1132429585223,-0.2188194714015,0.3979795188556,0.6465919391567,-0.0412126265955,0.5170896460818,0.4198299350593,0.3343666766071,0.4479081832080,0.4450450929730,0.0799321052713,0.3071505543062,0.1948572905494,0.1098199325229,-0.1575486450959,0.2355439692482,0.1205315890910,-0.0724808253235,-0.0282325382925,0.4112047217278,0.4815534517458
-0.0126307351136,0.1400138538440,0.0066646011039,-0.0698927420037,-0.0862024949676,-0.0785757862205,0.0192917883876,-0.0748142849843,0.1963302134215,0.0481905870872,-0.1196117210102,0.6053297534397,0.0400349039695,0.6094135611914,0.2530177044185,0.0643470197737,-0.0922509727645,0.1487457588089,1.0000000000000,0.5280811901170,-0.0552113825679,-0.1671701641864,-0.1793148100410,-0.0331734956717,-0.0684077188692,0.0996609034158,0.1266253650648,-0.0808969486939,-0.1059243718815,0.1863547658520,-0.1033668562156,-0.0069751380328,-0.0179762687856,-0.0332458974500,0.2935832502189,-0.0518424499577,0.1292741878175,-0.0400096616294,-0.0816597654873,-0.1431808802394,-0.0663211540194,-0.0278736330481,0.0055686311787,-0.0371480271113,-0.1285937641201,-0.1834179271656,0.4536656807116,-0.0941706928548,0.5123937993043,-0.0018234659183,0.0081335576785,-0.0871548409003,0.0472717441721,0.3856752476374,0.0776773016710,-0.0539339808684,-0.1359592187560,-0.1340600903410,-0.0629669801950,-0.0361121467834,0.0485258239539,0.0178881086300,-0.0938507334526,-0.0912091092479,-0.0214532464473,-0.0398416730919,-0.0525119404454,-0.1262481416307,-0.0198685154170,0.1430960108382
0.2569245124907,0.3446267495448,0.1271421166358,0.3728705827104,0.0829464117854,-0.2122347893695,-0.0364357793487,-0.1494048323324,-0.0124120060801,0.1561925731258,-0.1411309573316,0.1978543897635,0.1917933985929,0.3116243869427,0.1396677587816,-0.0011429420999,0.1663186252640,0.6672850196787,0.5280811901170,1.0000000000000,0.1339709126542,0.0480354605531,0.1715049546496,0.2156825696098,-0.0343067997605,0.3778055593175,0.4312311584909,0.0621050431177,-0.1087650289648,0.2797807805019,-0.0709399574712,-0.1980250650028,-0.0611308109644,0.0835993894939,0.5385178193139,0.0977439990377,0.3292621187542,0.0206942103371,0.4299236031754,-0.0539125648795,-0.1786413260020,-0.0368816056973,-0.0920388066095,-0.2083874668313,0.0801751664625,-0.2100882892911,0.1224222323719,0.0483026416284,0.3465543757628,-0.1149856785566,-0.0963663090505,0.1782396755587,0.3602310935234,0.1450759242023,0.4438833831176,0.1219452860489,0.0586162415930,0.1437073371851,0.1213152469465,0.0113583743468,0.4208316490287,0.1048225972357,0.0109858305525,-0.1805713030298,0.0429783034651,-0.0159921014562,-0.1440880654107,-0.0670614701465,0.1375969340830,0.3407419020068
0.5092594124535,0.0741304043126,0.2901325987842,0.3282303266659,0.4858992362546,-0.3923001287242,0.1500218022221,-0.3665991430430,-0.2444678862593,0.4991736225294,0.6100799925701,-0.1812476988530,0.8100703334725,-0.0883785377762,-0.2143452824283,0.0327114976866,0.3891735399927,0.4314161538020,-0.0552113825679,0.1339709126542,1.0000000000000,0.1840343092221,0.4556030728127,0.3969051483820,0.0215351534335,-0.2698650808308,-0.2205367358224,-0.0762716477909,-0.0996520692934,0.0641121906691,-0.1693550985418,-0.6091582232943,-0.2322822466035,0.2630806927849,0.2828812764115,0.4074958944911,0.1284775396429,0.4974175552319,0.4432572561608,0.4679910915539,-0.4599865606332,0.3432925911414,-0.4391310588704,-0.1789590233869,0.5320465949657,0.5732062375457,0.1775320467767,0.7496199346511,0.0201735422301,-0.0270625898925,0.0073052775099,0.4401073140146,0.6032232461155,0.2156267422952,0.5404759941311,0.9070182512571,0.5252640840997,0.5284599889797,0.6279310832737,0.1212106875021,-0.1127965845176,-0.0636895117433,0.1600780794536,-0.2115494062860,0.3317745704725,0.1359810545584,-0.4461291539568,-0.1931424835892,0.4680340937717,0.5319232623753
0.4110842214011,0.1854551930439,0.4071976073738,0.1911392955952,0.2817093717215,-0.3529780154071,-0.3028097378598,0.3384719617315,-0.4527036186774,0.2182867261102,-0.1326784279748,-0.2252434812893,0.0354678342857,-0.2025482179437,-0.0028423830611,-0.2235531051223,0.5503186508233,0.2849956974658,-0.1671701641864,0.0480354605531,0.1840343092221,1.0000000000000,0.5178249897689,0.7390516498348,0.4578902884708,0.1429601807621,0.1776358521334,0.3057584295886,0.5269596083773,0.2061016668379,0.5262045471107,0.0776911792639,-0.2191191599804,0.1376583952630,0.1852079323762,0.2482890717862,0.1208654864233,0.0028817007360,0.2506388922370,0.2631469709714,-0.2564948855016,-0.2582797255041,0.1916973826222,-0.4927059405270,0.1525438666676,-0.1456415981372,-0.2912537686418,-0.0844932525933,-0.2146145475752,-0.1720482080184,-0.2998499503832,0.4571682777010,0.1136490446122,-0.2757264020846,0.0723359002463,0.1195395299693,0.5928072971498,0.4099769594922,0.3741672995724,0.4409294774627,0.1186459750439,0.1033042172983,0.0621966110483,0.3796782964034,0.0017559577376,0.4206795809059,0.1111527472581,0.0306998903562,0.1300173912608,0.0124506890001
0.4118373990758,0.3724902566929,0.4333532255892,0.5378372073140,0.3793822536227,-0.3723682820546,-0.1356192536519,0.0009562971708,-0.4123028296036,0.5420392441527,-0.0639728260833,-0.4317613033905,0.3782559586728,-0.2973950881765,-0.3137536297240,-0.1201645957040,0.4953708379165,0.4550065055972,-0.1793148100410,0.1715049546496,0.4556030728127,0.5178249897689,1.0000000000000,0.6014697151150,0.2530324110955,-0.0436574813326,0.0458598558542,0.2224378728747,0.0899913601614,0.1154004174079,0.3052420507034,-0.1728099606411,-0.2275779355062,0.3824977143853,0.3092336990303,0.4748138183727,0.4482522370567,0.3096986782280,0.5493337019273,0.3324065054901,-0.2532977603778,-0.0050934691026,-0.1261798593391,-0.3205281028437,0.5304088988264,-0.0193802172246,-0.2839017364121,0.3169942657864,-0.2220330746262,0.0206883625557,-0.0783831646175,0.4921590664480,0.5088101859584,-0.2026509182322,0.2678732354024,0.4707014714236,0.5685598855437,0.9075173905934,0.5712054580049,0.3553345151623,0.0416000671500,0.0406363802041,0.1950269192110,-0.0450640775663,0.3495204687159,0.3764332165311,-0.1025539611534,-0.0254044500086,0.4663401432333,0.4121715917641
0.3143164159163,0.2717294344233,0.7557916400232,0.2507691812782,0.1375611454157,-0.5738018851534,-0.3774460988188,-0.1239962742634,-0.4789489563427,0.1813287935386,0.0298548997786,-0.2483305734742,0.3025035024946,-0.1495033460482,-0.2557937836835,-0.3161713900542,0.6676443223076,0.5401326711876,-0.0331734956717,0.2156825696098,0.3969051483820,0.7390516498348,0.6014697151150,1.0000000000000,0.0141987039617,0.0258752338088,0.2274470141213,0.4867503993152,0.0064877698240,0.0091784098717,0.1204106679125,-0.2495347522289,-0.3958977855418,0.0953081129163,0.2354294270699,0.1702574401124,0.3588604540122,0.4464496933022,0.3851747515909,0.1240926655010,-0.4864541122905,-0.2408825755481,-0.2332312011585,-0.5465950660040,0.0979130151315,0.0073269421793,-0.1443267632580,0.1140894869575,-0.1037290384792,-0.3252169638563,-0.4074745190417,0.6650038760156,0.4035566422805,-0.1058810310221,0.3480856958654,0.3883724273922,0.6478127484312,0.5827417468618,0.7436716768076,0.0691893166322,0.1168904059721,0.1643279483079,0.4154561106068,-0.0976920875495,0.0071881554617,0.2465989537311,-0.1111908161706,-0.1293522098374,0.2042902324502,0.1774053117045
0.4683860542093,0.0569389680388,-0.2525765680524,0.2855191168943,0.6624691917929,-0.0414403830035,-0.1983027437127,0.7833695125494,-0.2973152496318,0.4301988152598,-0.3118819063452,-0.0983080301768,-0.1658462444918,-0.0936321378712,0.1158602376896,-0.1298703052572,0.2529518272460,0.0333314056724,-0.0684077188692,-0.0343067997605,0.0215351534335,0.4578902884708,0.2530324110955,0.0141987039617,1.0000000000000,0.2503917731901,0.0677387513781,-0.0982408026539,0.9057595206481,0.3852297589097,0.7616181739851,0.3621946693695,-0.0292154660095,0.3825854940066,0.1447954244011,0.5020829737690,-0.0254081011119,-0.4900158257213,0.1437138797696,0.6097864433620,0.0392043805562,-0.2353602160015,0.7110607949477,-0.3047305094555,0.3702394657178,-0.2455239592034,-0.2914182420907,-0.1764898322945,-0.1706249804945,0.1421046217527,-0.0351933350398,0.1235395358324,-0.0399491809153,-0.2542959212883,-0.1926444470353,-0.0280573761857,0.0796968116636,0.2042692984429,-0.2335104133212,0.9451100142789,0.1388153665055,0.0154222881235,-0.4065461241928,0.7840190675502,0.1945188995336,0.5554259603764,0.2689962781058,0.0555701589978,0.2270291648665,0.0349405895982
-0.0084624492898,0.3460248212646,-0.0077880932877,0.2780735259200,0.0678527042113,-0.1344431563594,-0.4882439677670,0.3949238882617,-0.2774245863221,-0.0342141489290,-0.3518008173651,0.2365348670693,-0.4019085292146,0.3261993064571,0.1540843881461,-0.3267692315180,0.0492754456055,0.2239255241236,0.0996609034158,0.3778055593175,-0.2698650808308,0.1429601807621,-0.0436574813326,0.0258752338088,0.2503917731901,1.0000000000000,0.7128337457122,0.3466252693208,0.2642157977110,0.1890211506983,0.2599471116602,0.3203804479411,-0.0021247689300,-0.0606387866504,0.2771277025263,-0.0938703604845,0.2545111906782,-0.3227644508121,0.3135574549895,0.0619802336993,-0.2181320470586,-0.5065098525940,0.4211331983735,-0.4286726280052,-0.1065186703146,-0.3496088150956,-0.1012999649535,-0.4784117525868,0.3354643993575,-0.0743369338442,-0.4433834897279,-0.0509703408446,-0.1005366170232,-0.0370650512621,0.1040952519481,-0.2588067810668,-0.1820549611503,-0.1299595567788,-0.2879940567124,0.1983114544446,0.8694932356031,0.4696780167528,0.0545727303386,0.3031145844371,-0.1507979528487,-0.0076637515505,0.3447557731845,-0.0188965895316,-0.1406691929145,-0.0349432616801
-0.0740455188574,0.4105156392143,0.3129705882446,0.1919939945217,-0.0706931494730,-0.2460008912372,-0.6307109889649,0.2517372520335,-0.3753899674151,-0.1507249116019,-0.3322517626053,0.1322471042759,-0.3652925859448,0.2931864431896,-0.0595358819146,-0.4751107228991,0.0798337916985,0.3511009430229,0.1266253650648,0.4312311584909,-0.2205367358224,0.1776358521334,0.0458598558542,0.2274470141213,0.0677387513781,0.7128337457122,1.0000000000000,0.7005327278340,0.1119820795661,-0.0219576222070,0.1276809197068,0.1498008477280,-0.2025742121065,-0.1869572276984,0.1232116279480,-0.2124452659717,0.4518434248741,-0.1033099411176,0.3060713195497,-0.0576880455656,-0.3215766564701,-0.6062784301691,0.2828688453635,-0.5235394456744,-0.2354766235375,-0.4153156221767,-0.1314442226768,-0.4758525561582,0.2514552186730,-0.3566015237824,-0.5913680942328,0.0147652138111,-0.1002967966071,-0.0426274135249,0.0929210512644,-0.2339367337583,-0.1122840672374,0.0022686789360,-0.1367653953258,0.0097727858165,0.6494389472474,0.7069646749818,0.4056759173853,0.1613307103588,-0.3436925427075,-0.0784106293295,0.2319963760595,-0.1488839217519,-0.2244903281585,-0.1872384773866
-0.2031949401895,0.3268976056220,0.6987133627999,0.1433221656933,-0.1726418048084,-0.3131591105689,-0.6273571765963,0.0440445146237,-0.4779478505153,-0.1224159269182,-0.2289076301489,-0.0720179244243,-0.2030398552894,0.0660872827769,-0.3492613184642,-0.5453566418134,0.2988613266089,0.1541162519558,-0.0808969486939,0.0621050431177,-0.0762716477909,0.3057584295886,0.2224378728747,0.4867503993152,-0.0982408026539,0.3466252693208,0.7005327278340,1.0000000000000,-0.0689367763227,-0.3462318383973,-0.0241665376084,0.0616964252503,-0.3156510691564,-0.2501037947611,-0.1472563217148,-0.2145749790226,0.3970307237259,0.2700518261619,0.2055091054974,-0.1430924009079,-0.3879106071810,-0.5093006989765,0.0217406547311,-0.4934800016311,-0.2030040657204,-0.2463882973331,-0.1702612744746,-0.2836308463971,0.0355462836469,-0.3448787046947,-0.5474251949666,0.2677536718404,-0.1022278850425,-0.1102379724931,-0.0351614116283,-0.0866812675016,0.1346549457500,0.2232278153565,0.2045926875708,-0.1107123262593,0.3016919644849,0.6119622761037,0.7707690537483,-0.0170808727931,-0.3657895841248,-0.1852534659341,0.1470717816988,-0.1569706691910,-0.2732538636789,-0.2441590407175
0.3770168016425,-0.0388974974567,-0.2649013798222,0.1305595771592,0.5285846857492,0.0025735077093,-0.2317440016391,0.8167940884136,-0.2779639035696,0.1806592154457,-0.2597498009506,-0.0538256753002,-0.3023433788213,-0.1182838972009,0.2206676825609,-0.1370699148614,0.1757820283364,-0.0183093377288,-0.1059243718815,-0.1087650289648,-0.0996520692934,0.5269596083773,0.0899913601614,0.0064877698240,0.9057595206481,0.2642157977110,0.1119820795661,-0.0689367763227,1.0000000000000,0.3719222353640,0.7493039493825,0.4301640518088,-0.0147256653752,0.2507246188675,0.0781201837208,0.3564019455281,-0.1365183684748,-0.5139337156694,0.0410788847705,0.5194871100918,0.0298959404214,-0.2919426753121,0.7092336953162,-0.3067250163844,0.1591281691545,-0.2526450823980,-0.2957589753229,-0.3036717539762,-0.1974528582362,0.0592877780111,-0.1124799279666,0.0363273889532,-0.1670372106165,-0.2440200131279,-0.2456091156861,-0.1888437333767,0.0487421055696,0.0405078729964,-0.2894157120468,0.7944506706629,0.1201637762891,0.0847540067470,-0.3897684134788,0.8845232405904,0.0710285741360,0.4824467115964,0.3599467457146,0.0517231803961,0.0989461128054,-0.1029065504717
0.5352895461746,0.0629848726786,-0.3175949679644,0.2195116162308,0.3367107985681,0.0367353263556,0.0642614836280,0.2519934360106,-0.1344513574570,0.2548189867697,-0.0174515254302,0.0849879387558,0.0616023442272,-0.0194291324090,0.5556545883497,0.2157205834797,0.0160252561503,0.3419714987646,0.1863547658520,0.2797807805019,0.0641121906691,0.2061016668379,0.1154004174079,0.0091784098717,0.3852297589097,0.1890211506983,-0.0219576222070,-0.3462318383973,0.3719222353640,1.0000000000000,0.3747051828494,0.2604220082891,0.2899402918638,0.4503305735710,0.6936800103026,0.2998474144442,-0.0155274297024,-0.4535279459230,0.2314987639775,0.2667820737517,0.1951995036672,0.0396720529375,0.2434769457735,-0.1609849409684,0.2295836771018,-0.1075145209906,-0.1712084130257,-0.0191650042365,-0.0161326560606,0.1639526690809,0.1574013019722,-0.0294402557406,0.1522392438636,-0.1208642268069,0.0335633292449,-0.0271632254710,0.0673915648771,0.0705229060940,-0.0945843156254,0.3301513743859,0.0581221595712,-0.1395420673364,-0.4581497027208,0.3077002499383,0.4005231429158,0.2992428863383,0.1403478458042,0.3352828511983,0.3702011406430,0.2736586417629
0.4044167118416,0.1113098938700,-0.2132672526022,0.3009027133544,0.4220042867643,-0.0260984725977,-0.2639947681780,0.8203490924791,-0.3366339405903,0.2389934724375,-0.4684295449060,-0.1711926010993,-0.2997813077865,-0.1382383190062,0.0250127710815,-0.2380515514617,0.2374696837843,0.0418002024459,-0.1033668562156,-0.0709399574712,-0.1693550985418,0.5262045471107,0.3052420507034,0.1204106679125,0.7616181739851,0.2599471116602,0.1276809197068,-0.0241665376084,0.7493039493825,0.3747051828494,1.0000000000000,0.4882822195722,0.0010502452397,0.4063361401760,0.1496134528067,0.4611815743005,0.0131563851703,-0.5265700246384,0.0734111377176,0.3596494109365,0.1524894776865,-0.3390693409804,0.6092554189754,-0.2587850514016,0.1227726598284,-0.3705755926395,-0.3607167905023,-0.3281738764369,-0.2176208537871,0.1933786982973,-0.0984857826944,0.0910152530444,-0.0819997063995,-0.3380235765315,-0.2591930050485,-0.2025940481361,0.0373399225573,0.1547892416721,-0.2407638209710,0.7131330534527,0.1496226313617,0.0551833732514,-0.4220475453185,0.5887275956331,0.2457075968210,0.5620998477220,0.3525922848635,0.2299199727421,0.1493826918351,-0.0006900526142
-0.1385075822817,-0.0759939071054,-0.3180208823945,-0.0405282706945,0.0110181297571,0.1215178425229,-0.2329443469425,0.6420024249870,-0.1144255625894,-0.1379718948347,-0.5081962827795,-0.0753639192550,-0.5781801674993,-0.1039538601362,0.2833121769195,-0.0579382097000,-0.1873062275560,-0.1879639359270,-0.0069751380328,-0.1980250650028,-0.6091582232943,0.0776911792639,-0.1728099606411,-0.2495347522289,0.3621946693695,0.3203804479411,0.1498008477280,0.0616964252503,0.4301640518088,0.2604220082891,0.4882822195722,1.0000000000000,0.2306215375317,0.0906473494593,0.0091051441969,-0.0035920063580,-0.1890835540350,-0.6649815509639,-0.2166720050141,0.0035087220852,0.3573981405556,-0.3148890661927,0.5566852442942,-0.0825417820919,-0.2023446531637,-0.3336414740108,-0.4912713287565,-0.5202228817656,-0.1959901439159,0.2959375115084,0.0425320295921,-0.2853153549723,-0.3434902678285,-0.4193078955535,-0.5022785226355,-0.5804464651759,-0.3480108376965,-0.2700637663836,-0.5265038951481,0.2381299877898,0.0565117605626,0.1365368395490,-0.3684097466712,0.4499963854381,-0.0246371211396,0.0356580993519,0.7934772022323,0.4263844598147,-0.1736886454808,-0.2371683537391
-0.0146477661646,-0.0051908317394,-0.4194279426874,-0.1046097679865,-0.1272742045488,0.5705759917061,0.2471195321797,0.0085342701421,0.2631930505355,-0.1330318281447,-0.0884628932222,0.0572420217668,-0.1994644729693,-0.0432106126144,0.3305730578446,0.3029576090663,-0.2027310325449,-0.1516924144815,-0.0179762687856,-0.0611308109644,-0.2322822466035,-0.2191191599804,-0.2275779355062,-0.3958977855418,-0.0292154660095,-0.0021247689300,-0.2025742121065,-0.3156510691564,-0.0147256653752,0.2899402918638,0.0010502452397,0.2306215375317,1.0000000000000,-0.0660827810050,0.1171367212573,-0.0861274255812,-0.1724117840969,-0.3206699044961,-0.1566453652378,-0.1584133398863,0.5121957553962,0.1901867953520,0.0634032121390,0.1941785613280,-0.0171331500918,-0.1227235003094,-0.1373374596944,-0.0747075298998,-0.0464738096986,0.2492605730317,0.2357698824070,-0.1689149138356,-0.1277226904056,-0.1585447836052,-0.1844430670097,-0.2390441250763,-0.1722747100940,-0.2509464867950,-0.2649447503094,-0.0940568094532,-0.0731772271884,-0.2559947581370,-0.3205670207273,0.0155972111883,0.1423836274117,-0.0499338669671,0.1412196915480,0.5334132234227,-0.0390535667699,0.0115392093041
0.4844114694230,0.0050574979532,-0.1934132614557,0.4756706512046,0.3854657753062,-0.1342201610929,0.1024290059416,0.1761734087667,-0.2002510175159,0.4671063813766,-0.0295617023073,-0.2257763968424,0.2715781604356,-0.1363099124547,-0.1438782482597,0.0610223286255,0.2501032395846,0.2799480184984,-0.0332458974500,0.0835993894939,0.2630806927849,0.1376583952630,0.3824977143853,0.0953081129163,0.3825854940066,-0.0606387866504,-0.1869572276984,-0.2501037947611,0.2507246188675,0.4503305735710,0.4063361401760,0.0906473494593,-0.0660827810050,1.0000000000000,0.3777836295125,0.6225864464379,0.0576147966328,-0.1451030357278,0.2582701983325,0.2922259358236,0.0667629272295,0.1103231423924,0.0713670248262,-0.0299428248526,0.3407434229272,0.0459532369220,-0.1318636280449,0.2108143547889,-0.0857518805499,0.2637199173021,0.2620960309207,0.2083607658243,0.3711599595657,-0.0540833329070,0.0950738280646,0.2116275359261,0.1644243648117,0.3458654528351,0.0995159234665,0.4313086675135,-0.0665256404135,-0.0406186496950,-0.3086432344518,0.1417720900765,0.5276743322330,0.3329771342736,-0.0085574164865,0.0635159743876,0.6080930060847,0.4379022039896
