1.0000000000000,0.1898839343929,0.0471045744445,0.5472304222661,0.3363564024773,-0.0228641604701,0.1922165898106,0.1880068267301,0.0881987728518,0.2997089407601,0.2133069259568,0.0881491415374,0.3024880140376,0.1612009499400,0.3699125782857,0.0197566974796,0.2409137681700,0.5191573094690,0.0714677169100,0.6268998491176,0.2653834369815,0.2715830292901,0.3977945073080,0.3093539557194,0.2216660156383,0.1421139472832,0.1587969409277,0.0861321510353,0.3057105427752,0.5261869012986,0.5111805548555,0.1464892688524,0.1711507151179,0.4632879878812,0.4790801159788,0.5457727169970,0.2966500096829,-0.0871615250187,0.4170944564605,0.2120657712963,-0.0201329907330,-0.0169962287007,-0.0646482609571,-0.1198617484126,0.2677679400407,-0.1535291740108,0.1036858266284,0.1343795846385,-0.1078327956458,-0.0994127832982,-0.0124470879380,0.1751860369611,0.4331447299769,0.1366730138796,0.2785900874179,0.1926870543567,0.1516917524842,0.3509145538957,0.1694346031850,0.1812994745537,0.1103254844402,-0.0885001907710,-0.1126469773970,0.0334755881095,0.4270780724136,0.1042821133173,0.3351460352166,0.0635545779401,0.2939549723332,0.4017165177212
0.1898839343929,1.0000000000000,0.1981018614032,0.4808051814180,0.2932024592427,-0.0070543827238,-0.0765263541689,-0.0565165859741,-0.1666871802704,0.1813072843026,-0.1626485886674,-0.1784664141075,0.0719413431821,-0.1209561904074,-0.1054108007705,-0.0270339331542,0.2852619044750,0.6042921468793,-0.0696874988055,0.3173067586500,0.0770315927254,0.5631962056075,0.5032978200927,0.5961257565102,0.1955900326317,0.2005411832320,0.3224996613619,0.2373638309358,0.4392095051549,0.2868764416704,0.6481864337751,0.0991758214770,0.1463114164565,0.2805073778848,0.4087053682694,0.3557491901760,0.8559404690885,0.1009954516021,0.5236433259420,0.3494044253526,0.0623594327335,-0.1523086626089,0.0511111376394,-0.2038782672529,0.1174149542580,-0.2871679395199,-0.0899869357207,0.0917287776716,-0.2085592758192,-0.2467233956869,0.1316558593992,0.3148954583356,0.5976517234629,0.0036092642747,0.4805526331067,0.0298283781415,0.4955617617431,0.4758906673306,0.5290356217826,0.3073525308921,0.1228084128995,0.0370040381532,0.1460136910010,0.3862366617266,0.2967215297417,0.5096945629459,0.0619877634067,0.1889335683211,0.2552189184105,0.4227437703188
0.0471045744445,0.1981018614032,1.0000000000000,0.3159238960493,0.1641486567476,-0.0525839022286,-0.2168714554087,0.2871543270861,-0.0211342859983,0.3690301779189,-0.1178899993121,0.0947353013431,0.0065850471179,0.0406398820843,0.1064751706637,0.0301046666023,0.2315768311980,0.1594312040010,0.1670305833260,0.1111846764319,0.2725380377399,0.1649569262560,0.4000255848105,0.3656153733838,0.5337106833769,0.3936603040033,0.6074345605004,0.6375660357027,0.2347918529266,-0.0551052668522,0.1448380765885,-0.0713693696152,-0.2143621660559,0.0063074448599,-0.0522275798202,-0.1254116385394,0.1384216418272,0.5807471520537,0.3824324064724,0.2685704774501,-0.0789559552719,-0.1992681411538,0.2346971362082,-0.0828812478270,0.2900219160211,0.0165996520180,0.1464002670636,0.0807925628052,0.2210195542195,0.0478074713823,0.0725049017089,0.2422761960484,0.0779183716853,-0.0119542396818,0.0163311153695,0.2729707574081,0.1513775745334,0.3386102905790,0.1429800891892,0.5139764933412,0.4123712254341,0.2957328576028,0.6533819151656,0.1962633202807,-0.1867259615544,0.0480753830881,-0.1948403690392,-0.1293855800928,0.0635574924620,-0.0032992436351
0.5472304222661,0.4808051814180,0.3159238960493,1.0000000000000,0.4081315985320,-0.0072932798307,0.2083142784256,0.2309628345300,0.1269181192735,0.5066729337477,0.1368169935219,0.0324657665850,0.3691669301586,0.1576776432323,0.2212712120088,0.2002988933733,0.2475103464985,0.4772321163726,-0.1036156567735,0.4050606931767,0.3118701201813,0.2746277894361,0.5787681765473,0.3327967008723,0.4494278695474,0.3970200728687,0.4457606997952,0.2700998186618,0.3563067960343,0.3546877877947,0.5014533224197,0.0394964816392,0.1068071391837,0.3629155119282,0.3787050514422,0.3300521414568,0.5385630709233,0.0700753864268,0.7444518921071,0.3203119553521,-0.0090667982588,0.1208073597106,-0.0296764192746,0.0187687568851,0.4062316740349,-0.1140281206994,0.0688778627862,0.2311883023381,0.0722692921032,-0.0541906197651,0.2244314609713,0.2005005661564,0.5047957869362,-0.0954152287876,0.1465077658834,0.1876114469865,0.1151473981439,0.4953738271309,0.1394409526092,0.4728375329592,0.2970558180513,0.0025087229301,0.0843331957706,-0.0111829805509,0.2570319083768,0.0433014333870,0.3009061356218,0.0963170905906,0.1930959457309,0.2857678072486
0.3363564024773,0.2932024592427,0.1641486567476,0.4081315985320,1.0000000000000,-0.0879112313029,0.1068566942863,0.3412608403171,-0.1822633420862,0.4985464510133,0.3040739310525,-0.1662978810243,0.4928024087723,0.0177125480116,-0.0313022354627,0.0416445258096,0.2831024095034,0.4787043633152,-0.2166897111208,0.4209792114856,0.6287658201414,0.4118535899223,0.3778455284668,0.4524671314748,0.5399893628405,0.1271608477253,0.2961096422012,0.1330152263763,0.4672732174466,0.3313122838685,0.4125176598264,0.3145418749454,0.0081452649530,0.5453750850047,0.3254060938622,0.4020821673245,0.3859222156986,0.1037806528015,0.4682697668017,0.8316502925299,-0.0791204656911,-0.0757965993031,0.3644061283555,-0.2584932932263,0.4062979440313,0.1319694802297,-0.0944272474020,0.5531866517428,-0.1761483881941,-0.3127271580267,-0.0014777675925,0.2722914922079,0.4517872745609,-0.0162240642748,0.3743509415164,0.5227302642456,0.3189534655217,0.3268864264224,0.3690746336271,0.4950671547848,0.1049738465255,0.1267739530614,0.1055124316732,0.3546464174261,0.3008073615652,0.1979026426190,0.2850811404865,-0.1511919296750,0.3788600491438,0.3195325793830
-0.0228641604701,-0.0070543827238,-0.0525839022286,-0.0072932798307,-0.0879112313029,1.0000000000000,0.3623356708646,-0.2490861221339,0.5610894542872,0.0117135196079,-0.1686575390756,-0.0741012105983,0.0469348017060,-0.1571880605747,0.1389045106825,0.4835410271170,-0.0481481236975,0.0077202878845,0.0262927320908,-0.1021021574005,-0.1063990053328,0.0255389026986,-0.0980709549854,0.0751965709919,-0.1619137999946,0.0126545759794,-0.0375434322237,0.1566570508983,-0.1913569931969,0.0215027818545,-0.0084897646610,-0.2174098273489,0.5439400242541,0.0089854299251,0.2890220833234,0.0619867135268,0.0258333881798,0.0344457276988,0.0094008814150,-0.1292853294466,0.8531928611091,0.5098162367613,-0.2082966669394,0.5263614135353,-0.0554908636791,-0.0756731629571,0.1207818547795,-0.0354829375149,-0.1703014710276,0.2320764351644,0.2409262597813,-0.0426902732453,0.0398891370662,0.0196862246336,0.0554385285611,-0.1367586031554,0.0192772544705,-0.0857521904362,0.0999665059218,-0.0933938805930,-0.0408084970109,0.0985688681809,0.1011246592298,-0.0940462015455,-0.0899735356850,0.0066336329483,-0.2262170782681,0.5354545997730,-0.0107130563307,0.2658140471583
0.1922165898106,-0.0765263541689,-0.2168714554087,0.2083142784256,0.1068566942863,0.3623356708646,1.0000000000000,0.1040665551322,0.3820858213153,0.2076744140165,0.3666059989062,0.0045737625204,0.5307810538307,0.0564581132637,0.3474069738095,0.3763206297080,-0.0706136410446,0.0253355692436,0.0060383881945,-0.0437807754272,0.2157903563545,-0.0681265616521,-0.0908456258496,-0.1305584233208,0.0795585206326,0.1283458380725,0.0328971883591,-0.0725603379094,-0.0421043661386,0.1216880368583,0.0279552721599,-0.0823104174027,0.1533486011817,-0.0246915245749,0.1494651642454,0.1465915686106,-0.0052920195746,-0.2025589938112,0.2403438963135,-0.0177077202991,0.4291498252656,0.4996050049989,-0.1366275815106,0.2262965094692,0.1167520022789,0.1152663910912,0.0721754708913,0.3700908869529,0.0500325024287,0.0013507946318,0.2215219682807,-0.1316159697009,-0.0165383146085,-0.1465344593969,-0.1773011208558,0.1206672040379,-0.1703346251328,-0.0807879685372,-0.1330148469385,0.0158510656812,-0.0751505478207,-0.0833703822975,-0.2198809747176,-0.1627047002837,0.0428235367165,-0.1849976626073,0.0949095176398,0.2796692398385,-0.2169682028480,0.0025004615844
0.1880068267301,-0.0565165859741,0.2871543270861,0.2309628345300,0.3412608403171,-0.2490861221339,0.1040665551322,1.0000000000000,-0.1008293988786,0.3261222751666,0.2670441091127,0.0876164347778,0.1974539211238,0.2401685181875,0.2476159075107,0.0889942566134,0.0408715491767,0.1115470238566,-0.0654588001015,0.0951365608185,0.3272160641374,0.0459269746299,0.0382547790422,0.0474071289444,0.5857204566030,0.2806089094985,0.2367343874402,0.1713399022608,0.3385396557337,0.0945101128331,0.1332431184221,0.3008176037794,-0.1365901086496,0.0657356675174,-0.1077735422260,0.0633898197506,-0.0404618936175,0.0922944549162,0.1755337139967,0.2979576753764,-0.3264671997469,-0.1832743335408,0.5440017816710,-0.2127920590349,0.1992417993743,0.1131526240103,-0.0684870969483,0.1634625631909,0.1202099326104,-0.0991066169634,0.0167544988832,0.0096745239904,-0.0991332686739,-0.2164098839042,-0.1955787902082,0.2200177268764,-0.1613902210849,0.0154252610797,-0.1666810638393,0.3923072264658,0.0643178625302,0.0063554210428,0.1698788724638,0.0480991947197,-0.0808744978391,-0.1914980180825,0.2710356303436,-0.2948779045086,-0.2240635969300,-0.2299474333475
0.0881987728518,-0.1666871802704,-0.0211342859983,0.1269181192735,-0.1822633420862,0.5610894542872,0.3820858213153,-0.1008293988786,1.0000000000000,-0.1328579506970,0.0194197971128,0.3544298987803,0.0393955727730,0.2403112601675,0.4904376266582,0.5575111800704,0.0925283230576,-0.0942198042981,0.1648667492769,-0.1128650590259,-0.2133011256499,0.0019340104898,-0.1460849454136,0.0043459689094,-0.2192037689750,0.0095036861190,0.1030882080590,0.1809868189846,-0.0887479785514,0.1344750630050,0.0352239235355,-0.3002068429024,0.4622010658031,-0.0793267915354,0.1253223950596,-0.0057570935950,-0.1308945912670,-0.0231016600848,-0.0853357325023,-0.3334522899561,0.4466507829388,0.7093413338867,-0.3703263867153,0.7895995182446,-0.1403453089407,0.0443144403457,0.3168309243270,-0.1261570401055,0.0467719236258,0.4487890692221,0.4053430673306,0.0540861833107,-0.0723615958525,-0.1264180124300,-0.2606069516613,-0.3412400153255,-0.1659502551057,-0.1783571091807,-0.1600740655317,-0.2005446335509,-0.2033592378064,0.1023060121054,0.0233758951865,-0.2386191335458,-0.0880363569140,-0.2030539829483,-0.0054346551310,0.5215983194666,-0.2306676530922,-0.0105184018028
0.2997089407601,0.1813072843026,0.3690301779189,0.5066729337477,0.4985464510133,0.0117135196079,0.2076744140165,0.3261222751666,-0.1328579506970,1.0000000000000,0.1695910368060,-0.0874885403350,0.5513434647230,0.1455902523306,0.1650042245139,0.2093137263159,0.0089242860005,0.2376423695669,0.0113246475168,0.2003601464632,0.6122318596471,0.0577998116561,0.4235643462965,0.0721203075930,0.7525271404800,0.3144176792624,0.2887515846689,0.2507140665770,0.0801758401228,0.1864382979698,0.1193730969335,0.2252472357173,-0.1456271482421,0.2714313935662,0.1099973185637,0.0551325167943,0.1796495005770,0.0569938276936,0.6008514571627,0.5206921853100,0.0321614611154,0.0201697873640,0.1389018091073,-0.1539959305484,0.8296595331743,0.0755034289963,0.0114387662685,0.5475911679749,0.2471402312882,-0.1060655876143,0.2156707514065,-0.0302047147455,0.1899785397663,-0.0225041669069,0.0605292682761,0.5710208113679,0.0103386981499,0.3138864607454,0.0169561437724,0.6840085477286,0.3457123936607,-0.0344379433189,0.1156017506147,-0.0738858486782,0.1084187584976,-0.1400858811878,0.1690843670379,-0.0813391968320,0.1986445919508,0.1075837062164
0.2133069259568,-0.1626485886674,-0.1178899993121,0.1368169935219,0.3040739310525,-0.1686575390756,0.3666059989062,0.2670441091127,0.0194197971128,0.1695910368060,1.0000000000000,0.1304315645805,0.5326292681010,0.2794190587979,0.2672016821387,0.0552471566537,0.1116672850004,-0.1024912191607,-0.0396711111177,-0.0273938216177,0.3459106150326,0.0917309209894,0.1983188496405,-0.0400943320449,0.1798205920864,-0.1329659215865,-0.0608686762822,-0.1818594399769,0.1725714162769,0.2971946537884,0.1006038482634,0.1002178657840,-0.0746836902572,0.1881687488746,0.0327885978170,0.1167496213710,-0.0176608261057,-0.0924476444158,0.0731578585699,0.1858650142546,-0.2336275390510,0.0986803525977,0.0479540869788,-0.0481937142600,0.2359978702403,0.6619129572969,0.0012304495733,0.3873581491659,-0.0117463076560,-0.0591012762112,-0.1671587818745,0.0624643503593,-0.0231227370858,-0.0903351870958,-0.2031132867443,0.2802390551939,-0.0111022005532,0.2184576405549,0.0243193566194,0.0935323643927,-0.1688864769798,-0.0803571449454,-0.0717835573150,-0.0122545244260,0.1393920723917,-0.0866089253068,0.2856858694934,-0.2142428487342,0.0490665271985,-0.0489170121372
0.0881491415374,-0.1784664141075,0.0947353013431,0.0324657665850,-0.1662978810243,-0.0741012105983,0.0045737625204,0.0876164347778,0.3544298987803,-0.0874885403350,0.1304315645805,1.0000000000000,0.0085033283686,0.7778428584875,0.5233971024393,0.2220454173828,0.1251544462344,-0.2466581038837,0.6252972923453,-0.0512312540903,-0.0605014173007,0.0619964771735,-0.0234845967917,0.0216093669668,-0.1329047202798,0.0152406388404,0.0001185428667,0.1940121255094,0.0186261257362,0.3465564286442,-0.0318446280971,0.2083579192829,0.2219128613154,-0.0567014691569,0.0174343275948,-0.0381203433521,-0.0900197314399,0.0389317661151,-0.0699692017069,-0.2534067512530,-0.0922845389135,0.2552617944499,-0.1430608241556,0.3582690875496,-0.0094992513754,0.1602311114825,0.7629951322713,-0.0654870332792,0.5087698546820,0.5059312466850,0.3289405001476,0.1110825752071,-0.2236191334581,0.2846434498405,-0.2667923446191,-0.0685220365915,-0.0380937783736,-0.0474440364823,-0.0790100820104,-0.1533638286919,0.0162209506427,-0.0245083535259,0.1813969092995,-0.1045751702077,0.2275099764821,-0.1184903628018,0.2179052470478,0.2453288417234,-0.0722354472265,-0.0058160894906
0.3024880140376,0.0719413431821,0.0065850471179,0.3691669301586,0.4928024087723,0.0469348017060,0.5307810538307,0.1974539211238,0.0393955727730,0.5513434647230,0.5326292681010,0.0085033283686,1.0000000000000,0.2117147957093,0.2464202345009,0.1654277135423,0.0320324321336,0.1647030979261,0.0742650071892,0.2137394808594,0.7083742177015,0.1115318470132,0.1989654895163,0.0272251798442,0.4138465040110,0.2580273581142,0.2197949290004,0.0184412551859,0.1206737920125,0.2144803175826,0.1165047699266,0.1896573901879,-0.1487059853403,0.3260948569107,0.1989803843592,0.2009763136479,0.0999714250117,-0.1711240688727,0.4769854327063,0.4586876502599,0.0581659104448,0.3167907919929,-0.0052063236328,-0.0285357860573,0.5163800132781,0.4250243353165,0.0824642041611,0.8746122284908,0.1663799152063,-0.1422850910279,0.1015864400452,-0.0210669502341,0.1063915956769,-0.0049416679817,0.0100160216796,0.6248701489310,-0.0125709235221,0.1273277913062,0.0211492861044,0.3312962866545,0.2106189012865,-0.0067598627354,-0.0947752390631,-0.0021652530893,0.1744240260868,-0.1130941793865,0.2386227751598,-0.1414038731818,0.1843162180399,0.0996359350022
0.1612009499400,-0.1209561904074,0.0406398820843,0.1576776432323,0.0177125480116,-0.1571880605747,0.0564581132637,0.2401685181875,0.2403112601675,0.1455902523306,0.2794190587979,0.7778428584875,0.2117147957093,1.0000000000000,0.5072270243233,0.2552438911482,-0.0340094340685,-0.2080311254651,0.4168226790465,0.0287330930363,0.1011872254534,-0.0442879503479,-0.0535744779801,-0.1267418258347,0.0849853039386,0.0801424847723,0.0566163232890,0.1736286972034,-0.0525925184883,0.4002054940815,-0.0820590558321,0.3442104509956,0.1586359050883,0.1519645921289,0.0087735150873,-0.0581101190793,-0.0724140939648,-0.1758071210696,-0.0244570123839,-0.0831464501948,-0.2062685147823,0.2165191045120,-0.1351002530954,0.2821246286041,0.2041194604424,0.1853742348756,0.5104755169899,0.0785211219700,0.4919411247020,0.3325218258731,0.3611563179419,-0.0777075493494,-0.2071788012485,0.1685319155429,-0.3110504674327,0.0102839091772,-0.2006448331242,-0.1086799659610,-0.2580879277343,-0.0343616630586,0.0578488131181,-0.0965332008818,0.0439095549553,-0.3092002753415,0.2558924987873,-0.3279567328314,0.4448518791780,0.1201454717745,-0.0251212724083,-0.0513578453268
0.3699125782857,-0.1054108007705,0.1064751706637,0.2212712120088,-0.0313022354627,0.1389045106825,0.3474069738095,0.2476159075107,0.4904376266582,0.1650042245139,0.2672016821387,0.5233971024393,0.2464202345009,0.5072270243233,1.0000000000000,0.4325845338526,0.0861446733166,-0.0216676198679,0.4708256008314,0.1647371826396,0.0529177200682,0.0634800416105,0.0212135268691,0.0493991249282,0.0154008233900,0.1415105168414,0.1178126973285,0.2039891643763,-0.0107129146587,0.5169537510667,0.0626773165165,0.1502584270789,0.2042364342739,0.1528474112637,0.1861681766884,0.1161163077509,-0.0460980383286,-0.0335388735025,0.1316789465445,-0.1485393595754,0.1117388578303,0.2953219901102,-0.1141722094817,0.2776906010586,0.1449506563635,0.0586175053510,0.4722742315854,0.1219427681460,0.3936722893801,0.4138843204370,0.3820980724966,0.0320034412502,-0.1765811543009,0.2588027516858,-0.1984041335482,-0.0160725342215,-0.0701930267774,-0.0563057028742,-0.0493846321913,-0.0500420615577,0.0772089944876,-0.0827940963934,0.0512684587640,-0.1624210609385,0.2542844043223,-0.2021762589667,0.1933734688204,0.2936520385867,-0.0284011250152,0.0459376235321
0.0197566974796,-0.0270339331542,0.0301046666023,0.2002988933733,0.0416445258096,0.4835410271170,0.3763206297080,0.0889942566134,0.5575111800704,0.2093137263159,0.0552471566537,0.2220454173828,0.1654277135423,0.2552438911482,0.4325845338526,1.0000000000000,0.0134677977514,-0.0962314378265,0.1118772925990,-0.1016471388627,-0.0870967896601,0.0343088308320,-0.1182369079409,0.0188788233833,-0.0029729289913,0.1151353885213,0.0419906266213,0.2162194479780,-0.1667836656475,0.2464582024893,-0.0199784097431,0.0271334624952,0.4015973307161,0.0384311566971,0.1774477508070,0.0371255332544,0.0150421607943,-0.1212161373846,0.0416828573011,-0.0287643305770,0.3871594198481,0.5578935423174,-0.2031579325804,0.5487503242653,0.1114412722899,0.0138844821139,0.1972232894545,0.0626919650430,0.1902863609302,0.3495428880533,0.6729088835185,-0.0277614508383,-0.1316038752581,-0.0611016846328,-0.2395560664061,-0.1709609930638,-0.1486071226693,-0.1512308192557,-0.1260658420455,-0.0035598447137,-0.0934741421378,-0.0336547920889,0.0667568971909,-0.3014893198386,0.0562536168779,-0.2747354512169,0.1183143675151,0.4823267755315,-0.1510864106965,0.0739607399090
0.2409137681700,0.2852619044750,0.2315768311980,0.2475103464985,0.2831024095034,-0.0481481236975,-0.0706136410446,0.0408715491767,0.0925283230576,0.0089242860005,0.1116672850004,0.1251544462344,0.0320324321336,-0.0340094340685,0.0861446733166,0.0134677977514,1.0000000000000,0.2570576181249,0.0348011954371,0.2459047804266,0.1071807072905,0.7508381578572,0.4908614942390,0.6673083774291,0.1546844813723,0.0839527559274,0.1955830158724,0.2514187498205,0.6192975196125,0.3721823564275,0.4405625022575,0.0061387643283,0.1105084950993,0.1185582000908,0.3308470009363,0.3455767404357,0.3282899845878,0.2430988273185,0.2098722367507,0.1799924666803,-0.0178817710862,0.0427310839183,-0.0953193670002,0.0240063910710,-0.0748464909551,-0.0572974080974,0.1839266300619,0.0486239776255,-0.0585404802279,-0.0820144865479,0.0216636850951,0.9209875279119,0.2553361740479,-0.0900740268557,0.1349372967858,0.1002667744388,0.6622921005182,0.5240269784853,0.6342281622953,0.1809535687858,-0.0346590053118,0.0645892878671,0.1676614335428,0.5330192357069,0.3077900893770,0.4015917684077,0.0436847880244,0.1608479656474,0.0837713246153,0.2811716287524
0.5191573094690,0.6042921468793,0.1594312040010,0.4772321163726,0.4787043633152,0.0077202878845,0.0253355692436,0.1115470238566,-0.0942198042981,0.2376423695669,-0.1024912191607,-0.2466581038837,0.1647030979261,-0.2080311254651,-0.0216676198679,-0.0962314378265,0.2570576181249,1.0000000000000,-0.1161541781807,0.7303075458774,0.1787813150238,0.4830836040511,0.4073687901376,0.6495455247710,0.2769058331842,0.2225297742346,0.3973799903048,0.2115875615128,0.4900270658051,0.3549392407635,0.7608688455264,0.1178807079753,0.1300597424106,0.4525058338481,0.5528055191954,0.4715460578260,0.5987139141009,0.0449833688403,0.5171998182960,0.4090915462205,0.1013284037231,-0.1397648676308,0.0806981011852,-0.2188797470345,0.1159843859465,-0.3393674095680,-0.1016687501835,0.1358545274117,-0.2862800407486,-0.3546072198278,0.0278830237224,0.2499004948813,0.7658501046839,0.0193474059843,0.6753562536052,0.1001965558331,0.4260042146948,0.3511255564055,0.4618931773388,0.2529940630698,0.0823000228541,0.0875467686935,-0.0120816273850,0.3333781454602,0.3532920268801,0.4419880050255,0.1592837154942,0.0963629706051,0.3630481692028,0.5204055723481
0.0714677169100,-0.0696874988055,0.1670305833260,-0.1036156567735,-0.2166897111208,0.0262927320908,0.0060383881945,-0.0654588001015,0.1648667492769,0.0113246475168,-0.0396711111177,0.6252972923453,0.0742650071892,0.4168226790465,0.4708256008314,0.1118772925990,0.0348011954371,-0.1161541781807,1.0000000000000,0.1779170076722,-0.0208481764258,0.0379224280700,-0.0324162803733,0.0409283063433,-0.1240471494559,0.2681533454323,0.1397899904399,0.3137449003365,-0.1324665786558,0.2042793325579,-0.1319080502635,0.1477305435471,-0.0343274035666,0.0469483410217,0.1214945490488,-0.1459232774317,-0.1027610262645,0.0314874509891,0.0436341101367,-0.1712673951877,0.0626003866986,0.1512133744998,-0.1795397482215,0.1174295413495,0.0406441162177,0.0276992968570,0.6880628969023,0.0826464292423,0.5102539496862,0.3445136382729,0.2469677773846,0.0246304077007,-0.2952922379789,0.5002012800340,-0.0343084467754,0.0766711776198,0.0329875108738,-0.1101947864947,0.0097357255502,-0.1679387227511,0.2981569230937,0.0044324387354,0.1930954549687,-0.0117733506840,0.0900916997034,-0.0949679554028,-0.1308224768062,0.1570392846701,0.0705312633473,0.1483224661230
0.6268998491176,0.3173067586500,0.1111846764319,0.4050606931767,0.4209792114856,-0.1021021574005,-0.0437807754272,0.0951365608185,-0.1128650590259,0.2003601464632,-0.0273938216177,-0.0512312540903,0.2137394808594,0.0287330930363,0.1647371826396,-0.1016471388627,0.2459047804266,0.7303075458774,0.1779170076722,1.0000000000000,0.1933302545980,0.3505900033257,0.3000551323140,0.4823935691947,0.1725364029551,0.3249445007217,0.3883165402251,0.2495468302145,0.2774622000270,0.4217464012480,0.4622142407260,0.2342956199059,-0.0100290775090,0.6111366722257,0.5479513350685,0.4131953117414,0.3407313856600,-0.0646858870512,0.4193672180416,0.3574417114684,-0.0679827450867,-0.1260177819501,-0.0067512060683,-0.2267375032888,0.1352004136147,-0.2601486576151,0.1024372960133,0.1882169819673,-0.0198335614275,-0.1824198027428,0.0154294400748,0.2153838770093,0.4306776508867,0.2812702640438,0.5556718346079,0.1685333089905,0.3100498888503,0.2323179894592,0.3121916304697,0.1062450308987,0.3109408555706,0.0424395457668,-0.0061656579430,0.1506816198666,0.4141682142382,0.1999572162070,0.2385161460778,-0.0276426799138,0.4941607737644,0.4983767281532
0.2653834369815,0.0770315927254,0.2725380377399,0.3118701201813,0.6287658201414,-0.1063990053328,0.2157903563545,0.3272160641374,-0.2133011256499,0.6122318596471,0.3459106150326,-0.0605014173007,0.7083742177015,0.1011872254534,0.0529177200682,-0.0870967896601,0.1071807072905,0.1787813150238,-0.0208481764258,0.1933302545980,1.0000000000000,0.1140355400102,0.3332398089854,0.1123350242147,0.6292305327849,0.2558594211097,0.2636710316461,0.1225142867189,0.2608360935599,0.0451939401940,0.1141544126750,0.1780991424239,-0.2551681422718,0.1954834324668,-0.0000788782002,0.0965517802974,0.1161278822430,0.1873067478841,0.4938140189175,0.6364479494612,-0.0892636936726,-0.0928277312994,0.3093947354369,-0.2883421537238,0.5899042293172,0.3270191417295,-0.0183533084649,0.7705491740847,0.1391136785412,-0.2469469298265,-0.1220460001564,0.0599829660508,0.1888222067177,-0.0424377758235,0.1067869997511,0.9125725917477,0.0858255501498,0.2614167691127,0.1072946928148,0.5910730460585,0.2932993750929,0.1489969123673,0.1523535832326,0.2063000283398,0.0129178063431,0.0434655764953,0.1329369911747,-0.2890664992394,0.1609979035210,0.0172780343769
0.2715830292901,0.5631962056075,0.1649569262560,0.2746277894361,0.4118535899223,0.0255389026986,-0.0681265616521,0.0459269746299,0.0019340104898,0.0577998116561,0.0917309209894,0.0619964771735,0.1115318470132,-0.0442879503479,0.0634800416105,0.0343088308320,0.7508381578572,0.4830836040511,0.0379224280700,0.3505900033257,0.1140355400102,1.0000000000000,0.4885937623180,0.8857427521014,0.1347880096304,0.0657377635470,0.1466407613598,0.1966333332964,0.6790149305423,0.5177154318584,0.6885574004742,0.2077844494809,0.2467825924896,0.3314511058076,0.5023524967596,0.4733604621573,0.5917173462650,0.1480779724890,0.3248781398315,0.3612236503322,0.0539874712652,-0.0111259469842,-0.0159048026545,-0.0809895503517,-0.0163881387510,-0.1017091156589,0.1148521019543,0.1172685198051,-0.2086502056861,-0.1261909685541,0.0679481674659,0.7735945865863,0.4657092381624,0.0011296730108,0.3522187012312,0.1008357854692,0.8433551295118,0.5057821818443,0.8295246176183,0.1909908544148,-0.0471901066526,-0.0576682903423,0.1422995088037,0.6344716932435,0.4693226682990,0.6166072725870,0.0709674194735,0.2214825474230,0.2690202988327,0.4684071711074
0.3977945073080,0.5032978200927,0.4000255848105,0.5787681765473,0.3778455284668,-0.0980709549854,-0.0908456258496,0.0382547790422,-0.1460849454136,0.4235643462965,0.1983188496405,-0.0234845967917,0.1989654895163,-0.0535744779801,0.0212135268691,-0.1182369079409,0.4908614942390,0.4073687901376,-0.0324162803733,0.3000551323140,0.3332398089854,0.4885937623180,1.0000000000000,0.5197922038924,0.4520794757792,0.0791858402869,0.2281490306136,0.1945075338472,0.4721812368089,0.3422315434632,0.5835779707834,0.0659889740888,0.0472086240058,0.2255866255844,0.2373941402383,0.3060814440507,0.5345686843960,0.2910837065418,0.5334971252345,0.3356666932398,-0.1124447258212,-0.1791436225372,0.0224546924009,-0.2208661679951,0.3942750255085,0.0266972825527,0.0170838012203,0.1860514707594,-0.1144277496891,-0.1719913437160,-0.0919870219007,0.4820776068256,0.5107348387481,-0.0154040288751,0.2900507794711,0.3153218695908,0.4915268671642,0.8743876864278,0.5206503512267,0.5389521003505,0.1083509956502,-0.0167980092992,0.2122848769092,0.3393304655290,0.2628105888295,0.4041696771724,0.0801829942391,-0.0125084472603,0.3039579407703,0.2931751685379
0.3093539557194,0.5961257565102,0.3656153733838,0.3327967008723,0.4524671314748,0.0751965709919,-0.1305584233208,0.0474071289444,0.0043459689094,0.0721203075930,-0.0400943320449,0.0216093669668,0.0272251798442,-0.1267418258347,0.0493991249282,0.0188788233833,0.6673083774291,0.6495455247710,0.0409283063433,0.4823935691947,0.1123350242147,0.8857427521014,0.5197922038924,1.0000000000000,0.1677028353075,0.1287270541282,0.3323237584998,0.3897825335911,0.7000591155779,0.4543650589166,0.7373235426142,0.1081553972292,0.2193188242475,0.3632224407661,0.5317951005811,0.4372451843009,0.6198556083856,0.2866066104304,0.4030009373049,0.3973174766771,0.1166548439148,-0.0951979960208,0.0647772443749,-0.0850565548874,-0.0161856550396,-0.1682154036338,0.1149853460078,0.0504615189171,-0.2553528333118,-0.1358471943846,0.0580239548983,0.6999600367522,0.5557303565287,0.0739760472995,0.4870947147677,0.0963541285130,0.8130979396230,0.5157098130201,0.8374990480633,0.2095398108376,0.0409265693066,0.0602623520135,0.2993289866981,0.6602428670990,0.4006473773715,0.6383956551615,-0.0311182819805,0.1918443852559,0.3624235234422,0.5144365647217
0.2216660156383,0.1955900326317,0.5337106833769,0.4494278695474,0.5399893628405,-0.1619137999946,0.0795585206326,0.5857204566030,-0.2192037689750,0.7525271404800,0.1798205920864,-0.1329047202798,0.4138465040110,0.0849853039386,0.0154008233900,-0.0029729289913,0.1546844813723,0.2769058331842,-0.1240471494559,0.1725364029551,0.6292305327849,0.1347880096304,0.4520794757792,0.1677028353075,1.0000000000000,0.3621738054648,0.4707624836038,0.2899758747891,0.3604760398761,-0.0081742725182,0.2300085406611,0.1569376271521,-0.2533494266240,0.1022248403500,-0.0428780828416,0.0114414999052,0.1792386863518,0.2697132573280,0.5422079226006,0.5950235012574,-0.1667984046378,-0.1863769190212,0.4138323339968,-0.2791652482156,0.6243987074225,0.1143392996670,-0.1085037370495,0.4375245984452,0.1223734626195,-0.2470481096773,-0.0086071578725,0.0769822789640,0.2137043674141,-0.2539434123077,0.0487670145294,0.5494375144197,0.0645099262039,0.3978659545852,0.0469406316995,0.8565526505969,0.2791833954790,0.1951859311702,0.2845029693674,0.1658669654021,-0.0964113364169,0.0101798974798,0.1167903374051,-0.2826201186586,0.0142433200511,-0.0659751635910
0.1421139472832,0.2005411832320,0.3936603040033,0.3970200728687,0.1271608477253,0.0126545759794,0.1283458380725,0.2806089094985,0.0095036861190,0.3144176792624,-0.1329659215865,0.0152406388404,0.2580273581142,0.0801424847723,0.1415105168414,0.1151353885213,0.0839527559274,0.2225297742346,0.2681533454323,0.3249445007217,0.2558594211097,0.0657377635470,0.0791858402869,0.1287270541282,0.3621738054648,1.0000000000000,0.5276837305517,0.5244366307319,0.1178224803637,-0.0672202201480,0.0373066045626,0.0663281562021,-0.3428606130633,0.1005287396166,0.1968694292459,0.0136106482523,0.0835991743118,0.0798716172275,0.5289530459121,0.2499447518435,0.0210459423645,0.0424717843802,0.0893459744666,-0.0864119418260,0.1520800910249,-0.0680081672542,0.2125719787728,0.2338664624524,0.4338843073998,-0.0251649484036,0.1968887965170,0.0962805376676,-0.0312105971299,-0.0747745607147,0.0010234233760,0.2557350556080,-0.0008340677113,0.0436637044845,-0.0705277681167,0.3180824890174,0.7037225070846,0.1167192929517,0.2734783014505,0.0618193568096,-0.1405039842290,-0.0971740953056,-0.0610186142565,-0.1307645880344,-0.0263831699674,0.1266005949002
0.1587969409277,0.3224996613619,0.6074345605004,0.4457606997952,0.2961096422012,-0.0375434322237,0.0328971883591,0.2367343874402,0.1030882080590,0.2887515846689,-0.0608686762822,0.0001185428667,0.2197949290004,0.0566163232890,0.1178126973285,0.0419906266213,0.1955830158724,0.3973799903048,0.1397899904399,0.3883165402251,0.2636710316461,0.1466407613598,0.2281490306136,0.3323237584998,0.4707624836038,0.5276837305517,1.0000000000000,0.6110603620122,0.2730763840478,0.0225184887166,0.2345402607310,-0.0750625731635,-0.2499996156038,0.1976012577389,0.1851529825481,-0.0336173479113,0.2942112725040,0.2862999507874,0.4909617338243,0.3192721011656,-0.0072400265384,0.0034755757591,0.1134113007697,-0.0086690871538,0.2134845010128,-0.0875327996630,0.1043743050334,0.2530505897802,0.1826787860413,-0.0380135500444,0.0869210723437,0.1284150997662,0.2077659594862,-0.0395031714868,0.1105880865390,0.1861625014410,0.0550329818018,0.2058702977202,0.0550885478049,0.3766314347965,0.4076797221629,0.5203200875478,0.4700736387250,0.1761092975349,-0.0125119470253,0.0382201860480,-0.0215645237481,-0.1378532311052,0.1152912569044,0.0964632982680
0.0861321510353,0.2373638309358,0.6375660357027,0.2700998186618,0.1330152263763,0.1566570508983,-0.0725603379094,0.1713399022608,0.1809868189846,0.2507140665770,-0.1818594399769,0.1940121255094,0.0184412551859,0.1736286972034,0.2039891643763,0.2162194479780,0.2514187498205,0.2115875615128,0.3137449003365,0.2495468302145,0.1225142867189,0.1966333332964,0.1945075338472,0.3897825335911,0.2899758747891,0.5244366307319,0.6110603620122,1.0000000000000,0.1349770513692,0.0980782744185,0.0820932532363,0.0702503637297,-0.0753535028692,0.1142112608186,0.1835459740736,-0.0701955040254,0.2430937553149,0.3061923847733,0.3343780920604,0.1786779654393,0.1557088700134,0.0388576642583,0.0416842074352,0.1352374579782,0.1253450938517,-0.0567255495802,0.2597589688896,0.0358197048523,0.2526755408270,0.0957122986270,0.1852937166923,0.2537533467077,0.0258482892931,0.0570504952056,0.0463794614509,0.1045618213370,0.1961139003818,0.1537356528689,0.1726038925982,0.2344863004630,0.4280731415273,0.2983991938112,0.7038156614550,0.1303029557022,-0.0385612957776,-0.0207762570777,-0.0746931614390,0.0484213832892,0.0913345199829,0.1548724852827
0.3057105427752,0.4392095051549,0.2347918529266,0.3563067960343,0.4672732174466,-0.1913569931969,-0.0421043661386,0.3385396557337,-0.0887479785514,0.0801758401228,0.1725714162769,0.0186261257362,0.1206737920125,-0.0525925184883,-0.0107129146587,-0.1667836656475,0.6192975196125,0.4900270658051,-0.1324665786558,0.2774622000270,0.2608360935599,0.6790149305423,0.4721812368089,0.7000591155779,0.3604760398761,0.1178224803637,0.2730763840478,0.1349770513692,1.0000000000000,0.2529739760898,0.7009692905383,0.0414984624729,0.0012567104004,0.1308029538050,0.2445304834928,0.3635491689078,0.4374465065249,0.2069866725855,0.3599633452262,0.4025007821063,-0.1767250776003,-0.1661419005406,0.2349855281382,-0.2083619307364,-0.0027482417474,-0.0071298991804,-0.0265449971317,0.1426548603759,-0.2620136011814,-0.2602224498309,-0.0739940487555,0.6147089090259,0.4722333199756,-0.1739654293884,0.2566466102280,0.2255204680699,0.5704118818482,0.4882426185484,0.5439446919335,0.3123147351021,-0.0804137339990,0.0178725781155,0.1123375276837,0.7644541538587,0.2209196589163,0.5214574034116,0.0923233850085,-0.0722026187644,0.0772917174751,0.1861448454891
0.5261869012986,0.2868764416704,-0.0551052668522,0.3546877877947,0.3313122838685,0.0215027818545,0.1216880368583,0.0945101128331,0.1344750630050,0.1864382979698,0.2971946537884,0.3465564286442,0.2144803175826,0.4002054940815,0.5169537510667,0.2464582024893,0.3721823564275,0.3549392407635,0.2042793325579,0.4217464012480,0.0451939401940,0.5177154318584,0.3422315434632,0.4543650589166,-0.0081742725182,-0.0672202201480,0.0225184887166,0.0980782744185,0.2529739760898,1.0000000000000,0.4478486824164,0.3857755721217,0.3816907059590,0.6270858953790,0.6237475312885,0.5210158030573,0.4327218374795,-0.1236374444652,0.2401200656073,0.0935229605948,0.0670137439633,0.1080396016451,-0.1429730891811,0.0454119875067,0.1858912598829,-0.1067994709584,0.2921995939805,0.1010857136796,0.0186914903619,0.1059122333566,0.2363846786628,0.3623139191911,0.2852654457327,0.2951238194069,0.2133326495718,-0.0050411266366,0.3645323403508,0.3074354144114,0.3974432029617,-0.0113812166429,-0.0440126701345,-0.1578561324689,-0.0080064299686,0.0795671394620,0.7979853329450,0.1920272937922,0.4081455906807,0.3287548653697,0.4388578011681,0.5357740694547
0.5111805548555,0.6481864337751,0.1448380765885,0.5014533224197,0.4125176598264,-0.0084897646610,0.0279552721599,0.1332431184221,0.0352239235355,0.1193730969335,0.1006038482634,-0.0318446280971,0.1165047699266,-0.0820590558321,0.0626773165165,-0.0199784097431,0.4405625022575,0.7608688455264,-0.1319080502635,0.4622142407260,0.1141544126750,0.6885574004742,0.5835779707834,0.7373235426142,0.2300085406611,0.0373066045626,0.2345402607310,0.0820932532363,0.7009692905383,0.4478486824164,1.0000000000000,0.0687161359311,0.3010100399785,0.3113953181536,0.4714395682252,0.5874945738163,0.6661002716856,0.1632439828358,0.4432527968309,0.3448648421510,-0.0036307394022,-0.0930192362422,0.0659659135959,-0.1042061606645,0.0327959331388,-0.1824853687089,-0.0351797751646,0.0427726883598,-0.3960241312110,-0.2337160148782,0.0455790367043,0.4391739425892,0.7848457235263,-0.0695889514346,0.5192300390980,0.0102297199749,0.5587251719846,0.5702782839166,0.5955498575811,0.2877990248651,-0.1470677792442,0.0380710504529,0.0198894808614,0.4808508177884,0.3585060075204,0.6428777825503,0.1418333421598,0.1646945241601,0.2087698443521,0.4158589813468
0.1464892688524,0.0991758214770,-0.0713693696152,0.0394964816392,0.3145418749454,-0.2174098273489,-0.0823104174027,0.3008176037794,-0.3002068429024,0.2252472357173,0.1002178657840,0.2083579192829,0.1896573901879,0.3442104509956,0.1502584270789,0.0271334624952,0.0061387643283,0.1178807079753,0.1477305435471,0.2342956199059,0.1780991424239,0.2077844494809,0.0659889740888,0.1081553972292,0.1569376271521,0.0663281562021,-0.0750625731635,0.0702503637297,0.0414984624729,0.3857755721217,0.0687161359311,1.0000000000000,0.0263027054238,0.3488129023535,0.2083374195313,0.1357640249467,0.1710498873753,-0.1840820085394,0.1172405393948,0.2941449498861,-0.2235929108890,-0.1807547030512,0.1977535766475,-0.3261695330238,0.1866726116065,-0.0075703481274,0.1011971680822,0.2568092540670,0.2189838445621,-0.1984973844787,0.0732243376285,0.0225902368979,0.0079063369610,0.2251899510069,0.1359687458486,0.1924928297729,0.1466858754576,0.0177407780293,0.1590704130049,0.0518558655835,0.0952065818333,-0.1817542274295,0.0478513071778,0.0452317843150,0.3826851444010,0.0428209464097,0.5505066106928,-0.1195742467778,0.2232472527272,0.1888666721768
0.1711507151179,0.1463114164565,-0.2143621660559,0.1068071391837,0.0081452649530,0.5439400242541,0.1533486011817,-0.1365901086496,0.4622010658031,-0.1456271482421,-0.0746836902572,0.2219128613154,-0.1487059853403,0.1586359050883,0.2042364342739,0.4015973307161,0.1105084950993,0.1300597424106,-0.0343274035666,-0.0100290775090,-0.2551681422718,0.2467825924896,0.0472086240058,0.2193188242475,-0.2533494266240,-0.3428606130633,-0.2499996156038,-0.0753535028692,0.0012567104004,0.3816907059590,0.3010100399785,0.0263027054238,1.0000000000000,0.1315727364269,0.3146840191593,0.3083603134013,0.2455932171764,-0.0169539923332,-0.1034703421244,-0.1487120607399,0.4757874356939,0.3824008711176,-0.1858788592787,0.4875943601406,-0.1542163126713,-0.2125966915331,0.1878256884562,-0.2676639228042,-0.3087142345742,0.2364537444599,0.3348234057535,0.0983474920869,0.2666484863509,0.0533241078692,0.1236196521121,-0.3629351562490,0.1507824558765,0.0592768031975,0.2191426629837,-0.1682403914705,-0.3858437694237,-0.0640890925643,-0.0878696709678,-0.0861516770068,0.2493706577341,0.1576562691160,0.1425212218248,0.7268242206864,0.0126328496901,0.2978760215823
0.4632879878812,0.2805073778848,0.0063074448599,0.3629155119282,0.5453750850047,0.0089854299251,-0.0246915245749,0.0657356675174,-0.0793267915354,0.2714313935662,0.1881687488746,-0.0567014691569,0.3260948569107,0.1519645921289,0.1528474112637,0.0384311566971,0.1185582000908,0.4525058338481,0.0469483410217,0.6111366722257,0.1954834324668,0.3314511058076,0.2255866255844,0.3632224407661,0.1022248403500,0.1005287396166,0.1976012577389,0.1142112608186,0.1308029538050,0.6270858953790,0.3113953181536,0.3488129023535,0.1315727364269,1.0000000000000,0.6752949636500,0.4128869284803,0.3813055713033,-0.0909081862357,0.3498132965478,0.4033525040321,0.0128742376599,-0.0717284140955,0.0172427329051,-0.1827087610305,0.2660862219874,-0.0811455453434,0.0444176821330,0.2684416550950,-0.1186615402207,-0.1437758866708,-0.0028138890621,0.1311186769274,0.3331515057884,0.3473394792080,0.4521669271859,0.1487684587924,0.2152561930220,0.1820985151985,0.2939370627254,0.0712123710499,0.2736820873244,0.0064213991441,0.0060961532598,0.0300622860915,0.5591467353702,0.1046946405704,0.2856175024562,-0.0468299433920,0.7584671637011,0.6372385054070
0.4790801159788,0.4087053682694,-0.0522275798202,0.3787050514422,0.3254060938622,0.2890220833234,0.1494651642454,-0.1077735422260,0.1253223950596,0.1099973185637,0.0327885978170,0.0174343275948,0.1989803843592,0.0087735150873,0.1861681766884,0.1774477508070,0.3308470009363,0.5528055191954,0.1214945490488,0.5479513350685,-0.0000788782002,0.5023524967596,0.2373941402383,0.5317951005811,-0.0428780828416,0.1968694292459,0.1851529825481,0.1835459740736,0.2445304834928,0.6237475312885,0.4714395682252,0.2083374195313,0.3146840191593,0.6752949636500,1.0000000000000,0.5225332022553,0.5092108831563,-0.0421237804120,0.4197756439109,0.1861371527533,0.3772466263868,0.1172325824208,-0.1397569400486,0.0214336287885,0.0218884724651,-0.2548549475077,0.2494844327609,0.1071087014243,-0.1522717935739,-0.0855771596030,0.1534183323329,0.3194282794144,0.4371181801911,0.3058577473173,0.4767671929401,-0.0332885711831,0.4293681510856,0.2693148666192,0.4890553488805,-0.0332389050767,0.1774835846555,0.0146546634155,0.0181346175789,0.1665079207452,0.5835556761934,0.3422633701287,0.1634262050657,0.3038698606739,0.5553465351314,0.8807529035945
