1.0000000000000,0.2218550802671,0.1430539323948,0.4125275164922,0.4972237164249,0.1687747548837,0.5063270659435,0.5024954423021,0.5063775330987,0.1596273294692,0.6336875498719,0.2626879477525,0.3805397047700,0.2866775534451,0.5307460845894,0.4080629165878,0.2402156328400,0.3305282102616,0.3967362815074,0.3140338257146,0.5277807655187,0.2188030988275,0.5127427311817,0.2978461126430,0.3688169497886,0.1617752194577,0.2164980985769,0.0331444161004,0.4517953219666,0.5473031117588,0.4681071244981,0.1696509575237,0.2345158854687,0.5993512821031,0.3687416955731,0.6404533770522,0.1977894469014,-0.1257567117827,0.5962614522924,0.4139976886736,-0.0826489515960,0.3062342074381,0.3059776771275,0.2199234745893,0.2907398862680,0.4272213316075,0.1214900563876,0.4250147845169,0.1416448153336,0.1041176046977,0.3195364538199,0.4075882666609,0.3627087988408,0.0645631610790,0.2737797348277,0.4344967990418,0.3383344791441,0.3425593837409,0.1436420967790,0.4801481356073,0.1553917792171,-0.0093965282534,-0.0346221474616,0.3624682973285,0.1262529318643,0.0927337370937,-0.0487211883924,-0.0047556835656,0.3629395367337,0.4823793856684
0.2218550802671,1.0000000000000,0.7381534286444,0.7550668842639,-0.0039442417417,-0.2408047022335,0.0144073233072,0.2512991454359,-0.0358341591050,-0.0158014104947,-0.1867090434423,0.5153858927611,0.1941613223714,0.5269122176300,0.4101334782367,0.1053672669019,0.5357493679672,0.6856611819572,0.3462754570436,0.7604022542224,0.1448879394403,0.6873898576048,0.3250107915761,0.6612476945172,0.2211488640927,0.8030953483326,0.8708818361166,0.7949695060601,0.3199684303496,0.5242709225927,0.5517816177068,0.1653860908845,0.1297642552299,0.3671589085706,0.7999748796024,0.1042416373761,0.7092484845969,0.5149002910014,0.1196183999112,-0.0642292647311,0.1288849344023,0.1484360045109,-0.2200066093583,-0.4325600704647,-0.2277178218860,-0.1210915860966,0.3153453829017,0.1550601355607,0.1526210379337,-0.5287976813402,-0.2314312736890,0.5364078732989,0.4504143329903,-0.2848505260687,0.1801519155077,0.0494233026354,0.3565416502738,0.2302093992133,0.5321861671499,-0.0801045458833,0.4458450323917,0.5246715779159,0.7172842021072,0.0836093300182,0.0392958842490,-0.1802853184570,0.2340412714576,0.3113798243141,0.1777349557111,0.5697653578191
0.1430539323948,0.7381534286444,1.0000000000000,0.5750832537683,0.0835786663632,-0.2899795213601,-0.2441315501602,0.2751774511483,-0.1395220946274,0.0246159413309,-0.2375613752696,0.5421743549924,0.0365412909539,0.4471091405772,0.3576180691770,0.0441020122578,0.6395191582740,0.5776688317251,0.4153722177429,0.6073524074008,0.2885778869197,0.8093738528684,0.4145273333432,0.7897860041591,0.4073096553387,0.7475360439776,0.8252830130953,0.8546230952675,0.4089148627361,0.4484102866079,0.6543870275902,0.3071126663443,-0.0408016897856,0.3865245771088,0.5490756620027,-0.0350732718330,0.5288554439544,0.5232519582571,-0.0087748943224,0.0692564153044,-0.1482876231786,-0.1549264898907,-0.2114068433947,-0.6102670734013,-0.0579580815121,-0.0357318326903,0.3147041626533,0.1139303704464,0.0517008160439,-0.3728093429799,-0.2975297707423,0.4749320623035,0.4423299257586,-0.0899671222708,0.1360436830507,0.1281649208156,0.4092129865859,0.3045702591522,0.7015364784517,0.0997118376958,0.5252768982209,0.5738767592622,0.7796471285222,0.1502881920985,-0.0492956214912,-0.2794905284607,0.1805773938734,0.0956836666511,0.1602338325484,0.3969460064140
0.4125275164922,0.7550668842639,0.5750832537683,1.0000000000000,0.1803020322720,-0.0390836414305,0.2706465457366,0.4964914285587,0.2070479792503,0.3414474564337,0.0575443394278,0.5703783099155,0.3227400828933,0.5863728213377,0.6311645501704,0.2607525869652,0.3839115430845,0.5163724597008,0.4455406276719,0.7096720088610,0.2756311591492,0.4856534534703,0.5387673359910,0.4681387299668,0.3765371332287,0.7021737520596,0.6729318944390,0.5518509845341,0.3949211588737,0.5797925888374,0.5951436731433,0.1518777013302,-0.0705388867575,0.5567934198515,0.6631251071968,0.1943884112763,0.5203182871920,0.3548682387440,0.4819404509770,-0.0200552260858,0.2158787688061,0.3008750762799,0.0730888672651,-0.2177646182334,0.1853951148043,-0.1395016351380,0.3516639255274,0.2117334385300,0.2636307116711,-0.3203304914047,0.1146014417004,0.4935663944060,0.3977662660468,-0.1302440578078,0.2038872046160,0.1440461385892,0.2123908315455,0.4595574396080,0.2595012705284,0.1922848975664,0.5136661093910,0.3149671731461,0.4806318295853,0.1241379062992,0.0589168536853,-0.0631126336301,0.1258702817462,0.0823978018471,0.0462440978600,0.4054716871299
0.4972237164249,-0.0039442417417,0.0835786663632,0.1803020322720,1.0000000000000,0.1359147981081,0.2946007688066,0.4768443111162,0.3652063127239,0.3840991184807,0.6009946843709,-0.0021863083241,0.5045235088722,0.1158044124070,0.1897643907039,0.2549398076518,0.2490866981031,0.1135368317736,0.0969224134163,0.0015768586530,0.8236055292507,0.1919440431706,0.4602655942357,0.2301695709587,0.6249471138532,0.0784224634502,0.0208838522484,-0.1215780004196,0.6523929123523,0.3643064207860,0.4320116532020,0.1936556340329,0.0435213267150,0.4101806542687,0.0297623466923,0.3000951863465,-0.1321019282108,-0.3877482540037,0.3353924143112,0.7856271161184,-0.3372339686851,0.2025814825360,0.2775937676744,-0.0596698875928,0.4617080273779,0.5763882648030,-0.0349448385144,0.6957677938501,-0.0536476309562,0.0323124680202,0.2263468423184,0.2079862027397,0.2323564969846,-0.0299151040137,0.0924651366006,0.7810355506202,0.2836487060990,0.2948355895994,0.1604661997075,0.6779990876910,0.0081775200481,-0.1608495421969,-0.2141780240989,0.5293724209527,0.0589383428469,0.0238484224657,-0.0572452152145,-0.1703339173355,0.1283797221830,0.2000890078636
0.1687747548837,-0.2408047022335,-0.2899795213601,-0.0390836414305,0.1359147981081,1.0000000000000,0.3081460706866,0.1691893849336,0.6585587856045,0.3368012221473,0.4242268380581,0.0964772846275,0.3874199038938,0.2007477668065,0.3592800415114,0.5050195962642,-0.3836954670156,-0.2373561098317,0.2908652396427,-0.1609706893039,0.1593909810014,-0.3836330390734,-0.1057166886000,-0.4410389208187,-0.0503638894892,-0.2388945309125,-0.3449802243075,-0.3105342111672,-0.1139915165187,0.1126223068775,-0.1952748367801,-0.1091023266607,0.1421524491744,0.0008127269289,-0.2636031282321,0.1098018485747,-0.3355217269558,-0.2006680892236,0.1434899941853,0.0852041584833,0.3065779537445,0.2945288638981,0.1702117426545,0.5582572061921,0.3621924483671,0.2030309841346,0.1462955317583,0.2604714559200,0.2797244391241,0.4404791024961,0.4114592898791,-0.2936852918802,-0.2591207599786,0.2427646232569,-0.1149612441780,0.0434316737158,-0.2461042684315,-0.0850243773521,-0.3956789535771,0.0778916440305,-0.0064407992865,-0.4016877475766,-0.3299066887686,-0.0190437797776,0.1787068887205,-0.0636365772611,-0.4082058120140,0.0657494527131,-0.2358533662309,-0.1309390779709
0.5063270659435,0.0144073233072,-0.2441315501602,0.2706465457366,0.2946007688066,0.3081460706866,1.0000000000000,0.5015341976408,0.5543408115552,0.4204964362101,0.6333520371239,-0.0096667380000,0.5975145509848,0.2806176305104,0.4687508628615,0.3688713646575,-0.1926338541653,0.1209291537502,0.1119699762444,0.1696009834760,0.2429442762510,-0.2672750364553,0.0964186109077,-0.2492871292607,0.0226821294284,-0.0574586767277,-0.0417336431405,-0.2509902731641,0.0867381751348,0.2523188900484,-0.0042781153530,-0.0656421058714,0.2614895985972,0.3116765698762,0.1177700134665,0.4063270319986,-0.0601011754798,-0.1899195716507,0.5801065804200,-0.0139003257434,0.3550106392316,0.7808414558602,0.4396172846257,0.5520846174398,0.3063545591363,0.1195972025346,0.0321043358845,0.4415509139488,0.4369154555375,0.0360839959565,0.4495229495798,0.1679363022631,0.0036074351825,0.0101798708963,0.0298694288536,0.3135612926991,-0.1984117389663,0.0124495081266,-0.5245774785043,0.1587158188938,-0.1528861138445,-0.2865115780287,-0.3655013978152,-0.0838899184984,0.0231248935493,-0.0680510858033,0.1109334499434,0.1550051826185,-0.0027373648913,0.0683511715188
0.5024954423021,0.2512991454359,0.2751774511483,0.4964914285587,0.4768443111162,0.1691893849336,0.5015341976408,1.0000000000000,0.4165996944920,0.5868615474460,0.4860985651681,0.1667062104138,0.4678205752680,0.3937292841465,0.5580905467058,0.4400337827222,0.1682411414883,0.2230030598980,0.1447115973805,0.1813092547471,0.4839972466197,0.1495265034461,0.4120570156993,0.1492382765188,0.6581911160849,0.3060907183236,0.2104748056635,0.1127907592700,0.5290783792820,0.4144717914912,0.5540180898621,0.1426859427299,0.0572114996625,0.3725081275523,0.2004622418618,0.0850964142836,-0.0022098549420,-0.1295431862819,0.5143217285210,0.2716879147203,-0.0386541987330,0.2821857993469,0.6112807142867,0.0267795071172,0.5984515379870,0.0317313074196,0.0643974971723,0.3944742520375,0.1991645746252,-0.1449589832002,0.2987342833747,0.2927156899481,0.1235548329077,-0.0888299479843,-0.1441573706826,0.3591275412503,0.0268828692737,0.2243093028092,-0.1172639714256,0.5911356848766,0.1183900067023,-0.1887976806440,-0.0942537178040,0.2731368684025,-0.1906378826095,-0.1056612012294,0.0706021805663,-0.0027693338881,-0.0738611733533,0.1402373753824
0.5063775330987,-0.0358341591050,-0.1395220946274,0.2070479792503,0.3652063127239,0.6585587856045,0.5543408115552,0.4165996944920,1.0000000000000,0.3611610729163,0.7190751026752,0.3322719672797,0.6492453404288,0.4190110682091,0.6151723214146,0.6298569851112,-0.2237512079068,-0.0924332736295,0.4906479182537,0.0575916130426,0.4538144653828,-0.1993988849863,0.1180483219111,-0.2226817566001,0.1339562113259,-0.0114286520656,-0.0815060242595,-0.1941677621990,0.1441418385272,0.3518713068704,0.1295956821820,0.1443775880275,0.2218026943767,0.3212479617834,0.0017111739511,0.1850442964058,-0.2310721749536,-0.2894168729025,0.4127617776163,0.2301706586991,0.1803222086054,0.4833969321474,0.2294101352008,0.5344360017842,0.3952488402761,0.4244298036644,0.2909285299530,0.4912658490408,0.3339954194673,0.3181981443764,0.4716261254761,-0.0892696881948,-0.0857521612138,0.2459527612709,-0.1029173801854,0.2466888963081,-0.1282484555235,0.0321653045336,-0.2990179183262,0.2642112673940,0.0402251875464,-0.2956731071401,-0.2643001797119,0.1247498966979,0.0403113189015,-0.0656304774338,-0.2937272284803,0.0699520194200,0.0188586687930,0.1089113178426
0.1596273294692,-0.0158014104947,0.0246159413309,0.3414474564337,0.3840991184807,0.3368012221473,0.4204964362101,0.5868615474460,0.3611610729163,1.0000000000000,0.3144677628192,0.1064486147654,0.5128493031495,0.3899964807254,0.4651886169882,0.3484227144798,-0.0849153755391,-0.1566806832352,0.0791145492969,0.0287531496667,0.3850955929743,-0.1042712093187,0.1690629856946,-0.1810858134214,0.4542045343375,0.1415524815557,-0.0804935210734,-0.0381046407492,0.2419205698509,0.2434101600322,0.1359262343023,0.0259865288082,-0.2496376760159,0.2349491254247,-0.1505692858279,-0.1189262848075,-0.2011862458611,-0.1623440242244,0.3313940042637,0.1244109282881,0.1277548878437,0.3786456361973,0.3833841977144,0.1012163402056,0.7938107142064,-0.0267491119659,0.0346109753852,0.4069898274160,0.3066289127613,0.0356689164051,0.4352515535353,0.0313445701079,-0.1869978710915,-0.0295878047533,-0.2160754057076,0.2734588267515,-0.1627292432341,0.2212560445738,-0.2950463495866,0.4451930322087,0.1801224663169,-0.3272986636099,-0.2092164043383,0.0693323005604,0.0746426165701,-0.1590915654325,-0.0527311962866,-0.1736494119628,-0.3306634523691,-0.2770345902188
0.6336875498719,-0.1867090434423,-0.2375613752696,0.0575443394278,0.6009946843709,0.4242268380581,0.6333520371239,0.4860985651681,0.7190751026752,0.3144677628192,1.0000000000000,0.0196611266504,0.5391662451123,0.1678594406198,0.4029967507888,0.3847532039996,-0.0619810477061,-0.0860443719331,0.2101443996205,-0.0542463885795,0.6241786176927,-0.1048803109879,0.2563733438402,-0.1151859554124,0.3005035029140,-0.1176500998589,-0.1818416619293,-0.3478819636926,0.3988539519494,0.3080510726857,0.1897803093859,0.0837001598148,0.1824504759026,0.3931628127233,-0.0556495586203,0.3867383155002,-0.2498204696473,-0.4655277419347,0.4918064069255,0.5181620034454,-0.0481673275519,0.4705196589838,0.3056149756172,0.4743702317014,0.4156350677978,0.6682361129536,-0.0333883944521,0.6009161422942,0.1259131720892,0.2602097525307,0.4694227210389,0.0593060773401,-0.0776653508477,0.0654563197841,-0.0550204640782,0.5180009966110,0.0724406857431,0.0688263364025,-0.2387974293115,0.4758805650396,-0.1072766541431,-0.3859977072096,-0.4160783210734,0.3978815227569,0.0094785697981,-0.0263619071711,-0.1344698083499,-0.0742952714808,0.1228560366574,0.0966043469662
0.2626879477525,0.5153858927611,0.5421743549924,0.5703783099155,-0.0021863083241,0.0964772846275,-0.0096667380000,0.1667062104138,0.3322719672797,0.1064486147654,0.0196611266504,1.0000000000000,0.2065180704665,0.6333850347429,0.5067063147404,0.2220732574679,0.2874847114755,0.2713849007509,0.7264580987839,0.5881116060680,0.2673106332887,0.3666215359922,0.2693932281850,0.3410559586680,0.1113186119909,0.6053587820841,0.5849744841614,0.5706279174434,0.1633019361547,0.4127093651717,0.3795821303928,0.4868748850977,-0.0794970625994,0.4169668816145,0.4384485234507,0.0413013272470,0.3276187376400,0.2974802181756,0.2667256191315,-0.0402964063531,0.0673960226302,0.1047731521436,-0.2370271452530,-0.1638392006995,0.0103895380369,0.0428656018213,0.7000922276166,0.1130617149786,0.3096771597971,-0.0674936981638,0.0181063358463,0.2634264885033,0.1767251356475,0.2832487745369,0.1329000464045,0.0509179186514,0.1469380771130,0.2310218683445,0.3052483458107,-0.0079930619951,0.5899098477336,0.4193942063568,0.5320949745663,0.0627646810643,0.0829896962044,-0.1610225532069,-0.0437869193288,0.0263211474153,0.1301775012109,0.3328472292605
0.3805397047700,0.1941613223714,0.0365412909539,0.3227400828933,0.5045235088722,0.3874199038938,0.5975145509848,0.4678205752680,0.6492453404288,0.5128493031495,0.5391662451123,0.2065180704665,1.0000000000000,0.3752911640572,0.4849552395869,0.5811101654224,-0.0082725542824,0.0871821578391,0.2734469414530,0.1458398608658,0.5726997857366,-0.0094753050496,0.0486880480274,-0.0154122604623,0.2920355022099,0.1335687671715,0.0854124013175,-0.0481922910933,0.3449784775852,0.5511941047227,0.2343209585640,0.1167448234018,0.1396799245266,0.3132244089964,0.1216264000608,0.1813649387183,-0.1661118382261,-0.2440543962362,0.2279729319738,0.3484234262570,0.1037932739172,0.6702609416528,0.2256965252183,0.1569440333447,0.3619346326651,0.3731305814641,0.2953249833209,0.8340642973141,0.3309027581179,-0.0044428388695,0.3736491338058,0.1272633530824,0.1147432256571,0.0473314003146,0.0005660549999,0.4023431900563,-0.0350890291017,0.0783516721318,-0.1518156116134,0.3343022582917,-0.0218764591435,-0.1956271779864,-0.1825762714809,0.2096928698802,0.2491883500148,-0.1141908354135,-0.0183432075893,0.2062425197044,-0.0521673095685,0.1902890578374
0.2866775534451,0.5269122176300,0.4471091405772,0.5863728213377,0.1158044124070,0.2007477668065,0.2806176305104,0.3937292841465,0.4190110682091,0.3899964807254,0.1678594406198,0.6333850347429,0.3752911640572,1.0000000000000,0.6509799215971,0.3656826407588,0.2420397732406,0.2140740536197,0.5537839668902,0.5042614318797,0.3309851703159,0.2849743703788,0.1545092349033,0.1856137968123,0.1943493839220,0.6449629458352,0.5032600086074,0.5006038269993,0.1873266425435,0.3722547140097,0.2629556818901,0.3859231761772,0.1612623953409,0.4220452914550,0.3591587975897,-0.0311302544378,0.2930954333703,0.2884269356513,0.3033096388885,-0.0458946032123,0.2374150255132,0.3368140188929,-0.0451055892500,-0.0310686078605,0.2039700674732,0.0065233568862,0.4747223752662,0.2814013111565,0.6038426085300,-0.1466378626689,0.0705834734799,0.3120224679189,0.0547810507319,0.0533537667080,-0.0922197056376,0.2052266728253,0.0403674136783,0.0147770564729,0.1073374316711,0.0487187705223,0.5384432460607,0.1930470577003,0.4017032911500,-0.0123327426304,-0.0686225479526,-0.3849170434764,-0.0252016833992,0.2050825022009,0.1122395082176,0.2297743066577
0.5307460845894,0.4101334782367,0.3576180691770,0.6311645501704,0.1897643907039,0.3592800415114,0.4687508628615,0.5580905467058,0.6151723214146,0.4651886169882,0.4029967507888,0.5067063147404,0.4849552395869,0.6509799215971,1.0000000000000,0.4691820769948,0.0888544829628,0.2486678878112,0.5968272001664,0.5081714191710,0.3812895377700,0.2093608541568,0.3204324233336,0.1463585454945,0.2798805876543,0.4192314838092,0.3844647794234,0.3114890693448,0.2476872852000,0.5741121676770,0.3847806092900,0.0599544553078,0.0210838410942,0.5128693673033,0.3362413699603,0.2190550768647,0.1982011628637,0.2045260720024,0.4656841865792,0.0197763072249,0.2529571175944,0.3950824229125,0.1969916692227,0.1728800391323,0.3829842830350,0.0845574829965,0.3077547336849,0.3495372114368,0.4189685507851,0.1189570286860,0.2773329351533,0.2113840883702,0.0931695069963,0.0923106821536,0.0534287394689,0.1668112698216,0.0022352810338,0.2445464391829,-0.0112615013733,0.2156184607083,0.4324396343861,0.0531172509554,0.2209189851490,0.0709484633358,0.0920347225592,-0.1964243500162,-0.0440301052680,0.0520052860008,-0.0046010827813,0.1728632112518
0.4080629165878,0.1053672669019,0.0441020122578,0.2607525869652,0.2549398076518,0.5050195962642,0.3688713646575,0.4400337827222,0.6298569851112,0.3484227144798,0.3847532039996,0.2220732574679,0.5811101654224,0.3656826407588,0.4691820769948,1.0000000000000,-0.1018655453749,0.0276867484661,0.3595543796736,-0.0300351892155,0.3509175988168,-0.1200104357200,0.1148034247679,-0.0535472965705,0.2401644886844,0.0204534014877,-0.0236138191279,-0.0280309343812,0.1240134884474,0.5046270812757,0.1617055318573,0.1074487401719,0.2608054055317,0.2824958959918,0.1118996429349,0.1073982504121,-0.0917314121387,-0.1627187032120,0.2911227262869,0.1954746941537,0.1018082555834,0.2857774605632,0.3398151885890,0.2455883582286,0.4542729186313,0.2169025442812,0.3467817913108,0.4084880087444,0.3990378159243,0.2159437307216,0.5082305945501,-0.0233071576471,0.1333165817777,0.2304254444812,0.0262134587762,0.1227429081977,0.0354913201963,0.1014300309701,-0.0993101141413,0.3329399332367,0.0591489398988,-0.2397795599491,-0.1395697863922,0.1310430812497,0.2291786344435,0.0061710636316,-0.2140253868670,0.2299893165404,0.0425148186336,0.2779002900043
0.2402156328400,0.5357493679672,0.6395191582740,0.3839115430845,0.2490866981031,-0.3836954670156,-0.1926338541653,0.1682411414883,-0.2237512079068,-0.0849153755391,-0.0619810477061,0.2874847114755,-0.0082725542824,0.2420397732406,0.0888544829628,-0.1018655453749,1.0000000000000,0.4033774837879,0.1671514283838,0.4438724083455,0.3053049905287,0.8058880469408,0.4270667535880,0.8058185918300,0.5265441197729,0.6129002668044,0.6332282260962,0.6070342006407,0.6263016353794,0.3353751615962,0.6444947697240,0.3905414337119,0.0473200458791,0.3457299550339,0.5489773045269,0.1323494227372,0.4399318107384,0.2721773639563,0.0545501721521,0.3112223581507,-0.3060988855910,-0.1511150831442,-0.1784816866228,-0.5494629265837,-0.1505430915783,0.1548558974900,0.1570169869397,0.1667780352757,-0.0127185999936,-0.4051341527888,-0.3342808093486,0.8311733547252,0.3866938462500,-0.2252264964815,0.1646359263893,0.2458397411067,0.6550316418466,0.3033913644758,0.7547865941363,0.3188632086537,0.3763245102668,0.5241722728704,0.5587729167339,0.3522208661907,-0.0237318010327,0.0236355588681,0.2115192132956,0.0863526773613,0.3656022668161,0.4757539825819
0.3305282102616,0.6856611819572,0.5776688317251,0.5163724597008,0.1135368317736,-0.2373561098317,0.1209291537502,0.2230030598980,-0.0924332736295,-0.1566806832352,-0.0860443719331,0.2713849007509,0.0871821578391,0.2140740536197,0.2486678878112,0.0276867484661,0.4033774837879,1.0000000000000,0.2311825408831,0.7328980823202,0.1187135792668,0.5416154622542,0.3771297342223,0.6463940784163,0.1728171744226,0.4532190122136,0.7098601053005,0.5684817108799,0.2815921785078,0.4744960050123,0.4875863471209,0.0953432678748,0.1155903510888,0.3721985811501,0.7078491479855,0.3192965133217,0.6185158365867,0.3784949973238,0.2017784582781,0.0332014737649,0.0224656563337,0.1204038581378,-0.0818753056071,-0.2685370274387,-0.2466041496688,-0.0497830805163,0.0987836006919,0.1106062454964,-0.0099358127999,-0.4160648715761,-0.2099744510598,0.4499635161032,0.6984141849300,-0.2470824310161,0.4947121874126,0.1097065949096,0.3296096785528,0.2479296663354,0.4409465596463,-0.0363161096599,0.1875034377532,0.4387513799466,0.4625058207398,0.0778332779945,0.0953077113671,0.0105277606720,0.2719032879532,0.1954764781106,0.2475266205594,0.5939639494716
0.3967362815074,0.3462754570436,0.4153722177429,0.4455406276719,0.0969224134163,0.2908652396427,0.1119699762444,0.1447115973805,0.4906479182537,0.0791145492969,0.2101443996205,0.7264580987839,0.2734469414530,0.5537839668902,0.5968272001664,0.3595543796736,0.1671514283838,0.2311825408831,1.0000000000000,0.5291984332225,0.2782536000928,0.2977975298728,0.2757042330767,0.2713341333313,0.0170842144611,0.3019066829096,0.3819201692462,0.3358714613955,0.2052833630863,0.5104402390950,0.3383430114063,0.2940561826940,0.0006539712492,0.4490390130830,0.2965187554640,0.1999584500942,0.1284422477515,0.2437785221168,0.1605795875859,0.0396982149331,0.1542374111265,0.2359270211060,-0.1943016913223,0.0472573245862,0.0371134760332,0.1971927571451,0.5679219279093,0.2127062101807,0.3954883627727,0.0597601463993,0.1213442790545,0.2116577434787,0.1521960119850,0.3319811680560,0.1790542964509,0.0982863303332,0.2049455532198,0.2391363939839,0.2396816429102,-0.0072964709091,0.3129573319527,0.1962842237757,0.3703244214388,0.1760316235249,0.2362138712048,-0.1363293328020,-0.1851559853292,0.0292426448986,0.1646684812879,0.2792530094224
0.3140338257146,0.7604022542224,0.6073524074008,0.7096720088610,0.0015768586530,-0.1609706893039,0.1696009834760,0.1813092547471,0.0575916130426,0.0287531496667,-0.0542463885795,0.5881116060680,0.1458398608658,0.5042614318797,0.5081714191710,-0.0300351892155,0.4438724083455,0.7328980823202,0.5291984332225,1.0000000000000,0.1259114810486,0.5961173902326,0.3560433755459,0.5565993173857,0.0942369230536,0.6739914238136,0.7998553411528,0.6723836910221,0.2796282984047,0.5229027141916,0.4644768582511,0.1769646091419,-0.0819694722103,0.5256120547336,0.7259063397187,0.2547000830873,0.6068601734412,0.5073314260641,0.2576543903913,-0.1285266061404,0.2659671209305,0.3083678186615,-0.2651951390505,-0.2142352949418,-0.1949189023381,-0.0846044210327,0.2967325133796,0.1258662893784,0.1752804659692,-0.4101902371606,-0.1331785936199,0.5364820799458,0.4205868921409,-0.1713874678321,0.3984168454405,0.0965372421327,0.2881663515070,0.2892325498337,0.3983606415646,-0.1552439087441,0.4545922570619,0.5115440639761,0.6262178812639,0.0533902385129,0.1330973361533,-0.1136752223505,0.2428787723717,0.0610751040116,0.2393199761337,0.4292909872973
0.5277807655187,0.1448879394403,0.2885778869197,0.2756311591492,0.8236055292507,0.1593909810014,0.2429442762510,0.4839972466197,0.4538144653828,0.3850955929743,0.6241786176927,0.2673106332887,0.5726997857366,0.3309851703159,0.3812895377700,0.3509175988168,0.3053049905287,0.1187135792668,0.2782536000928,0.1259114810486,1.0000000000000,0.3138708232489,0.4226687360495,0.3109938977901,0.6059577753875,0.2592314622667,0.1721729507735,0.0765395310012,0.6148345027134,0.4404889895912,0.4762700214802,0.2597720770041,0.0319123884109,0.5472525379781,0.0979356532839,0.2183141188470,-0.0175792121992,-0.2188330822965,0.3485899257911,0.7090944578120,-0.3511279766056,0.1873905354695,0.1590463198628,-0.1147060415872,0.4599874710065,0.6186071271676,0.1270937883405,0.7813506709549,0.0582526267455,0.0850488309631,0.2200966771917,0.2207486208643,0.2221820655042,0.0059828964572,0.0755048157100,0.8235600416430,0.2881731629843,0.2564622890073,0.2520971370852,0.6074800189205,0.2760842095980,-0.0477942486713,0.0025322481655,0.5202008351809,0.0273313183560,-0.1826165434401,-0.0940728324269,-0.1596747227525,0.2134745333389,0.2499821314536
0.2188030988275,0.6873898576048,0.8093738528684,0.4856534534703,0.1919440431706,-0.3836330390734,-0.2672750364553,0.1495265034461,-0.1993988849863,-0.1042712093187,-0.1048803109879,0.3666215359922,-0.0094753050496,0.2849743703788,0.2093608541568,-0.1200104357200,0.8058880469408,0.5416154622542,0.2977975298728,0.5961173902326,0.3138708232489,1.0000000000000,0.4725085251854,0.9225432461033,0.4420499758286,0.6865295528117,0.7819719419674,0.7200751673707,0.6258549037124,0.4800743482542,0.7526157950490,0.2682554494385,-0.0498194568180,0.4059780944581,0.6155167797169,0.1128584165838,0.5227147635445,0.3937869627496,-0.0691942313471,0.2539379449615,-0.1648007725999,-0.1083552951442,-0.3667315242488,-0.5824443553267,-0.1982277016264,0.1727600114659,0.1580240264875,0.1697256383195,-0.0445676038777,-0.4641193494413,-0.3307532056989,0.6111275579558,0.4242487577896,-0.3118731362599,0.1862570393320,0.2025421753093,0.6989075308964,0.3509620973942,0.8458279592438,0.1293256546724,0.3868316818146,0.5374196874564,0.7214377763024,0.4118257851634,0.0430354841274,-0.1186702695184,0.2570528481359,0.0746085458236,0.2981038815141,0.4388411765233
0.5127427311817,0.3250107915761,0.4145273333432,0.5387673359910,0.4602655942357,-0.1057166886000,0.0964186109077,0.4120570156993,0.1180483219111,0.1690629856946,0.2563733438402,0.2693932281850,0.0486880480274,0.1545092349033,0.3204324233336,0.1148034247679,0.4270667535880,0.3771297342223,0.2757042330767,0.3560433755459,0.4226687360495,0.4725085251854,1.0000000000000,0.5411243426237,0.5629629523059,0.3264088673848,0.3569755472854,0.2092053021759,0.5621946398867,0.4303061812750,0.6872684882299,0.2208011643895,-0.1267859382253,0.5403512055044,0.4256042976663,0.2994735508346,0.3476059571168,-0.0288722872070,0.4697835456609,0.3643429794365,-0.2166264143185,-0.0082173538510,0.0898137313874,-0.1967765092150,0.2460603841251,0.1855630161855,0.0468904566352,0.1647476672212,0.0060662369139,-0.0600713785949,0.0271225935661,0.3962593836369,0.3849237885775,-0.0641563006153,0.2980500609093,0.3304113184515,0.3969047939585,0.7826288758860,0.3774436467489,0.4897075397501,0.3124495618514,0.1151196952408,0.1631395677091,0.3878263875113,0.0859105253083,0.1666991713134,0.0576857920689,-0.1733224709654,0.2237145987792,0.3715065955546
0.2978461126430,0.6612476945172,0.7897860041591,0.4681387299668,0.2301695709587,-0.4410389208187,-0.2492871292607,0.1492382765188,-0.2226817566001,-0.1810858134214,-0.1151859554124,0.3410559586680,-0.0154122604623,0.1856137968123,0.1463585454945,-0.0535472965705,0.8058185918300,0.6463940784163,0.2713341333313,0.5565993173857,0.3109938977901,0.9225432461033,0.5411243426237,1.0000000000000,0.4541859075464,0.5863795446985,0.7400215392499,0.6847276997620,0.6214719041503,0.5045541175100,0.7691150885922,0.3337933993287,-0.0106581633789,0.4239491310384,0.6656276658798,0.1805953608435,0.5413816222540,0.3031621934931,0.0231637629335,0.2878516041455,-0.3013168984602,-0.1889875115239,-0.2727630847245,-0.6114623930448,-0.2008772339369,0.1595496079662,0.1686151461386,0.1323576650089,-0.0584244770636,-0.4284623557047,-0.3127136654654,0.6450773776217,0.6052231153111,-0.2490208176564,0.3395354899774,0.1728350490112,0.7156395515275,0.4336230437027,0.8796405132525,0.2130795523250,0.3284521435740,0.5182825963056,0.6415154503740,0.4111852584759,0.0697215236587,0.0280419159310,0.2763910947937,0.0904075183659,0.3425191530483,0.5764506978012
0.3688169497886,0.2211488640927,0.4073096553387,0.3765371332287,0.6249471138532,-0.0503638894892,0.0226821294284,0.6581911160849,0.1339562113259,0.4542045343375,0.3005035029140,0.1113186119909,0.2920355022099,0.1943493839220,0.2798805876543,0.2401644886844,0.5265441197729,0.1728171744226,0.0170842144611,0.0942369230536,0.6059577753875,0.4420499758286,0.5629629523059,0.4541859075464,1.0000000000000,0.3740755151718,0.2666467671460,0.2150863328196,0.7661862962877,0.3801528168187,0.6845024958749,0.3144923516560,-0.0962395297302,0.3250053952584,0.2082558517660,0.0285932802199,0.0834694074527,-0.1939214520499,0.3095856816732,0.6165885103057,-0.4375076433247,-0.0996323538310,0.3595703455097,-0.3681548496317,0.5026219652064,0.2854744067381,0.0243281522702,0.4176178414769,-0.0480802237697,-0.0926630221308,0.0575691164263,0.3536044716322,0.2347054737024,-0.1372881662136,-0.0176235787671,0.4480688278114,0.3394426772549,0.4173218030645,0.3560478357682,0.8418814898051,0.2735837766137,0.0511831117920,0.0433242582395,0.5201844260799,-0.0658200786983,0.0577758749085,0.0910713340955,-0.1444509107542,0.0504102394717,0.2260026950194
0.1617752194577,0.8030953483326,0.7475360439776,0.7021737520596,0.0784224634502,-0.2388945309125,-0.0574586767277,0.3060907183236,-0.0114286520656,0.1415524815557,-0.1176500998589,0.6053587820841,0.1335687671715,0.6449629458352,0.4192314838092,0.0204534014877,0.6129002668044,0.4532190122136,0.3019066829096,0.6739914238136,0.2592314622667,0.6865295528117,0.3264088673848,0.5863795446985,0.3740755151718,1.0000000000000,0.8455244257144,0.8142515107390,0.3579543717420,0.3886551565931,0.5432734692177,0.3450979790762,0.0127325112423,0.3968892246422,0.6671297198734,-0.0612849598593,0.5982015615691,0.4819566984432,0.1971565182767,-0.0025881010319,0.0302839419760,0.0304768082485,-0.1884734936445,-0.4820414463553,-0.0599680570215,-0.0752754111525,0.3514746763625,0.1305620898030,0.1207738746411,-0.4529649439355,-0.2307797925888,0.5357162619668,0.2635086009040,-0.2009121342321,0.0107473274133,0.1435624786416,0.3038376842053,0.1831974469925,0.5039373736796,0.0613250325512,0.6757654932179,0.5870696260539,0.7283891031283,0.0859326434592,-0.1513589713850,-0.2470588979923,0.2259763992679,0.1531536628045,0.1733649862031,0.4118573027211
0.2164980985769,0.8708818361166,0.8252830130953,0.6729318944390,0.0208838522484,-0.3449802243075,-0.0417336431405,0.2104748056635,-0.0815060242595,-0.0804935210734,-0.1818416619293,0.5849744841614,0.0854124013175,0.5032600086074,0.3844647794234,-0.0236138191279,0.6332282260962,0.7098601053005,0.3819201692462,0.7998553411528,0.1721729507735,0.7819719419674,0.3569755472854,0.7400215392499,0.2666467671460,0.8455244257144,1.0000000000000,0.8740639148430,0.3521102187019,0.4738853763832,0.5924610466395,0.3322112928624,0.0894185731223,0.4242526618269,0.7791290540509,0.0835294628612,0.7096033407372,0.5463293132490,0.1156394506518,-0.0279637972615,0.0352391386969,0.0477583174670,-0.2928193223386,-0.4855558484761,-0.2568692539269,-0.0219979179119,0.3599997442461,0.1094241118089,0.1020761915563,-0.4920927023865,-0.3050433632104,0.5626477762831,0.4762861151637,-0.1933353099835,0.2201699540379,0.1038997326544,0.3803343510009,0.2207055161311,0.6198646382554,-0.0664365925681,0.5060170620394,0.7211810212153,0.8128612261186,0.0670172957584,-0.0544279851908,-0.2283978073817,0.3357055651046,0.2223410975201,0.2899333278234,0.5490725659337
0.0331444161004,0.7949695060601,0.8546230952675,0.5518509845341,-0.1215780004196,-0.3105342111672,-0.2509902731641,0.1127907592700,-0.1941677621990,-0.0381046407492,-0.3478819636926,0.5706279174434,-0.0481922910933,0.5006038269993,0.3114890693448,-0.0280309343812,0.6070342006407,0.5684817108799,0.3358714613955,0.6723836910221,0.0765395310012,0.7200751673707,0.2092053021759,0.6847276997620,0.2150863328196,0.8142515107390,0.8740639148430,1.0000000000000,0.2247340830954,0.3578352439599,0.4488729889204,0.3360088771717,0.0399377751357,0.3168698813822,0.6433943619033,-0.1160332247119,0.6716215892946,0.6374586758950,-0.0071691069052,-0.1170376022881,0.0310013602406,-0.1511718754420,-0.3337551655693,-0.5423140626064,-0.2068983073944,-0.1212119148544,0.3621350709411,-0.0307511706870,0.0970010877723,-0.4339796264720,-0.3121353999721,0.4845775692021,0.3290616745779,-0.1069098904770,0.0851184275448,-0.0335114085403,0.3716006696348,0.1352137856104,0.6667908169840,-0.1234904713392,0.5623446807303,0.6784185170445,0.9018450971050,-0.0011624531086,-0.0511778784177,-0.2414488297420,0.2544100126720,0.2289419414772,0.2068515326435,0.4278049096809
0.4517953219666,0.3199684303496,0.4089148627361,0.3949211588737,0.6523929123523,-0.1139915165187,0.0867381751348,0.5290783792820,0.1441418385272,0.2419205698509,0.3988539519494,0.1633019361547,0.3449784775852,0.1873266425435,0.2476872852000,0.1240134884474,0.6263016353794,0.2815921785078,0.2052833630863,0.2796282984047,0.6148345027134,0.6258549037124,0.5621946398867,0.6214719041503,0.7661862962877,0.3579543717420,0.3521102187019,0.2247340830954,1.0000000000000,0.4980066029356,0.7905051822043,0.3125001808538,-0.0744064447950,0.4221352755374,0.3469685046228,0.2137704804852,0.0822838701860,-0.1824554230788,0.1916169985523,0.6743808530083,-0.3112948253329,0.1328892146079,0.1045785521175,-0.3356901842420,0.2359805755003,0.4577597576258,0.1237706875992,0.5162339651869,-0.0247003650293,-0.3100555245574,0.0475158418855,0.5176056855700,0.2947888786216,-0.1919782172510,0.0779116256088,0.4887534462578,0.5727142463453,0.3999893601519,0.4804790144080,0.6459980774697,0.1066554283527,0.0542866434524,0.1496717630133,0.8122144555649,0.0208787248850,0.1117256077801,0.1663916934300,-0.0886687031991,0.1252260702662,0.3227168000905
0.5473031117588,0.5242709225927,0.4484102866079,0.5797925888374,0.3643064207860,0.1126223068775,0.2523188900484,0.4144717914912,0.3518713068704,0.2434101600322,0.3080510726857,0.4127093651717,0.5511941047227,0.3722547140097,0.5741121676770,0.5046270812757,0.3353751615962,0.4744960050123,0.5104402390950,0.5229027141916,0.4404889895912,0.4800743482542,0.4303061812750,0.5045541175100,0.3801528168187,0.3886551565931,0.4738853763832,0.3578352439599,0.4980066029356,1.0000000000000,0.5973125524476,0.1592782693215,-0.0004854409495,0.5824393652632,0.5395441733896,0.3457059191618,0.2756537470833,0.0862742854114,0.2715924673329,0.3189177666092,0.0401532404325,0.3276606344205,0.0116686374459,-0.1335819591885,0.2001913313280,0.2774106694143,0.3842615301598,0.4957455611358,0.2282041181576,-0.1342769813865,0.2293481077510,0.3751830758337,0.4395675221290,-0.0078603478243,0.3541775601455,0.2209256834058,0.4390498526763,0.4083551364206,0.3866708348900,0.2999974433363,0.2081241032972,0.1444863687283,0.2787682205839,0.4150300310231,0.5415569274408,0.0754156378387,0.1492392942125,0.1906917751681,0.1897014939338,0.5251745363259
0.4681071244981,0.5517816177068,0.6543870275902,0.5951436731433,0.4320116532020,-0.1952748367801,-0.0042781153530,0.5540180898621,0.1295956821820,0.1359262343023,0.1897803093859,0.3795821303928,0.2343209585640,0.2629556818901,0.3847806092900,0.1617055318573,0.6444947697240,0.4875863471209,0.3383430114063,0.4644768582511,0.4762700214802,0.7526157950490,0.6872684882299,0.7691150885922,0.6845024958749,0.5432734692177,0.5924610466395,0.4488729889204,0.7905051822043,0.5973125524476,1.0000000000000,0.2721732772185,-0.0624988262815,0.4637078759258,0.5850284508773,0.1853606689114,0.2915943230987,0.0926989699318,0.2353688211020,0.4166054766094,-0.2402117802905,-0.0007101951718,0.0772642931970,-0.3979089848408,0.1380500069625,0.1941754739437,0.2338627432682,0.2940668199252,0.0048916284974,-0.3420252747624,-0.0558716406003,0.5612109506921,0.4904912861823,-0.1735931768361,0.1546308468157,0.2607589165684,0.5643871562851,0.5347719466174,0.5750234983347,0.5156989455697,0.2655626089629,0.2945460876841,0.3796109586880,0.5400651687592,0.0049114026310,0.1772390495693,0.1214639123867,-0.0001258809566,0.1667921865736,0.4824403904238
0.1696509575237,0.1653860908845,0.3071126663443,0.1518777013302,0.1936556340329,-0.1091023266607,-0.0656421058714,0.1426859427299,0.1443775880275,0.0259865288082,0.0837001598148,0.4868748850977,0.1167448234018,0.3859231761772,0.0599544553078,0.1074487401719,0.3905414337119,0.0953432678748,0.2940561826940,0.1769646091419,0.2597720770041,0.2682554494385,0.2208011643895,0.3337933993287,0.3144923516560,0.3450979790762,0.3322112928624,0.3360088771717,0.3125001808538,0.1592782693215,0.2721732772185,1.0000000000000,0.1382154411049,0.2334738405527,0.2593380656240,-0.1134182732441,0.0453614917658,-0.1311206915524,0.1798219344890,0.1855552567434,-0.2444980614234,-0.0808499484097,-0.1343528126055,-0.2284936594294,0.0263455280725,0.2567145417427,0.4513391157090,0.0941692841253,0.2658962730310,-0.0919446054008,-0.0542695641187,0.2655567197480,0.1490439002978,0.2004982019010,0.0005919376607,0.1296434205238,0.1447069090370,0.0874904403921,0.3184882334259,0.2508911775212,0.2180617704992,0.2308655275801,0.2210793746610,0.1685284195181,-0.0818600776439,-0.0837383387062,0.2817357654661,0.1620890752690,0.2653056916729,0.3297582762437
0.2345158854687,0.1297642552299,-0.0408016897856,-0.0705388867575,0.0435213267150,0.1421524491744,0.2614895985972,0.0572114996625,0.2218026943767,-0.2496376760159,0.1824504759026,-0.0794970625994,0.1396799245266,0.1612623953409,0.0210838410942,0.2608054055317,0.0473200458791,0.1155903510888,0.0006539712492,-0.0819694722103,0.0319123884109,-0.0498194568180,-0.1267859382253,-0.0106581633789,-0.0962395297302,0.0127325112423,0.0894185731223,0.0399377751357,-0.0744064447950,-0.0004854409495,-0.0624988262815,0.1382154411049,1.0000000000000,-0.0348898093750,0.2218027579478,0.0980650057012,0.1234485159063,0.0154005169895,0.0853305813219,0.0602627927635,0.0459068875525,0.0984076705974,0.0724026985066,0.2619591275227,-0.2142221939820,0.2113640405056,0.0721375433158,0.1346754103325,0.2188506670238,0.0205379870204,-0.1052112759920,0.0884061186303,0.1196648228833,0.1032467215170,-0.1258961970832,0.1034272360529,0.0415182658626,-0.2774497291812,-0.0152633970054,-0.0612004931884,-0.0996659039483,0.0700381926164,0.0339872072127,-0.1057858920843,-0.1381405539725,-0.1080754661163,-0.0192668103547,0.7058462259796,0.2885794651105,0.3941507081796
0.5993512821031,0.3671589085706,0.3865245771088,0.5567934198515,0.4101806542687,0.0008127269289,0.3116765698762,0.3725081275523,0.3212479617834,0.2349491254247,0.3931628127233,0.4169668816145,0.3132244089964,0.4220452914550,0.5128693673033,0.2824958959918,0.3457299550339,0.3721985811501,0.4490390130830,0.5256120547336,0.5472525379781,0.4059780944581,0.5403512055044,0.4239491310384,0.3250053952584,0.3968892246422,0.4242526618269,0.3168698813822,0.4221352755374,0.5824393652632,0.4637078759258,0.2334738405527,-0.0348898093750,1.0000000000000,0.4374904366123,0.3264538104022,0.3482762877320,0.1110897825859,0.4897493129079,0.2399864437738,0.0096797601786,0.2464908787969,0.0209012534932,-0.0278401212579,0.2625397360867,0.2856904471365,0.1651954328294,0.3736509032888,0.1295389388902,-0.0699426133690,0.2436613517281,0.4098812517727,0.3564266532720,-0.0009779315383,0.3013946310365,0.4516050404612,0.3527815135786,0.4177046704413,0.2803142072702,0.2668525700209,0.3469698558541,0.1599510867212,0.2715252887275,0.2628003871734,0.1104642454270,-0.0523209283833,0.0602839664862,-0.1442727772419,0.5290453575826,0.3749139213789
0.3687416955731,0.7999748796024,0.5490756620027,0.6631251071968,0.0297623466923,-0.2636031282321,0.1177700134665,0.2004622418618,0.0017111739511,-0.1505692858279,-0.0556495586203,0.4384485234507,0.1216264000608,0.3591587975897,0.3362413699603,0.1118996429349,0.5489773045269,0.7078491479855,0.2965187554640,0.7259063397187,0.0979356532839,0.6155167797169,0.4256042976663,0.6656276658798,0.2082558517660,0.6671297198734,0.7791290540509,0.6433943619033,0.3469685046228,0.5395441733896,0.5850284508773,0.2593380656240,0.2218027579478,0.4374904366123,1.0000000000000,0.2508105358021,0.6893210960482,0.3766790988303,0.3253736968574,0.0005213154318,0.1030358930883,0.1218198553228,-0.1439272596376,-0.2763068440730,-0.2648478910844,-0.0024464971873,0.3197562770862,0.0740790393496,0.1327300290760,-0.4452318352994,-0.1469344085401,0.5950821771380,0.5070781902401,-0.2117108386751,0.3207597264721,0.0138254545155,0.4243127080501,0.3215841864762,0.4917526724194,0.0182130890540,0.3439712231381,0.5196568462208,0.5792232666380,0.1190630480513,0.0664989687945,0.1083954995699,0.3384432808432,0.3655541340292,0.3388339702859,0.7770412071563
