1.0000000000000,0.3177793734906,0.1455339310752,0.4477647194013,0.4615150691987,-0.2739605723931,0.0689816968693,0.4537011480306,-0.2159222664107,0.2267796555351,0.2470223822196,0.1520344772960,0.1701661209111,0.1614407993200,0.1646093927421,-0.1886919478539,0.4072967474931,0.4060942904672,0.0571719443703,0.3479390437880,0.5034725885614,0.3216334209693,0.4090756135380,0.3762719124013,0.5096328268701,0.4160514876636,0.1672478398641,-0.0602405481091,0.4463791984074,0.4226413262850,0.4662877706049,0.3323025273901,-0.1429223606429,0.1807901402956,0.3827626857391,0.5897484778298,0.2682501292972,-0.2178998654596,0.4276369492875,0.4650013656197,-0.1779914144742,-0.1541417155130,0.0076348448880,-0.2809329698174,0.2406589595230,0.2765090653326,-0.2220655575182,0.2392687852898,0.1316912867177,-0.1199413794505,-0.3629698090607,0.4572118989939,0.3367786688324,-0.3969087546217,-0.0356844065091,0.4505270408442,0.3363752180924,0.3480875685852,0.3088525494458,0.4478507508465,0.4519420117777,-0.0864619308535,0.0020081268079,0.2475777500485,0.2188888936722,0.0803505497047,0.0468344823970,0.0542855824117,0.2246329758088,0.3162076921325
0.3177793734906,1.0000000000000,0.4836347424748,0.8262632766298,0.1343367426103,-0.4778903017824,-0.2986881885470,0.5541610426013,-0.4987292895796,0.2017382589152,-0.1754556433323,-0.1312664371399,-0.1228335129825,-0.1535779055944,-0.2682287806138,-0.3984924458065,0.2692373534192,0.7180274708411,-0.0669995731032,0.3395389983229,0.1751334842747,0.4139394509986,0.6734030879804,0.5821999063958,0.4118948112079,0.5435747660229,0.5712868282999,0.4941223622759,0.4310322323756,0.0253718921640,0.6337087467603,0.2660878854982,-0.3479480399393,0.3251598760080,0.5661218849022,0.2604467753402,0.8754309380763,0.2497723961031,0.8426170738275,0.1370879769956,-0.1553264149987,-0.5516514335964,0.3308562511481,-0.5275374623483,0.2105930753961,-0.1983052947350,-0.4893137209179,-0.1366643128828,-0.0391600861540,-0.3615897229237,-0.3910552308819,0.2571850668504,0.4804726895115,-0.5333455637494,0.0287984338939,0.1103317539358,0.2766999279077,0.6346332728796,0.4297815884622,0.4701136846934,0.5739624315545,0.3415836451628,0.5526274987481,0.2794114876468,-0.0952841630536,0.2847221081613,0.2189732173626,-0.1803848081883,0.3516969811747,0.4195572301826
0.1455339310752,0.4836347424748,1.0000000000000,0.4480860825424,-0.0549406122156,-0.2458339281027,-0.2156071721243,0.5381024414539,-0.1273944094007,0.0810027430639,-0.2132282540936,0.0723012955089,-0.1971746275769,0.0512451826921,-0.1040451593657,-0.1567998353221,0.3693103165726,0.4494770543324,0.0779900489995,0.1373072541598,0.0412926994241,0.4042360554348,0.4061063266647,0.6376936430829,0.3482211497450,0.2571152349984,0.4863744035044,0.6531607691671,0.4176424114284,-0.2024989313556,0.4383311640801,0.0595508553472,-0.1401116607015,-0.0696496120893,0.1316378549842,-0.1026327667798,0.3659711420830,0.6505630309220,0.4213471897337,-0.0763375648336,-0.2010936013946,-0.2858591565450,0.2594307243093,-0.1976912513195,0.0170889338925,-0.3216660729736,-0.1957607612891,-0.2486721517361,0.1438708362729,-0.2628135162611,-0.2395287368564,0.3530280284127,0.0296211536751,-0.3041866669485,-0.2811447949621,-0.0581969365045,0.2498105396147,0.3711281689567,0.3896612292867,0.2836856931051,0.3886056428378,0.2131242304882,0.6235982677023,0.1283791498916,-0.2970753257565,0.1204905870264,0.0462150417432,-0.2036114451370,-0.0535597185101,-0.0273701590088
0.4477647194013,0.8262632766298,0.4480860825424,1.0000000000000,0.2761185984049,-0.4852671701231,-0.1598187178628,0.6564386534467,-0.5060880677759,0.5176633219747,-0.0075484976776,-0.1304036513885,0.1545385223817,-0.1307380801681,-0.2300518303805,-0.1936851277088,0.1183609462040,0.7374000522986,0.0034787799687,0.4678291305954,0.3131571349989,0.3385552076070,0.7334038988563,0.4791246368779,0.4559623015186,0.5741700264837,0.4148429458617,0.2707618326825,0.4095559792789,0.1817881469113,0.6566387876786,0.2112361309087,-0.3947992420432,0.4319556358667,0.6417102161611,0.3514625196339,0.6950610160027,0.1960868035118,0.9340872449397,0.2404287189269,-0.2523822032431,-0.4921677929533,0.2760753594184,-0.5709103298571,0.4790433796599,-0.0701034110362,-0.4320632104772,0.0908252210032,0.0651442117003,-0.3351472613908,-0.2766234688964,0.1588354309128,0.5487381128676,-0.4705626570062,0.1702679431421,0.2488702610854,0.1935820692508,0.6029502889061,0.3367516629115,0.4809328915296,0.5403620224936,0.1679883292018,0.3798739579742,0.1668374956467,-0.0219600782014,0.2112792573995,0.2411865179585,-0.1981993973169,0.3541146974704,0.4745497405683
0.4615150691987,0.1343367426103,-0.0549406122156,0.2761185984049,1.0000000000000,-0.2655215816501,-0.0608659784996,0.2896735811352,-0.3071305741132,0.4778524637601,0.3057855846980,-0.0812713838284,0.4844143979831,0.0253644312656,-0.1625372972314,-0.0820534698188,0.3617922793215,0.2524894914235,-0.1410944107079,0.2401987857788,0.6411962638788,0.5624883669690,0.4928043464311,0.3417621839260,0.4132872157097,0.0305129939954,-0.1866698713567,-0.1746727257107,0.5157318524415,0.4818312919947,0.4712637469308,0.0473779531725,-0.2174111379134,0.5634356632061,0.0988443363193,0.6646770677935,0.1023641017689,-0.2491955827208,0.1799453239130,0.9290515158838,-0.3857359761191,-0.1949036595629,-0.1141057341784,-0.3648007147331,0.4997463781273,0.4366342104629,-0.2046042646348,0.6214158564332,-0.1892789843545,-0.2096278368464,-0.2125725348253,0.4623362283081,0.3554695065337,-0.2503367353419,0.1733010393855,0.7253781609838,0.5866295736042,0.4572621626820,0.4180862079547,0.4695252429863,-0.0871037405694,-0.2974305734843,-0.1631964570260,0.3565941477576,0.4274108946883,0.3557270414577,-0.0185965895170,-0.1178485662660,0.5013957494687,0.2083487829401
-0.2739605723931,-0.4778903017824,-0.2458339281027,-0.4852671701231,-0.2655215816501,1.0000000000000,0.5267220400967,-0.4154501087513,0.7711175597829,-0.2120073302982,0.1402535916491,0.2600788955985,-0.0281748929264,0.3194442812186,0.6584819394068,0.6494205218631,-0.1557079414843,-0.3850194082565,0.2871816335038,-0.1171856526634,-0.3554169204196,-0.2784210510714,-0.4941986158793,-0.3548014046166,-0.3352420782320,-0.3032415544027,-0.0337975365133,-0.1048557967973,-0.3772936381131,0.1333663897255,-0.4178972217310,-0.0594510004864,0.8718918469135,-0.1692613017452,-0.0968242238890,-0.2498899196679,-0.4428795967243,-0.1643965053306,-0.5089051006393,-0.2502679860378,0.7276271207654,0.8168443710672,-0.3672724251775,0.7760836287032,-0.2776198231213,0.0696748441661,0.4240374253339,-0.1302294224734,0.2097989037034,0.6709229777836,0.6459710579972,-0.1649440371231,-0.3789436324511,0.4678834855385,-0.1710750882755,-0.3524774510171,-0.3016258487888,-0.4719397920242,-0.4260081670688,-0.4129217960218,-0.2897949085737,-0.0151053270132,-0.1372934080531,-0.3383390014874,0.2185468358436,-0.3763546653755,-0.1555105070169,0.6273093599158,-0.2315097925281,-0.0766044632833
0.0689816968693,-0.2986881885470,-0.2156071721243,-0.1598187178628,-0.0608659784996,0.5267220400967,1.0000000000000,-0.2001610754208,0.5684316542584,-0.0264234492541,0.5182716515239,0.2357481849908,0.2940029751978,0.2157877519319,0.6282753581756,0.4714840254001,-0.0788861764321,-0.2381491127731,0.3629500445394,0.0258222620892,-0.0462546155168,-0.1711365064422,-0.2954590293812,-0.2313585386330,-0.0601549194863,-0.1803439239069,-0.0230628954134,-0.1805284741534,-0.1302318230497,0.2512530072103,-0.2160599904195,-0.0782790146762,0.5309218590720,-0.0883231213051,0.0231746943641,-0.0264265884202,-0.2709562492482,-0.2165223980956,-0.1741089743657,-0.0198106174448,0.4076920571468,0.7575345972215,-0.2758658954587,0.5220016073954,-0.0637020065988,0.4360510825331,0.3113890502969,0.2604239535818,0.1183725600944,0.5212106103429,0.4392272098946,-0.0678872345495,-0.2217201165772,0.2676487637455,-0.1686285559953,-0.0007088366487,-0.1825745800389,-0.3508816824036,-0.3320481427446,-0.1443883097883,-0.1925209033105,-0.0572250753114,-0.1656992873950,-0.1374886477687,0.1623846825822,-0.2410893248718,-0.1857037971039,0.5175642581533,-0.1757195211875,-0.0222519581063
0.4537011480306,0.5541610426013,0.5381024414539,0.6564386534467,0.2896735811352,-0.4154501087513,-0.2001610754208,1.0000000000000,-0.4231878825912,0.3678968765977,0.0185119339753,-0.1659073270786,0.0087118641371,-0.1393897181529,-0.2374821806137,-0.2482996015005,0.2676048847327,0.6368720543385,-0.0665307008949,0.2459875170674,0.4354657056666,0.3798469055436,0.6397557096483,0.5393680722426,0.7271580309879,0.3615886368523,0.2765166866336,0.2099075009137,0.6045622250973,-0.0849557863666,0.7265117740171,0.1558937968511,-0.3429131999047,0.1495067057390,0.3069564074147,0.2516513801940,0.5134683175182,0.2918737431108,0.6242213677148,0.3538161576688,-0.2161657716339,-0.4400799585972,0.5680994453705,-0.4872899800879,0.3653529515815,-0.0108778780134,-0.4426648772859,0.0484886719122,-0.0391670575687,-0.4231706569240,-0.3605292701015,0.2718945084208,0.2973632768634,-0.4745806074528,-0.1371022074710,0.3798591637664,0.2434858789784,0.5614987900627,0.4197872429199,0.6840680328412,0.3421070008092,0.0221592918666,0.2197546589741,0.4018432088749,-0.2506839874663,0.3527647021491,0.1332495069092,-0.2867746635118,0.1625010991817,0.1389008032780
-0.2159222664107,-0.4987292895796,-0.1273944094007,-0.5060880677759,-0.3071305741132,0.7711175597829,0.5684316542584,-0.4231878825912,1.0000000000000,-0.3460139893911,0.3041402603748,0.5014190701971,-0.0819799366459,0.3853216502432,0.7521692998632,0.5298043889022,-0.0932844357899,-0.3957336693072,0.4973842906503,-0.0246408949413,-0.3729933243977,-0.2918391878989,-0.6159913935058,-0.3392313218973,-0.3726991294624,-0.2307489474863,0.0735438544561,0.0118740260929,-0.3519163952296,0.0413741052767,-0.4666262281953,-0.0991519981554,0.6534573021680,-0.2513446170877,-0.2648857005398,-0.3236227638051,-0.4645726352746,-0.0073015713891,-0.5242239095895,-0.3507841955140,0.4711569811013,0.8193186275989,-0.3817321804202,0.9087180649198,-0.4259987303827,0.1241371379591,0.6182783134149,-0.1858887768550,0.3245917120319,0.6470599553565,0.5464477190381,-0.0983763019648,-0.4214956701211,0.5524402234248,-0.2245887925358,-0.4064240650564,-0.2673537242692,-0.6193490370677,-0.4274129030407,-0.4970508196640,-0.1684022065402,0.1190961995148,0.0071605020051,-0.2699118889736,0.0526141294321,-0.3909229975091,-0.2375556385293,0.3898610049249,-0.2424985606476,-0.2600515545047
0.2267796555351,0.2017382589152,0.0810027430639,0.5176633219747,0.4778524637601,-0.2120073302982,-0.0264234492541,0.3678968765977,-0.3460139893911,1.0000000000000,0.1234764057570,-0.1785252970989,0.5590639505948,-0.0255493513628,-0.1336511447382,0.2662711902176,0.0047500549934,0.2874874447123,-0.0001667031300,0.3056895003492,0.4082362720786,0.1749187018947,0.5300652351851,0.1385805520484,0.4835911200602,0.2053432688422,-0.1183961750656,-0.0819526458452,0.1412186355518,0.3775878387007,0.2603488919241,0.0029870287067,-0.2541241855958,0.4785284892488,0.3697082026886,0.3348956156685,0.0692469783328,-0.1637842299634,0.3642164010627,0.4199448198737,-0.2268558070147,-0.1477410772445,-0.0726854078728,-0.3795700729740,0.8965032701898,0.1337384711582,-0.2249071063497,0.4901862132028,-0.0114311144618,-0.1504323125709,0.1329084270223,0.0535895812277,0.2578983127018,-0.1639703218706,0.2340462093103,0.4303292312954,0.1136445957490,0.3859592727749,0.0577495548593,0.3807381866997,0.0151752244112,-0.3388031511219,-0.1039158680843,-0.1055391686947,0.2327467378624,0.0184311558104,0.1194294424401,-0.1822389932912,0.3032096484057,0.2979692636635
0.2470223822196,-0.1754556433323,-0.2132282540936,-0.0075484976776,0.3057855846980,0.1402535916491,0.5182716515239,0.0185119339753,0.3041402603748,0.1234764057570,1.0000000000000,0.1747428098469,0.4673651242685,0.1772520417911,0.3803762409356,0.1699103304348,-0.0957105229130,-0.0086755340118,0.3706982224500,0.2898578110989,0.1592250715673,-0.0616604679396,-0.1696921533055,-0.1358095825231,0.0816081409475,0.1109716044693,0.0720046599078,-0.0782477050750,0.0221541267147,0.3174154806271,-0.0519281449470,-0.0287560740430,-0.0112240172152,0.2717272859788,-0.0474649025668,0.2036314051132,-0.1839214466678,-0.1441175366678,-0.0265138897811,0.3265030666917,0.1005166035559,0.4304096945370,-0.2230464554071,0.2852347124018,0.1229170423013,0.8068411052448,0.1638567337907,0.5179827948714,0.1140556244919,0.2920812764038,0.1643915343068,-0.0354667327927,-0.0234272663260,0.2381967040553,0.0382764138719,0.2548755514001,-0.1265771759217,-0.2773381879239,-0.1822474863428,-0.0528221569264,-0.0707672896849,0.0007158771687,-0.0654984351401,0.0248116568583,0.1935156316479,-0.1120451749346,-0.0373521810560,0.0744116819638,0.1985614976717,-0.0626133683531
0.1520344772960,-0.1312664371399,0.0723012955089,-0.1304036513885,-0.0812713838284,0.2600788955985,0.2357481849908,-0.1659073270786,0.5014190701971,-0.1785252970989,0.1747428098469,1.0000000000000,0.0208070275632,0.8212351385125,0.6010885808336,0.2819247577299,0.0447592280178,-0.1182673828604,0.6217449004996,0.2322305772337,-0.0892843332973,-0.1243024492263,-0.3208946590048,-0.1220439962009,-0.1841596386637,0.2099620473514,0.2261470794904,0.1611860569183,-0.1546916278651,0.2208878876843,-0.2653435502518,0.2978631989684,0.2795245363852,-0.1532314210695,-0.0532321041086,-0.1191943443966,-0.2384446824617,-0.0353961016069,-0.1567676478221,-0.2070792290869,0.1793609965218,0.3160322943822,-0.1968530478319,0.4630379655890,-0.2631731586583,0.0733628075947,0.7265971681989,-0.1066560022269,0.6901224129294,0.4318528116810,0.2322009587384,0.0594839984611,-0.1824807436569,0.4776187255057,-0.0338806190059,-0.1940376562257,-0.0580265645019,-0.3375467905767,-0.2443655628539,-0.2841575811103,0.2309164213146,0.1106129341347,0.1943387166803,-0.0455143305191,0.1649542072193,-0.3489820993253,0.0803583058067,0.2287165120777,-0.0959283860836,-0.0332611019570
0.1701661209111,-0.1228335129825,-0.1971746275769,0.1545385223817,0.4844143979831,-0.0281748929264,0.2940029751978,0.0087118641371,-0.0819799366459,0.5590639505948,0.4673651242685,0.0208070275632,1.0000000000000,0.0912129280612,0.0787535387158,0.4840962558713,-0.1485806700810,0.0045382313608,0.1453998233196,0.2856551609885,0.4943104668327,0.0598690387848,0.0606660926986,-0.0882554665612,0.0938715028284,-0.0263519883033,-0.2106471587670,-0.2637335124632,0.0184125014969,0.5092312875874,0.0385190512134,-0.0564360058039,-0.1274821815316,0.4232992527808,0.1550264806887,0.2812010792063,-0.2768287649334,-0.3408137327775,-0.0118709162760,0.3650612998077,-0.0606440851214,0.1627751445143,-0.2180723278429,-0.0926056574413,0.5344825484270,0.4184256941485,0.0552478317334,0.8540340891291,0.0315564376000,0.1360681591499,0.3810940415003,-0.0644099864904,0.0305827821672,0.1285085326406,0.1961268544235,0.4953127010639,0.0045343363264,-0.0259939220041,-0.1342841037919,0.0276641243742,-0.1914289230123,-0.3580394624810,-0.2415762744146,-0.0377620951065,0.3765314872798,-0.0599821449801,0.0545690021583,-0.0564881605634,0.2648845421236,0.1456277649977
0.1614407993200,-0.1535779055944,0.0512451826921,-0.1307380801681,0.0253644312656,0.3194442812186,0.2157877519319,-0.1393897181529,0.3853216502432,-0.0255493513628,0.1772520417911,0.8212351385125,0.0912129280612,1.0000000000000,0.6031476650347,0.3165993213978,0.0588053465811,-0.0368310632264,0.5690159713452,0.3247315542234,-0.1255512835789,-0.0339982019561,-0.2714958136538,-0.0961651031433,-0.0641587768318,0.3060440258744,0.2621414539533,0.1712167512377,-0.1229536624556,0.3909633362753,-0.2466462592705,0.3400133559906,0.3734808460743,-0.0504205529164,-0.0398187149310,-0.0757427139101,-0.2805117443599,-0.1217334228302,-0.1657664632079,-0.0979730388090,0.2291972632665,0.2957463701083,-0.2806277413915,0.3544879985258,-0.1491386869503,0.1408179936507,0.5300857827026,-0.0538280650941,0.7527455669694,0.4289280247275,0.2251559289979,0.0944984719387,-0.1205546804107,0.3953699176016,0.0122094684054,-0.2223576617654,0.0092437627503,-0.2855915681840,-0.1901036762816,-0.2693899696218,0.1998479586145,0.0970579723733,0.1690476689758,-0.0871136988258,0.3619307785698,-0.3024560727025,0.1718668964030,0.3728938216501,-0.0330511849491,0.0226678041916
0.1646093927421,-0.2682287806138,-0.1040451593657,-0.2300518303805,-0.1625372972314,0.6584819394068,0.6282753581756,-0.2374821806137,0.7521692998632,-0.1336511447382,0.3803762409356,0.6010885808336,0.0787535387158,0.6031476650347,1.0000000000000,0.5385055186089,-0.0938166107804,-0.1834290977126,0.6767527244927,0.2721088858129,-0.2339683731078,-0.2740638885138,-0.4514076172175,-0.2824996851610,-0.2049920897472,0.0978511149153,0.2543513529648,0.0962051975104,-0.2824869458911,0.4377620251859,-0.3600256695747,0.1277376188280,0.6254922568772,-0.0745578059794,0.1002728779389,-0.1084858809644,-0.3484588562220,-0.1534054753446,-0.2432213283794,-0.1976742553372,0.5913615096908,0.6750730135246,-0.4436851974038,0.6687604757325,-0.2180966297559,0.1942141583283,0.4702339492480,-0.0572590908361,0.4988158116500,0.7464961617690,0.4864054740156,-0.0758856656216,-0.2336911666328,0.4368881798499,-0.1201287403851,-0.2943777875518,-0.2716565732058,-0.4878763958544,-0.4677538306664,-0.3663834601995,0.1288378221520,0.1707580061866,0.1122718597448,-0.2631219603175,0.3221899023208,-0.5354905411444,-0.1532956830076,0.5777874416217,-0.1160140070330,0.0590134850732
-0.1886919478539,-0.3984924458065,-0.1567998353221,-0.1936851277088,-0.0820534698188,0.6494205218631,0.4714840254001,-0.2482996015005,0.5298043889022,0.2662711902176,0.1699103304348,0.2819247577299,0.4840962558713,0.3165993213978,0.5385055186089,1.0000000000000,-0.2662692067517,-0.2935757625615,0.3355434092607,0.0599304510847,-0.0206421584041,-0.2692294005116,-0.2980273123813,-0.3377759038518,-0.2231041873624,-0.2195920980704,-0.1775289131750,-0.1915901644808,-0.3628350552748,0.3253814792211,-0.3095414728998,-0.0898454477453,0.5034609830040,0.0307425775792,0.1009340487098,-0.1287224096882,-0.4879258874991,-0.2337860974757,-0.3495584027581,-0.1640936722278,0.4680042573270,0.6290724701283,-0.2932546135189,0.4969688063626,0.1758763017691,0.0169860210482,0.4364579730160,0.2473839624446,0.3363759271664,0.5607667160545,0.8651130464812,-0.2330819153142,-0.3097343020437,0.4390240540488,0.0205606647138,-0.0772450069181,-0.3164280839276,-0.3438025937166,-0.4681018293921,-0.3028890241543,-0.2428713649802,-0.2358916156984,-0.2081492768427,-0.3832056864762,0.2588283849469,-0.3996072680070,-0.0407862042708,0.2825443040367,-0.1501545494706,0.0931514199484
0.4072967474931,0.2692373534192,0.3693103165726,0.1183609462040,0.3617922793215,-0.1557079414843,-0.0788861764321,0.2676048847327,-0.0932844357899,0.0047500549934,-0.0957105229130,0.0447592280178,-0.1485806700810,0.0588053465811,-0.0938166107804,-0.2662692067517,1.0000000000000,0.1101529347840,-0.2136386949518,-0.1346872591043,0.3158858580869,0.7277790361147,0.4731338176552,0.7097653579107,0.5897544816572,0.0009093132992,0.0410972880715,0.1232819985167,0.6677169637161,0.0695835369606,0.4497552479426,0.1449591555097,0.0145690121430,-0.0313697209622,0.0317868086371,0.3615006514414,0.3233245245899,0.0376303358539,0.1073291009687,0.4200920662067,-0.2637832685315,-0.1134504853114,0.0936590175922,-0.1137390920198,0.0273573092013,0.0413210098807,-0.1616327066311,0.0205671697449,-0.1112763033390,-0.2668991848389,-0.3661547245092,0.9335578585525,0.0082406791631,-0.4154194773950,-0.3399652394358,0.3222413962413,0.7508657624577,0.5361673262791,0.6689116446976,0.5763490700505,0.1400854515974,-0.1264051558459,0.0766042732248,0.5340559330834,0.0554708671179,0.3958455446428,-0.1185193193079,0.0105278877440,0.0976646681360,0.0765990861805
0.4060942904672,0.7180274708411,0.4494770543324,0.7374000522986,0.2524894914235,-0.3850194082565,-0.2381491127731,0.6368720543385,-0.3957336693072,0.2874874447123,-0.0086755340118,-0.1182673828604,0.0045382313608,-0.0368310632264,-0.1834290977126,-0.2935757625615,0.1101529347840,1.0000000000000,0.1019239425292,0.6543160895030,0.2000694655938,0.4555783998955,0.5815057781140,0.6180863410708,0.3836383245283,0.5326282055929,0.5847348895354,0.3950119738179,0.4320752377248,0.1655832625845,0.7197286451539,0.3444005701544,-0.3318524038946,0.3958683690409,0.5256558988877,0.2438026479685,0.5939018151189,0.2549198696675,0.7258408299870,0.1945524298291,-0.1728559285588,-0.4742073632565,0.1962698607881,-0.5050176511558,0.2492853782951,-0.0371496539115,-0.5019795679451,-0.0725558056095,-0.0299405666860,-0.3604320596893,-0.3778800973526,0.1507493460097,0.6588455301831,-0.4055472279315,0.1626530389384,0.1226961815358,0.2383273207732,0.4863217096956,0.4416458773512,0.3140065710581,0.3993963042581,0.2731025632522,0.4452922285851,0.1680976747858,-0.0384017748770,0.3434576304274,0.3462809587082,-0.2272922487124,0.3420216888979,0.3153359579840
0.0571719443703,-0.0669995731032,0.0779900489995,0.0034787799687,-0.1410944107079,0.2871816335038,0.3629500445394,-0.0665307008949,0.4973842906503,-0.0001667031300,0.3706982224500,0.6217449004996,0.1453998233196,0.5690159713452,0.6767527244927,0.3355434092607,-0.2136386949518,0.1019239425292,1.0000000000000,0.5832730352076,-0.2066518814280,-0.2311497909969,-0.3246256236708,-0.1473659257394,-0.2138294184809,0.2672269276984,0.3739288803721,0.2725410722451,-0.2285112446852,0.2783984705640,-0.2401749679700,0.1248543205548,0.1976077524840,0.0589843179901,0.0867488121142,-0.2550686103362,-0.2050865166761,0.0719055479945,-0.0261910300287,-0.2572766272309,0.2769735549638,0.3396888001729,-0.3747401357515,0.4111719164229,-0.1493536367584,0.1606025574807,0.4993866833243,-0.0421996044143,0.5474620060487,0.4710697358166,0.3284402982046,-0.1889658518526,-0.0349406072750,0.6207838963106,0.1184037138493,-0.2882066437465,-0.3116509754555,-0.4068995308950,-0.3713041530153,-0.4110145015742,0.1272776126806,0.2246271923769,0.3248394449978,-0.2349400725605,0.1065529393232,-0.4393964129735,-0.0108381548662,0.1944010325614,-0.0418283007067,-0.0265211219237
0.3479390437880,0.3395389983229,0.1373072541598,0.4678291305954,0.2401987857788,-0.1171856526634,0.0258222620892,0.2459875170674,-0.0246408949413,0.3056895003492,0.2898578110989,0.2322305772337,0.2856551609885,0.3247315542234,0.2721088858129,0.0599304510847,-0.1346872591043,0.6543160895030,0.5832730352076,1.0000000000000,0.0617279913054,0.1116617749770,0.1315688176316,0.1818163221048,0.0494427838062,0.6005786161228,0.5347259256315,0.2381646262682,0.0959958752028,0.5810640748841,0.2501494529253,0.2434238744095,-0.1821452646229,0.5568640686105,0.4739224818230,0.2158172690529,0.1354981679477,-0.0103122947374,0.4364804115084,0.0874282241377,-0.0468251483955,-0.1260504110743,-0.2686782093304,-0.1369100072741,0.1816538797469,0.2260179139304,-0.0858520353307,0.0928598832010,0.2902976829267,0.1204314552510,-0.0415540211614,-0.0425177974941,0.5445618259103,0.1216828669543,0.4823746461462,-0.0281112436999,-0.0303195542597,0.0162991746749,0.0046917075275,-0.1302269988180,0.3582985482008,0.3201318894546,0.3349963134358,-0.0765056761786,0.3540435966716,-0.1370089058257,0.2822531781001,-0.0182895560868,0.4216356201273,0.3243379672193
0.5034725885614,0.1751334842747,0.0412926994241,0.3131571349989,0.6411962638788,-0.3554169204196,-0.0462546155168,0.4354657056666,-0.3729933243977,0.4082362720786,0.1592250715673,-0.0892843332973,0.4943104668327,-0.1255512835789,-0.2339683731078,-0.0206421584041,0.3158858580869,0.2000694655938,-0.2066518814280,0.0617279913054,1.0000000000000,0.3557519637337,0.4161709520507,0.3145387142610,0.4817221438804,0.0840901491508,-0.2304297795063,-0.2534003117681,0.3986573427185,0.1639344226917,0.4497995191054,0.0224258847131,-0.2741629721870,0.2496218578982,0.2317772114757,0.5146938129608,0.1211252855578,-0.2535134946067,0.2572855172743,0.6188518135336,-0.2892584353972,-0.2336356065380,0.1326361873163,-0.3557957578637,0.5072053590647,0.2177531024980,-0.2126018561058,0.6160511586156,-0.2113867741831,-0.3601319975212,-0.1412210333218,0.3431054384819,0.1619306987290,-0.3864468349923,-0.0499609525084,0.9054808588318,0.3822654708420,0.3875918152233,0.3028433510120,0.5442527443508,0.0525895704512,-0.4008815088519,-0.2598511784274,0.2689451247910,0.0082674864536,0.2495610198927,-0.0973730012249,-0.2233943219724,0.3025121930358,0.2168058397523
0.3216334209693,0.4139394509986,0.4042360554348,0.3385552076070,0.5624883669690,-0.2784210510714,-0.1711365064422,0.3798469055436,-0.2918391878989,0.1749187018947,-0.0616604679396,-0.1243024492263,0.0598690387848,-0.0339982019561,-0.2740638885138,-0.2692294005116,0.7277790361147,0.4555783998955,-0.2311497909969,0.1116617749770,0.3557519637337,1.0000000000000,0.6440766680432,0.8695422195606,0.5272687764058,0.0213225742831,0.0946702617009,0.2062697050363,0.7765309893591,0.2073144185856,0.7466541103048,0.1507212854897,-0.1705024564738,0.2968321326618,0.1372309221954,0.3739827372545,0.4044298374322,0.1525245909791,0.2736604200664,0.5531358515756,-0.3663902759069,-0.3064887346844,0.0785578217889,-0.3750686192819,0.1981584491283,0.0624486376533,-0.3575401787776,0.1479952367365,-0.2373881393970,-0.4128929103131,-0.3945399941890,0.7518277533306,0.3021129353356,-0.4574892248896,-0.1350064438659,0.3580633530788,0.8734833825497,0.6691966190265,0.8288712315928,0.5615332386694,0.0285825282998,-0.1163809001739,0.2047444043201,0.5651165521602,0.1376479314382,0.6559160572216,0.0602109611739,-0.1414948613739,0.3028272827887,0.1481133180233
0.4090756135380,0.6734030879804,0.4061063266647,0.7334038988563,0.4928043464311,-0.4941986158793,-0.2954590293812,0.6397557096483,-0.6159913935058,0.5300652351851,-0.1696921533055,-0.3208946590048,0.0606660926986,-0.2714958136538,-0.4514076172175,-0.2980273123813,0.4731338176552,0.5815057781140,-0.3246256236708,0.1315688176316,0.4161709520507,0.6440766680432,1.0000000000000,0.6748803496533,0.6572994731477,0.1853371724763,0.0754153108459,0.1478398230815,0.6629617345006,0.0903594605438,0.7828706864471,0.1807195554962,-0.3764122728478,0.3205049230869,0.3812781359193,0.4632241669858,0.6730018374904,0.1692287981247,0.6426688873306,0.5238753973654,-0.3985765778212,-0.5437928636185,0.2854516176875,-0.6805194701546,0.5318363617174,-0.0818316672328,-0.5436398892824,0.1258220405624,-0.2471170730074,-0.5449164660400,-0.4297734187578,0.4883996138451,0.4635995104740,-0.6250233986120,-0.0097861727538,0.4331719557884,0.5667960541185,0.9286014928764,0.6573240735686,0.7580712585577,0.1950027228453,-0.1171398746964,0.1853420885782,0.3949562292142,0.0015961949137,0.5140348380036,0.1570364633563,-0.2421732310004,0.2446449645576,0.3185220393430
0.3762719124013,0.5821999063958,0.6376936430829,0.4791246368779,0.3417621839260,-0.3548014046166,-0.2313585386330,0.5393680722426,-0.3392313218973,0.1385805520484,-0.1358095825231,-0.1220439962009,-0.0882554665612,-0.0961651031433,-0.2824996851610,-0.3377759038518,0.7097653579107,0.6180863410708,-0.1473659257394,0.1818163221048,0.3145387142610,0.8695422195606,0.6748803496533,1.0000000000000,0.5679085037060,0.1564683625932,0.2904228228907,0.3962280061618,0.7737161192833,0.0473924457475,0.7814953848627,0.1923176171351,-0.2373004691205,0.1693958715124,0.2579479288342,0.2669038237286,0.5379672117911,0.3245826516946,0.4481903760109,0.3666960913936,-0.3276648564273,-0.3941853541147,0.1871531608084,-0.4148744996331,0.1605573168262,-0.0730727309872,-0.4164773150428,-0.0211166097772,-0.1899378100441,-0.4676656698418,-0.4486416383663,0.6848597055270,0.3261656782500,-0.5115651072830,-0.1810968338596,0.2839783590423,0.6930243683415,0.6715906612535,0.8174499415380,0.5647646791468,0.2109966050455,0.0092163933978,0.3824098543436,0.5130990858294,-0.0824323218868,0.5630427719961,0.0757998887870,-0.2314604358177,0.1924219398625,0.1614667961354
0.5096328268701,0.4118948112079,0.3482211497450,0.4559623015186,0.4132872157097,-0.3352420782320,-0.0601549194863,0.7271580309879,-0.3726991294624,0.4835911200602,0.0816081409475,-0.1841596386637,0.0938715028284,-0.0641587768318,-0.2049920897472,-0.2231041873624,0.5897544816572,0.3836383245283,-0.2138294184809,0.0494427838062,0.4817221438804,0.5272687764058,0.6572994731477,0.5679085037060,1.0000000000000,0.2313571354410,0.1033295138493,0.0681786628546,0.6633616715292,0.0650097954364,0.5899505051951,0.2024209730269,-0.2266892660331,0.1224853334125,0.1953533460219,0.4008245807194,0.4237234949405,0.0286339982802,0.4117534937538,0.5191155230756,-0.2677704213995,-0.2443593058722,0.3705685518349,-0.3883948325660,0.4957888248984,0.1940640561374,-0.4270718024413,0.2191705761458,-0.1687570014120,-0.3804424468476,-0.3539594637802,0.5512128033228,0.1621081162633,-0.5468191152502,-0.2749086007493,0.5012477504027,0.4708320726571,0.6030044202540,0.4964670507260,0.8454043436005,0.1621678065440,-0.1835380349591,0.0207291566551,0.4480120830661,-0.0609801489497,0.3896791382666,0.0616390071144,-0.1563633293687,0.1384247049559,0.0906020345415
0.4160514876636,0.5435747660229,0.2571152349984,0.5741700264837,0.0305129939954,-0.3032415544027,-0.1803439239069,0.3615886368523,-0.2307489474863,0.2053432688422,0.1109716044693,0.2099620473514,-0.0263519883033,0.3060440258744,0.0978511149153,-0.2195920980704,0.0009093132992,0.5326282055929,0.2672269276984,0.6005786161228,0.0840901491508,0.0213225742831,0.1853371724763,0.1564683625932,0.2313571354410,1.0000000000000,0.6310288078814,0.3169437424164,0.0632375774532,0.2735514558099,0.2060045681448,0.3191865096931,-0.2260458539956,0.3168320423059,0.5520699737708,0.1655919386211,0.3911728578184,0.0210598394747,0.6660639675023,-0.0205930913693,-0.0367167714695,-0.3102566285719,0.0359810166701,-0.2441913291724,0.1339077319631,0.0343012360441,-0.1973223987842,-0.0835873715599,0.4200076849273,-0.0827565252009,-0.2472352354794,0.0325286961261,0.3457928482728,-0.2123059125928,0.2326442564197,-0.0299293497248,-0.0617414817495,0.0664966525473,0.0070420966144,0.0756714913984,0.8110849436226,0.4164735733183,0.3626469623023,-0.0647782545768,0.0896154280152,-0.1886386288045,0.2112344312723,-0.0067987901958,0.4063704571681,0.4519905601749
0.1672478398641,0.5712868282999,0.4863744035044,0.4148429458617,-0.1866698713567,-0.0337975365133,-0.0230628954134,0.2765166866336,0.0735438544561,-0.1183961750656,0.0720046599078,0.2261470794904,-0.2106471587670,0.2621414539533,0.2543513529648,-0.1775289131750,0.0410972880715,0.5847348895354,0.3739288803721,0.5347259256315,-0.2304297795063,0.0946702617009,0.0754153108459,0.2904228228907,0.1033295138493,0.6310288078814,1.0000000000000,0.6953853304033,0.1352850295680,0.1158325044991,0.2038748765465,0.2567947940122,0.0324864469431,0.1142630785341,0.4195069413339,-0.0631010348130,0.4437949440644,0.3668513991665,0.4929496623438,-0.2359846000053,0.1784824803912,-0.1000173187190,0.0660328633314,0.0094464075239,-0.1999911822732,-0.0812614742547,-0.1447401653366,-0.3198216834009,0.2946739219005,0.1087854250258,-0.1533542315756,0.0121828899192,0.2675393478227,-0.1027128367206,0.0007845268218,-0.3291460600922,-0.0841998604864,0.0075072453203,0.0470030893181,-0.0654854222744,0.5921510958906,0.7673687894173,0.7169737453398,-0.0117959611295,-0.0107538315232,-0.0945384893122,0.1820511183564,0.0871774716567,0.1717442164307,0.2724342993984
-0.0602405481091,0.4941223622759,0.6531607691671,0.2707618326825,-0.1746727257107,-0.1048557967973,-0.1805284741534,0.2099075009137,0.0118740260929,-0.0819526458452,-0.0782477050750,0.1611860569183,-0.2637335124632,0.1712167512377,0.0962051975104,-0.1915901644808,0.1232819985167,0.3950119738179,0.2725410722451,0.2381646262682,-0.2534003117681,0.2062697050363,0.1478398230815,0.3962280061618,0.0681786628546,0.3169437424164,0.6953853304033,1.0000000000000,0.1029507810794,-0.0915535423035,0.1203572207020,0.1585280937158,-0.0541933522689,0.0334507940635,0.0984843448297,-0.2708837942069,0.3469508161184,0.6319885486728,0.3214226530744,-0.2012622425569,0.0570973092902,-0.1951529576091,0.0967666399295,-0.0449128764684,-0.0893694200988,-0.2701017129853,-0.1033145591728,-0.2915589704619,0.1766080068346,-0.0451341355690,-0.1316681902573,0.0661406906242,-0.0000250480659,-0.0570907735690,-0.1547679626357,-0.2898136418243,0.0130869178146,0.1186174144692,0.0908198460532,0.0013816765864,0.3493649310859,0.4539398912461,0.9195607815888,0.0836423997859,-0.1992177946859,-0.0247201300194,0.1892890967693,-0.0788511720566,0.0448576450157,-0.0155436026677
0.4463791984074,0.4310322323756,0.4176424114284,0.4095559792789,0.5157318524415,-0.3772936381131,-0.1302318230497,0.6045622250973,-0.3519163952296,0.1412186355518,0.0221541267147,-0.1546916278651,0.0184125014969,-0.1229536624556,-0.2824869458911,-0.3628350552748,0.6677169637161,0.4320752377248,-0.2285112446852,0.0959958752028,0.3986573427185,0.7765309893591,0.6629617345006,0.7737161192833,0.6633616715292,0.0632375774532,0.1352850295680,0.1029507810794,1.0000000000000,0.0878436584107,0.7733776184930,0.1583794802286,-0.2605546191648,0.1337206960621,0.1512734410271,0.4252936580410,0.4569935236668,0.1637743684204,0.3629723657027,0.5508349276503,-0.3429194170296,-0.3466881552316,0.2902141006558,-0.4158247769061,0.1474248246193,0.1618581980192,-0.3835045574578,0.1287037362954,-0.2233549597109,-0.4004975830744,-0.4741011926138,0.6703314954764,0.3299262278357,-0.5031881059757,-0.1702261980090,0.3961549044973,0.7207904666004,0.6829613786877,0.7967664282643,0.6796659299002,0.1129284108874,-0.0237000521370,0.1177295284462,0.7748253438723,0.0474436099753,0.6594511697368,-0.0195442691891,-0.1539878805546,0.1606586163728,0.1406443113448
0.4226413262850,0.0253718921640,-0.2024989313556,0.1817881469113,0.4818312919947,0.1333663897255,0.2512530072103,-0.0849557863666,0.0413741052767,0.3775878387007,0.3174154806271,0.2208878876843,0.5092312875874,0.3909633362753,0.4377620251859,0.3253814792211,0.0695835369606,0.1655832625845,0.2783984705640,0.5810640748841,0.1639344226917,0.2073144185856,0.0903594605438,0.0473924457475,0.0650097954364,0.2735514558099,0.1158325044991,-0.0915535423035,0.0878436584107,1.0000000000000,0.0825607367090,0.1560753368565,0.1252979383776,0.6229473432759,0.3974772288807,0.4869554667454,-0.1225642611742,-0.3798190385469,0.1023741885935,0.3890912819763,0.0491574344226,0.1567079211737,-0.4439697021257,-0.0197512965324,0.3102079948684,0.3749750867352,0.0319581653075,0.3880323756899,0.2166720245902,0.3758735585271,0.1390159097604,0.1932588631007,0.3289204652065,0.0888808443765,0.3881386562079,0.1621297996208,0.1703307706505,0.0487520213498,-0.0266146864939,-0.0311677303058,0.1437451615880,0.0241018531367,-0.0155264498262,-0.0275015109665,0.8298144329366,-0.1569248503330,0.1166384405248,0.3100211251634,0.4757689733596,0.4554503566797
0.4662877706049,0.6337087467603,0.4383311640801,0.6566387876786,0.4712637469308,-0.4178972217310,-0.2160599904195,0.7265117740171,-0.4666262281953,0.2603488919241,-0.0519281449470,-0.2653435502518,0.0385190512134,-0.2466462592705,-0.3600256695747,-0.3095414728998,0.4497552479426,0.7197286451539,-0.2401749679700,0.2501494529253,0.4497995191054,0.7466541103048,0.7828706864471,0.7814953848627,0.5899505051951,0.2060045681448,0.2038748765465,0.1203572207020,0.7733776184930,0.0825607367090,1.0000000000000,0.1541030513331,-0.3393945066860,0.3281183929818,0.3767021301375,0.4433003213882,0.6248857789663,0.1784739935339,0.6034653049443,0.4980522023004,-0.3259551975356,-0.4551862173454,0.3300040701177,-0.5571752799245,0.2774626027404,0.0041111768965,-0.5251277610047,0.0733787066394,-0.2302079220411,-0.5193954852796,-0.4567116869875,0.5057847339167,0.5018063600943,-0.5985945588437,-0.0434110743682,0.4118064592869,0.5763494189290,0.7588286507591,0.7395001603380,0.6651913578979,0.2039318602666,-0.0110472959517,0.1867990030260,0.4839591099449,-0.0599161973378,0.6684728854539,0.1278616444871,-0.2702616839261,0.2899579316630,0.2663259773025
0.3323025273901,0.2660878854982,0.0595508553472,0.2112361309087,0.0473779531725,-0.0594510004864,-0.0782790146762,0.1558937968511,-0.0991519981554,0.0029870287067,-0.0287560740430,0.2978631989684,-0.0564360058039,0.3400133559906,0.1277376188280,-0.0898454477453,0.1449591555097,0.3444005701544,0.1248543205548,0.2434238744095,0.0224258847131,0.1507212854897,0.1807195554962,0.1923176171351,0.2024209730269,0.3191865096931,0.2567947940122,0.1585280937158,0.1583794802286,0.1560753368565,0.1541030513331,1.0000000000000,0.0480712769800,0.0259137340639,0.2890517329104,0.1335678127975,0.1889267753474,-0.1297321783698,0.2402000795875,0.0048486316661,0.1367385069169,-0.1420041440752,0.1064228495721,-0.1287375688228,-0.0050603077333,0.0346341011301,-0.1222743921224,-0.0822544111234,0.2296383926135,-0.0562899469778,-0.1057587431187,0.1278832998108,0.2021679309574,-0.1724912204440,0.0242052274474,-0.0355275079095,0.1348601464085,0.1668635151460,0.1442538140327,0.1119038446553,0.3245504788739,-0.0063707786058,0.1478392761269,0.2047180636814,0.0877702068074,0.0566803599567,0.5470046193851,0.1302892251369,0.0572753393246,0.2173021912125
-0.1429223606429,-0.3479480399393,-0.1401116607015,-0.3947992420432,-0.2174111379134,0.8718918469135,0.5309218590720,-0.3429131999047,0.6534573021680,-0.2541241855958,-0.0112240172152,0.2795245363852,-0.1274821815316,0.3734808460743,0.6254922568772,0.5034609830040,0.0145690121430,-0.3318524038946,0.1976077524840,-0.1821452646229,-0.2741629721870,-0.1705024564738,-0.3764122728478,-0.2373004691205,-0.2266892660331,-0.2260458539956,0.0324864469431,-0.0541933522689,-0.2605546191648,0.1252979383776,-0.3393945066860,0.0480712769800,1.0000000000000,-0.2620092738830,-0.0332334895241,-0.1897900846765,-0.2990958875467,-0.1513517219073,-0.3853503826287,-0.2085075168983,0.6685686483663,0.6905775275267,-0.2876614563243,0.6355571050904,-0.2929913669776,-0.0410872686713,0.3284231246581,-0.1712204874833,0.1977753618901,0.5767705280183,0.4972600254803,-0.0181549448744,-0.3181909218599,0.2563080286809,-0.2669596487109,-0.2954873189144,-0.1260976481109,-0.3401416884314,-0.2804164677790,-0.2966369427721,-0.1537396561663,0.0248694457733,-0.0905367012604,-0.2661939217251,0.1998627330552,-0.2979178264651,-0.2243103461267,0.7720402417696,-0.2545831773664,0.0278557110771
0.1807901402956,0.3251598760080,-0.0696496120893,0.4319556358667,0.5634356632061,-0.1692613017452,-0.0883231213051,0.1495067057390,-0.2513446170877,0.4785284892488,0.2717272859788,-0.1532314210695,0.4232992527808,-0.0504205529164,-0.0745578059794,0.0307425775792,-0.0313697209622,0.3958683690409,0.0589843179901,0.5568640686105,0.2496218578982,0.2968321326618,0.3205049230869,0.1693958715124,0.1224853334125,0.3168320423059,0.1142630785341,0.0334507940635,0.1337206960621,0.6229473432759,0.3281183929818,0.0259137340639,-0.2620092738830,1.0000000000000,0.3942101035730,0.4620008010854,0.1872841303631,-0.1551967443459,0.3951125218759,0.4807816791911,-0.1940226550287,-0.1787209885919,-0.1856281783058,-0.2935238367383,0.4787902536378,0.3118443100017,-0.2523322581533,0.3825471702548,-0.0876491405615,-0.0285879216576,-0.0184374822077,0.0891178362651,0.4575849829047,-0.0853907858826,0.4702268528502,0.3090565414301,0.1594318600331,0.2540421180147,0.1241288244086,0.1033929289968,0.0796065971254,0.0109283892759,0.0886221913627,0.0042404240321,0.4735264997344,0.0970423515471,0.2255189781290,-0.1286395436689,0.8286536193483,0.3718026457093
