1.0000000000000,0.4570136033884,0.0903153919073,0.5810078556040,0.5430877661938,-0.2263810333455,0.0968702423358,0.4553995211965,-0.2206432269487,0.5016669794716,0.2863193092928,0.2118635130835,0.5111199170718,0.2116253017389,0.2339811916843,-0.0184078389220,0.2786965347090,0.5651863503992,0.2549416409825,0.4788939617465,0.6307809921531,0.3611473943836,0.5227325929302,0.3686432446688,0.4332199036272,0.4138512649286,0.1080425113417,-0.1320383677175,0.3435956237768,0.6153498787983,0.4907456228718,0.1950158573041,-0.1314353108826,0.4766636130151,0.4752457878676,0.5687140005611,0.2124473568846,-0.3813639370830,0.5299302709297,0.5272682385263,-0.1953087290744,-0.0866954674076,-0.1177589664126,-0.3832349516198,0.4103209971531,0.2508707139056,-0.0656799218233,0.5101825635674,-0.0553343370994,-0.1282112767336,-0.0531268136286,0.3056326820870,0.3351318465654,-0.2807445685038,-0.1080413567134,0.6550215163876,0.2146264374854,0.3033814298438,0.2215416678577,0.4361315039554,0.2830771583358,-0.3339188873062,-0.0807662492358,0.0072941213044,0.1533544291906,0.1498024942505,0.0956303763043,-0.0716309657649,0.1895543137302,0.4228168386922
0.4570136033884,1.0000000000000,0.3247791244283,0.8054509902049,0.3201073631623,-0.4014117447019,-0.3212636357465,0.3657972990887,-0.4420218882391,0.3638345212734,-0.0834019191365,0.0041575236642,0.1861215706343,0.0148514040981,-0.2457204126739,-0.2626294923573,0.2725209042078,0.7030713850889,0.0625101087560,0.5206817375322,0.3796651763228,0.4555054266820,0.7545742232141,0.5104603161432,0.2903204669725,0.5247248021542,0.3125806460256,0.0486652190675,0.3499058032713,0.3225708345777,0.6472633000678,0.2459326140225,-0.3708327667319,0.5169230926883,0.5545672159038,0.3505120788990,0.7393316143059,-0.1427648597872,0.7644015596464,0.2893101093775,-0.3436693139367,-0.5019204012427,-0.0473020379153,-0.5552103228002,0.3446620655437,-0.0888363121246,-0.1244735226137,0.1978712917769,-0.0761607494513,-0.3963153780197,-0.2449476693128,0.3126015403762,0.4623467004185,-0.3155831877107,0.0990558399606,0.3806327006199,0.2589789056384,0.5953142979841,0.4023980200933,0.4016612273025,0.5070139321720,0.1118822902435,0.3243681188903,-0.0121266336174,0.0404149245129,0.3748108435050,0.1546755531718,-0.2674200070928,0.3293078015751,0.4450140954687
0.0903153919073,0.3247791244283,1.0000000000000,0.2837097782709,-0.0551944080602,0.0035025229556,-0.0054287666973,0.5766514702837,0.1424236117476,0.0639342698454,0.1312687980666,0.2900153098474,-0.0219297019303,0.1733347347160,0.1249338186378,-0.0016962664445,0.2204323443941,0.4380847804417,0.1904357107445,0.1312928965467,0.1135278774171,0.2397990028392,0.2410079407464,0.4795910157950,0.2331087039150,0.2190199078263,0.5348402488159,0.5832916152966,0.3485607828505,-0.1954482924616,0.3223540954050,-0.1352130071642,-0.0177785977518,-0.0634661047134,-0.0060142841838,-0.3562936219957,0.1500177344175,0.5404492853519,0.2187025327792,-0.0703442290730,-0.2062285685077,-0.1665043647951,0.2400457310766,-0.0538822600755,-0.0570727136623,-0.1857063822431,0.0819182973419,-0.1458030417507,-0.0425245426448,-0.2337442931418,-0.1008830782483,0.1548144049563,-0.1422424636100,-0.1700136272267,-0.3760155591554,0.0174129328827,-0.0505354159697,0.0941252773985,0.1011607147695,0.2032448378159,0.2186849943123,0.1445379088815,0.6347893692777,0.1463876087847,-0.5138149811672,-0.0702118383762,-0.2398536695816,-0.2399604932293,-0.2648044367139,-0.2124126120392
0.5810078556040,0.8054509902049,0.2837097782709,1.0000000000000,0.4101501747128,-0.3276665919370,-0.1353331259084,0.5114791094341,-0.3591759768467,0.5503018057467,0.1150797062177,0.0282388338463,0.3644513727551,0.0935133890837,-0.0896533831325,-0.1133203226438,0.1770956823429,0.7527888848019,0.0457569336259,0.6512916571848,0.4890303329517,0.4304833421696,0.7647653400743,0.4459586495509,0.3825385583713,0.6098581629040,0.3066364357965,-0.0932506153682,0.4217328468605,0.4304109275331,0.7075437884947,0.2846829519405,-0.2925922457943,0.5916055107592,0.5893910861345,0.3355912614889,0.4866481675054,-0.1938698445494,0.8887553780134,0.3773354933263,-0.2411983676107,-0.3886555618056,-0.0729264722099,-0.5000121942679,0.5199688872733,0.0008399399800,-0.1770357763861,0.3736715803223,-0.0010214997886,-0.3558799900495,-0.0992322159786,0.2064071879700,0.4470771528845,-0.3990798055753,0.0399356854912,0.4782282458462,0.1505962848933,0.4992965024305,0.2511328384705,0.4741092383773,0.5311069467077,-0.0298540641137,0.1737099482854,-0.0157595548138,0.0335339992767,0.3255120642926,0.2246484153452,-0.1925522271467,0.3655770950361,0.4783103488960
0.5430877661938,0.3201073631623,-0.0551944080602,0.4101501747128,1.0000000000000,-0.3894490275382,0.0801682102637,0.2446562081901,-0.3137507953144,0.5915063951210,0.3176955223864,-0.0307833561435,0.6526201616180,0.1152582834786,-0.1629300263656,-0.0623658228263,0.5069929688813,0.2980969779530,-0.0034569820878,0.2430428749138,0.7208471174599,0.5292069869876,0.5376601491036,0.4097625591347,0.4784076603086,0.1645734569040,-0.0841632111287,-0.1705739943867,0.5122471051066,0.4769039410458,0.4876399056832,-0.0112157378782,-0.2545495154510,0.4824685049509,0.3336449250807,0.6279616967515,0.2080891754264,-0.3274008747927,0.4096976295098,0.9355926069942,-0.3598968788252,-0.0324840220035,-0.0862462915082,-0.3682345241721,0.5782461953277,0.4701681383804,-0.1696216818170,0.6657744262971,-0.1181930834649,-0.3169048987031,-0.1074164338593,0.5243264985563,0.3280956276887,-0.2768888285521,0.0336533384736,0.7950755254843,0.5515500234228,0.5100798674539,0.4659472582294,0.6097949970280,0.0763667536239,-0.2377431722065,-0.0827181455862,0.2671873225457,0.2750324561951,0.3758660515786,-0.0025378767113,-0.1774169260199,0.3318977749666,0.3885223169543
-0.2263810333455,-0.4014117447019,0.0035025229556,-0.3276665919370,-0.3894490275382,1.0000000000000,0.5277164248508,-0.1976799936703,0.7777738852992,-0.4154190721991,0.3071546466829,0.3011328958393,-0.0910381549514,0.2832403881728,0.6976383887185,0.7234889560987,-0.3315176581000,-0.2341265539464,0.2235974278512,-0.1299502193377,-0.4522404500223,-0.2293201591732,-0.4670779584991,-0.2807880901538,-0.3926326435986,-0.1894324320842,0.1020838982167,0.1349589192974,-0.3685618338976,-0.0196703601949,-0.3495313109993,-0.0722942605205,0.8465460347792,-0.1850937741660,-0.0639524871546,-0.3877010626511,-0.3005848260062,0.0330199593271,-0.4377685717963,-0.4032747658647,0.7963803913791,0.6279038285671,-0.2832444719167,0.7247857077226,-0.3510387076622,-0.0788998341968,0.2536924588794,-0.2060725000555,0.0504632341370,0.5788275158163,0.6151371752792,-0.2700743331097,-0.4496145980343,0.1140422887903,-0.3552159202990,-0.4930193396916,-0.4325573279865,-0.5620284650412,-0.5001350553698,-0.3946905019257,-0.2967304407378,-0.1153017089771,0.0168729457767,-0.1905622860955,0.0092989922353,-0.5011209624192,-0.1290613589927,0.6856837694774,-0.2251642462728,-0.0368125654040
0.0968702423358,-0.3212636357465,-0.0054287666973,-0.1353331259084,0.0801682102637,0.5277164248508,1.0000000000000,0.0408470456211,0.6183770123261,-0.0188171329366,0.6278933252372,0.3003364541257,0.4489333734682,0.2646250425862,0.5866552053134,0.6238660096756,-0.0853581268097,-0.1179128778665,0.1420811894212,-0.1090050025345,0.0274776320854,-0.0988349283593,-0.2813101887688,-0.1463781986723,0.0498828386860,-0.0290970763908,0.1100500359118,0.0499621335576,-0.0114058794662,0.1816719694081,-0.1573141594947,-0.2311675609331,0.5234139176380,-0.0961104978917,-0.0727439474179,-0.1091568139037,-0.1975327586746,-0.0437067595496,-0.1316522050235,0.1028181052792,0.3370015825048,0.7691893271358,-0.1182751575324,0.5024551821762,-0.0092967144514,0.3526120659996,0.1608634622642,0.3642609428603,-0.0379891030803,0.3284750454966,0.5265124283202,-0.1140346032935,-0.2770970654338,-0.0772653165973,-0.3844293078301,0.0421586024200,-0.1966051651513,-0.3861061038802,-0.2950824302180,0.0076653726263,-0.1874391877086,-0.1822830841117,-0.0678666222030,0.0599076406088,-0.0278171009253,-0.2810759070660,-0.2539240933452,0.4277595919471,-0.1880891403905,-0.0111025032830
0.4553995211965,0.3657972990887,0.5766514702837,0.5114791094341,0.2446562081901,-0.1976799936703,0.0408470456211,1.0000000000000,-0.1144344262929,0.4324708558088,0.3028803588099,0.0581682451974,0.1912487520771,0.0861259563295,0.0852167314372,-0.1091316489912,0.3547636565415,0.5931954817968,-0.0348780016498,0.2803206502947,0.5411337888292,0.3260598381417,0.4112637189362,0.4545585214100,0.6712387000651,0.4257706195642,0.4509406798351,0.1723239958670,0.6774393143914,0.0778325540714,0.6198705540269,0.0238362539270,-0.1987826601703,0.0618883488246,0.1806640069431,0.0221677192864,0.2450258298140,0.2081819443575,0.5511826428734,0.3521937011256,-0.3172029625370,-0.2608038112300,0.5129419462577,-0.3782205669122,0.2791749680018,0.2146663170118,-0.2183909554987,0.0939214228428,-0.1699521069024,-0.4415621798326,-0.2567651408979,0.2665950606929,0.0526148267187,-0.4402202577069,-0.3583740401514,0.4867590300682,0.0375666176099,0.2238049964407,0.1016463788497,0.6483641119130,0.3808535611392,0.0322589906487,0.2629671122085,0.4382381653041,-0.4904912829427,0.1786676867614,-0.1984340716690,-0.2469033182988,-0.2639242082551,-0.0017024897980
-0.2206432269487,-0.4420218882391,0.1424236117476,-0.3591759768467,-0.3137507953144,0.7777738852992,0.6183770123261,-0.1144344262929,1.0000000000000,-0.4217603975911,0.5151943912107,0.4352105300073,-0.0645572450682,0.3615499994314,0.7401551862503,0.6177962566890,-0.1987496746809,-0.2678632494016,0.3907583091307,-0.1845220413802,-0.4051077810881,-0.1810046334875,-0.4858568331938,-0.1937745680597,-0.3386179984959,-0.2018294197915,0.1455043743009,0.2988647288280,-0.2265238476373,-0.1231146683797,-0.3419898466531,-0.2572376265184,0.6400236829351,-0.1959527449508,-0.2796055181177,-0.4543574210411,-0.3328942664636,0.2375285773608,-0.4881651395783,-0.3230996274382,0.5200473907355,0.6668315401213,-0.2642704151835,0.8136377639194,-0.3693050566910,0.0545765210269,0.3670515197503,-0.1421609836192,0.0090954042497,0.4854358131248,0.4856847627990,-0.1647106086609,-0.4511994120940,0.1287528483691,-0.4823633139190,-0.4369870973369,-0.3892528499500,-0.5525737363371,-0.4094086225316,-0.3293661802148,-0.3605358569942,0.0005685519301,0.1656783931455,-0.0332422573377,-0.1765711361497,-0.4940708826248,-0.2876807189844,0.4008317331193,-0.2515752138047,-0.2312326791508
0.5016669794716,0.3638345212734,0.0639342698454,0.5503018057467,0.5915063951210,-0.4154190721991,-0.0188171329366,0.4324708558088,-0.4217603975911,1.0000000000000,0.1313363234872,-0.1564088837378,0.5051563276087,0.0278967497307,-0.1473138378289,-0.0557751039646,0.3140709107017,0.3345981991250,-0.1530429713722,0.1836306411569,0.6461066245151,0.3181749319036,0.5754446806481,0.2866615617070,0.7509894083645,0.2350795657504,-0.0177179704778,-0.1027667297134,0.4044474462654,0.3537065792847,0.4158707226338,0.2133091952780,-0.3374221820604,0.3290706094126,0.3034309414149,0.3833448949455,0.1489946889665,-0.1478666749849,0.5469637757650,0.6229682665535,-0.3566874548505,-0.1818904388590,0.1438381424504,-0.4592457127728,0.8721462603003,0.2604894939116,-0.2825894099055,0.4693307750605,-0.0510686263705,-0.3348410279388,-0.1072458245934,0.2439821425679,0.2242419807215,-0.3507589763204,-0.0481609526519,0.6716201908670,0.2626917187020,0.4633275646126,0.2000535845497,0.7197720670149,0.2226487233097,-0.1935049607604,-0.0181248566432,0.1554538971648,0.0356967322405,0.2894988755275,0.1208420437958,-0.2116866595757,0.1130117595008,0.2059438152455
0.2863193092928,-0.0834019191365,0.1312687980666,0.1150797062177,0.3176955223864,0.3071546466829,0.6278933252372,0.3028803588099,0.5151943912107,0.1313363234872,1.0000000000000,0.2899191454473,0.4882947780879,0.3638015860135,0.5898595349731,0.4267404569970,-0.0125278874690,0.0964520084444,0.2722445603112,0.1307734465977,0.2563081688921,0.0722119864689,-0.0693560686419,0.0442618852770,0.1459678727667,0.1173752974186,0.2861797302456,0.2035838058839,0.1811892699477,0.3051013076237,0.0865097779845,-0.1360672337669,0.2041945522892,0.2149636273625,0.0311171490277,0.0101322964086,-0.0756964740143,0.0660892288450,0.0646647240988,0.3388117442509,0.1594109429849,0.4341751389345,-0.1163794437624,0.2942095362417,0.1403470148886,0.6064174358263,0.1113565909559,0.4236110982470,-0.0948574962211,0.0934398703394,0.2456266840545,-0.0091995704687,-0.1704599192712,-0.1647901091774,-0.4709698072091,0.2707223752575,-0.1836372522923,-0.2017828434565,-0.2028925945958,0.1755543727311,-0.0982872137472,-0.0117228672723,0.1799650609265,0.1772104118956,-0.1430433065717,-0.2304549920011,-0.2996614529626,0.1322122045959,-0.0411764301174,0.0108138460890
0.2118635130835,0.0041575236642,0.2900153098474,0.0282388338463,-0.0307833561435,0.3011328958393,0.3003364541257,0.0581682451974,0.4352105300073,-0.1564088837378,0.2899191454473,1.0000000000000,0.1651517302106,0.7027430268663,0.6052565537029,0.3955974964902,-0.1825736360444,0.0174836226091,0.6324181624583,0.0847031800453,0.0044000240943,-0.1286129421629,-0.1307500208799,-0.0937340863783,-0.2098909168859,0.1297084684283,0.2065035675277,0.1488924567737,-0.0431245177160,0.1196459820642,-0.1441535690376,-0.0545505577930,0.3504053358258,0.0143881633712,0.0454612297742,-0.2345789046349,-0.1339863953795,-0.0212877924723,-0.1657242143895,-0.1137520258269,0.1771668432294,0.2711810393350,-0.2369870831576,0.3313623133804,-0.2001375541644,-0.0620598937500,0.7424864018860,0.0991884779781,0.4941576670633,0.2983939941719,0.3512143670229,-0.1528362514929,-0.3168045885809,0.2748134622466,-0.3385171020319,-0.0466399271671,-0.3058930470758,-0.3350306086757,-0.2747272612534,-0.2070562260980,0.0690141253476,-0.1217436667675,0.1436137025684,-0.1228461145586,-0.0705112667289,-0.3862769344904,-0.1402058983723,0.1824401643161,-0.1202911082441,-0.0568175033748
0.5111199170718,0.1861215706343,-0.0219297019303,0.3644513727551,0.6526201616180,-0.0910381549514,0.4489333734682,0.1912487520771,-0.0645572450682,0.5051563276087,0.4882947780879,0.1651517302106,1.0000000000000,0.3064112472238,0.2034586676672,0.3636964559884,0.1774966497361,0.2233855319665,0.2135519781725,0.2689533169115,0.5966193178453,0.3086643093992,0.3215340790576,0.2010374984988,0.3637660313752,0.0689078089566,-0.0562608506432,-0.1395649741408,0.3037358734701,0.5689974241845,0.2848080000609,-0.0253463622177,0.0016983838581,0.3775830874574,0.2625999843362,0.3186668052798,0.0598505870955,-0.3025927602821,0.2754144848344,0.5942286623299,-0.0357143861419,0.2129196366768,-0.1928566079560,-0.1350509006845,0.5075098831720,0.3612327164445,0.0412701062354,0.8278235315828,0.0101488818886,-0.0530330164716,0.3861835293269,0.1809705803366,0.1004488417575,-0.1373633631602,-0.1131538916313,0.6115088073059,0.1773133546543,0.1912075132195,0.1046663447460,0.3853421335674,-0.0881752343669,-0.3011558658767,-0.0767375570677,0.1321182824849,0.2570188186774,0.1009980882145,-0.0021797720845,0.0886450297741,0.1764211924763,0.2939939502323
0.2116253017389,0.0148514040981,0.1733347347160,0.0935133890837,0.1152582834786,0.2832403881728,0.2646250425862,0.0861259563295,0.3615499994314,0.0278967497307,0.3638015860135,0.7027430268663,0.3064112472238,1.0000000000000,0.5858626029491,0.5119678374738,-0.0705022114350,0.0630171824440,0.6084635371803,0.2357205271541,0.0452808475728,0.0633477207126,-0.0358883091705,-0.0185544386873,-0.0280733517710,0.2072949489496,0.1579236913931,0.1563418747199,-0.0229437017227,0.3107726076407,-0.0573156270558,-0.0111543818106,0.3118100802270,0.1803409058849,0.0983061331870,-0.1478636196681,-0.1819386500339,-0.0473932112647,-0.1161053089489,0.0510377885431,0.3506515492315,0.1858347547833,-0.2532964001803,0.1812324108248,0.0849695530478,-0.0374014622236,0.6129768456953,0.1971643236291,0.5435399829681,0.1764521137108,0.4319434981582,-0.0060821153607,-0.3346259185283,0.1400842176968,-0.3677272497559,0.0383640590891,-0.1714361873311,-0.2155452556832,-0.2244141905971,-0.0541286588013,-0.0319545531672,-0.1478259171703,0.1733347584247,-0.0542852922308,0.0869117590762,-0.3533921684555,0.0125480741292,0.4167034365151,0.0579542952936,0.0206946257124
0.2339811916843,-0.2457204126739,0.1249338186378,-0.0896533831325,-0.1629300263656,0.6976383887185,0.5866552053134,0.0852167314372,0.7401551862503,-0.1473138378289,0.5898595349731,0.6052565537029,0.2034586676672,0.5858626029491,1.0000000000000,0.6679299908074,-0.2843568450996,-0.0310719691559,0.5785209617630,0.0978866246749,-0.1291612693682,-0.1795845206187,-0.3003946000401,-0.1914210781117,-0.1715623555170,0.0275750049858,0.1726037506856,0.2005696514896,-0.2024970036913,0.2610800999126,-0.2339334804016,-0.0061969558583,0.6095669776990,0.0144749724479,-0.0221449311906,-0.2826042043169,-0.3226383374142,0.0235303238787,-0.2478672753823,-0.1777956532581,0.5782462296606,0.5001326145577,-0.2992383776002,0.5397482396339,-0.1461864248881,0.0595216669213,0.4283856082206,0.0949346421441,0.1751461153470,0.4912289753386,0.5393623236794,-0.2386388578826,-0.3924118682393,0.1092139462377,-0.5081656765588,-0.1654747601241,-0.4624274017737,-0.5267412244721,-0.5018209945550,-0.2381817258411,-0.1852030742726,-0.1803879287244,0.0890366229688,-0.1435954669155,-0.0759448568346,-0.5643397327539,-0.1467080914522,0.4964546878200,-0.1938415515295,-0.0703792483653
-0.0184078389220,-0.2626294923573,-0.0016962664445,-0.1133203226438,-0.0623658228263,0.7234889560987,0.6238660096756,-0.1091316489912,0.6177962566890,-0.0557751039646,0.4267404569970,0.3955974964902,0.3636964559884,0.5119678374738,0.6679299908074,1.0000000000000,-0.1553111477462,-0.1400507697082,0.2295892183082,-0.0009943775646,-0.1230335118365,-0.0723428046952,-0.2515170602692,-0.1710086348286,-0.1333389848825,-0.0975917136414,0.0221054413242,0.0607313243490,-0.1806902195325,0.2744088418871,-0.2072903052317,-0.0521524827435,0.6066960066116,0.0547751834036,0.1311531765017,-0.1704326480617,-0.2983277664374,-0.0676907859680,-0.2686607037700,-0.1163400082521,0.6605980073652,0.5624110104819,-0.2480106942558,0.5068338722212,0.0370337914775,-0.0198925199823,0.2638800967138,0.1809536030545,0.1266701494032,0.4005278037590,0.8029115928098,-0.1388863913347,-0.3690420391900,-0.0260857913601,-0.3724847738586,-0.1832314086361,-0.2546906237008,-0.3687325857274,-0.4050770718718,-0.1361531308909,-0.2620314275321,-0.2989802325962,-0.0091158623919,-0.0585320128324,0.1495608887299,-0.3621822988388,0.0058255452098,0.6013584856626,-0.0810302196237,0.1210431552320
0.2786965347090,0.2725209042078,0.2204323443941,0.1770956823429,0.5069929688813,-0.3315176581000,-0.0853581268097,0.3547636565415,-0.1987496746809,0.3140709107017,-0.0125278874690,-0.1825736360444,0.1774966497361,-0.0705022114350,-0.2843568450996,-0.1553111477462,1.0000000000000,0.2548712008087,-0.2094108212820,0.0482903311358,0.3945339412512,0.7281482450173,0.5139738906741,0.7573851997677,0.5844337470777,-0.0154098604888,-0.0120572567959,0.0947025783598,0.7081241785433,0.2711836851001,0.5527312497672,-0.1079218739534,-0.2908905010066,0.2243002777490,0.1893403561716,0.4081659542292,0.2583611113293,0.0377250630230,0.2428835338214,0.5539847027292,-0.4383471345522,-0.1995584780646,0.2532793157728,-0.3812608474853,0.3061968768488,0.1336798901068,-0.3596179297610,0.1472978330545,-0.3610472734822,-0.5203809663870,-0.3405323218929,0.9253497010439,0.1774788827778,-0.4127612691410,-0.1274002856112,0.4439417464823,0.7618453201577,0.6634348542091,0.6965794686982,0.6711770988606,-0.0470246675474,-0.1758397827885,0.0822331350999,0.6114404510113,0.0143823227999,0.5464202699787,-0.0398680776993,-0.3235725557176,0.0428598260229,0.1627134997605
0.5651863503992,0.7030713850889,0.4380847804417,0.7527888848019,0.2980969779530,-0.2341265539464,-0.1179128778665,0.5931954817968,-0.2678632494016,0.3345981991250,0.0964520084444,0.0174836226091,0.2233855319665,0.0630171824440,-0.0310719691559,-0.1400507697082,0.2548712008087,1.0000000000000,0.0704031171834,0.7418242540812,0.3902580262500,0.4976762919543,0.6556063953937,0.6203677980405,0.3404850526276,0.5354114222086,0.5402358210710,0.1116570426107,0.4038499286435,0.3596727172058,0.7659845172290,0.2261062747910,-0.2105949051380,0.4110847476040,0.5342543930212,0.2118644970252,0.4944441134302,-0.0830380410869,0.7237011876947,0.2954212346823,-0.2360197817878,-0.3606352929662,-0.0017378155036,-0.4641708403131,0.2266187141366,-0.0635449623102,-0.2496362420045,0.1647447605735,-0.2107257050151,-0.4219431145702,-0.1794924101418,0.2586447968845,0.4904459490472,-0.4065111795621,0.0205095032694,0.3552296089555,0.2180051776923,0.4158492052931,0.3504483121417,0.3597116110066,0.4135300770585,0.0768168250496,0.2306156390503,-0.0052078629713,-0.1151881661876,0.3125602944415,0.1217364710933,-0.2112418615325,0.1424714691126,0.3496550479315
0.2549416409825,0.0625101087560,0.1904357107445,0.0457569336259,-0.0034569820878,0.2235974278512,0.1420811894212,-0.0348780016498,0.3907583091307,-0.1530429713722,0.2722445603112,0.6324181624583,0.2135519781725,0.6084635371803,0.5785209617630,0.2295892183082,-0.2094108212820,0.0704031171834,1.0000000000000,0.3262341682398,-0.0615833090671,0.0229326183804,-0.0289401536687,-0.0262283578134,-0.2567366760906,-0.0205884638808,0.0083170619988,0.1703916045741,-0.1598858735672,0.1924609356777,-0.0983145601468,0.0275709151162,0.2731638979809,0.1626150360638,-0.0813631540595,-0.1740926673407,-0.1565393632788,-0.0331290850435,-0.2056347799747,-0.0883119262813,0.1913587516260,0.1604958399606,-0.5073834419503,0.2573511015095,-0.1147589039360,-0.0617955400580,0.6146264035821,0.1772989625499,0.3909811537256,0.3167862717275,0.2826294582159,-0.0837022331111,-0.1699322870071,0.4733656438073,-0.1528316749676,-0.0513843268321,-0.2284761915696,-0.2487037419899,-0.1517778354920,-0.2721732444971,-0.2203083212839,-0.0962659491018,0.1547984511377,-0.2480359636083,0.1191124084142,-0.3384346287661,-0.0623823606514,0.2087593022572,0.1259576213424,-0.0217923823439
0.4788939617465,0.5206817375322,0.1312928965467,0.6512916571848,0.2430428749138,-0.1299502193377,-0.1090050025345,0.2803206502947,-0.1845220413802,0.1836306411569,0.1307734465977,0.0847031800453,0.2689533169115,0.2357205271541,0.0978866246749,-0.0009943775646,0.0482903311358,0.7418242540812,0.3262341682398,1.0000000000000,0.2095492302974,0.4129536740025,0.4460394087412,0.3866230505866,0.0542808634164,0.4675260271385,0.2723283052830,-0.0141001450979,0.1906216277360,0.5714945937243,0.5066879162755,0.3439886240594,-0.1547116505636,0.5898237516170,0.5305449857633,0.1987972600291,0.2193156296074,-0.1992253151078,0.5512953991628,0.2199260698147,-0.0045870314728,-0.3016169099677,-0.3041833418715,-0.3504946290915,0.2001850528494,-0.0979715814410,-0.0994937292974,0.2824895786369,0.0283965186099,-0.2443407350686,-0.0446914314926,0.1206526370885,0.3449301333592,-0.1195928222799,0.2469657493078,0.2372720128129,0.1163419572710,0.2150307014573,0.1478979690469,0.0743048584874,0.2420238082004,-0.0212154944102,0.0873478986210,-0.0578709117030,0.2056847172832,0.1171418701330,0.3449745922421,-0.0187402277669,0.4067484707698,0.4124082706814
0.6307809921531,0.3796651763228,0.1135278774171,0.4890303329517,0.7208471174599,-0.4522404500223,0.0274776320854,0.5411337888292,-0.4051077810881,0.6461066245151,0.2563081688921,0.0044000240943,0.5966193178453,0.0452808475728,-0.1291612693682,-0.1230335118365,0.3945339412512,0.3902580262500,-0.0615833090671,0.2095492302974,1.0000000000000,0.3482315958733,0.4981930709433,0.3490648503825,0.5854388733933,0.2042104882962,-0.0011203102612,-0.2434420689318,0.5634454382136,0.3274015059330,0.5384398687022,-0.0334694553092,-0.2837815654096,0.2848383124132,0.4342696955168,0.5301409846082,0.2366948947276,-0.2492873250722,0.5371687355649,0.6981149682791,-0.4030800371634,-0.1500224227198,0.1845121603446,-0.4691863328508,0.5481055121281,0.3986530702017,-0.1563056402821,0.5264937581232,-0.0636805487681,-0.4013976189357,-0.1637289749416,0.3257381915749,0.3109317946944,-0.3629483073493,-0.0480572840769,0.9207050700864,0.3230909937345,0.4501089864559,0.3288999516014,0.6567594395845,0.3035183851834,-0.2234969693716,-0.1140224844405,0.2468186902489,0.0024306913403,0.3736152652885,-0.1147564096070,-0.2336986050454,0.0739794454384,0.3572444287526
0.3611473943836,0.4555054266820,0.2397990028392,0.4304833421696,0.5292069869876,-0.2293201591732,-0.0988349283593,0.3260598381417,-0.1810046334875,0.3181749319036,0.0722119864689,-0.1286129421629,0.3086643093992,0.0633477207126,-0.1795845206187,-0.0723428046952,0.7281482450173,0.4976762919543,0.0229326183804,0.4129536740025,0.3482315958733,1.0000000000000,0.6577328447459,0.8961235821029,0.3996614390381,0.0935182244309,-0.0180701889913,0.0170376474199,0.6780464527522,0.4848962347260,0.7805373812042,0.0866737572146,-0.1951152620018,0.5131361021333,0.3353018567571,0.3574342463938,0.2692433246770,-0.1520746032967,0.3716806550832,0.5290426348709,-0.2829272761902,-0.2321887228087,-0.1284118171716,-0.3833734679389,0.3411319988437,0.0457127910544,-0.2991166214453,0.3209913860000,-0.2359954780052,-0.4803001032878,-0.1610693849256,0.7850207366583,0.2652233647946,-0.3817923539886,-0.0153313340008,0.3838789478157,0.7514599057065,0.6318693990499,0.6785960604124,0.5382215355113,-0.0687775573627,-0.2474481439205,0.0782235171845,0.4364662975801,0.1914475294333,0.5098113015616,0.1799952754812,-0.1520489958450,0.2950085709095,0.3018287597710
0.5227325929302,0.7545742232141,0.2410079407464,0.7647653400743,0.5376601491036,-0.4670779584991,-0.2813101887688,0.4112637189362,-0.4858568331938,0.5754446806481,-0.0693560686419,-0.1307500208799,0.3215340790576,-0.0358883091705,-0.3003946000401,-0.2515170602692,0.5139738906741,0.6556063953937,-0.0289401536687,0.4460394087412,0.4981930709433,0.6577328447459,1.0000000000000,0.6717189747704,0.4947290605819,0.2779061636553,0.0846792512746,-0.0890619284978,0.5633708430574,0.4189640100678,0.7914766447088,0.2607281280535,-0.3707702810009,0.5190467815889,0.4725226891728,0.4850501135150,0.5407337922251,-0.1953104211159,0.6854580496596,0.5348582842043,-0.4151667355210,-0.4528084642057,-0.0333715922908,-0.5925603633707,0.5343624116086,-0.0239064749436,-0.2829780928098,0.2943343842266,-0.1616793880377,-0.4903781099295,-0.2268069524616,0.5592661121858,0.5136995372119,-0.3934266774787,0.0900153003082,0.5157115699406,0.5495776343474,0.8541635353661,0.6281662282420,0.6245739832612,0.2398315117896,-0.1002412238850,0.1124174357747,0.1409146350361,0.1343227395217,0.6017703700620,0.2172062362844,-0.2978090905607,0.3212454888186,0.4377474079967
0.3686432446688,0.5104603161432,0.4795910157950,0.4459586495509,0.4097625591347,-0.2807880901538,-0.1463781986723,0.4545585214100,-0.1937745680597,0.2866615617070,0.0442618852770,-0.0937340863783,0.2010374984988,-0.0185544386873,-0.1914210781117,-0.1710086348286,0.7573851997677,0.6203677980405,-0.0262283578134,0.3866230505866,0.3490648503825,0.8961235821029,0.6717189747704,1.0000000000000,0.4511193020676,0.1377291240417,0.2017159787233,0.2149979871106,0.7139435061047,0.3608845470673,0.7938645119302,0.0289468216360,-0.2627524135418,0.4050188413900,0.3159388519467,0.2578976845506,0.3522086690781,0.0767514469852,0.4236388249618,0.4300057569169,-0.3855493755146,-0.3212249305018,0.0401636584883,-0.4192102590384,0.2477094104497,-0.0378909298661,-0.3273380324117,0.1681730357025,-0.3606577284991,-0.5632159714873,-0.2785201769601,0.7388954013226,0.2994363611140,-0.4380648453751,-0.0937273888446,0.3478757394443,0.6671618529308,0.6614437513360,0.7043661920192,0.5437223890994,0.0191308762233,-0.1150372208053,0.2519655169400,0.4467904441118,-0.0470885787350,0.5094646168306,0.0796714891071,-0.3344719911896,0.1356209190418,0.1986874478434
0.4332199036272,0.2903204669725,0.2331087039150,0.3825385583713,0.4784076603086,-0.3926326435986,0.0498828386860,0.6712387000651,-0.3386179984959,0.7509894083645,0.1459678727667,-0.2098909168859,0.3637660313752,-0.0280733517710,-0.1715623555170,-0.1333389848825,0.5844337470777,0.3404850526276,-0.2567366760906,0.0542808634164,0.5854388733933,0.3996614390381,0.4947290605819,0.4511193020676,1.0000000000000,0.2228010620973,0.1197970939857,0.0135653390052,0.6630728425123,0.1942958366450,0.4725854556956,0.0554864825086,-0.3446848790055,0.0947774942339,0.1190682497484,0.3089245910977,0.2399722413622,0.0271001103233,0.4789148972353,0.6000971259737,-0.4250786290660,-0.1995976751346,0.5089505996577,-0.4841023008563,0.6702317457669,0.3199710478999,-0.3633621559542,0.3000961486222,-0.2149767456933,-0.4430340111066,-0.2556120347401,0.4627621959228,0.1516364292046,-0.4425797458582,-0.2141538055269,0.6531046072449,0.3561937468090,0.4837994248902,0.3149294127438,0.8840860897826,0.1779363170314,-0.1175204147092,0.0397741173647,0.4898649629328,-0.1785151926086,0.4132520803930,-0.0134241957956,-0.2833386401542,-0.1371062890951,0.0365915658208
0.4138512649286,0.5247248021542,0.2190199078263,0.6098581629040,0.1645734569040,-0.1894324320842,-0.0290970763908,0.4257706195642,-0.2018294197915,0.2350795657504,0.1173752974186,0.1297084684283,0.0689078089566,0.2072949489496,0.0275750049858,-0.0975917136414,-0.0154098604888,0.5354114222086,-0.0205884638808,0.4675260271385,0.2042104882962,0.0935182244309,0.2779061636553,0.1377291240417,0.2228010620973,1.0000000000000,0.4857627697687,0.0846139315748,0.1495402795915,0.1916617200294,0.3272877095332,0.2183398932803,-0.2101609229508,0.3464567592950,0.3790759488584,0.1259810793039,0.3801832995766,-0.0714567783147,0.6722199558861,0.1795094148892,-0.1659733493592,-0.2997515048541,0.0648961991419,-0.3818551763020,0.1893179002982,-0.0441738092804,-0.0873886848170,0.1395905046911,0.1446643597782,-0.2406314331386,-0.1469637500162,-0.0244616471963,0.1918525757730,-0.3380153249706,-0.0566679156392,0.2490463147540,-0.1286298948766,0.0648226968963,-0.0812167051751,0.2083562238562,0.7436610308492,0.1298428255357,0.2476202243128,-0.0857161471269,-0.1951294225962,-0.0590446514072,0.1428725408786,-0.1179452134575,0.1764296224091,0.2723876544942
0.1080425113417,0.3125806460256,0.5348402488159,0.3066364357965,-0.0841632111287,0.1020838982167,0.1100500359118,0.4509406798351,0.1455043743009,-0.0177179704778,0.2861797302456,0.2065035675277,-0.0562608506432,0.1579236913931,0.1726037506856,0.0221054413242,-0.0120572567959,0.5402358210710,0.0083170619988,0.2723283052830,-0.0011203102612,-0.0180701889913,0.0846792512746,0.2017159787233,0.1197970939857,0.4857627697687,1.0000000000000,0.5749283166145,0.1516010759815,-0.0131294802791,0.2493300401990,-0.0927540035638,-0.0013130511309,0.0090301974234,0.1550467907358,-0.2358429524400,0.3043384282748,0.3627010296978,0.3371260467936,-0.0362539348788,-0.0941417947108,-0.0681285529001,0.1959798664432,-0.0370319695655,-0.1127330555078,-0.0267501585982,0.0176307421493,-0.1424749796052,-0.1045509056703,-0.1468179511554,-0.1055978440070,-0.0972698127427,-0.0202017747599,-0.2520736101367,-0.2961431351711,-0.0564998530860,-0.2369216075002,-0.0637477677822,-0.1193784095130,0.0917275499258,0.3861073519723,0.5547248706640,0.5980347227313,0.0172067567382,-0.4494720420687,-0.1512359515145,-0.2200032904889,-0.1515891815888,-0.2035801876720,-0.0845608956049
-0.1320383677175,0.0486652190675,0.5832916152966,-0.0932506153682,-0.1705739943867,0.1349589192974,0.0499621335576,0.1723239958670,0.2988647288280,-0.1027667297134,0.2035838058839,0.1488924567737,-0.1395649741408,0.1563418747199,0.2005696514896,0.0607313243490,0.0947025783598,0.1116570426107,0.1703916045741,-0.0141001450979,-0.2434420689318,0.0170376474199,-0.0890619284978,0.2149979871106,0.0135653390052,0.0846139315748,0.5749283166145,1.0000000000000,-0.0013163799436,-0.1046665247977,-0.0486965694582,-0.1903748081887,-0.0267235722266,-0.0811540387615,-0.2597933662093,-0.4310864660101,0.0031907445935,0.7205321678151,-0.0844301092930,-0.1383651794458,-0.0705473391632,-0.0216560400861,0.0935947957482,0.1293028292443,-0.1557279179429,-0.1482306678485,0.0712003438238,-0.2022655750411,-0.1522298265744,-0.0647712968930,-0.1163499675568,0.0173839214129,-0.3141784905393,0.0176226911981,-0.3043659321575,-0.2703894486072,-0.1486734888100,-0.0942303477914,-0.1283186295180,-0.0583986031996,-0.0695478418367,0.3842159064223,0.8593596744147,0.1426982325409,-0.4058447723305,-0.3467163318496,-0.2093137857966,-0.1672425673447,-0.1888560826927,-0.4458337840304
0.3435956237768,0.3499058032713,0.3485607828505,0.4217328468605,0.5122471051066,-0.3685618338976,-0.0114058794662,0.6774393143914,-0.2265238476373,0.4044474462654,0.1811892699477,-0.0431245177160,0.3037358734701,-0.0229437017227,-0.2024970036913,-0.1806902195325,0.7081241785433,0.4038499286435,-0.1598858735672,0.1906216277360,0.5634454382136,0.6780464527522,0.5633708430574,0.7139435061047,0.6630728425123,0.1495402795915,0.1516010759815,-0.0013163799436,1.0000000000000,0.2154698543028,0.7005322083826,-0.0182892948731,-0.3276892217979,0.1903541585010,0.1919549914038,0.2473491384167,0.2892084926178,0.0466981906616,0.4554984324694,0.5854726904743,-0.4716469191489,-0.2363430407035,0.3680546427848,-0.4115076791756,0.3277612472918,0.2488148387007,-0.2808248258792,0.2874007849925,-0.2770422771129,-0.5648901685075,-0.2910205287334,0.6436851287467,0.1753155033780,-0.4628014218419,-0.1979143534153,0.5684511180942,0.5421614436803,0.5460979560824,0.5246101926921,0.7777872529542,0.1215835690999,-0.0779131216797,0.0986638235134,0.7683139602924,-0.2087072639064,0.5358032184034,-0.0466594466870,-0.3479336522921,-0.0888316866160,0.1200327856663
0.6153498787983,0.3225708345777,-0.1954482924616,0.4304109275331,0.4769039410458,-0.0196703601949,0.1816719694081,0.0778325540714,-0.1231146683797,0.3537065792847,0.3051013076237,0.1196459820642,0.5689974241845,0.3107726076407,0.2610800999126,0.2744088418871,0.2711836851001,0.3596727172058,0.1924609356777,0.5714945937243,0.3274015059330,0.4848962347260,0.4189640100678,0.3608845470673,0.1942958366450,0.1916617200294,-0.0131294802791,-0.1046665247977,0.2154698543028,1.0000000000000,0.3920370683883,0.2794149473247,-0.0078589038155,0.7441286006023,0.5694724400648,0.4939873621034,0.0911287347364,-0.3847366905928,0.3617732782426,0.4574130855570,0.0889215735204,-0.0170917314102,-0.3486854922144,-0.2635607195783,0.4392558833857,0.1365037476758,-0.0897783734156,0.5580627110111,-0.0236095697872,-0.0912976203180,0.1797710551855,0.3488090388420,0.2042108953892,-0.1691659714009,0.0470990220668,0.3728337709776,0.3258450160460,0.3159875561338,0.1765014209762,0.2407262801495,-0.0505268526391,-0.2985223093530,-0.0938847608258,0.0988425017980,0.5305490293565,0.1305171759673,0.3098787062080,0.1776478110807,0.4862344720699,0.5100096725965
0.4907456228718,0.6472633000678,0.3223540954050,0.7075437884947,0.4876399056832,-0.3495313109993,-0.1573141594947,0.6198705540269,-0.3419898466531,0.4158707226338,0.0865097779845,-0.1441535690376,0.2848080000609,-0.0573156270558,-0.2339334804016,-0.2072903052317,0.5527312497672,0.7659845172290,-0.0983145601468,0.5066879162755,0.5384398687022,0.7805373812042,0.7914766447088,0.7938645119302,0.4725854556956,0.3272877095332,0.2493300401990,-0.0486965694582,0.7005322083826,0.3920370683883,1.0000000000000,0.1208390036587,-0.2861792041207,0.4589913603901,0.4941824145283,0.4052542996693,0.4963791494801,-0.1562147594390,0.6889509917653,0.5119632693425,-0.3618637992267,-0.4002516338812,0.0806021842114,-0.5443096703852,0.3621806815892,0.0757475194319,-0.3610323736304,0.2374903928460,-0.2687010676992,-0.5770851818609,-0.2472971275218,0.5582692643211,0.4599815035201,-0.5071967585515,0.0350168678780,0.4966106705573,0.5217292309478,0.6657226070305,0.5908957129542,0.6218551124255,0.2598140788350,-0.0506606661110,0.1160406973464,0.2864173041135,-0.0166487430634,0.5998383944742,0.0803340872428,-0.2664568299518,0.2192475831717,0.3872173286959
0.1950158573041,0.2459326140225,-0.1352130071642,0.2846829519405,-0.0112157378782,-0.0722942605205,-0.2311675609331,0.0238362539270,-0.2572376265184,0.2133091952780,-0.1360672337669,-0.0545505577930,-0.0253463622177,-0.0111543818106,-0.0061969558583,-0.0521524827435,-0.1079218739534,0.2261062747910,0.0275709151162,0.3439886240594,-0.0334694553092,0.0866737572146,0.2607281280535,0.0289468216360,0.0554864825086,0.2183398932803,-0.0927540035638,-0.1903748081887,-0.0182892948731,0.2794149473247,0.1208390036587,1.0000000000000,-0.1125347247508,0.2597262046076,0.1981038965940,0.1132753166073,0.0681713004380,-0.2692247607974,0.2671529433309,-0.0016874498306,0.0442451179105,-0.3157503408227,-0.1341716441575,-0.3365094966282,0.2043099938611,-0.1565404689301,-0.2760792757034,0.0406962307227,-0.0041705226510,-0.1286162799619,-0.0984645296062,-0.0298833055512,0.1780801029565,-0.1400769296148,0.1480839383310,0.0351741828495,0.0036055481954,0.0860020148784,-0.0480362676278,0.0589437310781,0.1006877141484,-0.1053985903366,-0.1334174100195,-0.0743770413630,0.1384449149970,0.0471170964549,0.6410205775705,0.0480841113230,0.1086410278508,0.1823577624043
-0.1314353108826,-0.3708327667319,-0.0177785977518,-0.2925922457943,-0.2545495154510,0.8465460347792,0.5234139176380,-0.1987826601703,0.6400236829351,-0.3374221820604,0.2041945522892,0.3504053358258,0.0016983838581,0.3118100802270,0.6095669776990,0.6066960066116,-0.2908905010066,-0.2105949051380,0.2731638979809,-0.1547116505636,-0.2837815654096,-0.1951152620018,-0.3707702810009,-0.2627524135418,-0.3446848790055,-0.2101609229508,-0.0013130511309,-0.0267235722266,-0.3276892217979,-0.0078589038155,-0.2861792041207,-0.1125347247508,1.0000000000000,-0.1690641328738,0.0125317294166,-0.2386840226571,-0.2768728875715,-0.1288627761775,-0.3914452862535,-0.3024325953660,0.6785320383637,0.6399562489287,-0.2665359782579,0.6412639752937,-0.3211351859511,-0.0727104590207,0.2872369846406,-0.1473053948737,0.2121735614626,0.5702439185690,0.6328423089272,-0.2159441374957,-0.3278274267455,0.1635049399070,-0.2413901665826,-0.3452432426109,-0.3081462396653,-0.4549640742583,-0.3530884027884,-0.3494317183306,-0.2125288436172,-0.1916404337164,-0.1242367495770,-0.2926130387306,0.1369962777502,-0.3827386440658,-0.1778744214127,0.7574346829622,-0.1653448322367,0.0889820037922
0.4766636130151,0.5169230926883,-0.0634661047134,0.5916055107592,0.4824685049509,-0.1850937741660,-0.0961104978917,0.0618883488246,-0.1959527449508,0.3290706094126,0.2149636273625,0.0143881633712,0.3775830874574,0.1803409058849,0.0144749724479,0.0547751834036,0.2243002777490,0.4110847476040,0.1626150360638,0.5898237516170,0.2848383124132,0.5131361021333,0.5190467815889,0.4050188413900,0.0947774942339,0.3464567592950,0.0090301974234,-0.0811540387615,0.1903541585010,0.7441286006023,0.4589913603901,0.2597262046076,-0.1690641328738,1.0000000000000,0.6149526620274,0.4919741790446,0.2075003734247,-0.3143188363492,0.4984064754396,0.3993813822200,-0.0584988500000,-0.2130140628555,-0.3703826873824,-0.3187445462000,0.4408698805026,0.0445387492585,-0.1800921778327,0.4549734027727,-0.0488669487645,-0.2105879717406,0.0341384986469,0.3304697074056,0.3057369945405,-0.2365844177512,0.1246962666682,0.3119994143474,0.3113808932514,0.4349308843121,0.2616522985657,0.2096287823608,0.1174778301277,-0.2034972040120,0.0200383367200,-0.0401361160783,0.4444728772088,0.1868405169835,0.3283435505864,-0.0463005578316,0.7534152236052,0.5534294032010
