1.0000000000000,0.4833640838066,0.4674888959913,0.6705936810737,0.2653038266459,-0.3828849626622,0.3729359847607,-0.1930121085510,-0.1870568532379,0.7243804991546,0.2408607729489,-0.1965603320860,0.6053652494848,-0.2772238540101,-0.1222007038488,-0.0087523649018,0.4674258338224,0.6950656523147,-0.2175168779269,0.5477633676846,0.7232118911750,0.4948503439928,0.5936546285916,0.5439014246953,0.1037548904465,0.3503987255410,0.5909725475289,0.3406467965983,-0.2386608720519,0.4956700635426,0.4116793327058,-0.0879468911903,-0.2907457865009,0.3929806765485,0.6544436825406,0.5716559492412,0.5703995788904,0.3059643129978,0.6493429442098,-0.0339739237472,-0.2858169725792,0.0778055606084,-0.0721293216913,-0.4586055292460,0.6498435405041,0.0161358513873,-0.2974384994003,0.4779002516619,-0.2809635054401,-0.3495847918101,-0.1528952495881,0.5749888661477,0.6113034981470,-0.3644341328448,0.2009289700624,0.4641385361400,0.5353539803219,0.5809450611101,0.5200320547701,0.1788271652140,0.4673773784696,0.3549011178995,0.3710861267519,-0.2619940055489,0.1090038229473,0.5221920917617,-0.2136930516776,-0.2975836960149,0.5034135730750,0.4256180176096
0.4833640838066,1.0000000000000,0.5117460980243,0.7303860295838,-0.0591510681524,-0.3858891498441,0.2054819285157,-0.4383807443321,-0.2386493935319,0.3599252030767,-0.1745980299809,-0.3930634109377,0.3630232775956,-0.4256362977657,-0.2846329962373,-0.0667892940707,0.4910362760262,0.7508024421769,-0.4224998682864,0.3768218963294,0.2024746440391,0.5464461964387,0.5787785982474,0.5991259786058,-0.1942889564535,0.5012661252235,0.7164231399391,0.5523433317616,-0.3941505758679,0.2914427381628,0.1460707935023,0.0114687884133,-0.2161913721210,0.2895951890917,0.5550170756062,0.4096179907598,0.8237173602087,0.3126394897659,0.6652455086013,-0.2279533964313,-0.2049094979994,0.0515446873537,-0.3545375312336,-0.4938290754085,0.4203966080168,-0.2711986461359,-0.3861708567935,0.2941376180885,-0.4513441873125,-0.3964828656520,-0.1451618041764,0.5506652525363,0.6374325400189,-0.4957569513025,0.1176138534661,-0.0405749393268,0.5513725118149,0.5938222157670,0.5655417772569,-0.1203695332055,0.5544885283613,0.4782658781373,0.4587967280376,-0.4158750473530,0.0962802127204,0.4871629012005,-0.0973727359657,-0.2958324066678,0.5409060962966,0.4140656532919
0.4674888959913,0.5117460980243,1.0000000000000,0.6489569978591,0.0373899335114,-0.6128992328646,0.4214437197715,-0.6187412094709,0.0236824318496,0.4414455173744,-0.0398603903556,-0.2380355005642,0.5349706778378,-0.3386271680400,-0.4075481917260,0.0307926786431,0.6475052864076,0.7503745934446,-0.2896213158439,0.5526742857687,0.4011166110176,0.6091569854015,0.6760506663114,0.8612751394067,-0.3840114969857,0.3065286187608,0.7152482908616,0.7677811542390,-0.6502607604705,0.0623232999883,-0.0149710066526,-0.3026242985491,-0.5300996260763,0.3196623933211,0.5980528669737,0.2832113470720,0.7198312417084,0.8378791968666,0.7035709543322,-0.2780990676396,-0.5788468594068,-0.0807606212843,-0.4081176147480,-0.5397091035209,0.4249988472935,-0.4432303588395,-0.2680012454310,0.2196856141580,-0.3226088287456,-0.7169146159946,-0.0139979561162,0.8548139577817,0.7515764365197,-0.3480109289534,0.2348403773109,-0.0531519038396,0.8417273561334,0.7852775395093,0.8987646806378,-0.2710381562663,0.5914950920005,0.5797061196517,0.8261473731916,-0.5917506901872,-0.2731774468083,0.7692404412631,-0.5046768768585,-0.6604115705700,0.5824361506798,0.3201804242900
0.6705936810737,0.7303860295838,0.6489569978591,1.0000000000000,0.0246827729312,-0.5914336853150,0.3692400938251,-0.5974682553345,-0.3270608122178,0.7161346507991,-0.2171004329031,-0.4188875355047,0.6057090581337,-0.4251708645827,-0.4359197362383,-0.1498968850496,0.7306392314790,0.8953126030427,-0.5223810825372,0.5743655752122,0.3789699722618,0.7583548582209,0.8203795212507,0.8158676491673,-0.1119195797165,0.5773608267974,0.7388468058586,0.4473081641880,-0.5217061496375,0.3880977376999,0.1991040488315,0.0295658234004,-0.3726560611287,0.3929173702283,0.7935540385477,0.6852374358579,0.7869314886446,0.4017019978658,0.9518281992965,-0.2810986921361,-0.2765031515612,0.1195129227538,-0.3916237232788,-0.6160738250955,0.6964986428865,-0.3597806464077,-0.4584427766605,0.4422425270984,-0.5134805979202,-0.5144143317823,-0.1941736964115,0.8128276924007,0.8454523475557,-0.5857495013034,0.1586742346616,0.0066525044060,0.8211433179460,0.8687810319278,0.7889538120790,0.0186637404922,0.6582187929526,0.4088478841064,0.4601434601430,-0.6130015933856,0.1599450975527,0.7263784363689,-0.1567663109146,-0.4325706073780,0.7582707806473,0.5984205821150
0.2653038266459,-0.0591510681524,0.0373899335114,0.0246827729312,1.0000000000000,-0.0590989901020,-0.0027638978589,0.3135245267705,-0.2363769425467,0.3002889092543,0.1567010636848,-0.0051710726295,0.1086760325583,0.0420687015284,-0.2068560431634,-0.1416782255000,-0.0758510889473,-0.0749143094711,0.0605142383978,-0.0287852819588,0.3535879692320,0.0425172931579,0.0651765414833,-0.0541957460515,0.2986893066160,-0.0742273767305,-0.0408402334564,0.0851295260468,0.1666978703358,0.0526365569060,0.2693964028693,0.0618843900858,-0.0431696043451,-0.0063909570345,-0.0855778804397,0.1992385326780,0.0013046117152,-0.0592856351961,0.0468817928389,0.8381733087533,0.1264462704979,0.0662097406652,0.2925482321561,-0.1303078864701,0.2622660869095,0.1759599497290,0.0338409436552,0.1453921768383,0.1463932601962,-0.0948564525772,-0.2349533174110,-0.0501697884971,0.0309673192698,0.0762000801908,0.0843733862005,0.3270778296614,-0.1051989776316,-0.0089730507606,-0.0735038294653,0.2982741173577,-0.0373744438056,-0.0903275522220,0.0134430002557,0.1470532799683,0.1025094191614,-0.0838255355187,0.0456120895629,0.0607942209755,-0.1069770045906,-0.0307221073169
-0.3828849626622,-0.3858891498441,-0.6128992328646,-0.5914336853150,-0.0590989901020,1.0000000000000,-0.1903166246658,0.4163642480454,0.4683139339385,-0.6122058975901,0.2795086960339,0.5215664927657,-0.5694343601994,0.3996292796863,0.7096463924417,0.2748209504879,-0.4880371455254,-0.6138286793800,0.5240990881269,-0.3442726220025,-0.3450907691721,-0.4716471426635,-0.6688794727907,-0.6346615426361,0.0426410666964,-0.3286893682608,-0.5377766497107,-0.5890475616288,0.3342556189208,0.0479679057019,-0.0970954302362,0.1030868799585,0.8062623434695,-0.1574606306607,-0.4993390648860,-0.5321512777655,-0.6081048006821,-0.5742176833601,-0.6859630697947,0.2020641688502,0.5431645225278,0.1930203311941,0.1293677833668,0.7826618865617,-0.4819304861806,0.4557905714016,0.4828910876992,-0.2923707582277,0.4686458614134,0.7166533285120,0.2952923691437,-0.7020318264048,-0.6284676797586,0.5485200286105,-0.1626298771313,0.0663114443029,-0.7130278195558,-0.7527447592389,-0.6951178563288,-0.0735891594024,-0.5167748986831,-0.3769299768644,-0.6337977130809,0.3582138401256,0.0118805061811,-0.7237253767372,0.3191177332714,0.7004308845935,-0.5584239807125,-0.3531407847662
0.3729359847607,0.2054819285157,0.4214437197715,0.3692400938251,-0.0027638978589,-0.1903166246658,1.0000000000000,-0.3929340107368,0.4009245506020,0.2987416801301,0.3846137934366,0.0397832788839,0.7455193137673,-0.0327980860906,0.2193259607164,0.6547273009245,0.3224987714888,0.4162458320753,0.0397149456251,0.4733176339077,0.4024561854365,0.2482640752525,0.2312832771712,0.4201652340368,-0.2902547500696,0.1713578795314,0.4224288183886,0.2406926335276,-0.4307406621281,0.4156089164618,-0.1186903272042,-0.0546878189953,-0.1443491986569,0.3461471096642,0.4046992186526,0.1464762427088,0.2477032771533,0.3859814837174,0.3722076505973,-0.2589399069284,-0.3028641838694,0.5350433915875,-0.3240258725748,-0.1162236845851,0.3164935531381,0.1142212688331,-0.1254520098568,0.6538957711481,-0.1802831917154,-0.1879163983350,0.5570563644183,0.3834744157385,0.3637825239319,-0.2220103550336,0.0119025902865,0.1043264892731,0.4362244737674,0.3218440620081,0.4622687356672,-0.2476748475072,0.2253280171036,0.2846291703436,0.3460697484115,-0.4181349088660,-0.1271503548467,0.3473369856938,-0.1830470656429,-0.2306948527699,0.3611332484896,0.2480679575974
-0.1930121085510,-0.4383807443321,-0.6187412094709,-0.5974682553345,0.3135245267705,0.4163642480454,-0.3929340107368,1.0000000000000,-0.0891691732469,-0.2336321853964,0.1821735370626,0.2141563872894,-0.4156742749430,0.2672472915166,0.2774839491075,0.0006014972457,-0.5714461076952,-0.6080459243885,0.3362351930379,-0.4412210376403,-0.1048789279479,-0.4971769595059,-0.3593116953115,-0.7277429434440,0.7254832618591,-0.3110147762221,-0.4855055077270,-0.2719859944015,0.8931434432114,-0.0942567065431,0.5266104924773,0.1959331992105,0.3202706921523,-0.1398046312165,-0.5543304182723,-0.3503934652058,-0.5530706613788,-0.4780622802120,-0.6066033666615,0.5709780764970,0.3486038523788,-0.1218953096027,0.8625312078018,0.2641724729936,-0.2312030603828,0.4156167056878,0.2402821902596,-0.1472290141207,0.3490330936157,0.3704705597347,-0.0805730928741,-0.6350077059748,-0.6361309768544,0.3222990927722,-0.0836302802856,0.2495743661098,-0.7426513554321,-0.6022280289725,-0.7707445014396,0.6281061138069,-0.4572766588316,-0.3842998652424,-0.3913713474130,0.9227050023904,0.0986688769264,-0.5589466391339,0.3462180903217,0.4526913225797,-0.5427102407235,-0.2929754581991
-0.1870568532379,-0.2386493935319,0.0236824318496,-0.3270608122178,-0.2363769425467,0.4683139339385,0.4009245506020,-0.0891691732469,1.0000000000000,-0.4597376228385,0.5111458779881,0.4249840113177,-0.0475982119779,0.2498483890969,0.6291979272146,0.6529522824262,-0.2737168054402,-0.2120219231800,0.4794722440727,0.1274147184128,-0.0836592499798,-0.3914402779403,-0.4094444007616,-0.1376286734239,-0.4569986667719,-0.2281013029117,-0.1094001375416,-0.0834177399310,-0.2303340095312,-0.0010587090032,-0.4664284276575,-0.3015986272459,0.3083963812166,0.0823915858441,-0.1898577560208,-0.5807495525916,-0.2419183808995,0.2230180447131,-0.3246719405623,-0.2061420670766,-0.1574852159522,0.2462423287445,-0.2100333325189,0.5640812176748,-0.3218158985103,0.2360509301347,0.2933046339066,-0.1386878191421,0.2039541771277,0.1605292791513,0.5889658349826,-0.1795608610270,-0.2252015031573,0.3163456216766,-0.1873681338570,-0.0742331979221,-0.1600114324713,-0.3218074013266,-0.0559686497070,-0.4591046909002,-0.2876478731565,0.0378221152524,0.0527873935763,-0.0999594919726,-0.5184473974083,-0.1757665136146,-0.2961549468601,0.0598806925889,-0.1908771126921,-0.3382333603292
0.7243804991546,0.3599252030767,0.4414455173744,0.7161346507991,0.3002889092543,-0.6122058975901,0.2987416801301,-0.2336321853964,-0.4597376228385,1.0000000000000,-0.1005099949888,-0.3904870726644,0.6597288588788,-0.3514671413066,-0.4407693205905,-0.2219615608899,0.5140706703340,0.6169218052619,-0.4764948259064,0.3521282735624,0.6018265412851,0.5353370491145,0.6795635214448,0.5384621909866,0.2493783842093,0.3270122401861,0.4568842387540,0.2894461763581,-0.1924164088999,0.3544797211580,0.3798354392995,0.0677781742503,-0.4294261185779,0.3111265085124,0.6151588327607,0.7383215916923,0.4748769619079,0.2454360683269,0.7111790296457,-0.0107909305016,-0.1881172887250,0.1080712413189,-0.0067335274324,-0.5919950194001,0.8157075913818,-0.1576533817766,-0.4617702526642,0.5102239370576,-0.4171503847377,-0.4360159175705,-0.2695120561901,0.5935174317675,0.5568642852872,-0.5406891309230,0.0451772352343,0.3229101809955,0.5763082849461,0.6779500903211,0.5135900854439,0.3308806392609,0.4077221825631,0.1047928572878,0.2928930200084,-0.2986662408967,0.2571934977674,0.5720382409576,-0.1030369301041,-0.3156692317838,0.5432333679222,0.4329711763014
0.2408607729489,-0.1745980299809,-0.0398603903556,-0.2171004329031,0.1567010636848,0.2795086960339,0.3846137934366,0.1821735370626,0.5111458779881,-0.1005099949888,1.0000000000000,0.1915786101780,0.2435897013849,0.0127706842996,0.6142062444942,0.5379214508455,-0.0763765309896,-0.1388022972552,0.3122717262254,0.1320233398747,0.5255301788827,-0.2179984256424,-0.2497910551838,-0.0834252663149,-0.0962785663360,-0.1828330148597,-0.0472349016179,-0.1023345186618,0.0811694741888,0.1106124506917,-0.0017429795980,-0.2332247933536,0.0791961867927,0.1908890493183,-0.1114278915319,-0.2572400016099,-0.1292107154748,0.0465914478018,-0.2406121556848,0.1197402012169,-0.2148946467505,0.1614764557260,0.1295933922473,0.2826412535595,-0.0839396250221,0.7702997655408,0.0892271483415,0.2961341525815,0.0474473609560,0.2370468312994,0.3970489813219,-0.1234586086737,-0.1459036331950,0.1440091596794,0.0093842583537,0.6093481366713,-0.1530575163686,-0.2600755302985,-0.0706812729303,-0.1570456646529,-0.1442354368841,0.0519521871355,-0.0225332247519,0.1122637095757,-0.1982075658471,-0.1134665598364,-0.1268102479666,0.0257033460406,-0.0600950913439,-0.0965370654542
-0.1965603320860,-0.3930634109377,-0.2380355005642,-0.4188875355047,-0.0051710726295,0.5215664927657,0.0397832788839,0.2141563872894,0.4249840113177,-0.3904870726644,0.1915786101780,1.0000000000000,-0.2140188111556,0.8343288828881,0.5156009130992,0.3540658169456,-0.4194401425361,-0.3994579917187,0.8727289362712,0.0439213353067,-0.0506008111976,-0.4840474520695,-0.4285422177595,-0.4621038470523,-0.1718443086934,-0.0692095109441,-0.2425667426934,-0.2588625444661,0.0054492146644,-0.0083749518695,-0.2085528051112,-0.2445842653928,0.3265675948127,-0.1507983945990,-0.2774504167090,-0.4617011651236,-0.4348016013202,-0.1561319940339,-0.4664577603720,0.0450031666720,-0.0362537497678,-0.1205683105537,-0.0328859031667,0.4017936341124,-0.3997247028721,0.0879606141673,0.8098251383238,-0.2303464503785,0.7521723376855,0.3729132213281,0.3951000668996,-0.3936651998890,-0.3709057844221,0.8142146477990,0.0157697550393,0.0633671324505,-0.4626911411145,-0.4599515952612,-0.3992742465590,-0.2172053456742,-0.2475532147633,-0.1021672613223,-0.2217310828000,0.1272188820261,-0.1291406270578,-0.4466154036778,-0.1445301068240,0.2409978869827,-0.4253688826807,-0.2222290180819
0.6053652494848,0.3630232775956,0.5349706778378,0.6057090581337,0.1086760325583,-0.5694343601994,0.7455193137673,-0.4156742749430,-0.0475982119779,0.6597288588788,0.2435897013849,-0.2140188111556,1.0000000000000,-0.2343955809473,-0.1221057895276,0.3257776555481,0.4873348275614,0.6155720209979,-0.2521588841274,0.4957411082116,0.7283084601028,0.4199669613257,0.5431441882670,0.5838967425057,-0.1505778827017,0.2761363074939,0.5498989140339,0.3423382718755,-0.4114129540043,0.3578959807919,0.0886730199080,-0.1130294869338,-0.4978349271639,0.4205448758240,0.5769253100647,0.4950301324255,0.4644114361031,0.4349347351558,0.6035960124083,-0.2201892981486,-0.4459960499470,0.3329149950425,-0.2233509905205,-0.4473767640589,0.5826996901287,0.0411516173047,-0.3235950676427,0.7871718797131,-0.4069940843186,-0.3546646087911,0.2502232002801,0.6002191654098,0.5435164832068,-0.4410502012092,-0.0272691032207,0.3749478208032,0.6147976136209,0.6083748731453,0.6179312196026,-0.0733334675980,0.3592227513183,0.2639942529401,0.4292037278033,-0.4433532765718,0.0580934617555,0.5944512681129,-0.2713479207697,-0.4441309125900,0.5814473304813,0.3952659570037
-0.2772238540101,-0.4256362977657,-0.3386271680400,-0.4251708645827,0.0420687015284,0.3996292796863,-0.0327980860906,0.2672472915166,0.2498483890969,-0.3514671413066,0.0127706842996,0.8343288828881,-0.2343955809473,1.0000000000000,0.3333368918584,0.1975409533071,-0.5093921469272,-0.4462477684765,0.7881944573936,-0.0505620694170,-0.1688996794327,-0.4879623529589,-0.4032012433410,-0.5206625319548,-0.0514616514046,-0.0935189538480,-0.3003665524289,-0.2719016474558,0.0920485953347,-0.0721981960237,-0.1826708662170,0.0044393332855,0.2417252528365,-0.2712519362294,-0.3750864012947,-0.3773957195835,-0.4687095601758,-0.2231503329524,-0.4560088626989,0.0729899970977,0.0574099752898,-0.1102566733647,0.0387228174108,0.3677831091608,-0.4116986988257,-0.0023761872422,0.7611761809415,-0.2851284828091,0.8524378419803,0.3355238634929,0.2424234779630,-0.4545424495874,-0.3898958212657,0.7168673249601,-0.0506303564298,-0.0903342388533,-0.4885035935931,-0.4505692291142,-0.4536499116462,-0.1079468980987,-0.3166386571558,-0.1518946546356,-0.2628814768966,0.1802934693874,-0.0656057536226,-0.4425716652138,0.0143462604214,0.3277957925862,-0.4659941098960,-0.2286470294882
-0.1222007038488,-0.2846329962373,-0.4075481917260,-0.4359197362383,-0.2068560431634,0.7096463924417,0.2193259607164,0.2774839491075,0.6291979272146,-0.4407693205905,0.6142062444942,0.5156009130992,-0.1221057895276,0.3333368918584,1.0000000000000,0.6386607584117,-0.3127282852971,-0.3475476213036,0.5707586373390,0.0257338509299,-0.0116709373402,-0.3767114389332,-0.5227535864152,-0.4047777260718,-0.0905198641756,-0.1387660919031,-0.2241138269166,-0.3936730491189,0.2211338016276,0.3640467585425,-0.0361276571492,-0.0479073664587,0.4942317800244,0.1912981878250,-0.1853650916679,-0.5068950761269,-0.4578542043954,-0.3240253436435,-0.5372665557840,-0.0695285625751,0.1266142574994,0.1784564352807,0.0821093740645,0.5308400452776,-0.3690047122978,0.6011705110094,0.3104382740164,0.0478514357250,0.2472167888770,0.5778650869197,0.5448361796942,-0.4889021235751,-0.4998990572272,0.3191895547389,-0.2150161043854,0.2504748820545,-0.4911866803985,-0.5906717528467,-0.4596277190984,-0.2239205194308,-0.3614414371373,-0.2108662037450,-0.3774872056442,0.2311032343385,-0.0837605509693,-0.4743039723587,0.1146102149659,0.4051260239955,-0.3157149776980,-0.2198578119222
-0.0087523649018,-0.0667892940707,0.0307926786431,-0.1498968850496,-0.1416782255000,0.2748209504879,0.6547273009245,0.0006014972457,0.6529522824262,-0.2219615608899,0.5379214508455,0.3540658169456,0.3257776555481,0.1975409533071,0.6386607584117,1.0000000000000,-0.1130589596035,-0.0468159388948,0.4312713174347,0.2163426560744,0.1577366502459,-0.1704806267631,-0.1836996339067,-0.0495759929231,-0.2242548084064,0.0002758579428,0.0827784628468,-0.0059207270870,-0.0731646762794,0.2054459737502,-0.1493476889716,-0.1892149660655,0.1529690142622,0.3051244533050,-0.0141960838914,-0.3225395939443,-0.1514510864255,0.0852699354550,-0.1730793062688,-0.1192709596057,-0.1084312840581,0.3906682886999,-0.0813861508830,0.2449963043704,-0.0034902921655,0.3926805838422,0.2247384514703,0.4426841768699,0.0902576525009,0.2318729860275,0.8543248861191,-0.1064690601713,-0.1000379586120,0.1931225662006,0.0227349000235,0.1871607496216,-0.1112799397435,-0.2150948923821,-0.0445888757851,-0.2423244728239,-0.0650867513590,0.1124631171098,0.0667836774759,0.0016961738445,-0.1079967281076,-0.1465071644397,-0.1452936242867,0.0346932919405,0.0507355350646,0.0588428364978
0.4674258338224,0.4910362760262,0.6475052864076,0.7306392314790,-0.0758510889473,-0.4880371455254,0.3224987714888,-0.5714461076952,-0.2737168054402,0.5140706703340,-0.0763765309896,-0.4194401425361,0.4873348275614,-0.5093921469272,-0.3127282852971,-0.1130589596035,1.0000000000000,0.7001928526086,-0.5297258225709,0.3436896683065,0.3421652856938,0.8860700422837,0.6489912361282,0.8668210684305,-0.1195978653443,0.3386234711134,0.5613056852515,0.3586724637132,-0.3860245390334,0.2824602250038,0.2517449923581,0.0101265290030,-0.3526480055155,0.3959083524143,0.6209444420257,0.5300379208383,0.5964436207411,0.3402449791575,0.7269339954542,-0.2870926416310,-0.2487944849636,0.0551386224369,-0.3520662718185,-0.4788533697546,0.4540974133193,-0.1917202344886,-0.4211291804741,0.3825036615764,-0.4871426010471,-0.4029528317107,-0.1313334165221,0.8300240611260,0.6586795454734,-0.5336740268259,0.1743055848853,0.0795351047362,0.7962253840982,0.7300497987207,0.7418609578421,-0.0632269254580,0.5737948121177,0.3236406905719,0.3610865892376,-0.5083879654503,0.1183734924500,0.6532442706077,-0.1025840418554,-0.3888552040834,0.6319357562807,0.4777246697167
0.6950656523147,0.7508024421769,0.7503745934446,0.8953126030427,-0.0749143094711,-0.6138286793800,0.4162458320753,-0.6080459243885,-0.2120219231800,0.6169218052619,-0.1388022972552,-0.3994579917187,0.6155720209979,-0.4462477684765,-0.3475476213036,-0.0468159388948,0.7001928526086,1.0000000000000,-0.4427781146186,0.7176582376421,0.4101366272830,0.7187753674294,0.7886785125855,0.8624691217431,-0.1901846151783,0.6087288405806,0.8641715329567,0.5942076061892,-0.5449492259870,0.4249756669965,0.1846017199811,-0.0979169540151,-0.4239231171677,0.4717738130624,0.8762673591578,0.5531930200224,0.8223020071244,0.5411154441551,0.8828995818783,-0.3738381904134,-0.4064000271044,0.0248312135826,-0.4060021312063,-0.6590700928539,0.6173035576582,-0.3959130801146,-0.4727519830803,0.4009960623232,-0.5292322194175,-0.6020343784162,-0.1451709897815,0.8243131534169,0.8773882417079,-0.5863380452936,0.2256444351455,-0.0092595858444,0.8553365050935,0.8528826292978,0.8468796356439,-0.0716303367541,0.7299945733272,0.5579496635436,0.6209573614171,-0.5777240299923,0.0352922588633,0.7725258710618,-0.2884394336487,-0.5247540088265,0.7748851483785,0.5769934127195
-0.2175168779269,-0.4224998682864,-0.2896213158439,-0.5223810825372,0.0605142383978,0.5240990881269,0.0397149456251,0.3362351930379,0.4794722440727,-0.4764948259064,0.3122717262254,0.8727289362712,-0.2521588841274,0.7881944573936,0.5707586373390,0.4312713174347,-0.5297258225709,-0.4427781146186,1.0000000000000,0.0930561889278,-0.0676532145535,-0.5560937573773,-0.4833215478663,-0.5159338800139,-0.1057685798608,-0.1407123994286,-0.2185177038064,-0.1933669976539,0.1409461858840,-0.0445259934610,-0.1576040125096,-0.2409672536346,0.3017951580740,-0.1632026435312,-0.3573623744278,-0.5559168570408,-0.4796650850912,-0.1423275967685,-0.5561841138982,0.1322334537403,-0.0525323329479,-0.1202616388517,0.1076043191786,0.4114856703689,-0.4358017906593,0.2164918156913,0.7255567983883,-0.2285285228564,0.7351536294815,0.3776466399107,0.4015521086143,-0.4836826619660,-0.4187309803692,0.7935146327540,0.0765374337031,0.0716624719471,-0.5276209417389,-0.5601191199324,-0.4557149973524,-0.1609400867353,-0.3311607389402,-0.0502714587834,-0.1753079591514,0.2829556506180,-0.1791401402174,-0.4767749950724,-0.1756183333035,0.2750166979736,-0.4461142697951,-0.2280840671790
0.5477633676846,0.3768218963294,0.5526742857687,0.5743655752122,-0.0287852819588,-0.3442726220025,0.4733176339077,-0.4412210376403,0.1274147184128,0.3521282735624,0.1320233398747,0.0439213353067,0.4957411082116,-0.0505620694170,0.0257338509299,0.2163426560744,0.3436896683065,0.7176582376421,0.0930561889278,1.0000000000000,0.3855344746613,0.3012704385785,0.4766762702873,0.5357808295640,-0.2952718679256,0.5706082003438,0.7898810674834,0.4909177690570,-0.4771387031573,0.4404931828536,0.0111164813446,-0.2161209117622,-0.2665790406791,0.4405123884590,0.7130936248377,0.1695087053329,0.4547217324741,0.5400428583346,0.5336651163064,-0.3307604610475,-0.4904555664472,-0.0598536643690,-0.3147312278376,-0.4255844861168,0.3603444525086,-0.2692360557714,-0.2244536471674,0.2268894603770,-0.2511380387783,-0.4305518013919,0.1125401211456,0.5439239207769,0.6077143743639,-0.2537833917001,0.2530667838303,-0.0063887134648,0.5848871014456,0.5283880906983,0.6261110280392,-0.2175144104110,0.5061008630804,0.5055217943411,0.5852087812607,-0.4459035299370,-0.1203013404717,0.5688712826866,-0.3925146647966,-0.4347229555320,0.5752993625052,0.4170623686009
0.7232118911750,0.2024746440391,0.4011166110176,0.3789699722618,0.3535879692320,-0.3450907691721,0.4024561854365,-0.1048789279479,-0.0836592499798,0.6018265412851,0.5255301788827,-0.0506008111976,0.7283084601028,-0.1688996794327,-0.0116709373402,0.1577366502459,0.3421652856938,0.4101366272830,-0.0676532145535,0.3855344746613,1.0000000000000,0.2658530117370,0.4178633409293,0.3944329429733,-0.0077922607740,0.0966254481696,0.3596635843435,0.2046241579481,-0.1861739248929,0.2359846625829,0.2710701400470,-0.2352615089932,-0.3794964960204,0.3811547628432,0.4082876584805,0.3597028032008,0.3543014599058,0.2978096034540,0.3679486484842,0.0807780992893,-0.4102821737234,0.0433255620712,0.0120522130063,-0.3258111046925,0.4887164729399,0.3000807075590,-0.1083939157055,0.5763056899851,-0.1455665039474,-0.2224060936961,0.0246022061220,0.4362602491702,0.3828329808890,-0.1557771201078,0.1363422232027,0.8118989775144,0.3620839100937,0.4055686229834,0.4030212716417,0.0386697860725,0.2740746566779,0.2427687725404,0.2897169111482,-0.1736796868970,0.0438352363183,0.4078273925436,-0.2663328710627,-0.3401227264205,0.3828061379178,0.2595002008053
0.4948503439928,0.5464461964387,0.6091569854015,0.7583548582209,0.0425172931579,-0.4716471426635,0.2482640752525,-0.4971769595059,-0.3914402779403,0.5353370491145,-0.2179984256424,-0.4840474520695,0.4199669613257,-0.4879623529589,-0.3767114389332,-0.1704806267631,0.8860700422837,0.7187753674294,-0.5560937573773,0.3012704385785,0.2658530117370,1.0000000000000,0.7284202455948,0.8510279968601,0.0131894509844,0.3429952409766,0.5650392697616,0.3648126611768,-0.3324007922771,0.3465867139274,0.3779901233827,0.1468170654637,-0.3190726602129,0.3772070241908,0.6233740302812,0.6199987012433,0.6190791080143,0.2497123148092,0.7635826408091,-0.1384040434692,-0.0800458643254,0.1172196959791,-0.3025414765014,-0.4979450267967,0.5479675850599,-0.2433145881960,-0.4236715342807,0.4088153403843,-0.4321851304358,-0.3754085945451,-0.2289562503025,0.7400935792635,0.6750410221100,-0.5440821578276,0.2366630803747,0.0349297532120,0.7674446617301,0.7355842424321,0.6871211008995,0.0573042765287,0.5841646051786,0.3296823980976,0.3176838653394,-0.4583448854452,0.2466689266402,0.5982281260375,0.0069787056857,-0.2826181703298,0.6219162685623,0.5352660193206
0.5936546285916,0.5787785982474,0.6760506663114,0.8203795212507,0.0651765414833,-0.6688794727907,0.2312832771712,-0.3593116953115,-0.4094444007616,0.6795635214448,-0.2497910551838,-0.4285422177595,0.5431441882670,-0.4032012433410,-0.5227535864152,-0.1836996339067,0.6489912361282,0.7886785125855,-0.4833215478663,0.4766762702873,0.4178633409293,0.7284202455948,1.0000000000000,0.7548329121196,0.1129444266872,0.3790373586208,0.6576123415792,0.5481898969482,-0.3002876766216,0.2275061071374,0.4189119835137,0.0158010321776,-0.5109757720688,0.3822127880681,0.6689175631199,0.5846623904276,0.7477368908563,0.5132537633899,0.8413028126290,-0.1581000894253,-0.3230571406072,-0.0630229524594,-0.0919147689257,-0.6908171145362,0.6920827952495,-0.4120377185092,-0.4092782168238,0.3829224818343,-0.4297456475812,-0.6357649657260,-0.2652679122013,0.8143509637325,0.7441248806237,-0.5234419634136,0.2409435268925,0.0716177017882,0.7722398744060,0.9266976679632,0.7285337737942,0.2539831511951,0.5871069794521,0.4541201811328,0.5682844366182,-0.3081997810498,0.0497431652642,0.7834756544802,-0.1968394093274,-0.4830241063376,0.6645162479014,0.5209877930184
0.5439014246953,0.5991259786058,0.8612751394067,0.8158676491673,-0.0541957460515,-0.6346615426361,0.4201652340368,-0.7277429434440,-0.1376286734239,0.5384621909866,-0.0834252663149,-0.4621038470523,0.5838967425057,-0.5206625319548,-0.4047777260718,-0.0495759929231,0.8668210684305,0.8624691217431,-0.5159338800139,0.5357808295640,0.3944329429733,0.8510279968601,0.7548329121196,1.0000000000000,-0.3093536119072,0.3800355308591,0.7169914647263,0.5585159409964,-0.6232752696279,0.2444543848216,0.0842759145187,-0.1215830278445,-0.4914545425212,0.4338819450743,0.7351897115700,0.5062509053338,0.7672701821426,0.6167225390474,0.8416566457089,-0.3460072085226,-0.4325308853724,0.0405333256123,-0.4789319689699,-0.5683079620945,0.5266224013267,-0.3580056834040,-0.4515707496436,0.3596529990373,-0.5082294106022,-0.6184010994807,-0.1005816576486,0.9085635157134,0.8316905332441,-0.5586552449934,0.2350503318383,-0.0159012252570,0.9372698135824,0.8674423573307,0.9376929071292,-0.1997855763477,0.6580873447829,0.5161689555423,0.6183879363998,-0.6733435333498,-0.0561533294982,0.8073652785695,-0.3195811472281,-0.5927172290129,0.7396131994738,0.4827900145737
0.1037548904465,-0.1942889564535,-0.3840114969857,-0.1119195797165,0.2986893066160,0.0426410666964,-0.2902547500696,0.7254832618591,-0.4569986667719,0.2493783842093,-0.0962785663360,-0.1718443086934,-0.1505778827017,-0.0514616514046,-0.0905198641756,-0.2242548084064,-0.1195978653443,-0.1901846151783,-0.1057685798608,-0.2952718679256,-0.0077922607740,0.0131894509844,0.1129444266872,-0.3093536119072,1.0000000000000,-0.0454367481802,-0.2261269351673,-0.1463611802899,0.8295777263630,0.0591319382646,0.7202001777033,0.3153655110909,0.0629121669187,-0.0177689572682,-0.1589669109328,0.1704236464705,-0.2544676283447,-0.3961739786302,-0.1152669799653,0.4205388022146,0.3557432441189,-0.0582686344779,0.7990117190311,-0.0950959235522,0.2288592915954,0.1861601961233,-0.0942946258553,0.0993398388950,0.0035051629427,0.1119646881736,-0.3109790535692,-0.2104725435231,-0.2023412148366,-0.0929051429088,0.0265622166082,0.2042031575305,-0.2885051856870,-0.1255462936047,-0.4105446902388,0.9415209708051,-0.1208908725734,-0.3058959397072,-0.2677567089130,0.7377487823589,0.2857629451714,-0.2000883871041,0.3580887837382,0.3000376645053,-0.1657772102367,0.0898276583571
0.3503987255410,0.5012661252235,0.3065286187608,0.5773608267974,-0.0742273767305,-0.3286893682608,0.1713578795314,-0.3110147762221,-0.2281013029117,0.3270122401861,-0.1828330148597,-0.0692095109441,0.2761363074939,-0.0935189538480,-0.1387660919031,0.0002758579428,0.3386234711134,0.6087288405806,-0.1407123994286,0.5706082003438,0.0966254481696,0.3429952409766,0.3790373586208,0.3800355308591,-0.0454367481802,1.0000000000000,0.6710382719586,0.3632644545582,-0.2284253629174,0.3609094700416,0.1007378834332,-0.1924275082981,-0.1583173059938,0.3487242430449,0.6355774179056,0.3150316190178,0.4367178870953,0.1323692124302,0.5415212376058,-0.2369401836469,-0.1435797028948,-0.0630323557366,-0.2592129014836,-0.4766634924024,0.3502866400435,-0.2867510050280,-0.1474065185731,0.2307131919912,-0.2906990615701,-0.2762715024265,-0.0701142629276,0.3694503011247,0.5895914145894,-0.2898544904887,0.2468154777046,-0.1057353834002,0.3783401729522,0.3909102213771,0.3640069447319,0.0102288653621,0.7509208364072,0.3402522631744,0.3193040878587,-0.2989482702248,0.2200015311597,0.2752172217142,-0.2186812182574,-0.2472407838530,0.5705425242504,0.6515619168341
0.5909725475289,0.7164231399391,0.7152482908616,0.7388468058586,-0.0408402334564,-0.5377766497107,0.4224288183886,-0.4855055077270,-0.1094001375416,0.4568842387540,-0.0472349016179,-0.2425667426934,0.5498989140339,-0.3003665524289,-0.2241138269166,0.0827784628468,0.5613056852515,0.8641715329567,-0.2185177038064,0.7898810674834,0.3596635843435,0.5650392697616,0.6576123415792,0.7169914647263,-0.2261269351673,0.6710382719586,1.0000000000000,0.7479481032877,-0.4529270534145,0.3865569259309,0.1693397317720,-0.1771730759578,-0.3897560398211,0.4395920000059,0.7482156220104,0.3242633697062,0.7442718630534,0.5868541398054,0.7204905716876,-0.3277989242289,-0.4492241021211,-0.0294745987184,-0.3324493061540,-0.6068226070958,0.4719327971004,-0.3551106924234,-0.3918739957748,0.3354571248046,-0.4228677939040,-0.5602496014591,-0.0360189998306,0.6981245622691,0.7494646491725,-0.4707690531980,0.2773280932229,-0.0399450426064,0.7293027461800,0.6957117253784,0.7472083445961,-0.1574276719809,0.7176613713820,0.6374370479034,0.7285454871399,-0.4498900038211,-0.0017370102379,0.6732707584562,-0.3529641828883,-0.4918017015232,0.6763106045318,0.5261400231409
0.3406467965983,0.5523433317616,0.7677811542390,0.4473081641880,0.0851295260468,-0.5890475616288,0.2406926335276,-0.2719859944015,-0.0834177399310,0.2894461763581,-0.1023345186618,-0.2588625444661,0.3423382718755,-0.2719016474558,-0.3936730491189,-0.0059207270870,0.3586724637132,0.5942076061892,-0.1933669976539,0.4909177690570,0.2046241579481,0.3648126611768,0.5481898969482,0.5585159409964,-0.1463611802899,0.3632644545582,0.7479481032877,1.0000000000000,-0.2899323544163,0.0159335999141,0.1002375287957,-0.2030348475013,-0.4817381384620,0.2651710801605,0.4047225351936,0.1241169189190,0.6314796306921,0.7617419734124,0.4900919437979,-0.1243572088052,-0.5141570978155,-0.2231931710603,-0.0887667754868,-0.6104132393804,0.2897601179443,-0.4540223917518,-0.3562092471395,0.0987803620266,-0.3208771033478,-0.7084057922151,-0.1053184837914,0.6164530840531,0.5373541863358,-0.3995931603811,0.1758502571618,-0.1794457007379,0.5885769864522,0.5779857148553,0.6421402715017,-0.0836266681566,0.4788376188757,0.5257672403318,0.9156274817056,-0.2249195987554,-0.2860344983488,0.5949363477319,-0.3893233155560,-0.5597673084505,0.4273786520631,0.2164726761058
-0.2386608720519,-0.3941505758679,-0.6502607604705,-0.5217061496375,0.1666978703358,0.3342556189208,-0.4307406621281,0.8931434432114,-0.2303340095312,-0.1924164088999,0.0811694741888,0.0054492146644,-0.4114129540043,0.0920485953347,0.2211338016276,-0.0731646762794,-0.3860245390334,-0.5449492259870,0.1409461858840,-0.4771387031573,-0.1861739248929,-0.3324007922771,-0.3002876766216,-0.6232752696279,0.8295777263630,-0.2284253629174,-0.4529270534145,-0.2899323544163,1.0000000000000,-0.0732049103443,0.5492003311382,0.2643495246001,0.2568075400953,-0.0944234471491,-0.4781591406708,-0.2290083251961,-0.5399007547993,-0.5538253611823,-0.5452308122315,0.4419913876703,0.4028459830337,-0.1150431125372,0.8448565891193,0.1813339610102,-0.1770507335627,0.4040767512320,0.0603344902475,-0.0919561684806,0.1498357014010,0.3723358431633,-0.1481562264081,-0.5505117509355,-0.5792319429895,0.1174976415343,-0.0796244699862,0.1980948829768,-0.6498602574600,-0.5404761430870,-0.7226742508276,0.7022192962239,-0.3809176537265,-0.4454094170935,-0.4385646160529,0.9227076814479,0.1926064281213,-0.5189431350221,0.4209751706251,0.4511194663369,-0.4394498428256,-0.1640742166721
0.4956700635426,0.2914427381628,0.0623232999883,0.3880977376999,0.0526365569060,0.0479679057019,0.4156089164618,-0.0942567065431,-0.0010587090032,0.3544797211580,0.1106124506917,-0.0083749518695,0.3578959807919,-0.0721981960237,0.3640467585425,0.2054459737502,0.2824602250038,0.4249756669965,-0.0445259934610,0.4404931828536,0.2359846625829,0.3465867139274,0.2275061071374,0.2444543848216,0.0591319382646,0.3609094700416,0.3865569259309,0.0159335999141,-0.0732049103443,1.0000000000000,0.3232948819858,0.2315278229643,0.1544022409488,0.5891229719318,0.6037014649551,0.2554618170025,0.1601072009351,-0.0930790516200,0.3047460756920,-0.0784883333737,0.1230427428544,0.2999620375404,-0.1033353914860,-0.1900551199201,0.3685696239288,0.0965118610339,-0.2701766077718,0.4127662667382,-0.2030521116509,-0.0109351909685,0.1127492013442,0.1536830247618,0.1928359762797,-0.3455112981441,-0.0789705573019,0.1352802818689,0.1961238672503,0.1920354832084,0.1364583650698,0.0208699286629,0.2330479321547,0.0423911541597,-0.0158431837907,-0.1627176928174,0.2667614654998,0.1490449829229,0.1751109367180,0.0966446634999,0.3045944876049,0.3038469596819
0.4116793327058,0.1460707935023,-0.0149710066526,0.1991040488315,0.2693964028693,-0.0970954302362,-0.1186903272042,0.5266104924773,-0.4664284276575,0.3798354392995,-0.0017429795980,-0.2085528051112,0.0886730199080,-0.1826708662170,-0.0361276571492,-0.1493476889716,0.2517449923581,0.1846017199811,-0.1576040125096,0.0111164813446,0.2710701400470,0.3779901233827,0.4189119835137,0.0842759145187,0.7202001777033,0.1007378834332,0.1693397317720,0.1002375287957,0.5492003311382,0.3232948819858,1.0000000000000,0.2970554149850,-0.0257419004310,0.3063335347563,0.1661087467243,0.2584731763375,0.1031937534366,-0.1743261658015,0.1794960783366,0.2991065913075,0.1557632108446,-0.0752756945087,0.5708480848002,-0.2887661420290,0.3373198642819,0.1428991678216,-0.1941309248798,0.2613642791159,-0.1069888745272,-0.0394764601026,-0.3036544114251,0.1044697552212,0.0556533718476,-0.2371245804778,0.1295349295167,0.3517909501050,0.0189491001209,0.1646587682682,-0.0818417541738,0.6780963266615,0.1440640598268,-0.0166399511016,-0.0316935653221,0.4709805117683,0.3331738355458,0.1099164534711,0.2869667121540,0.1225316029620,0.1112001200348,0.2594288001736
-0.0879468911903,0.0114687884133,-0.3026242985491,0.0295658234004,0.0618843900858,0.1030868799585,-0.0546878189953,0.1959331992105,-0.3015986272459,0.0677781742503,-0.2332247933536,-0.2445842653928,-0.1130294869338,0.0044393332855,-0.0479073664587,-0.1892149660655,0.0101265290030,-0.0979169540151,-0.2409672536346,-0.2161209117622,-0.2352615089932,0.1468170654637,0.0158010321776,-0.1215830278445,0.3153655110909,-0.1924275082981,-0.1771730759578,-0.2030348475013,0.2643495246001,0.2315278229643,0.2970554149850,1.0000000000000,0.1473775472474,-0.0696406197666,-0.1132477778229,0.1790910820511,-0.2025545303044,-0.4219273089768,-0.0552754281647,0.0989479098051,0.4210202170207,0.2305044922806,0.1392968193633,0.0548504769189,0.0195078858025,0.0510252077811,-0.3047631711351,0.0958777486447,0.0185962733074,0.1622221953098,-0.2197310720516,-0.1947322980027,-0.1843621697163,-0.2949957798737,-0.1033258711538,-0.1401438177310,-0.1442299669553,-0.0784592318406,-0.2332144095015,0.2327589441381,-0.2390798527881,-0.3416561694381,-0.3505359090217,0.1170854337588,0.3434439426597,-0.1542562127471,0.8675257957256,0.3321087036347,-0.1274654977135,-0.0490870409959
-0.2907457865009,-0.2161913721210,-0.5300996260763,-0.3726560611287,-0.0431696043451,0.8062623434695,-0.1443491986569,0.3202706921523,0.3083963812166,-0.4294261185779,0.0791961867927,0.3265675948127,-0.4978349271639,0.2417252528365,0.4942317800244,0.1529690142622,-0.3526480055155,-0.4239231171677,0.3017951580740,-0.2665790406791,-0.3794964960204,-0.3190726602129,-0.5109757720688,-0.4914545425212,0.0629121669187,-0.1583173059938,-0.3897560398211,-0.4817381384620,0.2568075400953,0.1544022409488,-0.0257419004310,0.1473775472474,1.0000000000000,-0.0525606637527,-0.3231309042103,-0.3489261525035,-0.4683100918911,-0.5361503672721,-0.4584033517743,0.2023251006099,0.6455928704145,0.2885419387817,0.0712167658157,0.6058961191513,-0.2876008353174,0.2827986762662,0.2769018894478,-0.1989116009521,0.2736952674693,0.6059839175341,0.1828637297188,-0.5585390678679,-0.4729987942714,0.3313788240374,-0.1355304947405,-0.0543698671367,-0.5446786701046,-0.5777788770307,-0.5632629242069,-0.0071509374349,-0.3771987248619,-0.3471589255669,-0.5632231463386,0.2554648687452,0.1924006578761,-0.6049812400385,0.3363157308616,0.7403247182172,-0.3736865651651,-0.2052595904860
0.3929806765485,0.2895951890917,0.3196623933211,0.3929173702283,-0.0063909570345,-0.1574606306607,0.3461471096642,-0.1398046312165,0.0823915858441,0.3111265085124,0.1908890493183,-0.1507983945990,0.4205448758240,-0.2712519362294,0.1912981878250,0.3051244533050,0.3959083524143,0.4717738130624,-0.1632026435312,0.4405123884590,0.3811547628432,0.3772070241908,0.3822127880681,0.4338819450743,-0.0177689572682,0.3487242430449,0.4395920000059,0.2651710801605,-0.0944234471491,0.5891229719318,0.3063335347563,-0.0696406197666,-0.0525606637527,1.0000000000000,0.5944754818910,0.1315594428415,0.2741833370251,0.1965045782993,0.3375481645581,-0.0962388012109,-0.1242681891034,0.0900211106182,-0.0189964707032,-0.2707685853802,0.4187841061585,0.0409789864746,-0.3153668683318,0.3941462656087,-0.3673643428822,-0.2574557983204,0.1301435324438,0.3679487725171,0.2849666666141,-0.3940949276063,-0.0054806168964,0.2394402029083,0.3376980487841,0.3342640456442,0.3373961035940,-0.0068551551006,0.3234041672322,0.1303678268716,0.2732905781129,-0.1396651714806,0.0104931464813,0.3234778590096,-0.1031497999598,-0.2229638141358,0.5943955638878,0.3134088338107
