1.0000000000000,0.2068517708683,0.3728862717835,0.3698788033344,0.4408459057532,0.1822372231333,0.1123086901612,0.4769949602333,0.2065382147316,0.1565885840191,0.3798304781323,0.4037379595406,0.2150346557311,0.4995683412486,0.6256495381885,0.2738829160485,-0.1854872990188,0.4146551181898,0.2250842227712,0.5426808844591,0.4395185399222,0.1861226801716,0.1607063281574,0.1718792203885,0.1969479646701,0.4928715416512,0.3936171275306,0.3495506946841,0.2102619238996,0.5585733925318,0.3606055865972,0.0160081639324,0.0973200988236,0.5030361123560,0.3845585124148,0.4289116909300,0.0695612380922,0.1611424756689,0.2676377360053,0.3290111530928,-0.0419290561164,-0.1468949332408,-0.0406136187240,-0.0037392052711,0.1936024218079,0.1562855934628,0.1501816455933,0.1756916150229,0.3806693174834,0.2029856394827,-0.0336509304319,-0.0898005202068,0.0863458018430,0.4607910271938,0.3982158454438,0.4692815909210,-0.1091944309202,-0.0234405135603,0.0217456192020,0.1252645299518,0.3520747661953,0.2623920933463,0.4015857734841,0.0543569107489,0.1964738007323,-0.2500761905789,0.1511307922924,0.2341666959927,0.2243722067980,0.3556132917138
0.2068517708683,1.0000000000000,0.6620404681450,0.7533027724613,0.2147082727248,0.0972405498539,-0.2319630915305,0.5240418271710,-0.1251359989621,0.1425924481220,-0.0292495785552,0.0742458268705,-0.2161610933437,0.2672073432081,0.1108212973147,0.0310268168723,0.4003883859361,0.4703615465591,-0.1079544523782,0.3054177898051,0.0946076150134,0.6453300137194,0.7079727149383,0.6640219654296,0.4575356669976,0.6600073743903,0.5507362842136,0.6363353809238,0.4918370549730,0.2925274910111,0.6393621273369,-0.1527653636146,-0.0087302562923,0.3285873281054,0.5081842335025,-0.2213831409130,0.7871006452618,0.5711353707121,0.6267098071037,0.3168427098942,-0.0030521636529,-0.4802250850866,0.2080349347369,-0.2298424451537,0.0917816093380,-0.2242050738614,-0.1239549065219,-0.2817099134680,0.1277959135134,-0.4822929322367,-0.1681805401469,0.4718543989093,0.1111303175099,0.0532098739896,0.1508226624960,0.1149746144128,0.5695625659748,0.4940453312151,0.5847835959863,0.4195331678487,0.4899124148431,0.4590845693532,0.6194592447411,0.4403275084967,-0.1694647462191,0.0817452863256,0.1481319452298,0.0718334310742,-0.1293485425796,0.2067270477397
0.3728862717835,0.6620404681450,1.0000000000000,0.7086273331834,0.3376161244281,0.1670686556784,0.0781078591472,0.8375970748583,0.1030075020215,0.2415434788360,0.3706777634029,0.1776682618946,0.1196393620433,0.5308388550105,0.3781002429937,0.2168317970622,0.3056375567093,0.6079208138156,-0.0118810842475,0.4864569058170,0.3015526013069,0.7389490481129,0.5647696956354,0.8053137489533,0.6238252013389,0.7763092393010,0.8223114080899,0.9230473882552,0.6417612574428,0.4077212545493,0.7334739014699,-0.1331133894335,0.0070331438270,0.4398968100345,0.5168275398259,-0.3242336526454,0.4081970227848,0.7942236244753,0.5856634962431,0.3896596340150,0.0625279859160,-0.2778531533890,0.2891862480008,0.0069028893781,0.2407340247926,0.1430585152785,-0.0728487811678,0.0107678832566,0.4119288587209,-0.3154504865104,-0.0309364607669,0.4064939812504,0.0055939306880,0.3500913576651,0.2097326373375,0.1508818862704,0.4606530085375,0.1492807208742,0.5250540608484,0.4098701960558,0.3161037610604,0.6213516466614,0.9080539011391,0.4961641328682,-0.4024860744437,-0.2630648796531,0.4856242291778,0.2822953896835,-0.1604318400439,0.0978903570416
0.3698788033344,0.7533027724613,0.7086273331834,1.0000000000000,0.3502481563254,0.0598942529343,-0.1341948086745,0.6028552244783,-0.0639183593290,0.2271725560879,0.1293381483894,0.1128584158213,-0.0807591490390,0.3445714431202,0.1701127237140,0.0766390812796,0.4130466424405,0.5322005181993,-0.1774798553197,0.4194378479265,0.2682043564458,0.7310664410702,0.7817235266334,0.7557794756993,0.5672363471924,0.7082981075582,0.6978926559567,0.6973544542440,0.6686279238118,0.3932311560937,0.7670311858091,-0.2378666418370,-0.0321602490892,0.4460439413084,0.6533810358257,-0.0348557712269,0.6817926719267,0.6121934408150,0.8109052491041,0.4162297071919,-0.0285977079462,-0.4189637891889,0.2677510695882,-0.1643105618818,0.2276168602247,-0.0843798323457,-0.1459714523076,-0.1347507854552,0.1855630949087,-0.4571788563843,-0.1663901892752,0.5201431266102,0.2781285469428,0.0943208271223,0.2517336884914,0.2438082939663,0.5623600171925,0.5650529870390,0.6615930394102,0.5611562695524,0.5136285937019,0.6089576025560,0.7016195114942,0.5503291173647,-0.1694287537386,0.1420698346376,0.2891632687137,0.1926769412411,-0.1198854601829,0.3801033504869
0.4408459057532,0.2147082727248,0.3376161244281,0.3502481563254,1.0000000000000,-0.1124030540652,-0.0730771181670,0.5959039148866,-0.1206227407622,0.5225770367280,0.3260367512918,-0.0421013544011,0.4193638122210,0.3658641929300,0.2106541277787,-0.0112381591907,-0.0832789171271,0.5056435362123,0.0360022370612,0.5794981196405,0.7725009377616,0.2028316379760,0.1618514246852,0.1926077264060,0.5813929322056,0.3946718652838,0.3664747718009,0.2605194863039,0.3507665158793,0.2395626636540,0.2991962121843,0.2419880674073,-0.1489978184921,0.5074548163342,0.2690247092820,0.2311012781289,0.1862234377868,0.1959408096169,0.2306633885164,0.8930036822942,-0.2501402511289,-0.1450197962305,0.4531884928215,-0.1691697748644,0.5029357516388,0.3361584965420,-0.2031663495115,0.4916496136218,0.3263425809962,0.0354171994421,-0.0851913429761,-0.0776465257617,0.2645143895189,0.2833562366270,0.4660122843287,0.6770997039929,0.0396541342640,0.0493129221061,0.0888089188894,0.4591192112640,0.3069208579189,0.3936642786050,0.3347310264575,0.1903345923114,0.0139683494213,-0.0248691823968,0.3240269334129,-0.0418472193666,0.1198591528097,0.1979678200110
0.1822372231333,0.0972405498539,0.1670686556784,0.0598942529343,-0.1124030540652,1.0000000000000,0.4692657158218,0.1302507343311,0.6429018764456,-0.2120831589180,0.3890198365456,0.5080108216079,0.0563927519405,0.3215491848376,0.6430910882226,0.6927025828887,-0.0595380101590,-0.0035522106606,0.2677988479792,0.0108083109440,-0.0588919899702,0.1199823365161,-0.0583451110731,0.0821629452922,-0.1611881962685,0.2234626651625,0.2004148126232,0.2172063955770,-0.0154385291989,0.5625532766230,0.2099725153789,-0.2495066469157,0.4060636898819,0.1692250841738,0.3089199977044,-0.1917928467618,-0.0504231770741,0.1250473352094,0.0428482861170,-0.1269256361959,0.8026017054349,0.1790536758981,-0.3304824193058,0.5628233014937,-0.0745242849225,0.0788633829294,0.4001294328602,-0.0725874843695,0.2297840702068,0.2315388576630,0.5749417515954,-0.0576092946358,-0.1473370274329,0.3148402255069,-0.0695706874030,-0.0151186463938,-0.0773373888245,-0.2431322910729,-0.0560182174471,-0.2122644055242,0.0059260759607,-0.0079906586485,0.1604361757054,-0.0512298175454,0.0884037145766,-0.2527788543330,0.1098496878234,0.2347928658002,-0.0491615609823,0.1685719575689
0.1123086901612,-0.2319630915305,0.0781078591472,-0.1341948086745,-0.0730771181670,0.4692657158218,1.0000000000000,0.1071215430683,0.7886741783944,-0.2136459254802,0.7542144310950,0.4282822815617,0.6242716322115,0.2491361041214,0.5768917897718,0.5047663236341,-0.2857829928816,-0.1222080093433,0.2383663058053,-0.0322464007981,0.0808805599625,-0.0968908714170,-0.2790604858450,-0.1239325636694,-0.1995553187978,0.0594634726083,0.2554735329840,0.0794161669743,-0.0347763260551,0.3252639432929,0.0238485608186,-0.1744952832268,0.2816212447045,0.1010804560204,-0.0315423984716,-0.1339165019787,-0.2664179185030,-0.1183316807086,-0.0720198952879,-0.1723449932168,0.4397962168315,0.7850588759690,-0.3752772646064,0.6678363548793,0.0155996105936,0.6412308004435,0.3162543304945,0.4552418897416,0.2174672080490,0.3523567334671,0.4041834437239,-0.2769367983743,-0.2945451449350,0.2687951595193,-0.2258159188790,-0.0176931606943,-0.4098620730561,-0.4398712828873,-0.3330148163429,-0.3287442391304,-0.2404449086343,0.0309729233021,0.0863088461670,-0.1140380043414,-0.0922343067070,-0.3992673971049,0.2859903909497,0.2248915099228,0.0827788638062,-0.0441733422835
0.4769949602333,0.5240418271710,0.8375970748583,0.6028552244783,0.5959039148866,0.1302507343311,0.1071215430683,1.0000000000000,0.1079756221348,0.4961431401704,0.5042773780202,0.1200803215866,0.3031526395967,0.6422867954683,0.4838797507687,0.2423162892412,0.0329806813020,0.6604764826813,0.0142086518857,0.5999760471935,0.5125199850363,0.5729032066143,0.3945838945238,0.5932572948128,0.7064529388979,0.7383072947708,0.7740661765756,0.7890586006881,0.6136525285940,0.4465981610446,0.7053809135366,0.0718517479326,-0.0389096045269,0.4666804769116,0.4526519641337,-0.1985185047286,0.2773957421350,0.5888671822931,0.4797742288264,0.5862010087255,-0.0539547180912,-0.2669316686868,0.4155160012894,-0.0710886480422,0.4735696353672,0.3087332665967,-0.1494340806372,0.1682576958198,0.5291911260216,-0.1776222788608,-0.0612955683343,0.1327550960288,0.1032820991503,0.4438717379884,0.3169444657164,0.3394274951261,0.2397575152722,-0.0064890041009,0.2969782818381,0.4525877019672,0.2409913328039,0.5999003604328,0.8334052395991,0.3917483793055,-0.3014551412821,-0.3341651567535,0.5841591527764,0.2798517314644,-0.0688846537076,0.0687020699191
0.2065382147316,-0.1251359989621,0.1030075020215,-0.0639183593290,-0.1206227407622,0.6429018764456,0.7886741783944,0.1079756221348,1.0000000000000,-0.2730185230936,0.7037338881031,0.5438533784883,0.3709341576044,0.3039424112486,0.7161306294063,0.5884241779746,-0.2529651831254,-0.1103482201878,0.3508978154659,0.0248069560910,-0.0300048731536,-0.0551643440071,-0.2313913160656,-0.0775056652514,-0.2519195128245,0.1048407969259,0.2564385763541,0.1045414973295,-0.0461374285131,0.3593898150847,0.1156396935561,-0.1401950759934,0.3862708318115,0.0852366583477,0.0473302696455,-0.2207940293266,-0.1899136737286,-0.0249535152615,-0.1080838413172,-0.2125360738995,0.5385130608647,0.5347331825845,-0.4678883153544,0.6808110021302,-0.1162660277377,0.4554287801368,0.3879796175714,0.1386218636017,0.1947627430332,0.2742591738080,0.3997190297200,-0.2239850378765,-0.2175624354411,0.3001761613589,-0.1270142901543,-0.0701771684481,-0.3797328293636,-0.3903024261155,-0.2126845842184,-0.3396523090040,-0.1995479127910,0.0565611205781,0.1240376017138,-0.1385780032915,-0.1158191207688,-0.3675403013410,0.2190571060725,0.1843344739557,-0.0841669291220,-0.0447491961868
0.1565885840191,0.1425924481220,0.2415434788360,0.2271725560879,0.5225770367280,-0.2120831589180,-0.2136459254802,0.4961431401704,-0.2730185230936,1.0000000000000,0.0710350073787,-0.1773335345308,0.1581199426192,0.3577415137118,0.0206503305081,-0.0565441906895,-0.0768297787625,0.3203414832694,-0.1116973440167,0.3089270443474,0.4420872565262,0.1076288364765,0.0830144364813,0.0896255734855,0.6040504816471,0.2235790984622,0.1540640215081,0.1687322023144,0.1814747078609,-0.0081339545354,0.0898450594313,0.3061019873710,-0.2524922858972,0.0398510602631,-0.0335213236903,0.0489772830585,-0.0244554134317,0.1493738146413,0.0977629474777,0.5250755039115,-0.2840048820135,-0.2595785818717,0.4985462672037,-0.2696675174800,0.8026250106415,0.1362211572888,-0.2485368312359,0.1467995307142,0.3697210934136,0.0069095774076,-0.1836772642998,-0.0364378517296,0.0980645921304,0.0337964357204,0.1994910343634,0.3625765700552,0.0634837910355,-0.0015519934978,0.0037915762431,0.5305264640791,0.0665653728319,0.1514040383711,0.2227863661247,0.0346367958381,-0.0828022448534,-0.1337725559089,0.2922382002588,-0.0144451134222,-0.0627503036555,-0.2135616205652
0.3798304781323,-0.0292495785552,0.3706777634029,0.1293381483894,0.3260367512918,0.3890198365456,0.7542144310950,0.5042773780202,0.7037338881031,0.0710350073787,1.0000000000000,0.4729314795856,0.7477778333142,0.5324386223380,0.7391710593269,0.5300555050830,-0.3375760944592,0.2189250085473,0.3256390634481,0.3310618441425,0.4632144587297,0.0770529831941,-0.1563854050585,0.0921998607219,0.0725610570535,0.3667448361024,0.5513500201055,0.3700529005184,0.1984332257606,0.5025977071816,0.2905462511429,-0.0154646293666,0.0917654640220,0.2846471410287,0.2011046799569,-0.1002831907063,-0.1284483009873,0.0719670602561,0.1406773036935,0.2139641698549,0.2549421728450,0.4619339357683,-0.1762232747441,0.5364535146877,0.2337936004734,0.8257764326512,0.2260636456834,0.5026175284440,0.4314454048364,0.2882263126140,0.3489256729758,-0.2857185079032,-0.1135668183233,0.5159823833584,0.0594186161368,0.3186852320710,-0.3315492103393,-0.4280151871056,-0.2070236446942,-0.1345339659411,-0.0946747187548,0.2839909618940,0.3992244363594,0.0066377865643,-0.1349689684629,-0.5012907569160,0.5016491225735,0.2458709673189,0.0040216229183,0.0079106952713
0.4037379595406,0.0742458268705,0.1776682618946,0.1128584158213,-0.0421013544011,0.5080108216079,0.4282822815617,0.1200803215866,0.5438533784883,-0.1773335345308,0.4729314795856,1.0000000000000,0.1895645134752,0.6297191446871,0.6499084362582,0.5963763703003,-0.2535165287382,-0.0316765736145,0.7045480150322,0.2550120535407,0.1230142339805,-0.0413179599116,-0.1556730661597,0.0113041133923,-0.2967378155732,0.3324178058662,0.2360369733556,0.2459285567332,-0.0930832334174,0.5906711006356,0.1121763918174,-0.0260591290579,0.1573723235773,0.2585924286588,0.2821291633306,0.0150208923214,-0.1005352645493,0.0426254869717,0.1053958211220,-0.1353836064369,0.3620748782059,0.1281811150619,-0.5397832301258,0.4346945300292,-0.1147389760791,0.1748771244064,0.8072398875057,0.0353912687582,0.5013547840074,0.2095660829112,0.3075946545694,-0.2160319660414,-0.2642995099372,0.5522510517688,0.0518187327196,0.1959578714398,-0.3086906290789,-0.3309541924840,-0.1466309730064,-0.3517082788936,0.1622646381964,0.0059825774663,0.2122900390372,-0.2237968274513,0.1916325993243,-0.4280060515100,0.0547600190638,0.1083862512519,0.0950076716072,0.3199990677312
0.2150346557311,-0.2161610933437,0.1196393620433,-0.0807591490390,0.4193638122210,0.0563927519405,0.6242716322115,0.3031526395967,0.3709341576044,0.1581199426192,0.7477778333142,0.1895645134752,1.0000000000000,0.3368098897163,0.4010705041237,0.3600440853419,-0.4204713027098,0.1266506841025,0.1645724091303,0.2762704586206,0.5970790372406,-0.1495026485535,-0.2944538455283,-0.1447118864178,0.0498719614927,0.1534845012264,0.2810374086393,0.0896074417019,0.0193536871964,0.2779788813406,-0.0026931157616,0.1393613279148,0.0242243904696,0.1961930430179,0.0371238835722,0.0714604615338,-0.2380336778021,-0.1539366460597,-0.0359353930817,0.2581524960922,-0.0049553772260,0.5537573298408,-0.0701236257359,0.3064895069977,0.2954423911003,0.7776451833063,0.0370160093530,0.8424003343505,0.3121808567525,0.3431237459493,0.3030021745301,-0.3831507389419,-0.0619053785689,0.3430491708274,0.0710307195330,0.4472863829488,-0.4233677695909,-0.4261962387171,-0.3660887844479,-0.1338959401311,-0.1258374481408,0.1152473375135,0.1391284718322,-0.1408805052694,0.0412451000182,-0.4320494070542,0.4514318122166,0.2363853741153,0.2071741071153,0.0068222972163
0.4995683412486,0.2672073432081,0.5308388550105,0.3445714431202,0.3658641929300,0.3215491848376,0.2491361041214,0.6422867954683,0.3039424112486,0.3577415137118,0.5324386223380,0.6297191446871,0.3368098897163,1.0000000000000,0.6328670336254,0.5041430281838,-0.1489454322839,0.2882789787130,0.4612894886286,0.5243867670849,0.3682379643586,0.2255695826615,0.0489879294242,0.2403564569930,0.2568115423035,0.6697620909727,0.4510588819261,0.5527029452234,0.1726665605552,0.5700204958687,0.3092835142674,0.2126722400379,0.0157430475449,0.4267822910084,0.3621732437159,-0.0256831209971,-0.0494000393679,0.3203459426295,0.2122617914312,0.2617369144177,0.1208976576119,-0.1266162283486,-0.0512505622862,0.1562805916580,0.3059692114561,0.2645882976308,0.3618568810830,0.1638444909131,0.8575164969421,0.0773640489175,0.1267815065763,-0.0795617557671,-0.1761334244137,0.5479715507282,0.2020172986080,0.3087572192035,-0.1063156119173,-0.2703106102597,-0.0051333948333,0.0563016245874,0.2744936722981,0.2076233328896,0.5847741260095,-0.0371863298584,-0.0081280173242,-0.5362898832469,0.5305402188181,0.2911606412068,0.0470178025198,0.1804991209268
0.6256495381885,0.1108212973147,0.3781002429937,0.1701127237140,0.2106541277787,0.6430910882226,0.5768917897718,0.4838797507687,0.7161306294063,0.0206503305081,0.7391710593269,0.6499084362582,0.4010705041237,0.6328670336254,1.0000000000000,0.7112166501418,-0.3610597757008,0.2241939718751,0.4522767791149,0.3469542287762,0.2932616948635,0.0784358758034,-0.0909038624735,0.0791688555772,-0.0295629335681,0.4510148577521,0.4547650630941,0.3969057023365,0.0536520999827,0.7188750909371,0.3301174062367,0.0090198958882,0.3064892646507,0.3588105051883,0.3179117618740,-0.0012172880982,-0.0789533634649,0.1614162380149,0.1348593823975,0.0945936628135,0.4059115944963,0.1550910494150,-0.2916922338600,0.4258982466577,0.1737672436018,0.3887783133297,0.3941176065390,0.1885365238811,0.4991006526592,0.4039608132048,0.4025805545962,-0.2952913054956,-0.0956948768240,0.6577218900597,0.1922541333844,0.2462881994211,-0.3319997091795,-0.3806071789541,-0.1498646369491,-0.1626300189033,0.0876648701335,0.2152427700693,0.4273581366223,-0.1250431728506,0.1078639133419,-0.5149382868844,0.3548244184475,0.3345016761744,0.0927236613085,0.1749478740918
0.2738829160485,0.0310268168723,0.2168317970622,0.0766390812796,-0.0112381591907,0.6927025828887,0.5047663236341,0.2423162892412,0.5884241779746,-0.0565441906895,0.5300555050830,0.5963763703003,0.3600440853419,0.5041430281838,0.7112166501418,1.0000000000000,-0.2838194860731,0.0437015368760,0.3676675707647,0.1658881689859,0.1159795646965,0.0215769058957,-0.1115275743428,0.0371372941742,-0.1744357822206,0.3252806756472,0.2559510489180,0.2945627035892,-0.0597167663447,0.6787875850907,0.1880716288757,-0.0514707672304,0.4196781607748,0.2984235718350,0.3658765789993,-0.1292401616357,-0.1349843029008,0.1161024185719,0.0710801239963,-0.0923663120067,0.5810083354204,0.1334568187116,-0.3749490967713,0.4332519464843,0.1129827987998,0.1750731442333,0.4067879077008,0.1548693968700,0.3762023692123,0.2507772562511,0.6803021834883,-0.2137278508879,-0.0644882070076,0.4350765590230,0.0936097846554,0.1347518109765,-0.2787865963045,-0.3333152571659,-0.1210485653320,-0.2393119003936,0.0292409152629,0.0286565646258,0.2725733152246,-0.2127094403942,0.1467733766600,-0.4529941781118,0.3069374707263,0.4276960338481,0.1507021618742,0.2895972484629
-0.1854872990188,0.4003883859361,0.3056375567093,0.4130466424405,-0.0832789171271,-0.0595380101590,-0.2857829928816,0.0329806813020,-0.2529651831254,-0.0768297787625,-0.3375760944592,-0.2535165287382,-0.4204713027098,-0.1489454322839,-0.3610597757008,-0.2838194860731,1.0000000000000,0.1255493017433,-0.3917448152480,-0.0925521477742,-0.2283428639560,0.7275723605815,0.6305289832000,0.6456471940445,0.4141328344167,0.1567740357661,0.1919139227248,0.2147926811210,0.5655142497983,-0.1036804412964,0.3495686759252,-0.3476043931229,-0.1119223122438,0.0728632154245,0.2002420448236,-0.1299779852451,0.4706480189249,0.4051734373190,0.3088209631331,0.0287178735795,0.0563922505259,-0.2541599957725,0.2573193867986,-0.1724989198627,-0.1447771391839,-0.3683514219958,-0.2988047308198,-0.3209726484884,-0.1841102497999,-0.5442766638133,-0.1881525699842,0.9294080091995,0.0716513667527,-0.4026230513526,-0.1774917649517,-0.2174982340053,0.7940669748609,0.6106265977410,0.6482428674670,0.4723539308973,0.2046049124709,0.2010063540052,0.1787219586404,0.7145172731930,-0.2282698259540,0.4945764304185,-0.0647575549666,-0.0263045665055,-0.2099766185563,0.0737402220126
0.4146551181898,0.4703615465591,0.6079208138156,0.5322005181993,0.5056435362123,-0.0035522106606,-0.1222080093433,0.6604764826813,-0.1103482201878,0.3203414832694,0.2189250085473,-0.0316765736145,0.1266506841025,0.2882789787130,0.2241939718751,0.0437015368760,0.1255493017433,1.0000000000000,-0.0832971932158,0.7680419025930,0.4663291882939,0.5198902540361,0.3884109229910,0.6313075761737,0.5038556546287,0.6045654546216,0.6892283720074,0.6286304468915,0.5445468426743,0.3128982131202,0.6602625241132,0.1034968507100,-0.0083291054751,0.4578813003514,0.5950308629806,-0.1695558209647,0.3489803974691,0.4050450799919,0.4825633651005,0.5476612476014,-0.1105960069549,-0.3335062601792,0.2612168814890,-0.1739568700604,0.2413569803294,0.1207727783347,-0.2312716778957,0.1382645975780,0.1494837721179,-0.2847053975321,-0.0946277819197,0.1886942711914,0.5543706887701,0.3121405143495,0.5665938982045,0.2990015705222,0.3721801929808,0.1662705787939,0.4491890590751,0.3098143178826,0.2740381820886,0.5564705559845,0.6140432350523,0.3957752067007,-0.2169989142551,-0.0222068236726,0.3211970721952,0.2250509110172,0.0215772545006,0.2616075415718
0.2250842227712,-0.1079544523782,-0.0118810842475,-0.1774798553197,0.0360022370612,0.2677988479792,0.2383663058053,0.0142086518857,0.3508978154659,-0.1116973440167,0.3256390634481,0.7045480150322,0.1645724091303,0.4612894886286,0.4522767791149,0.3676675707647,-0.3917448152480,-0.0832971932158,1.0000000000000,0.2368950628481,0.0763143248277,-0.3127579344166,-0.3382238857280,-0.2023544446195,-0.3490441322214,0.0579049319022,-0.0365720036693,0.0319838315278,-0.3282379671592,0.2839191093821,-0.1733814670458,0.3461327373283,0.0791413121694,0.0952399499238,-0.0030698429533,-0.0364153741498,-0.2471931033364,-0.0779481135207,-0.1558371698496,-0.0596178295443,0.1175608233581,0.0839862040091,-0.4234002652494,0.2426959037320,-0.1456668590989,0.2036464431903,0.6908303900634,0.0744658679524,0.4216683618482,0.2941217734462,0.1539899631244,-0.3878321453327,-0.3215157191391,0.5575593323506,0.0619647463045,0.1215817658458,-0.4521724366139,-0.4173174962967,-0.3106917040086,-0.4110475106081,-0.0199688550723,-0.1571184051079,0.0232605296741,-0.4136803022720,0.1376535575954,-0.4573531690348,-0.0975000574935,-0.1464658976522,0.0716293022767,0.1080781591301
0.5426808844591,0.3054177898051,0.4864569058170,0.4194378479265,0.5794981196405,0.0108083109440,-0.0322464007981,0.5999760471935,0.0248069560910,0.3089270443474,0.3310618441425,0.2550120535407,0.2762704586206,0.5243867670849,0.3469542287762,0.1658881689859,-0.0925521477742,0.7680419025930,0.2368950628481,1.0000000000000,0.5685798950107,0.2721449915918,0.1541861200435,0.3859465214888,0.3351510225466,0.5838382081561,0.5491311835591,0.5020761321542,0.3722770808613,0.3908996014481,0.4460111827518,0.2198043939784,-0.0113688188127,0.5223410560014,0.5569649633226,0.0172976047710,0.1039116495318,0.2425789045721,0.3362705037878,0.4827666129800,-0.1419179183594,-0.2325274621015,0.0809976622833,-0.0800313387501,0.1895645392311,0.2016560920243,0.0576955399446,0.2620173400547,0.3506175267075,-0.1303709600342,-0.0884763609970,-0.0071309952149,0.3897303370331,0.4968532086719,0.6635708060919,0.4639971777658,0.0854695464083,-0.0228477029051,0.2057439464941,0.1349639009442,0.2659450120572,0.3816328828340,0.4892640565615,0.1573350394479,-0.0738672924089,-0.2277906022630,0.3012278335851,0.1756549656977,0.1295277203265,0.3606686936405
0.4395185399222,0.0946076150134,0.3015526013069,0.2682043564458,0.7725009377616,-0.0588919899702,0.0808805599625,0.5125199850363,-0.0300048731536,0.4420872565262,0.4632144587297,0.1230142339805,0.5970790372406,0.3682379643586,0.2932616948635,0.1159795646965,-0.2283428639560,0.4663291882939,0.0763143248277,0.5685798950107,1.0000000000000,0.0909957811793,-0.0146202250299,0.1337698757998,0.3682611844999,0.3231656571369,0.3659882642147,0.2547963025102,0.2605784310216,0.3498668213272,0.2526546157487,0.1477105894410,-0.1862476039611,0.3359758732552,0.2897981862022,0.2184266446347,0.0398211846878,0.0676271535243,0.2097540207261,0.6429974368666,-0.1879472504942,0.0218365175877,0.2181781930826,0.0016740242849,0.4440067073270,0.4589890769777,0.0061251768365,0.6098188418220,0.3300347672438,0.1495949678024,0.0563222275375,-0.1966781441972,0.2005375568226,0.3832001995854,0.3841480210149,0.8781010711184,-0.0935949251036,-0.1439260437643,-0.0399861284581,0.1930430608509,0.1770767914553,0.2689262783630,0.2749792420354,0.0601008617172,0.1306898406093,-0.1972512698573,0.3425700992374,0.0410231367247,0.1290110137698,0.1850415228804
0.1861226801716,0.6453300137194,0.7389490481129,0.7310664410702,0.2028316379760,0.1199823365161,-0.0968908714170,0.5729032066143,-0.0551643440071,0.1076288364765,0.0770529831941,-0.0413179599116,-0.1495026485535,0.2255695826615,0.0784358758034,0.0215769058957,0.7275723605815,0.5198902540361,-0.3127579344166,0.2721449915918,0.0909957811793,1.0000000000000,0.7810678027887,0.9011914561293,0.6497353713390,0.5909967446528,0.6824489988013,0.6700344764751,0.8508332091378,0.3060382815470,0.7838561635646,-0.3361295171835,-0.0407830476319,0.3898993015793,0.5498230474243,-0.2250080095988,0.5627785123090,0.6356045920935,0.6185453265556,0.2952663767325,0.1108159977515,-0.3418161966682,0.2754123685102,-0.1356532363462,0.0910378334052,-0.1118962406960,-0.2875428755357,-0.1870322917240,0.0756606092398,-0.5588639938335,-0.1255494777587,0.7957282495990,0.1959410250956,-0.0191188163772,0.0697145834547,0.0221307926563,0.8060626703945,0.5217334041304,0.7322324561293,0.5544258844967,0.3072292537852,0.5436590750127,0.6535663093711,0.8409233300505,-0.2984512633856,0.2141435356533,0.2275069862690,0.2230022060499,-0.1412537961087,0.2194475690712
0.1607063281574,0.7079727149383,0.5647696956354,0.7817235266334,0.1618514246852,-0.0583451110731,-0.2790604858450,0.3945838945238,-0.2313913160656,0.0830144364813,-0.1563854050585,-0.1556730661597,-0.2944538455283,0.0489879294242,-0.0909038624735,-0.1115275743428,0.6305289832000,0.3884109229910,-0.3382238857280,0.1541861200435,-0.0146202250299,0.7810678027887,1.0000000000000,0.7455358724226,0.5507563911361,0.4673589983580,0.4869404828269,0.5192020979213,0.6547803380355,0.1749848364782,0.6655161827318,-0.2735835428534,-0.0384502559056,0.3650023932804,0.4622720357712,-0.0720743942594,0.7151715246601,0.5759898772960,0.6387830133613,0.2797130133427,-0.0696405624157,-0.4648240021756,0.2969366599767,-0.3297858106285,0.0728354679536,-0.3146776837022,-0.3715089210345,-0.2685352519529,-0.0695364283808,-0.5920340609825,-0.2847553150995,0.7089124018480,0.2050640652909,-0.1985013716721,0.0353202518370,0.0117459622214,0.6960973745628,0.8254937948502,0.7417765090528,0.5865047159352,0.3944926732665,0.4522750086813,0.5340090649052,0.6629226263267,-0.2164664811617,0.3476077774937,0.0768143995858,0.0846271037540,-0.0860179522110,0.2787239275580
0.1718792203885,0.6640219654296,0.8053137489533,0.7557794756993,0.1926077264060,0.0821629452922,-0.1239325636694,0.5932572948128,-0.0775056652514,0.0896255734855,0.0921998607219,0.0113041133923,-0.1447118864178,0.2403564569930,0.0791688555772,0.0371372941742,0.6456471940445,0.6313075761737,-0.2023544446195,0.3859465214888,0.1337698757998,0.9011914561293,0.7455358724226,1.0000000000000,0.5752791752973,0.6305723954686,0.7176971143730,0.7984958165562,0.7711597746134,0.3175424892993,0.8276157091081,-0.2525941293136,-0.0511695028473,0.4028847269933,0.6147584930408,-0.3286996295993,0.5468871979419,0.7396679420799,0.6851057575024,0.2979294908059,0.0576973640924,-0.3924835252569,0.2773477872841,-0.1153125332300,0.0760418000499,-0.1014205497020,-0.1872350778470,-0.1716241160619,0.1251425441414,-0.5888125427804,-0.1051770698956,0.7104541105731,0.2509458263980,0.0660258975282,0.1637423289864,0.0250078687621,0.7641023853491,0.4614105175265,0.8235835979096,0.4675002555297,0.3078171497868,0.5707341959561,0.7483366494037,0.7275119637114,-0.3604765362237,0.1464684726554,0.2651323244404,0.2390139972334,-0.1850515671751,0.2255964203451
0.1969479646701,0.4575356669976,0.6238252013389,0.5672363471924,0.5813929322056,-0.1611881962685,-0.1995553187978,0.7064529388979,-0.2519195128245,0.6040504816471,0.0725610570535,-0.2967378155732,0.0498719614927,0.2568115423035,-0.0295629335681,-0.1744357822206,0.4141328344167,0.5038556546287,-0.3490441322214,0.3351510225466,0.3682611844999,0.6497353713390,0.5507563911361,0.5752791752973,1.0000000000000,0.4426858575836,0.5396809202478,0.4573711193785,0.7285568947501,0.0457757603319,0.5510560242536,-0.0285936034906,-0.2422180697878,0.2670807822905,0.2224633061868,-0.0943001316033,0.3827384036149,0.5720437307329,0.4017969266818,0.6671197171413,-0.1891736513904,-0.3169814369905,0.7374483247299,-0.2857524173546,0.5401790586317,0.0548052231134,-0.4373508425146,0.0629389007861,0.2337373846988,-0.3231059680920,-0.2897752002968,0.4556865356720,0.1830242670706,-0.0006615679537,0.1931487187913,0.2408963665808,0.5162088836569,0.3500952436317,0.4292455624867,0.8744598575862,0.2461062777999,0.5796071032481,0.5283240203897,0.6513256736410,-0.3282687248701,0.1573921586291,0.3363605162875,0.0298697084828,-0.1624546163775,-0.0369462806281
0.4928715416512,0.6600073743903,0.7763092393010,0.7082981075582,0.3946718652838,0.2234626651625,0.0594634726083,0.7383072947708,0.1048407969259,0.2235790984622,0.3667448361024,0.3324178058662,0.1534845012264,0.6697620909727,0.4510148577521,0.3252806756472,0.1567740357661,0.6045654546216,0.0579049319022,0.5838382081561,0.3231656571369,0.5909967446528,0.4673589983580,0.6305723954686,0.4426858575836,1.0000000000000,0.7351687791258,0.8395961252879,0.4749181699274,0.5529083055527,0.6656968008546,-0.0750526619490,0.1722246003372,0.6395940544893,0.7054119728249,-0.1071055566128,0.4195353414057,0.5391367804860,0.6577232193862,0.3987096227734,0.0773531022408,-0.2908642416355,0.1203451234678,0.0138721299410,0.2525683006760,0.1006472856685,0.0428294989824,0.0852151002245,0.5295280898475,-0.2290865849588,0.0717270687501,0.2502110427448,0.0832967748626,0.3734710391123,0.2823903450399,0.2256931400211,0.3063075289169,0.0961269043244,0.3540311668362,0.2743532365127,0.6170884262992,0.5023558838293,0.8377001447335,0.3218775611627,-0.1800686172901,-0.2850698278108,0.4771320844197,0.4402170444828,0.0584362732046,0.3354786077121
0.3936171275306,0.5507362842136,0.8223114080899,0.6978926559567,0.3664747718009,0.2004148126232,0.2554735329840,0.7740661765756,0.2564385763541,0.1540640215081,0.5513500201055,0.2360369733556,0.2810374086393,0.4510588819261,0.4547650630941,0.2559510489180,0.1919139227248,0.6892283720074,-0.0365720036693,0.5491311835591,0.3659882642147,0.6824489988013,0.4869404828269,0.7176971143730,0.5396809202478,0.7351687791258,1.0000000000000,0.8131507028928,0.7007961076327,0.4837643793465,0.8196688934728,-0.1688339568971,0.0496011692219,0.4903261252910,0.6056213633176,-0.2613858483234,0.4670670063172,0.5650784402041,0.6559076793381,0.4058120345069,0.0789922392419,-0.1051503503723,0.1610733381094,0.1138933743960,0.2248743232566,0.3297645678601,-0.0866275838650,0.1470261349522,0.2896975855154,-0.2518365363610,0.0271996922083,0.2897188426305,0.2655877069039,0.4114526897555,0.2873433114930,0.1760770173935,0.3460902583010,0.1326871333636,0.4506474968206,0.3495887656370,0.2692476877718,0.8071642556035,0.8252291013991,0.5368750345960,-0.3084585467722,-0.1223493552319,0.4803007169397,0.3162709670309,-0.0981990309164,0.2416039521461
0.3495506946841,0.6363353809238,0.9230473882552,0.6973544542440,0.2605194863039,0.2172063955770,0.0794161669743,0.7890586006881,0.1045414973295,0.1687322023144,0.3700529005184,0.2459285567332,0.0896074417019,0.5527029452234,0.3969057023365,0.2945627035892,0.2147926811210,0.6286304468915,0.0319838315278,0.5020761321542,0.2547963025102,0.6700344764751,0.5192020979213,0.7984958165562,0.4573711193785,0.8395961252879,0.8131507028928,1.0000000000000,0.5528750163153,0.5000419749441,0.7565860947859,-0.1349236882595,0.0794045503202,0.5122812354712,0.6440907312804,-0.3402179645061,0.3761880596611,0.7175714921224,0.6700554010652,0.2997649261881,0.0830200487348,-0.3173570750630,0.1796678593787,0.0385546744311,0.1942683577064,0.1224222264724,0.0046520324340,-0.0186028252460,0.4296740832782,-0.3320747137198,0.0336402187298,0.3284563833440,0.0683190801320,0.4004070896736,0.2272619400501,0.1031520153518,0.4295835342028,0.0957687240097,0.5258629237748,0.2409216970842,0.3431021952120,0.5706828724008,0.9567171255757,0.4086534864176,-0.3494909174586,-0.2968763087435,0.4824588190930,0.3958302250880,-0.0995171524806,0.1962690502929
0.2102619238996,0.4918370549730,0.6417612574428,0.6686279238118,0.3507665158793,-0.0154385291989,-0.0347763260551,0.6136525285940,-0.0461374285131,0.1814747078609,0.1984332257606,-0.0930832334174,0.0193536871964,0.1726665605552,0.0536520999827,-0.0597167663447,0.5655142497983,0.5445468426743,-0.3282379671592,0.3722770808613,0.2605784310216,0.8508332091378,0.6547803380355,0.7711597746134,0.7285568947501,0.4749181699274,0.7007961076327,0.5528750163153,1.0000000000000,0.2300353326091,0.7835543100492,-0.3260009717507,-0.1821613348808,0.2908927923887,0.4477322598295,-0.1449320034077,0.4836729489710,0.4859721556946,0.5663089323885,0.4065780860536,-0.0330300723055,-0.2352505019228,0.3766352003269,-0.1300574921469,0.1482818996993,0.0595472135501,-0.3287400336685,-0.0462066989549,0.0159394246412,-0.5173124489073,-0.1984755315234,0.6378349706197,0.3006924055483,0.0067674673519,0.1139608559298,0.1481689638901,0.6285481648257,0.4535672796516,0.5863092366556,0.5946020171770,0.1880561276845,0.5733902782733,0.5612548319674,0.9015239480309,-0.3086767025398,0.2705336318353,0.2954579738131,0.1350966641193,-0.1576507387335,0.1677064928419
0.5585733925318,0.2925274910111,0.4077212545493,0.3932311560937,0.2395626636540,0.5625532766230,0.3252639432929,0.4465981610446,0.3593898150847,-0.0081339545354,0.5025977071816,0.5906711006356,0.2779788813406,0.5700204958687,0.7188750909371,0.6787875850907,-0.1036804412964,0.3128982131202,0.2839191093821,0.3908996014481,0.3498668213272,0.3060382815470,0.1749848364782,0.3175424892993,0.0457757603319,0.5529083055527,0.4837643793465,0.5000419749441,0.2300353326091,1.0000000000000,0.5147126339683,-0.1620767358128,0.2646288981835,0.6217005417321,0.6783835182683,0.1068739441853,0.1750539307073,0.2244221798120,0.4385227790590,0.1402006065970,0.3503664566735,-0.0643560991652,-0.2482008690544,0.2052366432500,0.1583228551213,0.1414637232092,0.3231395474993,0.1791511740741,0.4130696091934,0.1248967837610,0.4286275438234,-0.0337962113939,0.0822972886180,0.5392950752988,0.1759159289051,0.3779970464761,-0.0062226391783,-0.0806459189206,0.1266921803633,-0.0495833977405,0.3078248834625,0.2192977399050,0.4790537828388,0.1070227090982,0.4268940681071,-0.2451039100508,0.2258043662753,0.4209981215409,0.3959944793719,0.5953048038756
0.3606055865972,0.6393621273369,0.7334739014699,0.7670311858091,0.2991962121843,0.2099725153789,0.0238485608186,0.7053809135366,0.1156396935561,0.0898450594313,0.2905462511429,0.1121763918174,-0.0026931157616,0.3092835142674,0.3301174062367,0.1880716288757,0.3495686759252,0.6602625241132,-0.1733814670458,0.4460111827518,0.2526546157487,0.7838561635646,0.6655161827318,0.8276157091081,0.5510560242536,0.6656968008546,0.8196688934728,0.7565860947859,0.7835543100492,0.5147126339683,1.0000000000000,-0.2442201312030,0.0380826714262,0.4775968047199,0.6910560039069,-0.1962803088345,0.5773036641848,0.6099054562151,0.7309614923302,0.3643541333918,0.0696628769964,-0.3487388177471,0.2200712560316,-0.0904893799892,0.1392655913349,0.0210181871761,-0.1707142162818,-0.0900949062003,0.1421275340462,-0.4488749110773,-0.0562115440616,0.4421261107754,0.3826066981064,0.2382474373377,0.2484991266790,0.1389255447019,0.5280296036374,0.3795505130706,0.6586817562100,0.4320655968311,0.3160925361427,0.6765636198197,0.7584586713721,0.6663559468028,-0.1964313185699,0.1691832318297,0.3317722475008,0.2874264406353,-0.0734081954839,0.3520535523214
0.0160081639324,-0.1527653636146,-0.1331133894335,-0.2378666418370,0.2419880674073,-0.2495066469157,-0.1744952832268,0.0718517479326,-0.1401950759934,0.3061019873710,-0.0154646293666,-0.0260591290579,0.1393613279148,0.2126722400379,0.0090198958882,-0.0514707672304,-0.3476043931229,0.1034968507100,0.3461327373283,0.2198043939784,0.1477105894410,-0.3361295171835,-0.2735835428534,-0.2525941293136,-0.0285936034906,-0.0750526619490,-0.1688339568971,-0.1349236882595,-0.3260009717507,-0.1620767358128,-0.2442201312030,1.0000000000000,-0.0056230031885,-0.0162305072418,-0.1480373258676,-0.0273922799136,-0.1991906144612,-0.0997719177836,-0.2568822474836,0.2421533809213,-0.3771218778071,-0.1734567056515,0.0640311842408,-0.3601021032306,0.1944504165383,0.1084712773891,-0.0532918169506,0.1795279544814,0.2668620202361,0.0885413545759,-0.1926475208552,-0.3562159552846,0.0602982223954,0.1526923630639,0.3345848541603,0.0887670642258,-0.2908922373465,-0.2337328801797,-0.2076513554999,-0.0461528764274,-0.0382927580134,-0.0293722215970,-0.0284006544820,-0.3686050008976,-0.0154671931915,-0.2725339934485,0.1705075222094,-0.1030295560789,-0.0004871631345,-0.1042415075810
0.0973200988236,-0.0087302562923,0.0070331438270,-0.0321602490892,-0.1489978184921,0.4060636898819,0.2816212447045,-0.0389096045269,0.3862708318115,-0.2524922858972,0.0917654640220,0.1573723235773,0.0242243904696,0.0157430475449,0.3064892646507,0.4196781607748,-0.1119223122438,-0.0083291054751,0.0791413121694,-0.0113688188127,-0.1862476039611,-0.0407830476319,-0.0384502559056,-0.0511695028473,-0.2422180697878,0.1722246003372,0.0496011692219,0.0794045503202,-0.1821613348808,0.2646288981835,0.0380826714262,-0.0056230031885,1.0000000000000,0.2534472132226,0.2449195712051,-0.0434189177727,-0.0324078590812,-0.0065895199159,-0.0508412940341,-0.1527420831228,0.3913689056534,0.1845002873369,-0.3318928288180,0.1585047798103,-0.1182227036192,-0.0886754064471,0.1222134912214,0.1401159516097,0.0679091298381,0.1320576865683,0.4199896471582,-0.0973996711519,0.0096946364301,0.0356372756220,0.0484127448985,-0.2123608654609,-0.1435262485420,-0.1311155515427,-0.0522055252763,-0.2383909068023,0.1262912618478,-0.0073652868325,0.0896543736831,-0.1818820479261,0.0877368917635,-0.1613525050572,0.0389275671924,0.4748316635324,0.1165696235477,0.2233455704285
0.5030361123560,0.3285873281054,0.4398968100345,0.4460439413084,0.5074548163342,0.1692250841738,0.1010804560204,0.4666804769116,0.0852366583477,0.0398510602631,0.2846471410287,0.2585924286588,0.1961930430179,0.4267822910084,0.3588105051883,0.2984235718350,0.0728632154245,0.4578813003514,0.0952399499238,0.5223410560014,0.3359758732552,0.3898993015793,0.3650023932804,0.4028847269933,0.2670807822905,0.6395940544893,0.4903261252910,0.5122812354712,0.2908927923887,0.6217005417321,0.4775968047199,-0.0162305072418,0.2534472132226,1.0000000000000,0.6875548206867,0.1405933985279,0.2900414288198,0.3202339904379,0.4499000666425,0.4244637846718,0.0551090820932,-0.1637392205386,0.0274201757662,-0.0382234116331,0.1785986481811,0.0781291254352,0.0146643513341,0.3019961964441,0.3224267017848,-0.1118008177712,0.0958483067837,0.1197161032474,0.1891137804740,0.3090036026298,0.3393333577060,0.2721675112628,0.1659062803251,0.1551741717345,0.2892548452271,0.1701475086397,0.5192522327356,0.3783710439373,0.5446815003727,0.2313558899663,0.1223449425126,-0.0621659625067,0.2044460304414,0.2983665417889,0.4499459080103,0.6247337540657
0.3845585124148,0.5081842335025,0.5168275398259,0.6533810358257,0.2690247092820,0.3089199977044,-0.0315423984716,0.4526519641337,0.0473302696455,-0.0335213236903,0.2011046799569,0.2821291633306,0.0371238835722,0.3621732437159,0.3179117618740,0.3658765789993,0.2002420448236,0.5950308629806,-0.0030698429533,0.5569649633226,0.2897981862022,0.5498230474243,0.4622720357712,0.6147584930408,0.2224633061868,0.7054119728249,0.6056213633176,0.6440907312804,0.4477322598295,0.6783835182683,0.6910560039069,-0.1480373258676,0.2449195712051,0.6875548206867,1.0000000000000,-0.0205344858957,0.4499697489316,0.3818950753754,0.6737832262904,0.2808631354573,0.1984720671186,-0.3336433841700,-0.0483796925573,-0.0402996794648,0.0337183893340,-0.0659166608091,0.0160806531493,0.0476544481140,0.1889461827044,-0.3213093968966,0.1787423290299,0.2896212880889,0.4069468126517,0.2985119641470,0.3832081038578,0.2368594958253,0.3847986801064,0.2437933632315,0.4879593876637,0.1525987599848,0.5207718341220,0.4263225627325,0.6020181394675,0.3585956293363,0.0978776574337,0.0315065218994,0.2318087718212,0.3964350263435,0.1885783271246,0.7134887776107
