1.0000000000000,0.3972397721884,0.4139838707114,0.3597299348202,0.2650447265062,-0.2734287154651,-0.0984102596819,0.5391644126777,0.0656101028268,0.0883348035940,0.2298573195651,0.5622505542003,0.0174470368740,0.4445861679204,0.6919346602315,-0.2512360873186,0.0717895556658,0.5665127566386,0.5961907057731,0.6777268746254,0.2236649449354,0.3773706017979,0.1002561896153,0.4375331529775,0.2258060469104,0.6455508040960,0.4142942981082,0.3944392458792,0.2291479923689,0.5843371690683,0.5752979982913,0.2338797419508,-0.0472175329228,0.1677069594456,0.1976506656170,0.2069250099172,0.2998838083965,0.1665461176869,0.2327652105785,0.0713138728664,-0.2703463086687,-0.3773040597876,0.1374566735755,-0.4378521921340,-0.0277816745008,-0.0180954409466,0.0757788914498,-0.1732287810153,0.2687723094255,0.0462524259877,-0.3617285804915,-0.0374829881042,0.2675167307404,0.1954262039104,0.2832123926779,-0.0320687847857,0.0009788802060,-0.0245402480800,0.0587502916456,0.0361036266628,0.5624540160215,-0.0307075375090,0.2708802239099,0.0547189268721,-0.2381122863070,-0.0172712977312,0.1848994116610,-0.2090618594573,-0.1836756718436,-0.0222451812077
0.3972397721884,1.0000000000000,0.4207465313496,0.4898630307221,0.3095730936661,-0.1765141929672,-0.0725756437360,0.4963458305575,-0.0448962500343,0.1412885812173,0.1093289056083,0.3638596153233,0.0477029924539,0.1709640581490,0.2219805516022,-0.1430847381875,0.1982201089662,0.6123528217385,0.3271757038849,0.5076984942594,0.2127842672842,0.4833810160606,0.4123330086571,0.5630334997601,0.3999614604884,0.5786150728854,0.4367356091433,0.4735134757806,0.3703874403318,0.3489256507114,0.6121167303690,0.2311389515088,0.0445314798712,0.2213317851282,0.3068717392041,-0.0291451615944,0.7220348415603,0.1122325198204,0.3148885230976,0.2507476874938,-0.1895577901200,-0.2261451226935,0.1162644175207,-0.4294185052334,0.0979150734701,-0.1415122048778,-0.1196148250346,-0.0431129174706,-0.0721356712408,-0.3360942386420,-0.2115814423295,0.1129180498834,0.2197047895412,0.0121698466131,0.1171739306431,0.1041735322719,0.1480511294187,0.3468061202411,0.2097408996346,0.2831699704525,0.4605245635424,0.0169363666068,0.3510675502502,0.2582683675762,-0.2125182711438,0.1336512821474,0.2075303049437,-0.0941272880838,-0.1559677937436,0.1371771422709
0.4139838707114,0.4207465313496,1.0000000000000,0.0483955143013,0.0359365400030,-0.4119205656276,-0.3479855075289,0.4663690948085,0.0848504589665,-0.2183003257057,0.1169303911647,0.5705081423051,-0.3882459515522,0.5832659460821,0.3380724416459,-0.4569638614376,0.1128872512066,0.4895253864741,0.6211945809232,0.5819965659118,-0.2581258622199,0.3113022734157,-0.1534892255543,0.5466630317747,0.0158063941125,0.6777824286915,0.7708120067982,0.9208436333809,0.2739425935619,0.1357639204190,0.3411810799651,0.0077958725619,-0.2506559434500,-0.2629386207555,-0.1547205822048,-0.4246699425128,0.2999343997788,0.7196641162260,-0.1150316422430,-0.1697061150966,-0.4682218619594,-0.5315876979930,0.0249386006198,-0.3162540116557,-0.2870294438860,-0.1745425892778,0.1330467517362,-0.5017025794205,0.3090528797696,-0.3183850180296,-0.5258600237562,0.0470915599932,-0.1028264581486,0.2684771696762,-0.1297196667282,-0.4311531908763,0.0407246716382,-0.1745278533331,0.1319495465998,-0.2120743224933,0.5935832046509,0.2489485171619,0.8571007833330,0.0704449421275,-0.5935696424075,-0.2968816501076,0.1323747173870,-0.4325206756380,-0.5641590596204,-0.3919227164160
0.3597299348202,0.4898630307221,0.0483955143013,1.0000000000000,0.4171018155696,0.3272670070459,0.3405822374458,0.4055202017869,0.1230108367416,0.6879152878249,0.1824650848017,-0.0191183271508,0.5135684409088,-0.1656820716899,0.3526915061322,0.5066367530640,0.1942706317869,0.3179513426040,-0.0589468890700,0.2093709956601,0.5384619258135,0.3769012598713,0.7427210135829,0.2867738447418,0.6253929958101,0.2650655673047,-0.0788388819438,-0.0021224471406,0.1663307778886,0.4250219914186,0.4793342200624,0.2928314221248,0.3005542902888,0.5461774072971,0.6095805958575,0.2344689455172,0.3007681742202,-0.1932664644429,0.8826451643415,0.4693146957300,0.4035455166845,0.3325127174174,0.1759949995027,-0.0879194254718,0.6943361629865,-0.0575043967983,-0.2207147833365,0.4970161242050,-0.3508025064774,-0.1163738877202,0.4393167874817,0.1647808563296,0.0953838829362,-0.0074676769492,-0.0046351633992,0.5607431225566,0.0925555906728,0.5710963851731,-0.0043244590337,0.6571486501706,0.0658863350571,-0.4558809795349,-0.1442197115119,0.1874937875154,-0.0519270546303,0.0788578764097,0.1484373040989,0.2253148515001,0.3310475931083,0.6551411716482
0.2650447265062,0.3095730936661,0.0359365400030,0.4171018155696,1.0000000000000,-0.0576583856831,0.1779836941590,0.4523521143641,-0.1001609866263,0.2139752931898,0.4265685188985,0.0553958580788,0.4744207600666,0.0506806123799,0.2746269588373,0.0968446920956,0.2704267988416,0.3048646501425,0.0509547206764,0.2630888755821,0.5706670485446,0.4655637297282,0.3686351611023,0.3817536519102,0.3766937093171,0.1991823296235,0.0971225829682,0.0739668089496,0.5179074464970,0.4814594413579,0.5064794618969,0.2976737167215,0.0716990586805,0.4336105288582,0.3124020362860,0.2052677087696,0.1571904222307,-0.1522036696696,0.3891179826124,0.8865981922591,0.0183991035234,0.0370009731201,0.2541163479320,-0.3242638711013,0.1693669406280,0.4138839872464,-0.1472721137125,0.4374603384642,-0.0999509820330,-0.2191127833120,0.0731187127194,0.2041812122229,0.0741236834494,-0.2059521777485,-0.0412935708340,0.5233162625887,0.3029073538425,0.3200888951593,0.1918884207796,0.3696882692461,0.0596636250821,-0.3475521526596,0.0055702625576,0.5194553277875,-0.0097105951907,0.1668812315826,0.1253833645846,0.0064410140568,0.2329952367127,0.2479860382416
-0.2734287154651,-0.1765141929672,-0.4119205656276,0.3272670070459,-0.0576583856831,1.0000000000000,0.5651786187202,-0.1684113154790,0.4668461361637,0.4641669200737,0.1190047252157,-0.2503809441944,0.3698044241975,-0.4090029412706,0.0212803600300,0.7915368000393,-0.1169247097557,-0.2937653066556,-0.3595701174035,-0.3766783761825,0.2127004511706,-0.1958751568055,0.3009345814658,-0.3208336311756,0.1284633097232,-0.3830549052163,-0.4002971815137,-0.5263727593862,-0.3279012772854,0.0720405847098,-0.1774776675940,0.0727743838752,0.6527452161942,0.3496196069398,0.4220793054231,0.0899864158341,-0.3244467528393,-0.5373391537393,0.3476991169406,0.1548662622532,0.8694093977511,0.7499472396967,-0.2320112350409,0.6338333350935,0.5163817670540,0.0339508352298,-0.1200276193821,0.4902307292846,-0.4117716775832,0.1821861755637,0.7646094626199,-0.0718836251133,-0.2379512214000,-0.0424869563096,-0.2253689639129,0.3689716165880,-0.2501306884971,0.2021016257774,-0.3345959312555,0.2563526058528,-0.5051242634265,-0.4440823050260,-0.5626300593079,-0.2077633991523,0.2130525179152,-0.1809597669531,-0.0351980384089,0.5656659808372,0.4359741247241,0.5931251874427
-0.0984102596819,-0.0725756437360,-0.3479855075289,0.3405822374458,0.1779836941590,0.5651786187202,1.0000000000000,-0.0273100967260,0.5016457055003,0.4754916213642,0.4861402440256,-0.1271629295953,0.7051072329189,-0.2415434015067,0.2440561347617,0.7139140082694,-0.0782433296531,-0.1881828789107,-0.2858759863353,-0.2171141731291,0.5250560703872,-0.1121622465713,0.2020485161639,-0.2400261502440,0.2257312938326,-0.2196245002054,-0.2356976429544,-0.4224189269761,-0.1536443734179,0.2732086525249,-0.0488080461869,0.1255058399432,0.5435290605079,0.4303198490678,0.3748124160152,0.1068622731977,-0.3238692607244,-0.4832516431071,0.3562928895493,0.3081478849204,0.6102654464318,0.7534743972488,-0.2506230908951,0.4285444595509,0.4467296884466,0.2438530229173,-0.1094344269969,0.6503668731189,-0.3066131994189,0.0926947541599,0.6389347321241,-0.0772225861798,-0.2624164677695,-0.0579037389690,-0.2458492236237,0.5691080036391,-0.3200094535964,0.0984902123681,-0.3608621506180,0.2527576177998,-0.3895448805407,-0.4381565627800,-0.4231298627081,-0.1338577584357,0.1853531671891,-0.1959090501167,0.0153251906124,0.5812514027546,0.3113605915768,0.5127827449677
0.5391644126777,0.4963458305575,0.4663690948085,0.4055202017869,0.4523521143641,-0.1684113154790,-0.0273100967260,1.0000000000000,0.0817920769902,0.2530140626242,0.3673664307271,0.3933812966758,0.0938825930111,0.2585342287493,0.4891847052930,-0.1308993256136,0.2793796345437,0.5031535398565,0.3573390826879,0.4620787824931,0.2667377443861,0.5303198666180,0.2238154585448,0.4864258733854,0.6929651416024,0.5297377872389,0.4807300079377,0.4319092599952,0.6389341258917,0.4815323804871,0.7340792646703,0.2515649140407,0.0094438786959,0.2056567149449,0.1991692935742,-0.0418593520169,0.2708640986394,0.0891082517163,0.2375560839953,0.4367775346110,-0.1323469245248,-0.2902220110705,0.5059685661835,-0.4385268215668,0.1589102155720,0.0183627652379,-0.1401005873173,-0.0079376648560,0.0020216945577,-0.2398280094101,-0.2235286636372,0.1635607320387,-0.0745211090455,-0.0333486974568,-0.2214106662624,0.1001951666269,0.1681957818074,0.1514218546945,0.0226323372597,0.4416287384021,0.3353044138856,-0.0432426595434,0.3462553252080,0.5020212088233,-0.3908280194143,0.0642995880488,0.2619505099946,-0.1510313876659,-0.2344252091294,-0.0104964908986
0.0656101028268,-0.0448962500343,0.0848504589665,0.1230108367416,-0.1001609866263,0.4668461361637,0.5016457055003,0.0817920769902,1.0000000000000,0.0385452995333,0.4771409141620,0.3118677186357,-0.0040238485702,0.1810857463797,0.4112716890637,0.3308311838438,-0.0755734561853,0.0073221260679,0.1426644296315,0.0405834390764,-0.0573416834648,-0.0678266374929,-0.1458480478274,-0.0716038387763,0.0193035970573,0.1275505727386,0.1891292218210,-0.0280015091927,-0.0867746465222,0.3059433214640,-0.0243170022308,0.1831759364457,0.3707561806529,0.0920499830740,0.1723490333803,-0.2819420751973,-0.3504999702698,-0.1127963828236,-0.0100568065918,-0.1005666796575,0.3275300704277,0.3225877548576,-0.3850094184214,0.6160061460298,0.0145049598798,0.0551855910731,0.1729647887899,-0.0210453272762,0.0010785107734,-0.0283074552570,0.1975386032681,-0.0724347268135,-0.3310295436409,0.0933285791649,-0.3049200137001,-0.0447434470243,-0.3646597239919,-0.2840664586671,-0.3261241805266,-0.1192653359572,-0.0659135449410,-0.1159209742426,-0.0038852145856,-0.1964822724533,-0.1347910806676,-0.4384931727829,-0.0291834546494,0.2272748067456,-0.0907017068863,0.1754451397613
0.0883348035940,0.1412885812173,-0.2183003257057,0.6879152878249,0.2139752931898,0.4641669200737,0.4754916213642,0.2530140626242,0.0385452995333,1.0000000000000,0.0891292785715,-0.2948430613609,0.6542168646190,-0.3554825617583,0.1255862066470,0.6853469292634,0.0155089243123,-0.0494329359781,-0.3691314708754,-0.1591671765698,0.6425386914279,0.0580658963230,0.5934428445926,-0.0901824152328,0.6705174362362,-0.0752552956159,-0.3355843601728,-0.3611721381136,-0.0454014694161,0.1685193730876,0.1384586466938,0.0984576476839,0.3473797450045,0.5593836402785,0.5489180183964,0.3336310940708,0.0303199266799,-0.4541462937540,0.7150872197163,0.4070549484830,0.5432579908230,0.5426657490994,0.1953686827454,0.0403603984447,0.9259669713872,-0.0043774549574,-0.3290769503179,0.6822948442121,-0.4349980839310,0.0966647577639,0.6461987184251,0.0072321710033,-0.1170826110826,-0.0403539155836,-0.1932483771465,0.6925257517702,-0.0635426049088,0.4526025360182,-0.2287723068571,0.7067336882071,-0.2208014634080,-0.5173792834498,-0.4411909724303,-0.0139344928825,0.1494017902657,0.0149420098959,0.1637542928391,0.3879404974463,0.4169372799564,0.6432062912926
0.2298573195651,0.1093289056083,0.1169303911647,0.1824650848017,0.4265685188985,0.1190047252157,0.4861402440256,0.3673664307271,0.4771409141620,0.0891292785715,1.0000000000000,0.2949455926262,0.3162006199624,0.2199299563256,0.5740094688814,0.1740586467795,0.0860554792066,0.1738699290436,0.1915860185332,0.1711059749160,0.3174290259520,0.2379793913753,-0.0463774907118,0.1590583554026,0.1557554861835,0.2628589940766,0.2395791262118,0.0887838333523,0.2452418996325,0.5288273931912,0.2447497190385,0.1067901702000,0.1689177597001,0.3108214109483,0.2300172621605,-0.0889562154487,-0.1535697338132,-0.0776397991398,0.1670816862512,0.3705658976632,0.1680015986021,0.1862166215379,-0.1573630664473,0.2188889947275,0.0238397071827,0.6369262391084,0.0252582705329,0.2144269936319,0.0277299720984,-0.0811663339757,0.0860542291644,0.0063975361467,-0.2120438759587,0.0168126822130,-0.2431804872257,0.2115470906003,-0.0962253429069,-0.1582850077913,-0.1071785303470,-0.0000475179097,0.1099844584901,-0.1579997413741,0.0976050632137,0.1022219116946,-0.1689901438303,-0.2813230313512,0.0997621057214,0.0665704362879,0.0214593257253,0.1330872412168
0.5622505542003,0.3638596153233,0.5705081423051,-0.0191183271508,0.0553958580788,-0.2503809441944,-0.1271629295953,0.3933812966758,0.3118677186357,-0.2948430613609,0.2949455926262,1.0000000000000,-0.3160645764572,0.7623479310544,0.5461884421153,-0.3837539309915,-0.0935274114714,0.3947781311060,0.7855668372746,0.5847034403826,-0.0772508959186,0.2033189861632,-0.2573550906470,0.3263180795596,-0.0615670930848,0.6840339615912,0.6768789236022,0.5623960520327,0.1437190755955,0.4437048785422,0.3020055200279,0.1853397761896,-0.0823783067657,-0.1060820545649,-0.0268208314553,-0.1635482552685,0.1892972598958,0.3058458844972,-0.1676041779563,-0.1503824129376,-0.3474317976361,-0.4377756057029,-0.1100915358987,-0.1918498664586,-0.3802460264979,-0.0366409104017,0.5192992059316,-0.4492409990523,0.5746329350893,-0.0781486536966,-0.4894017353261,-0.1931300964088,-0.0358400036582,0.3772371592672,0.0419336259297,-0.3262737371798,-0.0939722124309,-0.3179520652404,-0.0618562813529,-0.3063250256219,0.6082942734352,0.2167633505508,0.5134427490701,-0.0040268302551,-0.3300468009753,-0.2917296215783,0.2421597696120,-0.3474059433633,-0.4426404390121,-0.2757844539781
0.0174470368740,0.0477029924539,-0.3882459515522,0.5135684409088,0.4744207600666,0.3698044241975,0.7051072329189,0.0938825930111,-0.0040238485702,0.6542168646190,0.3162006199624,-0.3160645764572,1.0000000000000,-0.3278796846742,0.1354319493073,0.6320443018156,0.0199829988364,-0.0540511281600,-0.3253592097741,-0.1374602892636,0.7975882216212,0.0982951785564,0.4893583623756,-0.0594742039272,0.3993252724046,-0.1826797417376,-0.3389888856747,-0.4463955768491,-0.0060018913501,0.2854102974460,0.1552696130019,0.1895457893860,0.3318356852563,0.6260943301176,0.5647700769571,0.3947569390562,-0.0581046569149,-0.5513416340363,0.5829641835550,0.5690829583552,0.4967892784836,0.6118940975721,0.0326152546488,0.0271795902812,0.6226999126810,0.3774309160550,-0.2993841289914,0.9256589293726,-0.3593961406776,0.1159646412525,0.6291106229652,0.0154262603118,-0.0292556439088,-0.1308727962485,-0.0470644665202,0.8360382204312,-0.0599735491938,0.4203033507048,-0.1583528967016,0.4926983578083,-0.3102088389143,-0.5321294059015,-0.5143939785018,0.0449559313964,0.2969272420891,0.0728037414732,0.0862994701983,0.4326213681106,0.5356897108002,0.6428590129755
0.4445861679204,0.1709640581490,0.5832659460821,-0.1656820716899,0.0506806123799,-0.4090029412706,-0.2415434015067,0.2585342287493,0.1810857463797,-0.3554825617583,0.2199299563256,0.7623479310544,-0.3278796846742,1.0000000000000,0.4430646814776,-0.4916718875404,-0.1849662433518,0.2996938303031,0.6780985515175,0.5121470090229,-0.1675090480915,0.0904472890067,-0.3841345119702,0.2187951905880,-0.2126206086237,0.5638137747791,0.6009922318157,0.5824270574153,0.0215687489427,0.2783510041588,0.1759486826947,0.1825101996305,-0.2370571761983,-0.2271824365513,-0.2799584022901,-0.2467248794932,0.0973801376750,0.4624163979759,-0.3072754128628,-0.2078067236422,-0.4859599853847,-0.5230695541444,-0.1293301484553,-0.2281085473463,-0.4352383931998,0.0128874094949,0.6427627317703,-0.4538230229556,0.8577524296741,-0.0324428101653,-0.5581050142510,-0.2438542761822,-0.0562630912809,0.3665812431031,0.0541131899296,-0.3807738500805,-0.0888827628591,-0.4189835194872,-0.0576809949916,-0.4478121571349,0.5775129761403,0.2384572768538,0.5685149367510,-0.1455852616778,-0.2847064890515,-0.2948110001333,0.0520885105678,-0.3595919935204,-0.4973959991239,-0.4478807283467
0.6919346602315,0.2219805516022,0.3380724416459,0.3526915061322,0.2746269588373,0.0212803600300,0.2440561347617,0.4891847052930,0.4112716890637,0.1255862066470,0.5740094688814,0.5461884421153,0.1354319493073,0.4430646814776,1.0000000000000,0.0559443163764,-0.0166485522049,0.4559000410332,0.5529033977707,0.5197948284080,0.1760841726839,0.2352275395913,-0.0304094186384,0.2264649693009,0.1496879135691,0.5700185425657,0.4328305626356,0.2828473038802,0.1183299692838,0.7432361635931,0.3561657324900,0.1993520009305,0.2513215013031,0.3274283397614,0.3150050493181,-0.1039851673531,0.0065903404135,0.0286912201085,0.2362828214376,0.1336786925145,0.1171012249197,-0.0807672244637,-0.1045982162680,-0.0320674532828,0.0313740311830,0.1010336938377,0.0619433428156,-0.0255710060848,0.1799120498741,0.0570834916720,-0.0523910369794,-0.1191826716551,-0.0880576275491,0.2225645673487,-0.0380711399536,-0.0234116371315,-0.1941568265472,-0.1641141750487,-0.2317385278212,-0.0543248313697,0.3741114229884,-0.1260714050398,0.2107901162162,-0.0619509879380,-0.2359955169362,-0.3798497819742,0.2269265679931,0.0621784710181,-0.1143318690303,0.1167872419592
-0.2512360873186,-0.1430847381875,-0.4569638614376,0.5066367530640,0.0968446920956,0.7915368000393,0.7139140082694,-0.1308993256136,0.3308311838438,0.6853469292634,0.1740586467795,-0.3837539309915,0.6320443018156,-0.4916718875404,0.0559443163764,1.0000000000000,0.0002219270609,-0.2881011225790,-0.5083741881530,-0.3938703087471,0.4618052157451,-0.1319877900035,0.4551815192929,-0.2968132666053,0.2980930226991,-0.3669046163315,-0.5099901326301,-0.5749961918152,-0.2406190608833,0.0984874273647,-0.1402734870215,0.0608892044139,0.5602765988408,0.5088178712867,0.5497440465034,0.2151609283138,-0.2828483343223,-0.5888274991675,0.5802387239596,0.3034061239423,0.8400559426762,0.8830751200962,-0.2124548526085,0.5226393186606,0.7244610032705,0.0577462594217,-0.2209975962310,0.7283829786256,-0.5041422724939,0.1496060830369,0.9412256972750,0.0396739257184,-0.2502805177201,-0.0908962045847,-0.2446649094884,0.6249577688253,-0.2101099514198,0.3352467008746,-0.3171933679800,0.4359978774240,-0.5211764276030,-0.5852223410811,-0.6063459056962,-0.1565209307187,0.2491748599374,-0.1516419594046,0.0130400608463,0.6401338279277,0.5668320577944,0.7513076883958
0.0717895556658,0.1982201089662,0.1128872512066,0.1942706317869,0.2704267988416,-0.1169247097557,-0.0782433296531,0.2793796345437,-0.0755734561853,0.0155089243123,0.0860554792066,-0.0935274114714,0.0199829988364,-0.1849662433518,-0.0166485522049,0.0002219270609,1.0000000000000,0.1980640093041,-0.0951500947605,0.0781586831262,0.1555669788721,0.7173168619994,0.3194223725592,0.6731738644957,0.3251630180646,0.0141595659990,-0.0440484209967,0.1667033969558,0.6988622818954,0.1566748879082,0.4249500432001,0.1835945675936,-0.0860958633290,0.1066986045267,0.1386814242504,0.0088965319732,0.0763413713548,0.0750230768323,0.1648169650249,0.3143191734142,-0.0667386459096,-0.0431238493642,0.1268807284434,-0.2077468660497,0.0269961630518,-0.0452915948923,-0.2336440320768,0.0683041052814,-0.2350265958996,-0.4174738152964,0.0157386379424,0.9657630590571,0.0076587523623,-0.2925342466629,-0.1680153368575,0.1668507795239,0.6202623879254,0.2787586309963,0.6594070779694,0.3571919329993,-0.0532588437387,-0.1940434154100,0.1399201813911,0.6559518285699,-0.1864971625639,0.3012857660276,0.0613248563404,-0.0744712690407,0.0153830462066,0.1059790850790
0.5665127566386,0.6123528217385,0.4895253864741,0.3179513426040,0.3048646501425,-0.2937653066556,-0.1881828789107,0.5031535398565,0.0073221260679,-0.0494329359781,0.1738699290436,0.3947781311060,-0.0540511281600,0.2996938303031,0.4559000410332,-0.2881011225790,0.1980640093041,1.0000000000000,0.5634383085043,0.8424917264865,0.0865647741628,0.5830996360801,0.1225441778519,0.6509371827870,0.1937642767053,0.6664318041676,0.6008752906977,0.5446622656594,0.3662139131099,0.5054672530361,0.6198966521329,0.2340238167768,0.0396461683786,0.1780244980503,0.2941364060355,-0.0736594879192,0.4748533964606,0.1942317012996,0.1657256406590,0.1741576992216,-0.2887625224328,-0.4064852522407,0.0062417633732,-0.4172869541596,-0.1548136178803,-0.1164905669392,-0.1249765351034,-0.1752691540082,0.0951215097396,-0.2603194829146,-0.3708774652151,0.0995484984968,0.3896535096484,0.0198208255695,0.2785515321696,-0.0784831983310,0.1024115572517,0.0234103331997,0.1736548332484,0.0315517165965,0.5867002180245,0.2042186632875,0.4101122232819,0.1757995539934,-0.2735753991491,-0.0681214412010,0.1828863900558,-0.1515347715173,-0.2402576909295,-0.0066968362741
0.5961907057731,0.3271757038849,0.6211945809232,-0.0589468890700,0.0509547206764,-0.3595701174035,-0.2858759863353,0.3573390826879,0.1426644296315,-0.3691314708754,0.1915860185332,0.7855668372746,-0.3253592097741,0.6780985515175,0.5529033977707,-0.5083741881530,-0.0951500947605,0.5634383085043,1.0000000000000,0.7584985301396,-0.1891400404810,0.2493888063279,-0.2786144743727,0.3857179926186,-0.1376674753277,0.6684380034260,0.6898609291756,0.6462454374677,0.1045068642818,0.3904501855114,0.3083209143299,0.1392029484749,-0.1245675773459,-0.1451052602498,-0.0507343967054,-0.2245408567722,0.2423088906726,0.3900139873618,-0.1657431653452,-0.1883950708775,-0.4134679117501,-0.5789397800246,-0.0649861356416,-0.2839084366330,-0.4795124423138,-0.0293999226679,0.3005672534647,-0.4897174242711,0.4939798643462,-0.0300051065825,-0.6060610383550,-0.1907048768417,0.1270961936077,0.4032097517074,0.2214691367005,-0.4157841477607,-0.0579129709980,-0.3422133411428,0.0055126882254,-0.3786182467128,0.6453485156493,0.3346821556790,0.5384719971936,-0.0596192282982,-0.2893877021214,-0.2799438575356,0.2271482747069,-0.3376264724451,-0.4149129742015,-0.3381776543825
0.6777268746254,0.5076984942594,0.5819965659118,0.2093709956601,0.2630888755821,-0.3766783761825,-0.2171141731291,0.4620787824931,0.0405834390764,-0.1591671765698,0.1711059749160,0.5847034403826,-0.1374602892636,0.5121470090229,0.5197948284080,-0.3938703087471,0.0781586831262,0.8424917264865,0.7584985301396,1.0000000000000,0.0057228871326,0.4474415877543,-0.0278440553127,0.5708304426804,0.0487740230728,0.7831646248744,0.6592537701511,0.6424168031786,0.2541805324573,0.4810705974831,0.5204515746940,0.3015028991980,-0.0263957304113,0.0488467712361,0.1829519999256,-0.0980985080056,0.4162675668903,0.2725812102067,0.0688057817777,0.0325306147547,-0.4155514846722,-0.4950468745586,-0.0307246170435,-0.4341677035253,-0.2840454539989,-0.0655116062424,0.0387622818017,-0.3131427940837,0.2946032236294,-0.1634765888116,-0.5098752982294,-0.0212252834119,0.3215280107957,0.1795473402724,0.3380133551875,-0.1955925018595,0.0242863686912,-0.1417876314929,0.1181283819297,-0.1629157231255,0.7203526897173,0.2411093252833,0.4759354364231,0.0637984959502,-0.2981329852172,-0.1778532090239,0.1944040901474,-0.2430119710197,-0.3003865704065,-0.1278509806138
0.2236649449354,0.2127842672842,-0.2581258622199,0.5384619258135,0.5706670485446,0.2127004511706,0.5250560703872,0.2667377443861,-0.0573416834648,0.6425386914279,0.3174290259520,-0.0772508959186,0.7975882216212,-0.1675090480915,0.1760841726839,0.4618052157451,0.1555669788721,0.0865647741628,-0.1891400404810,0.0057228871326,1.0000000000000,0.2916536451228,0.4565859096045,0.1483763656584,0.5015463788135,-0.0164712649467,-0.2331298376136,-0.3107900443427,0.2349537920002,0.3671934458228,0.3052114923276,0.2123758908578,0.2519295434164,0.5470075378325,0.5082616883238,0.4404970800850,0.0826543966948,-0.4292774098323,0.5818817799476,0.6231675599633,0.2931459580441,0.4148637613546,0.1005347978430,-0.1625499231175,0.5337292768863,0.2923618512841,-0.1319041538983,0.7657916324585,-0.2192477080744,-0.0206398022038,0.4204104590186,0.1085884418147,0.0383140717664,-0.0771709606459,-0.0036889277804,0.9176999365951,0.1230095061598,0.3572310739984,0.0137632710512,0.5041431794196,-0.0978242562317,-0.5004270280024,-0.4011442306671,0.2294045848361,0.1984003007895,0.1512906697920,0.1742752308108,0.2812382313100,0.3799408754620,0.5411455753843
0.3773706017979,0.4833810160606,0.3113022734157,0.3769012598713,0.4655637297282,-0.1958751568055,-0.1121622465713,0.5303198666180,-0.0678266374929,0.0580658963230,0.2379793913753,0.2033189861632,0.0982951785564,0.0904472890067,0.2352275395913,-0.1319877900035,0.7173168619994,0.5830996360801,0.2493888063279,0.4474415877543,0.2916536451228,1.0000000000000,0.4127012735041,0.8893678218901,0.4199680940632,0.3320147908699,0.2042470994240,0.3687815082276,0.7460486005960,0.4822352900838,0.7645842683898,0.3004340517859,-0.0505919672697,0.2526381211131,0.2359386210582,0.0164479317853,0.2833167598636,0.0908118954524,0.2462650707475,0.4112504591878,-0.1748074190768,-0.2061504737035,0.1429132461498,-0.4183349260505,0.0103234005054,0.0378506791777,-0.1542842793382,0.0579965281049,-0.0347598857220,-0.4317005265314,-0.1685757676176,0.6328392492280,0.1317802753269,-0.2421756522449,-0.0187200785747,0.1912242066408,0.6406254121495,0.3171296258032,0.5911718891272,0.3487495046990,0.2327731151272,-0.1795874119116,0.2402711711882,0.6309743502055,-0.1905318541948,0.2289065719706,0.0435033787034,-0.1126728210692,-0.0387035653040,0.1071040344200
0.1002561896153,0.4123330086571,-0.1534892255543,0.7427210135829,0.3686351611023,0.3009345814658,0.2020485161639,0.2238154585448,-0.1458480478274,0.5934428445926,-0.0463774907118,-0.2573550906470,0.4893583623756,-0.3841345119702,-0.0304094186384,0.4551815192929,0.3194223725592,0.1225441778519,-0.2786144743727,-0.0278440553127,0.4565859096045,0.4127012735041,1.0000000000000,0.3013225856954,0.5540882988479,-0.0863649536577,-0.3516402246489,-0.1634826598530,0.1803230132599,0.2261335488945,0.5073794741919,0.2529971966822,0.1666778167617,0.5217872925682,0.5224337585392,0.3728793096553,0.3820534652832,-0.2811126695866,0.7403862879302,0.5090001254015,0.3569113689474,0.3197538201743,0.2447885772288,-0.1942919927604,0.6742124716788,-0.0565639077192,-0.3361980323119,0.5391858673018,-0.4134850181260,-0.1233135148416,0.4606285201781,0.3242110235558,0.1650643975526,-0.2274405490162,0.0452271680068,0.5544845902225,0.2907982378309,0.9123808474320,0.2380661533998,0.7468918314376,-0.2029572785665,-0.5015497748198,-0.2921576504649,0.2882246771659,0.1445554821942,0.3921367413853,-0.0195093333895,0.1807292747122,0.4843038093709,0.6072690787589
0.4375331529775,0.5630334997601,0.5466630317747,0.2867738447418,0.3817536519102,-0.3208336311756,-0.2400261502440,0.4864258733854,-0.0716038387763,-0.0901824152328,0.1590583554026,0.3263180795596,-0.0594742039272,0.2187951905880,0.2264649693009,-0.2968132666053,0.6731738644957,0.6509371827870,0.3857179926186,0.5708304426804,0.1483763656584,0.8893678218901,0.3013225856954,1.0000000000000,0.2489634792374,0.4672013555810,0.4065514934297,0.5905181056491,0.6738358866641,0.4105501448773,0.7374337047076,0.2452005020447,-0.1564078538137,0.1196695378719,0.1639637469024,-0.0877628765844,0.3815851582792,0.3126885950153,0.1363693115146,0.2459003474773,-0.3357642667375,-0.3585295993295,0.0578745650812,-0.4784794359781,-0.1391340710544,-0.0311504062943,-0.0959151158311,-0.1258958517607,0.0373615699069,-0.4709210962591,-0.3281976093891,0.6006337208904,0.2057308900694,-0.0864188535339,0.0611933491306,0.0236434110485,0.5053729636683,0.2270137733714,0.6665859835761,0.1510213590395,0.3844430071021,-0.0618938876416,0.4699698183256,0.5027793416572,-0.3070982892303,0.1420405637741,0.0868943674525,-0.2636751917395,-0.1949365953927,-0.0240670661421
0.2258060469104,0.3999614604884,0.0158063941125,0.6253929958101,0.3766937093171,0.1284633097232,0.2257312938326,0.6929651416024,0.0193035970573,0.6705174362362,0.1557554861835,-0.0615670930848,0.3993252724046,-0.2126206086237,0.1496879135691,0.2980930226991,0.3251630180646,0.1937642767053,-0.1376674753277,0.0487740230728,0.5015463788135,0.4199680940632,0.5540882988479,0.2489634792374,1.0000000000000,0.1283807651590,0.0042690283424,-0.0381483036444,0.5037221677656,0.2855586980256,0.5758639415732,0.1968944191401,0.1223887556455,0.4436538390838,0.3753302451408,0.2181696538113,0.1819512595788,-0.2442260601720,0.5418237891493,0.5217827432600,0.1994700120276,0.1617739963489,0.5692946837244,-0.2481233453888,0.6151768056183,-0.0436181211036,-0.3654073602284,0.3974488965284,-0.3531997789310,-0.1949117396721,0.2437570796016,0.2866676780802,-0.0729027000882,-0.1917886449846,-0.2491390379390,0.4929148396584,0.2084464947993,0.4722549216784,0.0002555406391,0.8819691755007,-0.0710540058489,-0.2629564526239,-0.1044265453266,0.4964956231562,-0.0374836101100,0.3074039498054,0.1860496727046,0.1223390855248,0.1593969194003,0.3543462926788
0.6455508040960,0.5786150728854,0.6777824286915,0.2650655673047,0.1991823296235,-0.3830549052163,-0.2196245002054,0.5297377872389,0.1275505727386,-0.0752552956159,0.2628589940766,0.6840339615912,-0.1826797417376,0.5638137747791,0.5700185425657,-0.3669046163315,0.0141595659990,0.6664318041676,0.6684380034260,0.7831646248744,-0.0164712649467,0.3320147908699,-0.0863649536577,0.4672013555810,0.1283807651590,1.0000000000000,0.7333971710772,0.7016544912158,0.2571962431133,0.4109622929980,0.3847680654350,0.1828567384152,-0.0823148731041,0.0026598332281,0.2201873726727,-0.1649790271320,0.4503316061968,0.3507420398112,0.1200774489910,-0.0327304509259,-0.4032106375973,-0.4552159002618,0.0233090704704,-0.3483762059349,-0.1722656588973,-0.0339563863088,0.0955559315331,-0.3652342202155,0.2536243281606,-0.1773556778457,-0.4761770134973,-0.0885489930975,0.0848917962901,0.2924194371828,0.1193082951756,-0.2267179784132,-0.0450966676457,-0.1706980087126,-0.0065647172635,-0.1162727402124,0.8631094800796,0.2481019212829,0.5945222840077,0.0555374647607,-0.4581351502508,-0.2845053141874,0.2879720207711,-0.3197483841034,-0.3862533312790,-0.0911839927540
0.4142942981082,0.4367356091433,0.7708120067982,-0.0788388819438,0.0971225829682,-0.4002971815137,-0.2356976429544,0.4807300079377,0.1891292218210,-0.3355843601728,0.2395791262118,0.6768789236022,-0.3389888856747,0.6009922318157,0.4328305626356,-0.5099901326301,-0.0440484209967,0.6008752906977,0.6898609291756,0.6592537701511,-0.2331298376136,0.2042470994240,-0.3516402246489,0.4065514934297,0.0042690283424,0.7333971710772,1.0000000000000,0.7535020335785,0.2516114289329,0.2870984582124,0.3162650399929,0.0989093471118,-0.1422074422135,-0.1390775043823,-0.0567260299268,-0.3997857016703,0.2323989384500,0.4536198626083,-0.2394479946164,-0.1200625456557,-0.4431437793816,-0.5508310234149,-0.0051978099446,-0.2702775792050,-0.4487021831451,-0.0873162844528,0.0888750479577,-0.5017392755249,0.2976825330906,-0.2453774838669,-0.5956632286303,-0.1294724834305,-0.0400158286154,0.2415428180603,-0.0572528057446,-0.4393196121696,-0.1537592060656,-0.3379355300019,-0.0934139437564,-0.2775834776119,0.5952605853185,0.4929502337445,0.7095857884547,0.0441332550952,-0.4590474966399,-0.3153672204552,0.2415100724465,-0.3874409438263,-0.5652095748225,-0.3793977068371
0.3944392458792,0.4735134757806,0.9208436333809,-0.0021224471406,0.0739668089496,-0.5263727593862,-0.4224189269761,0.4319092599952,-0.0280015091927,-0.3611721381136,0.0887838333523,0.5623960520327,-0.4463955768491,0.5824270574153,0.2828473038802,-0.5749961918152,0.1667033969558,0.5446622656594,0.6462454374677,0.6424168031786,-0.3107900443427,0.3687815082276,-0.1634826598530,0.5905181056491,-0.0381483036444,0.7016544912158,0.7535020335785,1.0000000000000,0.3417128561231,0.1366223777891,0.3647042628318,0.0566497930988,-0.2917951981799,-0.3116841178826,-0.2147784638354,-0.4441203526827,0.4042368856650,0.7471304780701,-0.1490315869552,-0.1474964040583,-0.5673627449575,-0.6305222138072,0.0381226132146,-0.4012000121237,-0.4085769116867,-0.1825335791381,0.1588074527415,-0.5673817753046,0.3478620814573,-0.3831830530728,-0.6296968737581,0.1056666024420,-0.0237451761780,0.2179549878437,-0.0271048428769,-0.4839755230633,0.1202460804504,-0.1587337901882,0.2412054550628,-0.2507285174584,0.6503157122117,0.3176112626580,0.9308987796802,0.1638923040374,-0.5986570532981,-0.2177267862892,0.0857458408219,-0.4547099451987,-0.5816746589986,-0.4522943844070
0.2291479923689,0.3703874403318,0.2739425935619,0.1663307778886,0.5179074464970,-0.3279012772854,-0.1536443734179,0.6389341258917,-0.0867746465222,-0.0454014694161,0.2452418996325,0.1437190755955,-0.0060018913501,0.0215687489427,0.1183299692838,-0.2406190608833,0.6988622818954,0.3662139131099,0.1045068642818,0.2541805324573,0.2349537920002,0.7460486005960,0.1803230132599,0.6738358866641,0.5037221677656,0.2571962431133,0.2516114289329,0.3417128561231,1.0000000000000,0.2957975111492,0.6225732315979,0.1923669007608,-0.1461013044342,0.0822909569941,0.0326208184908,-0.0462652840711,0.1399327683567,0.1230704094679,0.0401502900092,0.4962749540619,-0.2746730614582,-0.2485901084585,0.3990025164315,-0.4006663101820,-0.1123166692519,0.0987925793556,-0.1901566818591,-0.0100161859688,-0.1360357535417,-0.4874610379721,-0.2455560294140,0.6236261116997,-0.0261482403517,-0.3172572742393,-0.2109564776937,0.1460198223261,0.5673758770486,0.1790053300733,0.4649376850168,0.3652737336423,0.1149130543876,-0.1194907617850,0.2934642664988,0.8797071551623,-0.2756914890484,0.2984373694788,0.0389690439915,-0.1904950022362,-0.1774040608847,-0.1025938369722
0.5843371690683,0.3489256507114,0.1357639204190,0.4250219914186,0.4814594413579,0.0720405847098,0.2732086525249,0.4815323804871,0.3059433214640,0.1685193730876,0.5288273931912,0.4437048785422,0.2854102974460,0.2783510041588,0.7432361635931,0.0984874273647,0.1566748879082,0.5054672530361,0.3904501855114,0.4810705974831,0.3671934458228,0.4822352900838,0.2261335488945,0.4105501448773,0.2855586980256,0.4109622929980,0.2870984582124,0.1366223777891,0.2957975111492,1.0000000000000,0.5794861146562,0.3810267434642,0.2276290649659,0.6598663468449,0.4615228492261,0.1392010888337,0.0880100861085,-0.1744547366651,0.3085448894378,0.4071732857475,0.1512135991329,-0.0139918608451,-0.0966792414760,-0.1324819888074,0.1124054301968,0.1506708311253,-0.0270359028102,0.2076752376686,0.1068977480402,-0.0649575962446,0.0327558832274,0.0590223139243,0.0965455554050,-0.0262646746429,0.0559667956482,0.2349311689628,-0.0137447689702,0.1057780620990,-0.0266650271835,0.1514994240488,0.1820115198671,-0.2271737283989,0.0646443975545,0.1715605216334,0.1443556211971,-0.1233071514722,0.0758008721145,0.0722080948541,0.2311968100866,0.3248900701145
0.5752979982913,0.6121167303690,0.3411810799651,0.4793342200624,0.5064794618969,-0.1774776675940,-0.0488080461869,0.7340792646703,-0.0243170022308,0.1384586466938,0.2447497190385,0.3020055200279,0.1552696130019,0.1759486826947,0.3561657324900,-0.1402734870215,0.4249500432001,0.6198966521329,0.3083209143299,0.5204515746940,0.3052114923276,0.7645842683898,0.5073794741919,0.7374337047076,0.5758639415732,0.3847680654350,0.3162650399929,0.3647042628318,0.6225732315979,0.5794861146562,1.0000000000000,0.3316419014181,-0.0216613951074,0.3268253014087,0.2524085027427,0.1557729853505,0.3909394354876,0.0512668894539,0.3124582167369,0.4426217278404,-0.1625815045364,-0.2540575590672,0.3472785882397,-0.5080511492129,0.0994935927499,0.0095512035197,-0.1788607373946,0.0673973621398,0.0002887572997,-0.2695655721023,-0.1989575879327,0.3259630577320,0.2613810605123,-0.1965310787015,0.0854894994218,0.1790828268601,0.3140374145937,0.4319778870614,0.3236295473744,0.4662813657396,0.2274274843567,-0.1446928988925,0.2366997344853,0.5085464931785,-0.1728968723972,0.3597009819840,0.0767931648207,-0.1354404701381,-0.0389591375114,0.0990605331694
0.2338797419508,0.2311389515088,0.0077958725619,0.2928314221248,0.2976737167215,0.0727743838752,0.1255058399432,0.2515649140407,0.1831759364457,0.0984576476839,0.1067901702000,0.1853397761896,0.1895457893860,0.1825101996305,0.1993520009305,0.0608892044139,0.1835945675936,0.2340238167768,0.1392029484749,0.3015028991980,0.2123758908578,0.3004340517859,0.2529971966822,0.2452005020447,0.1968944191401,0.1828567384152,0.0989093471118,0.0566497930988,0.1923669007608,0.3810267434642,0.3316419014181,1.0000000000000,0.1662421589528,0.1930836167940,0.1607564398059,-0.0292555452149,0.0845176730717,-0.2390961070681,0.1447518229260,0.2603648313338,0.0357280964280,0.0009675294587,-0.0226072191448,-0.0888597085396,0.0759438852821,-0.0005163440638,0.0325859684290,0.1585793395178,0.1319521168708,-0.1313187159030,0.0034580908724,0.1637384009559,-0.0600898043478,-0.1551540087719,-0.0727329454752,0.2149082196781,0.0665589305513,0.1349686501243,0.0049437610636,0.1406658460789,0.0396693239374,-0.2123337360978,-0.0612082613243,0.1631077437405,0.0478593874549,-0.0395041911797,0.0925509606040,0.0844799855550,0.0567895444393,0.1391078374527
-0.0472175329228,0.0445314798712,-0.2506559434500,0.3005542902888,0.0716990586805,0.6527452161942,0.5435290605079,0.0094438786959,0.3707561806529,0.3473797450045,0.1689177597001,-0.0823783067657,0.3318356852563,-0.2370571761983,0.2513215013031,0.5602765988408,-0.0860958633290,0.0396461683786,-0.1245675773459,-0.0263957304113,0.2519295434164,-0.0505919672697,0.1666778167617,-0.1564078538137,0.1223887556455,-0.0823148731041,-0.1422074422135,-0.2917951981799,-0.1461013044342,0.2276290649659,-0.0216613951074,0.1662421589528,1.0000000000000,0.2909865882526,0.4149693784309,0.0517287984024,-0.1360399404253,-0.4950760051442,0.2451815937984,0.2199909489819,0.5605261837289,0.5333787698473,-0.2459518119087,0.3799642642809,0.3224418038608,-0.0074623367696,-0.1990461347535,0.3365927731806,-0.2995791154035,0.1839711436342,0.4810908471443,-0.1127798953632,-0.1494274841430,-0.0956393932366,-0.1077100670267,0.2924704241666,-0.2609969708959,0.0629909253548,-0.3261023097535,0.1614364441251,-0.1907001158077,-0.3777462272233,-0.3848583679059,-0.1399377465796,0.1316667506107,-0.2534146251177,0.0304914857003,0.7189762688803,0.1888309379623,0.4450739791704
0.1677069594456,0.2213317851282,-0.2629386207555,0.5461774072971,0.4336105288582,0.3496196069398,0.4303198490678,0.2056567149449,0.0920499830740,0.5593836402785,0.3108214109483,-0.1060820545649,0.6260943301176,-0.2271824365513,0.3274283397614,0.5088178712867,0.1066986045267,0.1780244980503,-0.1451052602498,0.0488467712361,0.5470075378325,0.2526381211131,0.5217872925682,0.1196695378719,0.4436538390838,0.0026598332281,-0.1390775043823,-0.3116841178826,0.0822909569941,0.6598663468449,0.3268253014087,0.1930836167940,0.2909865882526,1.0000000000000,0.7106193846397,0.3442598149276,0.0483236675476,-0.4934643940424,0.5797434715758,0.5024045084473,0.5070505652694,0.3819618599848,-0.0256293009403,-0.0039627381073,0.5633217036208,0.1772317629382,-0.3463565203691,0.6303585033904,-0.3203570416256,0.0259764847669,0.5086240077557,0.0861472546651,0.0915379587357,-0.1366089642034,0.0533901093823,0.5840443016370,-0.0498466918568,0.4565420086793,-0.0963953062014,0.4773964677624,-0.2201156150149,-0.4069652975521,-0.3597753240437,0.0739822709707,0.4764603672856,0.0360912526951,0.0179904897742,0.2900950472057,0.7179850422755,0.7027629178071
