1.0000000000000,0.2801683676871,0.2980639370551,0.2219851198062,0.2613738147412,0.0200659008650,0.1174333424106,0.1212668683512,-0.0155679407567,0.0484964341222,0.1316882789846,0.2899977092491,0.3063604527295,0.1934508371644,0.6954232813344,0.0487462899462,0.1961487008763,0.3541661438726,0.4199373186202,0.3973858323510,0.2625158348833,0.3166568714394,0.2622293519513,0.3183313784269,0.2015529338904,0.2423187859796,0.2182484281334,0.4023471362690,0.0943041987219,0.5201310531487,0.2154450897934,0.1193706028400,0.0730968954941,0.2059234139787,0.2939557135395,0.4675473481636,0.1798503929942,0.1438363887278,0.2949109785644,0.2218822768222,0.0285851020334,0.0402213669515,-0.0845649085751,-0.0999127909761,-0.0086061053096,0.1130138385337,0.0513894020562,0.1916967793659,-0.0067391503418,0.0896453008980,0.0654341577632,0.1966091969680,0.1272869739117,0.0648935843163,0.0388236323037,0.2027656364128,0.1521425283283,0.1035969344832,0.1738392383108,0.1546243150449,0.0689815793403,-0.0701864526240,0.3146540626843,-0.0304622403264,0.1229767663776,-0.0071828941752,0.1038916618380,0.1031307137046,0.0646878678059,0.1151862298741
0.2801683676871,1.0000000000000,0.4710890406272,0.7196433843801,0.5014751377466,-0.1115923848232,-0.0219711831532,0.1852636736006,-0.0506002074719,0.2199803024753,-0.0312288336000,0.4160857830915,0.3327020440414,0.2943388831395,0.2504407559244,0.0639226925210,0.4401624601709,0.6009725275218,0.3338587774792,0.5042174231732,0.3725047629431,0.6427487816124,0.6556620148558,0.6871897547431,0.3395903697260,0.5629288028121,0.6373786190266,0.5835652850176,0.5004275279268,0.5038361359527,0.6090763883641,0.2111007458037,0.0319976511030,0.5103373575641,0.6296127056115,0.2068590838296,0.7576054418387,0.4820753180215,0.7036241451765,0.3288176837677,-0.2092304041892,-0.1250170678479,-0.0335025585124,-0.2489829834428,0.2061334419529,-0.0602434342908,0.1691530937445,0.2469562004242,0.1331199995108,-0.1575087552040,0.0724830550502,0.5000866592120,0.5033211864734,-0.0841308167043,0.3168377714978,0.3370899698230,0.5287793531672,0.6010966942927,0.5339659157469,0.3232279455887,0.3604633740962,0.0771703384180,0.6403122766644,0.0953229845974,0.1282208454362,0.4710966230281,0.1376288219100,0.0556339977467,0.2157998403723,0.4752232408057
0.2980639370551,0.4710890406272,1.0000000000000,0.4034827079143,0.4022245876249,-0.1134894543064,0.0147380267895,0.5343588867322,0.0092216945803,0.3827516312926,0.0116241109777,0.2995075872213,0.2936591109402,0.3164339529349,0.2862802774421,0.1433773272284,0.5483345611271,0.6047243508648,0.3917412570988,0.5768411536255,0.4063073971191,0.6470568608087,0.5478370491241,0.6786098737266,0.5799466355766,0.4414257674563,0.6414081612085,0.7020532430484,0.4808376387852,0.3295632084870,0.5168127682256,0.1155870093010,0.0438853731507,0.2348471737389,0.3666247579501,-0.0975444078401,0.1459847761565,0.6982804492075,0.4317972121679,0.2578457141930,-0.0966027765625,-0.0285637073064,0.1057895618370,-0.1220288389155,0.3255983632226,0.0620205829224,0.0460282999707,0.2327129048869,0.1251079782447,-0.2473552738186,0.1153024924309,0.5175372704180,0.3251106783416,-0.1020499654918,0.2390973299292,0.3302854804484,0.4072697871995,0.3671944801287,0.3590797939377,0.3829869328352,0.0801355836585,0.2102122523178,0.5198241625178,0.0860860471883,-0.2062789815421,0.1685422181045,0.1077028708646,0.1619816627192,-0.0786789398405,0.1431630366656
0.2219851198062,0.7196433843801,0.4034827079143,1.0000000000000,0.4050954550051,-0.0569308104870,0.1544588333843,0.1194913740909,0.1601632117430,0.3046811064680,0.1159728742317,0.4839717006181,0.2719489187745,0.3913589394125,0.3377863612840,0.1554174021267,0.4305413390841,0.5024255131880,0.4406296880616,0.5143057275181,0.2609021303398,0.5516804236272,0.5017344090968,0.5768068091094,0.2900097555912,0.5773569179773,0.6094920085945,0.5156429352512,0.3783685535910,0.3839271770105,0.4761153339817,0.1671294690223,0.1725420833785,0.4030677958717,0.6222444034176,0.0414375572498,0.5071251170283,0.5002874089777,0.7624747684919,0.1401598365212,-0.1125917204561,-0.0101528948877,-0.0911759770912,-0.0494423472265,0.2703430206330,0.0083446360840,0.2444673172045,0.1534908653785,0.2041346466545,-0.1188040540211,0.0179929982937,0.3670944031847,0.4105003049964,-0.0205732917875,0.2545745388080,0.1892877802410,0.3410690164764,0.4664085430731,0.3597430087325,0.2351176943202,0.3220833152724,0.0372262187765,0.5489633939709,-0.0710379578314,-0.1160682017296,0.3584857453788,0.1022942119805,0.2392766932643,-0.0065992799512,0.3576586935873
0.2613738147412,0.5014751377466,0.4022245876249,0.4050954550051,1.0000000000000,0.0066542718342,0.2566145949523,0.3443950470977,0.1987179565318,0.4717035016833,0.3541826549315,0.4138143987765,0.7034218684088,0.4875503696107,0.3303771526734,0.3786038422373,0.3016573631184,0.4146316032593,0.4652682586601,0.5583739314361,0.7279968222792,0.4845914653121,0.3468595478675,0.4824022629182,0.4862007971518,0.5995637398499,0.4994239647764,0.4367589697579,0.4875302937723,0.5554843123333,0.3655613475206,-0.0750375239216,0.1066631993613,0.5313879339369,0.5725344803160,0.1183435056391,0.2369523626644,0.4806112474055,0.5211605939223,0.8015597253879,-0.0357420227698,0.1323945941495,0.1615810797277,-0.0117434628960,0.3928667063225,0.3271593325526,0.2743419599240,0.6185429475840,0.3267604974038,-0.1487242181932,0.2941654165472,0.3331519875667,0.3945252124553,0.0329306263182,0.2549933228822,0.7169569164247,0.3856745649747,0.2602371833081,0.3498442195929,0.4084495582154,0.2657089163617,0.1792654275064,0.4451065758402,0.1334538992111,0.0759948008259,0.2831910559114,-0.0625648239671,0.1534116464379,0.1488448676875,0.4360395535752
0.0200659008650,-0.1115923848232,-0.1134894543064,-0.0569308104870,0.0066542718342,1.0000000000000,0.5272287668480,-0.1802887956625,0.6163510088385,-0.0432846063986,0.5295983430366,0.1151829202275,0.1566842098171,0.1910135674080,0.1265352237286,0.4436777631877,0.0317177889217,-0.0558272783621,0.0712785328768,-0.0233126812001,-0.1934710445894,0.1042332523552,-0.0613601456371,-0.0111604107448,-0.1258028488524,-0.0266869985473,0.0437934475417,0.0278991045139,-0.0435432212541,0.1066350486393,0.0506860140512,-0.0123047461491,0.6534508192146,0.1496352121455,0.1105263298869,0.0271998860768,-0.1729685946601,-0.0358497765649,-0.0357727729416,-0.1278288554452,0.7702883412689,0.6677023731265,-0.2123549451892,0.6977474543213,-0.0237615747747,0.5331625774018,0.2021157270847,0.0836156208470,0.0910592320184,0.4672287044590,0.2573545372470,0.0369088919755,-0.0798886313052,0.0107865888945,-0.1031590119748,-0.1208877347774,-0.0002031674323,-0.0992059102900,0.0040740028044,-0.0642243895312,-0.1107272570170,0.0143178234728,0.0317790661247,-0.2720375473067,0.1085582038313,-0.0060449311755,-0.1810488088228,0.4505737058235,0.0272490544608,0.0675903221520
0.1174333424106,-0.0219711831532,0.0147380267895,0.1544588333843,0.2566145949523,0.5272287668480,1.0000000000000,-0.0741414571275,0.8369812029001,0.1966440455329,0.7072462388731,0.4420493143201,0.5652946289505,0.4522368622170,0.3981480728282,0.6808363046467,0.1310967337741,0.0050156403795,0.4590233919051,0.2414123344105,0.2677618461383,0.1734202916417,-0.0435661592081,0.0735885952236,0.0397100848159,0.2960192265339,0.2508247773505,0.1350596724114,0.0638803502992,0.2844018558902,0.0309326185658,-0.0669133738327,0.6749220489054,0.1647934486154,0.2530212412639,-0.0762509584512,-0.2261207213581,0.1954040386633,0.1747978998641,-0.0182902334953,0.5296911476684,0.7921993753971,-0.2468021519823,0.6298514547544,0.1204065600292,0.6020938203513,0.3861936975678,0.4811618475593,0.2894655464123,0.2548940914640,0.2651450464650,0.0500095980483,-0.0448869478242,0.2051156241527,-0.0422617476468,0.2282638043834,0.0022218282195,-0.0970311536812,0.0294907989508,-0.0282831487619,-0.0496374085001,-0.0096818052730,0.1344587479102,-0.2458782136148,-0.1168186755154,0.0079591177065,-0.2877679046756,0.6061388819603,-0.2729813784265,0.0115128944372
0.1212668683512,0.1852636736006,0.5343588867322,0.1194913740909,0.3443950470977,-0.1802887956625,-0.0741414571275,1.0000000000000,-0.1130679720972,0.4702469437153,0.0106409919171,-0.0653918520597,0.2232241613928,0.0291372064561,0.1976612767736,0.1388637807659,0.2207097103997,0.2686691335405,-0.0387295091982,0.2394175449510,0.3459829607364,0.2329241184361,0.1877891614988,0.2270246627967,0.6887517428740,0.2642846308728,0.3213515455231,0.2317490782522,0.4448519827938,0.1379970103504,0.2874700331516,0.1025798238918,-0.3099828480373,0.0635693642000,0.1191639339647,-0.2763149146571,-0.1168119950168,0.1885746983824,0.1717244826058,0.4075691127347,-0.0751602512154,-0.2282226505974,0.4070442548588,-0.3127612412542,0.3983586051155,-0.0834820639689,-0.3377045177812,0.2213152725188,-0.0033717161256,-0.3885361401199,0.1816528809460,0.2976681701883,0.0162578178933,-0.3954867021344,-0.1050175362550,0.2661247915972,0.0408735370928,0.0013740157700,-0.0912984193035,0.4480285682087,0.1622930504031,0.0698554162634,0.1357616357382,0.4095879543452,-0.2302942625988,-0.1694387043960,0.1540157127460,-0.2216241599702,0.0698850277260,-0.0322249779214
-0.0155679407567,-0.0506002074719,0.0092216945803,0.1601632117430,0.1987179565318,0.6163510088385,0.8369812029001,-0.1130679720972,1.0000000000000,0.1094788317650,0.6860849084364,0.4793044182149,0.3989859622515,0.4891342150360,0.3500495843878,0.6505788776567,0.1702816124475,0.0589373972140,0.4631811171560,0.2637831840237,0.1782724079870,0.1708051949569,-0.0429335276769,0.1014131619528,-0.0449787037527,0.2300541353519,0.2503175466378,0.1148709549104,0.1192707585065,0.2282122630119,0.1153857679862,-0.0677157846798,0.7308300814106,0.1563128792376,0.2606461024418,-0.1747673287143,-0.2522006527424,0.1877670691476,0.1216373707769,-0.1404638073249,0.4934392349172,0.7374452793193,-0.3031105822323,0.7644588315104,-0.0263485047885,0.5837735535565,0.4653022138316,0.2995634716469,0.2812775490426,0.2768171847073,0.1888499651551,0.0767648539879,-0.0000535052409,0.1987841199668,0.0254952098723,0.1697453416862,-0.0123668899517,-0.0625495219036,0.0429683705230,-0.1249607393524,-0.1126559872638,-0.0120751765029,0.0826454339293,-0.2492693089770,-0.1796132742471,0.1210807298567,-0.3607003551393,0.6270162935861,-0.3569108377510,0.0125534088889
0.0484964341222,0.2199803024753,0.3827516312926,0.3046811064680,0.4717035016833,-0.0432846063986,0.1966440455329,0.4702469437153,0.1094788317650,1.0000000000000,0.1446023094543,0.2275082143959,0.3426363146162,0.4875166351503,0.2036000677413,0.4126057693868,0.2032526423377,0.1924796936565,0.2372942983394,0.3193391840789,0.3627441751143,0.3332760698748,0.2310409629066,0.2641645154112,0.5425092237238,0.6405575379508,0.3233686681275,0.3226548782043,0.1773653319545,0.1638014815171,0.0618377184142,0.0292445274503,0.0879835687731,0.1992264291815,0.2349023797677,-0.2864773738108,-0.0725734978831,0.3151522190124,0.4109455856392,0.3970836413932,-0.0259246880889,0.1077365610734,0.0799808537464,-0.0299875010118,0.7499819255299,0.1653571029847,0.0882538157762,0.3360434055176,0.5008650854258,-0.2558008885067,0.3325956692401,0.1827796543358,0.0313534919276,-0.1545534319747,-0.0072179900640,0.3209260878126,0.2532238967089,0.0556290529551,0.1125002377644,0.3593517005742,0.3272554823785,-0.0719725638803,0.2552441933463,-0.0671463747310,-0.2171404082157,-0.1033034967411,-0.1050567290624,0.1615200461985,-0.0392808061619,0.0749837590821
0.1316882789846,-0.0312288336000,0.0116241109777,0.1159728742317,0.3541826549315,0.5295983430366,0.7072462388731,0.0106409919171,0.6860849084364,0.1446023094543,1.0000000000000,0.2920175801926,0.5794263988768,0.3670742906866,0.4563824910975,0.5030844761311,0.1652434514654,0.0446630445543,0.4227331940659,0.2127673521820,0.2728377626594,0.2101906727640,-0.0524941602514,0.1180679045476,0.0213332177010,0.1713971953192,0.2953438985705,0.1835386457675,0.0734057947513,0.3625372071697,0.1374131532140,-0.1163145111456,0.4497420543905,0.2416537301059,0.2764813705924,-0.1148567634747,-0.1592480880385,0.1225704211336,0.1060092343291,0.1522789417924,0.5463914242530,0.6141353188709,-0.2257933799075,0.5742003173875,0.0410009056271,0.7722163714778,0.2432866304054,0.4957489237720,0.2221049937283,0.2485011463898,0.1490317609747,0.1296164320164,-0.0457036807162,0.1107496422522,-0.1164721574586,0.2531929191769,0.0164160644853,-0.1006866387921,0.0234288480395,0.0210933903872,-0.0908391190118,0.0971627079347,0.1527923699488,-0.2393559078264,-0.0799901633801,0.0374042146039,-0.2357949642924,0.4536615138790,-0.1516165062496,0.0517937267862
0.2899977092491,0.4160857830915,0.2995075872213,0.4839717006181,0.4138143987765,0.1151829202275,0.4420493143201,-0.0653918520597,0.4793044182149,0.2275082143959,0.2920175801926,1.0000000000000,0.4084179855333,0.7957521327687,0.5204238618349,0.3751680924300,0.2556740475605,0.3166693611416,0.8109431564142,0.6031012999484,0.3710039401142,0.4261168443946,0.2773668861346,0.3933067356477,0.0410616830847,0.6459454682563,0.5713858430726,0.5369611497276,0.1450021202660,0.4521822392543,0.2172862793832,0.0150407718993,0.4779233645564,0.3356366389450,0.5423244540220,0.0219983641697,0.2090203904419,0.4132397548434,0.4857810477273,0.0566142460734,0.0012749581026,0.2756962978008,-0.3526948857008,0.2341793605984,-0.0038434775575,0.2654041482727,0.7787978787297,0.2548086226747,0.6048776298285,0.1362040937758,0.0527328897519,0.1962330310765,0.2202415532691,0.4760622677491,0.3360372208720,0.3183285476694,0.2302020252304,0.1752180124365,0.2706641715471,-0.0841127598825,0.2756729406675,0.0116088773441,0.5030027802486,-0.2748622849046,-0.0872435902862,0.1644014637042,-0.0678460719198,0.4236256454518,-0.2128272384386,0.3054873273207
0.3063604527295,0.3327020440414,0.2936591109402,0.2719489187745,0.7034218684088,0.1566842098171,0.5652946289505,0.2232241613928,0.3989859622515,0.3426363146162,0.5794263988768,0.4084179855333,1.0000000000000,0.4778111140250,0.4892428575261,0.5427126692919,0.2588267982442,0.3207393779158,0.5093845090495,0.4586550268875,0.7687664052631,0.4465858926186,0.2915108483491,0.3779890566301,0.4083072533775,0.5030801865785,0.4684628564664,0.3145956909337,0.4240900821704,0.6323524180631,0.3658658256660,-0.1423876568850,0.2362623296809,0.4425327047363,0.5000680555865,0.0744608431085,0.0796944475325,0.3952572976993,0.4652005463066,0.5334507545895,0.1409555363349,0.3496098232310,0.0441849384799,0.1361332985080,0.3067384558625,0.5120757760407,0.2924114124070,0.8886082015867,0.2622976610037,-0.0143712112268,0.2507537354841,0.2697367965925,0.2844174414650,0.1164536752914,0.1074264391290,0.7471891068249,0.2712869491845,0.1642623366171,0.2351293175198,0.3511424181785,0.1128851171581,0.1578680401174,0.3240281760729,0.0232758417381,0.1027911452909,0.2352926841383,-0.1698121656255,0.2883842978749,0.0630390833432,0.3092913426616
0.1934508371644,0.2943388831395,0.3164339529349,0.3913589394125,0.4875503696107,0.1910135674080,0.4522368622170,0.0291372064561,0.4891342150360,0.4875166351503,0.3670742906866,0.7957521327687,0.4778111140250,1.0000000000000,0.4885790314957,0.5701422735121,0.3305412067604,0.2580047328142,0.7727686552743,0.5776228843632,0.3765108350958,0.4630353142792,0.2282723889544,0.4061668291292,0.1320934958103,0.7391011411031,0.5022972574288,0.4611277611507,0.1346882209836,0.5018558765526,0.0883948790511,-0.1923630892197,0.4541240649268,0.4439475114791,0.5347193297530,-0.1195387272245,0.0415721661091,0.4998027199236,0.4665560866787,0.1532230330746,0.0456018602050,0.3263323763794,-0.2448245623322,0.2923529413491,0.2215844808134,0.3539235075053,0.7367309166428,0.3349483348947,0.8312495609247,0.0930243092561,0.1991917488844,0.2186028883730,0.2152262072317,0.4498554760625,0.2531319282201,0.3552877610307,0.3068502753233,0.1276705073714,0.2905728053786,0.0126332605707,0.3109136807502,0.0362163621720,0.4241760589246,-0.3103531120776,-0.0654737064530,0.0878498766238,-0.2112137149185,0.4695754554091,-0.1700960864302,0.3157910212057
0.6954232813344,0.2504407559244,0.2862802774421,0.3377863612840,0.3303771526734,0.1265352237286,0.3981480728282,0.1976612767736,0.3500495843878,0.2036000677413,0.4563824910975,0.5204238618349,0.4892428575261,0.4885790314957,1.0000000000000,0.3407178544233,0.2298536653657,0.3229177797864,0.6428433957889,0.4784467380052,0.4054291926230,0.3419524295981,0.2097110578803,0.2966318873508,0.1815075407458,0.4315279632668,0.4073248716540,0.4450925628287,0.0790795833298,0.6129841227983,0.2597732534075,0.0326916675294,0.2417343976530,0.2410242600731,0.3844338168495,0.0826521144431,0.0670631127085,0.2213011846741,0.3556485907444,0.0914709185272,0.1099281892401,0.1960204322658,-0.2052985238560,0.1043165585705,-0.0128879405525,0.2382646832703,0.2756953146249,0.3549785061075,0.2340275092640,0.1128665766018,0.0497581918342,0.1741590586890,0.0293914877865,0.1638198009924,-0.0203356537177,0.2946586908514,0.0845238601728,0.0285306672694,0.0780759402217,0.0495288808712,0.1013549674757,-0.0506017770509,0.3691120171065,-0.1813575881625,-0.0672663133966,0.0055233458413,-0.0225887032553,0.3130320722279,-0.1601331350931,0.0673287863394
0.0487462899462,0.0639226925210,0.1433773272284,0.1554174021267,0.3786038422373,0.4436777631877,0.6808363046467,0.1388637807659,0.6505788776567,0.4126057693868,0.5030844761311,0.3751680924300,0.5427126692919,0.5701422735121,0.3407178544233,1.0000000000000,0.2059297508415,0.1113597756348,0.3793117104702,0.2928323956856,0.2879337625790,0.2903108061835,0.0691165813295,0.1850324975096,0.2250503088453,0.4918352659200,0.2681537664486,0.1750909374219,0.1622591286211,0.3533290156352,0.0697943718737,-0.2085026696630,0.5237009869997,0.3112713718643,0.3953410194836,-0.1401209385962,-0.1915201565844,0.2846792608773,0.2805300950249,0.1364945509215,0.4114729174370,0.5498117623960,-0.0239695223275,0.4432322018870,0.3445095624961,0.4222344102058,0.3735925705256,0.4904998132082,0.4925142078003,0.1514208938567,0.5257429963686,0.1408180933857,0.0751095126369,0.1408497093496,0.0270531992737,0.2818940497044,0.1388461983562,-0.0427868253579,0.0648603296740,0.1568609635816,0.2138001396585,0.0440887439069,0.1868418732196,-0.1275709464560,-0.0376261500593,-0.0101820697804,-0.2930436329769,0.4872400659817,-0.0838386142068,0.1958847608113
0.1961487008763,0.4401624601709,0.5483345611271,0.4305413390841,0.3016573631184,0.0317177889217,0.1310967337741,0.2207097103997,0.1702816124475,0.2032526423377,0.1652434514654,0.2556740475605,0.2588267982442,0.3305412067604,0.2298536653657,0.2059297508415,1.0000000000000,0.3988070502602,0.2621817285445,0.3772646038218,0.2537194659886,0.7687164217152,0.5577663282123,0.7965642511572,0.3880750299527,0.3529574625409,0.4004026289422,0.3928495010619,0.6011979672782,0.4217233117909,0.4979794492787,0.1221798845787,0.1494336297161,0.3977335634775,0.4997967794960,0.0456125959603,0.2693488540817,0.4773631621147,0.3515095815473,0.1645237162458,-0.0153025054662,0.0723076110097,-0.0581314097941,0.0584251629691,0.1145841970511,0.1550989327648,0.1005757207900,0.1728350720725,0.1611871144026,-0.0825375475107,0.0808541492194,0.8500302761336,0.3367236031171,-0.1734273987142,0.1300946162023,0.1739266414072,0.6491870406452,0.5051069805506,0.6162443788080,0.3501681647484,0.1051204418908,-0.0039611430785,0.2867709857450,0.1865720825566,0.0263388816084,0.4277076943632,0.1002653365100,0.1697701629415,0.1240407081157,0.3016781698899
0.3541661438726,0.6009725275218,0.6047243508648,0.5024255131880,0.4146316032593,-0.0558272783621,0.0050156403795,0.2686691335405,0.0589373972140,0.1924796936565,0.0446630445543,0.3166693611416,0.3207393779158,0.2580047328142,0.3229177797864,0.1113597756348,0.3988070502602,1.0000000000000,0.4367366008159,0.7854723741138,0.3844557026905,0.5913900359379,0.5231581397751,0.7163660656170,0.3000425505290,0.3673167302853,0.6629830849270,0.5546276610199,0.4926577620682,0.5455012791196,0.7443774618837,0.1210410711791,0.0409921268083,0.4441371682733,0.6130322684842,0.1741939680344,0.3383849224120,0.4371417140989,0.5608774315704,0.2727324335586,-0.1557184912986,-0.0971061339223,-0.0823508473415,-0.1725209835155,0.1808810695219,-0.0487608375614,0.0038533429534,0.2351880544321,0.0030608289001,-0.3019694630063,-0.0152021795926,0.3997557012966,0.6918144318782,-0.0950592285386,0.5596991296133,0.3466990299267,0.3607157385537,0.4705408673713,0.4444479848495,0.1954626639521,0.0783321453348,0.1382564495658,0.4322611868153,-0.0582544398705,-0.0043344356338,0.4461131917991,0.0547051808090,0.0772860593664,0.0636531555899,0.2931260101008
0.4199373186202,0.3338587774792,0.3917412570988,0.4406296880616,0.4652682586601,0.0712785328768,0.4590233919051,-0.0387295091982,0.4631811171560,0.2372942983394,0.4227331940659,0.8109431564142,0.5093845090495,0.7727686552743,0.6428433957889,0.3793117104702,0.2621817285445,0.4367366008159,1.0000000000000,0.7605311743636,0.4132665417855,0.4275672623630,0.2357352366877,0.4251357694260,0.0292298290029,0.5342730923395,0.6038851312011,0.5772345224834,0.1135129192040,0.5746942787349,0.2176721796269,-0.1679738197735,0.4203930972789,0.4000239124544,0.5560618294449,0.0602982660337,0.1385669877207,0.4981718768793,0.4489223447236,0.1454693558520,0.0232576472265,0.2764706014280,-0.3171530104501,0.1909382332212,-0.0123273859980,0.3474036156178,0.6590674088529,0.3680609151861,0.5181518413432,0.0712543746614,0.0459875381771,0.1740696095861,0.3060853719340,0.5791116543622,0.4238530931942,0.3988102620892,0.2620674519135,0.1574451667592,0.3303658694838,-0.1102665715133,0.0904008865130,0.1264199679211,0.4863716652411,-0.3561832672686,-0.0784397767393,0.1802815915987,-0.2040053936425,0.4684175952059,-0.2450851051347,0.2742597948264
0.3973858323510,0.5042174231732,0.5768411536255,0.5143057275181,0.5583739314361,-0.0233126812001,0.2414123344105,0.2394175449510,0.2637831840237,0.3193391840789,0.2127673521820,0.6031012999484,0.4586550268875,0.5776228843632,0.4784467380052,0.2928323956856,0.3772646038218,0.7854723741138,0.7605311743636,1.0000000000000,0.4695536493514,0.5251065124170,0.4061148596165,0.6249233558658,0.2332900070309,0.5659064582004,0.7193919475157,0.5932809791549,0.3351145254980,0.6149695421569,0.4535162573527,-0.0429789837023,0.2105339320086,0.5160570930383,0.6848556542081,0.1097649516200,0.2063284149702,0.5479443821311,0.5886153231520,0.3237089806789,-0.0984861178599,0.0532673610935,-0.1162652969836,-0.0365380928684,0.1829884400228,0.1291098699261,0.3315493700489,0.3495204056994,0.3298791458516,-0.2051635752586,0.0285444229308,0.3105547203440,0.6116047168290,0.2343531620799,0.6432688169066,0.4578278156001,0.3306699187014,0.3171073367668,0.3944413001143,0.0669275420962,0.1666445870263,0.1774350216028,0.4732557462206,-0.2093085944341,-0.0711055701351,0.2966268942565,-0.0416622910058,0.2450828371503,-0.0359852843780,0.3240381013891
0.2625158348833,0.3725047629431,0.4063073971191,0.2609021303398,0.7279968222792,-0.1934710445894,0.2677618461383,0.3459829607364,0.1782724079870,0.3627441751143,0.2728377626594,0.3710039401142,0.7687664052631,0.3765108350958,0.4054291926230,0.2879337625790,0.2537194659886,0.3844557026905,0.4132665417855,0.4695536493514,1.0000000000000,0.3488966823199,0.3075118228240,0.3890657131250,0.4868931414697,0.4982053352621,0.4353076963723,0.3143547243926,0.4385103121184,0.4732012283674,0.3682902024174,-0.0628713876193,0.0111531990359,0.2662625192356,0.4220641105979,0.0403851242072,0.1626259342719,0.4630298018052,0.4394320806096,0.5904354446932,-0.1552972884572,0.0504667571897,0.2121940493819,-0.0783736752470,0.3543513315975,0.2305470991357,0.2063930340607,0.7257323079684,0.2128867240656,-0.2141765294260,0.1582358300084,0.2394144837725,0.3579828150093,0.0530296753872,0.2126388671840,0.9123371528546,0.1704259880788,0.2222232750879,0.2066701382806,0.4239142281533,0.1581782777661,0.1991025745243,0.3164774071607,0.1752272951048,-0.1003230616856,0.2822949032140,-0.0499474670696,0.0806852494995,-0.0468328497521,0.2659729426802
0.3166568714394,0.6427487816124,0.6470568608087,0.5516804236272,0.4845914653121,0.1042332523552,0.1734202916417,0.2329241184361,0.1708051949569,0.3332760698748,0.2101906727640,0.4261168443946,0.4465858926186,0.4630353142792,0.3419524295981,0.2903108061835,0.7687164217152,0.5913900359379,0.4275672623630,0.5251065124170,0.3488966823199,1.0000000000000,0.7031776913019,0.9066135321548,0.4731194179644,0.5498143324201,0.5877896205957,0.5652731716659,0.6533662188385,0.6101582198465,0.6842414609721,0.1449268633632,0.2280755319614,0.5650796817521,0.6345300813609,0.0809466142576,0.3742097610282,0.6031009057935,0.5604151056789,0.3095723607907,-0.0188343492902,0.1377878235972,-0.0972612694973,0.0342793099853,0.2786143756801,0.2412665225207,0.2228974108710,0.3258965507355,0.2488553058900,-0.0906534602714,0.1515711709997,0.7621920134404,0.4528784442360,-0.1026906957776,0.2212061024923,0.2846001831880,0.8058927168943,0.5939074745267,0.7212362932888,0.4499743985514,0.1962669538983,0.0585682938234,0.5063714522207,0.1190068479093,0.0881572095828,0.4984054671610,0.0662627063675,0.2831484048858,0.1786368918676,0.4076956059135
0.2622293519513,0.6556620148558,0.5478370491241,0.5017344090968,0.3468595478675,-0.0613601456371,-0.0435661592081,0.1877891614988,-0.0429335276769,0.2310409629066,-0.0524941602514,0.2773668861346,0.2915108483491,0.2282723889544,0.2097110578803,0.0691165813295,0.5577663282123,0.5231581397751,0.2357352366877,0.4061148596165,0.3075118228240,0.7031776913019,1.0000000000000,0.7106219184547,0.4906239607508,0.4134585180259,0.4545904898924,0.3993337341793,0.5400630483628,0.4092028190886,0.6588774316159,0.2052128426974,0.0432155959224,0.3357170672166,0.4663101325115,0.1823802760030,0.4538089794526,0.5191552402101,0.5407810740932,0.2751258303861,-0.1959381871338,-0.0583923580591,0.1128543320464,-0.1626996524388,0.2620816806742,0.0252904320076,0.1133277666792,0.2114047781056,0.0229588971682,-0.1050751000106,0.0275666748163,0.5886035695937,0.4525387300678,-0.1500730422429,0.2796528242200,0.2675000743030,0.6195330246536,0.8561709523768,0.5949874945535,0.4922532207628,0.1890160366756,0.0738496244448,0.3891580873202,0.1296319540596,0.0824332991484,0.5473018004641,0.1647132722010,0.0767562649338,0.1321356528981,0.3571951328595
0.3183313784269,0.6871897547431,0.6786098737266,0.5768068091094,0.4824022629182,-0.0111604107448,0.0735885952236,0.2270246627967,0.1014131619528,0.2641645154112,0.1180679045476,0.3933067356477,0.3779890566301,0.4061668291292,0.2966318873508,0.1850324975096,0.7965642511572,0.7163660656170,0.4251357694260,0.6249233558658,0.3890657131250,0.9066135321548,0.7106219184547,1.0000000000000,0.4023418737060,0.4910796873473,0.6247132244059,0.5930919469225,0.6647211544159,0.6096048121613,0.7015690904773,0.1435803243830,0.1205424789921,0.5563800170874,0.6840448797752,0.1357152219265,0.4547489272390,0.6094246967901,0.5532696476946,0.2998164070605,-0.1283345337985,-0.0116632414175,-0.0791397960653,-0.0724091954400,0.2046809218485,0.1023457471558,0.1481962266897,0.2708647312741,0.1786781446735,-0.2214059087970,0.0774591781816,0.7547468426234,0.6014874157251,-0.1406791034948,0.3526448723852,0.3143714362402,0.7568365700711,0.6592936108674,0.7889864426368,0.3448693396542,0.1493819320483,0.0761266462320,0.5030496976633,0.1193613096757,0.0663642617523,0.5807481723132,0.1346862516383,0.1602580013058,0.1661173649809,0.4139241536101
0.2015529338904,0.3395903697260,0.5799466355766,0.2900097555912,0.4862007971518,-0.1258028488524,0.0397100848159,0.6887517428740,-0.0449787037527,0.5425092237238,0.0213332177010,0.0410616830847,0.4083072533775,0.1320934958103,0.1815075407458,0.2250503088453,0.3880750299527,0.3000425505290,0.0292298290029,0.2332900070309,0.4868931414697,0.4731194179644,0.4906239607508,0.4023418737060,1.0000000000000,0.3899099361368,0.3968963452248,0.2098974473424,0.6063704457223,0.2418020907791,0.4634591271393,0.1171910709196,-0.1060112865059,0.1427707226543,0.2384684677178,-0.0654390842706,0.0761412911285,0.4265726566340,0.3839822024085,0.5331899168935,-0.1418170809549,-0.0945504084492,0.4345036178687,-0.2296170460107,0.5580548611888,0.0404517165791,-0.1662660898527,0.3449491224648,0.0127240546740,-0.2738714988777,0.2172889703048,0.4049802937015,0.1774026944461,-0.3595386818420,-0.0613554795604,0.4168665322300,0.3044450953875,0.3148143642936,0.1740691913756,0.8346398395117,0.1008183575932,0.1875169370283,0.1724419285187,0.4014998109531,-0.1199522440340,0.1677572986519,0.0978914661874,-0.0839136296258,0.0827667769052,0.1506370711177
0.2423187859796,0.5629288028121,0.4414257674563,0.5773569179773,0.5995637398499,-0.0266869985473,0.2960192265339,0.2642846308728,0.2300541353519,0.6405575379508,0.1713971953192,0.6459454682563,0.5030801865785,0.7391011411031,0.4315279632668,0.4918352659200,0.3529574625409,0.3673167302853,0.5342730923395,0.5659064582004,0.4982053352621,0.5498143324201,0.4134585180259,0.4910796873473,0.3899099361368,1.0000000000000,0.5747250114888,0.5375185247475,0.3083552402602,0.4697852823713,0.2361343777004,-0.0312486644835,0.2130337992762,0.4490683531896,0.6130292612718,-0.0633893333134,0.2489052883943,0.5397323379701,0.7278616994196,0.3344614905295,-0.0559722479491,0.1537679178822,-0.0047866533648,0.0097137428897,0.4926344562626,0.1576264065787,0.4719524601409,0.3918257301124,0.6411071583568,-0.1007837106487,0.2965349013568,0.2906717348391,0.2791408842836,0.1203247553883,0.2196874806262,0.4375249513832,0.3580226498510,0.2280439915372,0.2712678763318,0.2921535251492,0.6243508398298,0.0211943790699,0.5674420924207,-0.0803192652728,-0.1064769757613,0.1099742809904,-0.1188724144225,0.2976843833319,-0.0104568380971,0.3954882217463
0.2182484281334,0.6373786190266,0.6414081612085,0.6094920085945,0.4994239647764,0.0437934475417,0.2508247773505,0.3213515455231,0.2503175466378,0.3233686681275,0.2953438985705,0.5713858430726,0.4684628564664,0.5022972574288,0.4073248716540,0.2681537664486,0.4004026289422,0.6629830849270,0.6038851312011,0.7193919475157,0.4353076963723,0.5877896205957,0.4545904898924,0.6247132244059,0.3968963452248,0.5747250114888,1.0000000000000,0.7007776257936,0.4292104793637,0.5189796911755,0.5814175600891,0.0293086163920,0.2248433620023,0.4468451746669,0.5988964166568,-0.0321896423168,0.3475341968652,0.5692923474973,0.5898722889372,0.2610736477526,-0.0382710214484,0.0767765807603,-0.0784693356244,0.0019226727333,0.2360338001738,0.1511030789874,0.2537744275693,0.3457684059824,0.2551457741601,-0.1394374040306,0.0468906423608,0.3799122360129,0.4604203571877,0.0962232564257,0.3551916413633,0.3921075130944,0.2958126945516,0.3247382132014,0.3508384412065,0.2641723941207,0.1825867481654,0.3680455280220,0.6554978166637,-0.1556106919281,-0.1009036036644,0.2764445161674,-0.0022320410733,0.2545947335734,-0.0551506748633,0.2951808302866
0.4023471362690,0.5835652850176,0.7020532430484,0.5156429352512,0.4367589697579,0.0278991045139,0.1350596724114,0.2317490782522,0.1148709549104,0.3226548782043,0.1835386457675,0.5369611497276,0.3145956909337,0.4611277611507,0.4450925628287,0.1750909374219,0.3928495010619,0.5546276610199,0.5772345224834,0.5932809791549,0.3143547243926,0.5652731716659,0.3993337341793,0.5930919469225,0.2098974473424,0.5375185247475,0.7007776257936,1.0000000000000,0.2542888256423,0.4318580710476,0.3989731510335,0.1636264971576,0.2087853154073,0.3933105923968,0.4512546641874,0.0010776461529,0.3638272231747,0.5115998315321,0.5039617069250,0.1835608082287,0.0017758105703,0.0801252747552,-0.2240070167607,-0.0284430034243,0.1553597443740,0.1286599790252,0.2493958242791,0.2023277421684,0.2767613811134,-0.0913603871935,0.0546305094486,0.4406182136730,0.2470426611195,0.0879770985933,0.2650227244933,0.2376285061173,0.3494019867207,0.2552189852445,0.3815471711115,0.0862279764426,0.2474663972597,0.0934152976996,0.8694640917660,-0.0739924357204,-0.1402679371319,0.0857393069810,0.0801961905147,0.2872419862525,-0.0508064760694,0.1747718091392
0.0943041987219,0.5004275279268,0.4808376387852,0.3783685535910,0.4875302937723,-0.0435432212541,0.0638803502992,0.4448519827938,0.1192707585065,0.1773653319545,0.0734057947513,0.1450021202660,0.4240900821704,0.1346882209836,0.0790795833298,0.1622591286211,0.6011979672782,0.4926577620682,0.1135129192040,0.3351145254980,0.4385103121184,0.6533662188385,0.5400630483628,0.6647211544159,0.6063704457223,0.3083552402602,0.4292104793637,0.2542888256423,1.0000000000000,0.3765689941792,0.7038086153969,0.1572251315724,-0.0466407127623,0.2873232043522,0.4241568739707,-0.0019228360391,0.2460478752858,0.3960382728363,0.3517106147261,0.4033421085554,-0.1315482465866,-0.0490543202074,0.1166244938119,-0.1239692579841,0.1611465637344,0.0842573252166,-0.0957736932087,0.3370559714477,-0.0614848136004,-0.3148990861033,0.0555370733642,0.6216385871083,0.4250576588498,-0.3739130465269,0.1398665164141,0.3850214894763,0.5190061096776,0.5113016800529,0.4799954994947,0.4957809818419,0.0122438657147,-0.0117297403836,0.1936495500109,0.5685572777275,-0.0247745320195,0.5441361171528,0.1056718759128,-0.0392005107545,0.0973612006390,0.2564486924570
0.5201310531487,0.5038361359527,0.3295632084870,0.3839271770105,0.5554843123333,0.1066350486393,0.2844018558902,0.1379970103504,0.2282122630119,0.1638014815171,0.3625372071697,0.4521822392543,0.6323524180631,0.5018558765526,0.6129841227983,0.3533290156352,0.4217233117909,0.5455012791196,0.5746942787349,0.6149695421569,0.4732012283674,0.6101582198465,0.4092028190886,0.6096048121613,0.2418020907791,0.4697852823713,0.5189796911755,0.4318580710476,0.3765689941792,1.0000000000000,0.5271380900800,-0.0828832913719,0.1558667247331,0.7721151886634,0.7070427009698,0.2826820881280,0.3225109738079,0.4117193372821,0.4968102919442,0.4122086002296,0.0017187682544,0.0757788811788,-0.0769548952450,-0.0605061461761,0.0831116103508,0.1665756735123,0.3021807808263,0.4816465673462,0.2627551794623,-0.0864267535813,0.0759174409667,0.4215185989082,0.4578341005165,0.1419456536491,0.2871569899895,0.4287162474789,0.4913339356192,0.3322875448288,0.5108131887695,0.2292694294218,0.1856940654739,0.1151382100791,0.4398124228431,-0.0487321352225,0.3860048329761,0.3849089918180,-0.0928863326193,0.2701206627202,0.3305086559385,0.4686460773603
0.2154450897934,0.6090763883641,0.5168127682256,0.4761153339817,0.3655613475206,0.0506860140512,0.0309326185658,0.2874700331516,0.1153857679862,0.0618377184142,0.1374131532140,0.2172862793832,0.3658658256660,0.0883948790511,0.2597732534075,0.0697943718737,0.4979794492787,0.7443774618837,0.2176721796269,0.4535162573527,0.3682902024174,0.6842414609721,0.6588774316159,0.7015690904773,0.4634591271393,0.2361343777004,0.5814175600891,0.3989731510335,0.7038086153969,0.5271380900800,1.0000000000000,0.2121309433129,0.0520527111924,0.3875490639111,0.5467062755285,0.1764321771659,0.4013862294240,0.3989763152721,0.4685499585679,0.2643369114052,-0.1024268116289,-0.0295257920912,0.0301983444989,-0.0996048649511,0.0844441328131,0.0739776114716,-0.0522392342801,0.2594771012880,-0.2071322380401,-0.1611024310356,-0.0623251196246,0.5702630660478,0.5570409255599,-0.2747175920320,0.2985736583717,0.3121111636148,0.4609817843478,0.6095048841989,0.5007547439082,0.4502275473156,-0.0264580412305,0.0946261506652,0.3677539285950,0.1821083498626,0.0920656541633,0.6687204485770,0.1112026102306,0.0690381117256,0.1416881735377,0.3335077878463
0.1193706028400,0.2111007458037,0.1155870093010,0.1671294690223,-0.0750375239216,-0.0123047461491,-0.0669133738327,0.1025798238918,-0.0677157846798,0.0292445274503,-0.1163145111456,0.0150407718993,-0.1423876568850,-0.1923630892197,0.0326916675294,-0.2085026696630,0.1221798845787,0.1210410711791,-0.1679738197735,-0.0429789837023,-0.0628713876193,0.1449268633632,0.2052128426974,0.1435803243830,0.1171910709196,-0.0312486644835,0.0293086163920,0.1636264971576,0.1572251315724,-0.0828832913719,0.2121309433129,1.0000000000000,0.0563100432583,-0.1128902483772,-0.0853889257527,-0.0205662617241,0.1356436897018,-0.0370462235642,-0.0012122089219,-0.0927871559970,-0.1012059677984,-0.0455495554359,-0.1168380405361,-0.0770193658242,0.0195219083002,-0.1301133652745,-0.2322345811927,-0.1841900348582,-0.1581813594695,-0.0439922194604,-0.2014996225966,0.2632119319455,0.0249792451168,-0.4196149295822,0.0254034396158,-0.1385590248118,0.0749910241652,0.1680996655730,0.0739706928037,0.1128783737351,-0.0175943512713,-0.1507516235278,0.1453721097369,0.2230212086354,-0.1058073517357,0.0972754300053,0.6091141190383,-0.0421534004793,-0.0639019741100,-0.1863741246294
0.0730968954941,0.0319976511030,0.0438853731507,0.1725420833785,0.1066631993613,0.6534508192146,0.6749220489054,-0.3099828480373,0.7308300814106,0.0879835687731,0.4497420543905,0.4779233645564,0.2362623296809,0.4541240649268,0.2417343976530,0.5237009869997,0.1494336297161,0.0409921268083,0.4203930972789,0.2105339320086,0.0111531990359,0.2280755319614,0.0432155959224,0.1205424789921,-0.1060112865059,0.2130337992762,0.2248433620023,0.2087853154073,-0.0466407127623,0.1558667247331,0.0520527111924,0.0563100432583,1.0000000000000,0.1487057426657,0.1852540711324,0.0362977636116,-0.0951968470052,0.2698236075644,0.1334331275925,-0.1811985995562,0.4755943683961,0.7592016801701,-0.3071841221379,0.7420766237828,0.0271978254072,0.5268304318053,0.4966396448791,0.1569486574399,0.2929200966202,0.4278601930817,0.1733396761899,0.0807495530011,0.0601028863545,0.2589833599897,0.0974658099261,0.0337099885899,0.1174837339364,0.0309768951136,0.1429354671967,-0.0869940329849,-0.0614228091842,0.0051462557840,0.2089453925132,-0.3646836890513,-0.0401294558731,0.1361860997013,-0.2090825302123,0.7360342022456,-0.2285172191156,0.0473334681300
0.2059234139787,0.5103373575641,0.2348471737389,0.4030677958717,0.5313879339369,0.1496352121455,0.1647934486154,0.0635693642000,0.1563128792376,0.1992264291815,0.2416537301059,0.3356366389450,0.4425327047363,0.4439475114791,0.2410242600731,0.3112713718643,0.3977335634775,0.4441371682733,0.4000239124544,0.5160570930383,0.2662625192356,0.5650796817521,0.3357170672166,0.5563800170874,0.1427707226543,0.4490683531896,0.4468451746669,0.3933105923968,0.2873232043522,0.7721151886634,0.3875490639111,-0.1128902483772,0.1487057426657,1.0000000000000,0.6963829375471,0.2017336882391,0.3639638949274,0.3595783244378,0.4859704852527,0.4118702574067,0.0054421895936,0.0474548408703,-0.0188863500028,-0.0337731634944,0.1482581071604,0.1083765444560,0.2992109020173,0.3418267424208,0.3031936027258,-0.0886228487735,0.1222076957874,0.4417992958455,0.4805915663789,0.1270474913909,0.3220649434874,0.3108243661396,0.5204049713990,0.3110104828655,0.5637898700678,0.1803735820855,0.3264466047073,0.2152789923282,0.4724062783612,-0.0497164677690,0.4573128730079,0.3541825908957,-0.1645580335406,0.1750472869036,0.5269581548386,0.5464447773798
0.2939557135395,0.6296127056115,0.3666247579501,0.6222444034176,0.5725344803160,0.1105263298869,0.2530212412639,0.1191639339647,0.2606461024418,0.2349023797677,0.2764813705924,0.5423244540220,0.5000680555865,0.5347193297530,0.3844338168495,0.3953410194836,0.4997967794960,0.6130322684842,0.5560618294449,0.6848556542081,0.4220641105979,0.6345300813609,0.4663101325115,0.6840448797752,0.2384684677178,0.6130292612718,0.5988964166568,0.4512546641874,0.4241568739707,0.7070427009698,0.5467062755285,-0.0853889257527,0.1852540711324,0.6963829375471,1.0000000000000,0.2429303193419,0.4649858005482,0.4617552372251,0.6677193935354,0.3563004512906,0.0674331706759,0.0848622983659,-0.0436083528055,-0.0027644608584,0.1885603926768,0.1692292145572,0.3653758455614,0.3867125189883,0.3485465838701,-0.0450247539368,0.2596924347662,0.4622229880343,0.5893366936554,0.1554228851236,0.4692687750435,0.3908016635813,0.4866584338336,0.4079139473477,0.5228468529686,0.2235212918425,0.4013040870255,0.1061165309699,0.4655352391849,-0.1021947518051,0.1924206039540,0.4581519009969,-0.0287811885497,0.2701945736669,0.2965141642831,0.7429783430627
