1.0000000000000,0.2715301796492,0.1766590498891,0.2992172964798,0.2531892721430,-0.0871076097300,0.1606039289796,0.2271747325616,0.1151988830548,0.3016422869109,0.3563740938688,0.1843102472675,0.3772241113834,0.0236218202172,0.4964109604471,-0.1084557498498,0.3946936658073,0.6870585919488,0.3688344322997,0.5353673649709,0.5558308432174,0.4410060154866,0.1612858408007,0.5229597733954,0.3018557372781,0.0072184458626,0.3878181822598,0.2913147206676,0.2614315045412,0.5442793380624,0.4308349471001,-0.1587672409050,-0.3718672822573,0.4101118106574,0.5994594775463,0.3794654933326,0.1429330259771,0.2089329562082,0.3212493000303,0.1198287022220,-0.1942518936308,-0.0601935063784,-0.0280455058005,-0.2952599743922,0.2632225209613,0.2620873482627,-0.1971622504893,0.2975303662200,-0.1120049889650,-0.1773149170592,-0.2213042387368,0.3825087361580,0.4919461473145,-0.1387825771476,0.1209138111271,0.3788154586388,0.2281929903997,0.3249609086663,0.3576419305206,0.1985052783790,-0.1558959074408,0.0439017388948,0.3702630906270,0.1570601625122,0.1081744991024,0.1989813063790,0.1806647135203,-0.0862253451924,0.1669492880152,0.4079810184167
0.2715301796492,1.0000000000000,-0.2277525817620,0.7357683252808,0.0867418443352,-0.1985380403486,-0.1027298626792,-0.0410458304035,-0.1366494861371,0.2312674968734,0.0074991776820,-0.0464155793233,0.0004161264882,0.2795933045412,-0.1404034510066,-0.0761015518673,0.0277579317022,0.1737311675053,-0.0689360949744,0.0457009661508,0.0715863588735,-0.2145093243828,0.1069792820379,-0.1550609203790,0.1349765586397,0.3173460743916,0.1904554433346,-0.1092603832131,-0.1048473299301,0.1394338118218,-0.0342074929506,0.1090476206989,0.0768395103453,0.4390138249136,0.1620156569665,0.4312129178195,0.3649729047019,-0.3354349857764,0.4959122477917,0.1903270361793,-0.1743786370956,0.0225096883270,-0.0240893003834,-0.1724406415117,0.1742388964891,0.0015836974930,0.1171220653722,0.1451705703104,0.1132327940603,-0.0808003447819,-0.0723878571695,-0.1136452234566,0.1806429397295,-0.0396133669568,-0.0456695964166,0.1470323932533,-0.2940320708497,0.0526283422424,-0.2111462407981,0.1092353367979,0.0627195989631,0.4675290168980,-0.0339681485813,-0.0815624252927,0.2164169999611,0.0451795820773,-0.3453342940237,0.0948328526958,0.4973716903960,0.3927979714959
0.1766590498891,-0.2277525817620,1.0000000000000,-0.0989442490803,0.3257630815323,0.1852424483864,0.0178646380553,0.1521976845793,0.1822780987198,0.0768562666354,0.3022952244589,0.2880330709805,0.0273298863455,0.0067200171111,0.1569493496035,-0.1043374307574,0.1857088262623,0.2972277451364,0.2825262910371,0.2747403820133,0.3148803284628,0.4981105958475,0.0795587733409,0.6648835801330,-0.0610064367189,-0.1995546639547,0.3823124112481,0.6568927387004,0.0689450103046,0.0783855472994,0.4497285266895,-0.4457976024346,-0.1459624211622,0.0946658813495,0.0960474756322,-0.2271530913526,0.1841890426742,0.6886111127472,-0.1481687235391,-0.0098427549233,0.0368608147128,-0.1831302264906,-0.1858484399442,-0.1410051562464,-0.0026553192876,0.2022816496942,-0.2668805906747,-0.1344005343605,-0.0566057283952,-0.2992167811753,-0.1570581167178,0.3551531336211,0.0878464553632,-0.0579805655825,-0.0875478227926,0.2661448704994,0.4084645376147,0.2099646247855,0.4933299916488,-0.0632181670778,-0.3054188657753,-0.0991659932996,0.4558528086379,-0.1383079778520,-0.3973515631966,0.2500232229178,0.2092988912355,0.1818175192537,-0.0746706161190,-0.2070520214481
0.2992172964798,0.7357683252808,-0.0989442490803,1.0000000000000,0.3712998366068,-0.2098336395530,-0.0613194863387,0.0646063969081,-0.2424363881254,0.3269255619149,0.0682788088324,-0.1558950501613,0.1583740685469,0.0805501709376,-0.0921265444478,-0.1669819332687,0.2426368043496,0.2569123780345,-0.0993391365644,0.0963181947110,0.2917987303710,0.1052266428124,0.3655985409555,0.0919616959916,0.3783171580422,0.1971322384244,0.2822262814312,-0.0076886635414,0.1613226086953,0.2807368759954,0.2684196306430,0.0428904279391,-0.0377031859328,0.6439603516888,0.3121855000745,0.6338830797612,0.3797761183912,-0.0845432456631,0.6171181966052,0.3566762920283,-0.2165614859365,-0.0272576962197,0.1692375425819,-0.2917655859597,0.3644121787645,0.0541738181844,-0.0313432563795,0.2875793488550,-0.0398162040743,0.0092282969764,-0.1341112298223,0.1173679539452,0.3010488387934,-0.2137725230534,-0.0137965732195,0.3366730698503,0.0366279097105,0.3212969686957,0.0700170481609,0.3723488339391,-0.0709869947594,0.3927875739809,0.1684835065077,0.1666452915079,0.3419556467221,0.3316908269622,-0.1629198641407,0.0769026947832,0.6188258045981,0.5050040622631
0.2531892721430,0.0867418443352,0.3257630815323,0.3712998366068,1.0000000000000,-0.0501625425790,-0.0366165346191,0.3929007672215,-0.2347390497207,0.3741834887090,0.4979669282180,-0.1640975034718,0.3020299567683,-0.1497980109405,-0.0662705320971,-0.1479952507565,0.1873784919265,0.2382115929256,-0.0662062903452,0.1471430639098,0.5833910719626,0.3309617400746,0.6568964868759,0.3627442236213,0.3357184449432,-0.2463199532823,0.0672380858421,0.0943441554607,0.3158981862705,0.3028162809439,0.6555190681356,-0.1074421311610,-0.1202193004079,0.3057561347889,0.1386081179728,0.3687886436802,0.3964824864059,0.4086565512056,0.3701024475281,0.8198579217015,-0.1373888564435,-0.2051413459623,0.4507538559784,-0.4122493973484,0.5442590759816,0.4414450661736,-0.3004667205117,0.3152275403768,-0.2252050298752,-0.2297317057662,-0.1802981198275,0.1706225266446,0.3084092071089,-0.3131079476544,-0.1060390906948,0.7403299107700,0.3134672385119,0.6614194292497,0.2723728728686,0.4073318288559,-0.2483572302985,-0.0048768579660,0.2421075281514,0.1699631542251,0.0982392417405,0.6480546121719,0.0270610099592,0.0257784569327,0.0231981582297,-0.0373417688630
-0.0871076097300,-0.1985380403486,0.1852424483864,-0.2098336395530,-0.0501625425790,1.0000000000000,0.5751333092827,-0.1801790372251,0.6733351134820,-0.0550040849753,0.1336882041462,0.1158683586041,-0.0551148773001,-0.0467137466268,0.3090194753523,0.4940750511290,-0.1531107894079,-0.3202315714098,-0.0399743982575,-0.2398935941748,-0.1610449419305,-0.0737762414814,-0.1775416496808,-0.0561125919064,-0.1356230426829,-0.3149875654003,-0.2019542834538,-0.1117474791240,-0.1142949671544,-0.0428705942283,-0.0575949101594,-0.2559464314485,0.3720327677547,-0.0787214397695,-0.2312149141491,-0.2792490655774,-0.1869642365328,-0.0472494683306,-0.2432628378721,0.0182700260407,0.8612375524269,0.6204799295635,-0.1916185338320,0.5288944065497,-0.1731543953784,0.0112100857281,-0.2375875832450,-0.0532034283009,0.0164504515844,0.3577451446659,0.4846368247431,-0.1816897048298,-0.3518569189312,0.1944125669589,-0.0785120414566,-0.0711278805712,-0.1629030826306,-0.1370881471453,-0.2022656121116,-0.1074242896125,-0.2736152172113,-0.3971338827427,-0.2833262227759,-0.1891787768357,-0.3678227113719,-0.1019192469290,0.0240586165582,0.3762702595125,-0.0637195844513,-0.2558622123212
0.1606039289796,-0.1027298626792,0.0178646380553,-0.0613194863387,-0.0366165346191,0.5751333092827,1.0000000000000,-0.2104723507811,0.6390236143087,0.2214750233495,0.4324948799593,-0.0335531247127,0.4716367630200,-0.1052639095477,0.5822274083011,0.7749250337197,-0.0945154071690,0.0013426720172,0.0872944922547,0.0798577918541,0.0866169775154,0.0056201626615,-0.1963454588972,0.0169893639293,-0.0621448292904,-0.2235032280311,-0.1371995125605,-0.2303648384665,-0.0778211495107,0.4157170722240,-0.0786544373842,0.0100978268778,-0.1265420300948,0.1222440242339,0.2133936301441,0.0704088091157,-0.3825933517576,-0.2177188729062,0.0611787301557,0.0056237647566,0.5603919546678,0.7814576181953,-0.2978734861573,0.4034730148981,-0.0139596001539,0.2624512949946,-0.3058540145696,0.4588957334928,-0.1162848111544,0.4326112403202,0.6960311279766,-0.1563830383320,0.0214438452342,-0.0408006169999,0.3021579662538,0.0730726025890,-0.0930654873643,-0.1524717499152,-0.1280503535352,-0.1236744574868,-0.2338156830141,-0.2403955750821,-0.3527573043386,-0.1248053570192,0.0425073476225,-0.1720636225407,0.1814999322691,0.0717963661044,0.0932554906683,0.1078693957154
0.2271747325616,-0.0410458304035,0.1521976845793,0.0646063969081,0.3929007672215,-0.1801790372251,-0.2104723507811,1.0000000000000,-0.2759934046215,0.3539207473904,-0.0198131651654,-0.1952852164627,-0.0892082515569,-0.0530808460490,-0.0914729431171,-0.3116440999077,0.2651825805892,0.1719644358211,-0.1205596960171,0.0286647434005,0.1075218483216,0.2618340026994,0.5274794256096,0.1811353860018,0.5210641499366,-0.0239087077971,-0.1088287223510,0.1139968787018,0.3517057906165,-0.0219513651059,0.5551949339474,0.2949948232249,-0.0410667168347,-0.0022394862869,0.0350284907410,-0.0672546128803,0.1025861245530,0.2560166116303,0.0249328354304,0.4199931805806,-0.2888432748809,-0.3491966877135,0.5435626733079,-0.4193326870833,0.4833739955570,-0.0739524343268,-0.1758365082838,-0.1092966915153,-0.1920733783521,-0.3691055027962,-0.3815274100427,0.2452980202643,-0.0267929333961,-0.3534046271122,-0.3266151258223,0.1282065558585,0.1677727591911,0.4639038675869,0.1564876983348,0.5495514382986,-0.0458372590637,-0.2090270514159,0.2275594351180,0.3045373998976,0.0175417360026,0.3184137115112,0.0472189212075,-0.2545473305516,-0.1623716719917,-0.2309319112691
0.1151988830548,-0.1366494861371,0.1822780987198,-0.2424363881254,-0.2347390497207,0.6733351134820,0.6390236143087,-0.2759934046215,1.0000000000000,-0.0932879568471,0.2862432941829,0.4072525941732,0.1253088770566,0.0820607203000,0.6269532671947,0.5666783101252,-0.1425824323914,-0.0821966855754,0.2922524961156,0.0369223717638,-0.0428871387730,-0.0810666972468,-0.4351387993706,0.0017468039650,-0.2481562248357,-0.1214023546127,0.0163656047027,-0.0600011358873,-0.1623673479831,0.1410056572433,-0.1450907742644,-0.2361776830737,0.1618745432060,-0.0384606362995,0.0769401427947,-0.2652740459293,-0.3879762404357,-0.2245804313307,-0.1706301963529,-0.2812669764903,0.6081619009987,0.6110725918518,-0.4637370948846,0.6495958464369,-0.3168877715072,0.0860353275946,-0.0928822324082,0.0351403436047,0.0621348275067,0.3549411441992,0.5202697574814,-0.1404847502397,-0.2142857760744,0.2561823815443,0.0965417469609,-0.1068473232315,-0.2285546760974,-0.3520767337928,-0.2030043384087,-0.2916955815675,-0.2130586746459,-0.3238090857088,-0.3293297588014,-0.2751021806959,-0.3412072696062,-0.3644911701007,0.0726168534856,0.2254294598343,-0.0286530995525,-0.0516114547328
0.3016422869109,0.2312674968734,0.0768562666354,0.3269255619149,0.3741834887090,-0.0550040849753,0.2214750233495,0.3539207473904,-0.0932879568471,1.0000000000000,0.4375487383362,-0.3448921638935,0.4918466908717,0.0131514015610,0.2257187549193,0.2407619846580,-0.0899418535525,0.2804386213535,-0.1680298433800,0.1065791845432,0.3579121441661,0.0230650573529,0.3148742084429,0.0357348370631,0.2817326022697,-0.0311050908417,-0.1109491456140,0.0755621331279,-0.0611564116091,0.2739581230468,0.0968672819423,0.3034792684859,-0.2537243120708,0.4239595714633,0.1462749101099,0.3358322091582,-0.0006587627775,0.0485364585225,0.3485207280200,0.4147144701821,-0.0573877216675,0.1355528963307,0.1086270856016,-0.2677775474072,0.8033598304643,0.4205808361752,-0.4014760262451,0.5667356398209,-0.1671955341577,0.0403042024957,0.1894515747078,-0.1411238854313,0.1558456508343,-0.4670245460260,0.0011571345595,0.4062748864175,0.0558651283113,0.2531461591863,-0.0297758025061,0.2429351488162,-0.1186654461501,-0.0020433593162,0.0742999416732,-0.0821754049882,0.1155266194495,0.0830093785985,0.2078452456787,-0.1287048795338,0.2609261893302,0.0138965980997
0.3563740938688,0.0074991776820,0.3022952244589,0.0682788088324,0.4979669282180,0.1336882041462,0.4324948799593,-0.0198131651654,0.2862432941829,0.4375487383362,1.0000000000000,-0.0751302901335,0.7307568431264,-0.1837811371747,0.4512537188857,0.3532456804260,-0.1393261319602,0.3852852275712,0.0761983631145,0.2440353584009,0.6724066897855,0.1970258431507,0.0515885184649,0.3240663102089,-0.1976106285615,-0.3311205755102,0.0270475556521,0.1537904521700,-0.0049232036739,0.5948793774665,0.2725354378708,-0.0148986138559,-0.3683673843692,0.4102800778491,0.2974961375192,0.2675020332123,0.0575530264201,0.1596103987791,0.1997630488540,0.3205318760093,0.0699247158632,0.2153713867288,-0.2192160671837,-0.0804893504403,0.2976015935330,0.8922279932845,-0.5221212410366,0.6517709598373,-0.3390856350112,-0.0423012737770,0.2813363648892,-0.0650479414818,0.3544920183486,-0.2989882390204,0.1995055603382,0.7108483127821,0.1532068060563,0.1149692144851,0.1615836391206,-0.2365792328017,-0.4002483403335,-0.0988145604124,0.0318207528885,-0.1925715595160,-0.0420813439910,0.0936790279849,0.3398388196396,0.0422685593318,0.0984886391665,0.0420678787925
0.1843102472675,-0.0464155793233,0.2880330709805,-0.1558950501613,-0.1640975034718,0.1158683586041,-0.0335531247127,-0.1952852164627,0.4072525941732,-0.3448921638935,-0.0751302901335,1.0000000000000,-0.2249587104500,0.5256272222542,0.2913276511882,-0.1219998830883,0.0312362194602,0.1857565792221,0.7166801071925,0.2962386555619,0.0651953275900,0.0996601801777,-0.3097446438176,0.1969704129339,-0.1996386757115,0.3726527622716,0.5420369950315,0.3180221552401,-0.0802127196660,0.1169916473863,0.0098476557085,-0.4795160228018,0.1377303853166,-0.2215677003303,0.1811569549864,-0.3687541835016,0.0400834005399,0.0673771071255,-0.0505849104893,-0.3693261671027,-0.0015297947289,-0.0369742956992,-0.3257986558237,0.2203437780661,-0.4076311673069,-0.1037474649426,0.5538123729056,-0.3465300158009,0.5989878817268,-0.0516591916498,-0.1769107391364,0.1443478909812,-0.0595048200224,0.6093881055639,0.0542703236232,-0.0537246951691,0.0185143445207,-0.1931727244235,0.0263642810660,-0.2472337781017,0.2736638482389,-0.0810043452286,0.1370902886598,-0.1558465539996,-0.1774243129920,-0.0890758717487,0.1128667888247,0.3670773318510,-0.2531850021479,0.0058785926789
0.3772241113834,0.0004161264882,0.0273298863455,0.1583740685469,0.3020299567683,-0.0551148773001,0.4716367630200,-0.0892082515569,0.1253088770566,0.4918466908717,0.7307568431264,-0.2249587104500,1.0000000000000,-0.2353850871977,0.5131751172073,0.4091820014134,-0.0375795181798,0.4374399458236,0.0264227832706,0.3220873246382,0.6444020754909,0.2008325139540,0.0367819289939,0.2541635758369,-0.0504665487413,-0.1904599593776,0.0586896603536,0.0268745148505,0.0557618838718,0.6473896959167,0.1440617793675,0.1082980793067,-0.4731240762427,0.4818179040107,0.4607825144310,0.4519819476427,-0.1118923515357,-0.0034839738053,0.2258098216755,0.1654803673281,-0.0327792079311,0.2057525342083,-0.1987004627005,-0.1003042395344,0.3184398547856,0.6930692496970,-0.4725702165501,0.9197639822817,-0.3691463138980,0.1296003676330,0.3677959636480,-0.0130925055071,0.4399792007880,-0.3776273693193,0.2921784636281,0.5349868907240,0.1595173021715,0.0734037082549,0.1600095554400,-0.1271992672148,-0.2688276641514,-0.0370514432374,-0.0130093968428,-0.0132300942682,0.2322407202379,-0.0421752085084,0.3234767292652,-0.1947928964350,0.2432701695173,0.2977318942582
0.0236218202172,0.2795933045412,0.0067200171111,0.0805501709376,-0.1497980109405,-0.0467137466268,-0.1052639095477,-0.0530808460490,0.0820607203000,0.0131514015610,-0.1837811371747,0.5256272222542,-0.2353850871977,1.0000000000000,0.1025799322803,-0.0721376104764,-0.0744936663999,-0.0234368554869,0.3272736252407,0.0312686783809,-0.0560658310784,-0.1743741821911,-0.1613152298194,-0.1770381819187,-0.0211689304769,0.6447475996517,0.2635303181850,0.0356936422634,-0.1831446379531,0.0165588420769,-0.2250553393179,-0.0194065503357,0.0923610500560,-0.1708192660881,-0.0368733292725,-0.2262871746493,-0.0433204011639,-0.2799214117142,-0.0114655962578,-0.1864585514440,-0.0823678591551,0.0156965866111,-0.2034457323275,0.0217564487662,-0.0718557904330,-0.1675056451570,0.4927633983326,-0.2078850458187,0.7705455204346,0.0080166447017,-0.0865364710997,-0.0577930576487,-0.3132885890039,0.2836201483632,-0.1406726640635,-0.1250284849262,-0.2266552011918,-0.1871780741216,-0.2847231255478,-0.0374221458834,0.4818980206161,-0.0137829911449,-0.0792350587556,-0.1500304680379,0.1099772821193,-0.1719492941300,-0.1380317370751,0.0768547636899,-0.1003646086796,-0.0513490905705
0.4964109604471,-0.1404034510066,0.1569493496035,-0.0921265444478,-0.0662705320971,0.3090194753523,0.5822274083011,-0.0914729431171,0.6269532671947,0.2257187549193,0.4512537188857,0.2913276511882,0.5131751172073,0.1025799322803,1.0000000000000,0.4479275070378,-0.0282764717008,0.4474895854112,0.5089022376060,0.4641568123212,0.3204496296684,0.1630132669598,-0.2878056114877,0.2424277960250,-0.0860750993818,0.0128058289427,0.2657777631088,0.1497864517213,-0.0365227384674,0.5833716377018,0.0043981129918,-0.0727693422415,-0.2599927994443,0.2001516380939,0.4300944705263,0.0225496114762,-0.3502719102095,-0.0866107918353,-0.0687572445464,-0.1912006231359,0.2737950884282,0.3405375925514,-0.3936281640385,0.2307898144302,-0.0165556487497,0.3368123769631,-0.2060482207669,0.4115244449326,-0.0365120424340,0.3713418168676,0.3944927578472,-0.0000036269780,0.1510153984684,0.0638343057312,0.3484515168624,0.1292038521309,-0.0036130936248,-0.2009339953152,0.0140682194308,-0.1919188975621,-0.1418249579649,-0.2369147932744,-0.0704768499273,-0.1519888074132,0.0007007901013,-0.3198431322410,0.4035422784892,-0.0338079507232,0.0728697469645,0.1983056373309
-0.1084557498498,-0.0761015518673,-0.1043374307574,-0.1669819332687,-0.1479952507565,0.4940750511290,0.7749250337197,-0.3116440999077,0.5666783101252,0.2407619846580,0.3532456804260,-0.1219998830883,0.4091820014134,-0.0721376104764,0.4479275070378,1.0000000000000,-0.3425322455625,-0.1755796775515,0.0227344160537,0.0153212150383,-0.1777746443062,-0.2919304489604,-0.2450787535092,-0.2496656910882,-0.1728492580271,-0.1406807180777,-0.2387920855296,-0.3383874836843,-0.2290321098640,0.3000572311686,-0.3181692982910,0.0908700028016,-0.0961832707895,-0.0288330743128,0.0697054909758,0.0366572784697,-0.4249932101329,-0.3716300995366,0.1136401106364,0.0038036373061,0.6282848236144,0.6941482731251,-0.2791528756196,0.4335878536831,0.0122227448457,0.1931344554512,-0.2019395475228,0.4292659234592,-0.0260367153223,0.5438452380261,0.9370468846105,-0.4626945531690,-0.0531728193613,0.0204064832244,0.3816723552514,-0.0865360750333,-0.3184398642146,-0.2847606343699,-0.3668745103761,-0.2160147450938,-0.0561657222700,-0.0678677390413,-0.5105253706124,-0.2523877795040,0.0929591919468,-0.3202437075592,0.0152723794448,-0.0214099966433,0.0360131983614,0.0231730931026
0.3946936658073,0.0277579317022,0.1857088262623,0.2426368043496,0.1873784919265,-0.1531107894079,-0.0945154071690,0.2651825805892,-0.1425824323914,-0.0899418535525,-0.1393261319602,0.0312362194602,-0.0375795181798,-0.0744936663999,-0.0282764717008,-0.3425322455625,1.0000000000000,0.2518649665741,0.1410046763810,0.2241935998477,0.2089880013902,0.7690690470536,0.3552606745613,0.6381871812045,0.7225357071780,-0.0010405153280,0.2350550730388,0.2439383098080,0.8002109305349,0.1238935795368,0.5102712292850,-0.2070450717998,-0.2499140194346,0.1399452293412,0.3036544162419,0.2173333639162,0.0611032156981,0.2494597766173,0.1277894027260,0.0622953732328,-0.2352452260884,-0.2472585785007,0.2870575405099,-0.3062036845807,0.0120702728832,-0.2341619511236,-0.1040480551781,-0.1061355127515,-0.1078849912512,-0.2034750281540,-0.3548425060467,0.9009010756896,0.1821783781655,-0.1546593546253,-0.0646876969671,0.0479388774448,0.5888576562367,0.4677619746427,0.6387132952567,0.6604164257351,-0.0851407450902,-0.0601384040706,0.4061629511088,0.7689114403220,0.1764020759871,0.4093772956127,-0.0226254188960,-0.1535400290314,0.0361348642117,0.2675343722538
0.6870585919488,0.1737311675053,0.2972277451364,0.2569123780345,0.2382115929256,-0.3202315714098,0.0013426720172,0.1719644358211,-0.0821966855754,0.2804386213535,0.3852852275712,0.1857565792221,0.4374399458236,-0.0234368554869,0.4474895854112,-0.1755796775515,0.2518649665741,1.0000000000000,0.4966828340290,0.8314862087242,0.6047558700930,0.4449274169025,0.0636135437257,0.6219137379806,0.1158792077554,0.0295370316991,0.6346777494913,0.4854132146169,0.1655217561836,0.5894348875580,0.3926670553399,-0.0513246211643,-0.5058727342316,0.4195853232817,0.6822490342827,0.2799227217376,0.2532137074552,0.3216380064250,0.2150212865445,0.0005203208146,-0.4141436784055,-0.3050691620762,-0.1330647631124,-0.4734252019965,0.2177323454715,0.3838630196073,-0.2168397158859,0.3527494662580,-0.2175265267332,-0.2897779355710,-0.2712900189272,0.3244533610853,0.7291253088615,-0.1257012937586,0.3463910416933,0.4444064180431,0.2984842017059,0.2106993174637,0.4473290392012,-0.0048638648042,-0.2009533595816,0.2624613403862,0.4801461978957,0.0360947039364,0.1735610724229,0.1531217129798,0.3641443174537,-0.1493079902936,0.1985857629752,0.4390709124287
0.3688344322997,-0.0689360949744,0.2825262910371,-0.0993391365644,-0.0662062903452,-0.0399743982575,0.0872944922547,-0.1205596960171,0.2922524961156,-0.1680298433800,0.0761983631145,0.7166801071925,0.0264227832706,0.3272736252407,0.5089022376060,0.0227344160537,0.1410046763810,0.4966828340290,1.0000000000000,0.6800276946131,0.1682274826741,0.2122198371014,-0.2108818475635,0.3603921186290,-0.0375450427029,0.2687013040891,0.6516207927129,0.3656532979183,0.0300335405993,0.3666253729986,0.0755965977126,-0.3877767264345,-0.2444782065060,-0.1224833198162,0.3845319237343,-0.1566307018518,-0.0881655533776,0.1312511808237,0.0284783894469,-0.2618128116651,-0.0822132522656,-0.1363308664417,-0.2677747916880,-0.0725742682513,-0.2186086187493,-0.0312812421126,0.3278436869052,-0.0912864503101,0.3404726254292,-0.0066599001377,-0.0659477603369,0.1899546865732,0.2459435703316,0.5107498432247,0.4327626748926,0.0362731300381,0.0992018094265,-0.0776867666471,0.2027093301068,-0.1335288981836,0.1480260650355,0.1086147616973,0.2287759553092,-0.0504041029647,0.0373206268819,-0.0615265360032,0.1970389871345,0.1054923223159,-0.1631220143191,0.1991808735838
0.5353673649709,0.0457009661508,0.2747403820133,0.0963181947110,0.1471430639098,-0.2398935941748,0.0798577918541,0.0286647434005,0.0369223717638,0.1065791845432,0.2440353584009,0.2962386555619,0.3220873246382,0.0312686783809,0.4641568123212,0.0153212150383,0.2241935998477,0.8314862087242,0.6800276946131,1.0000000000000,0.3527387682241,0.3517587046464,0.0103067108638,0.5285160682541,0.1295897474199,0.1501150966938,0.6754765474334,0.3864968285182,0.1794582995903,0.5511741751684,0.2687505909347,-0.1637983434392,-0.4721049001932,0.1404860781160,0.6973683811510,0.1748477292079,0.0980010148958,0.2369764824687,0.2386653087009,-0.0525273025135,-0.2511563606481,-0.2614484091788,-0.1275502208180,-0.3658503592700,0.0844646934766,0.1633210675065,-0.0541928420379,0.2181676111741,-0.0665279721446,-0.1376453249210,-0.0997929207610,0.2556282153673,0.6742543850828,0.0434826137459,0.5464107338795,0.2093357514309,0.2083811311853,0.1633172639035,0.3486372773336,0.0066095241340,-0.0091443351761,0.3278860939490,0.3688957326390,0.0573333971668,0.2453847860518,0.0859430944796,0.2420069993823,-0.2202133922975,-0.0006976974645,0.4402515954412
0.5558308432174,0.0715863588735,0.3148803284628,0.2917987303710,0.5833910719626,-0.1610449419305,0.0866169775154,0.1075218483216,-0.0428871387730,0.3579121441661,0.6724066897855,0.0651953275900,0.6444020754909,-0.0560658310784,0.3204496296684,-0.1777746443062,0.2089880013902,0.6047558700930,0.1682274826741,0.3527387682241,1.0000000000000,0.5033517153790,0.1425797775066,0.5740686797830,0.0429925210793,-0.1534593820486,0.3274348382646,0.2939559896282,0.1822917271835,0.5400309806948,0.5037200528395,-0.1088399620831,-0.3886095159766,0.5175341691770,0.4651947171994,0.3585141996384,0.2449154939609,0.2835327178277,0.1875174732672,0.2294887913645,-0.3232078611385,-0.1502080142722,-0.1007279605237,-0.3298129506092,0.2845960074639,0.6809217294368,-0.3667983353363,0.5574825198407,-0.2381082661282,-0.2355780508772,-0.2078812987353,0.3390076264045,0.4496144811181,-0.2932850662736,0.0520400921138,0.8574498285933,0.4021222003133,0.2714570825798,0.4284888648852,-0.0050160422309,-0.2992107534240,-0.0790789379647,0.2973604135385,0.0460772153187,0.0570318768805,0.3104712348761,0.3636559051741,0.0090975393056,0.1634176918963,0.2351895807594
0.4410060154866,-0.2145093243828,0.4981105958475,0.1052266428124,0.3309617400746,-0.0737762414814,0.0056201626615,0.2618340026994,-0.0810666972468,0.0230650573529,0.1970258431507,0.0996601801777,0.2008325139540,-0.1743741821911,0.1630132669598,-0.2919304489604,0.7690690470536,0.4449274169025,0.2122198371014,0.3517587046464,0.5033517153790,1.0000000000000,0.3023971526433,0.9136564693541,0.4574618069236,-0.1742514180941,0.3247262899168,0.5098229063627,0.7220587858973,0.3147668883509,0.6908264094419,-0.2737341746873,-0.3976304194410,0.2627520841552,0.4064551291078,0.1345513969670,0.1249129529953,0.5427957164539,0.0356547768624,0.0330943558968,-0.2160718016300,-0.2823351677621,0.0962594878957,-0.3631663313865,0.0780021258864,0.1139220372860,-0.3239440371945,0.0406831895076,-0.2501316317752,-0.3141498701573,-0.3253093244631,0.8727090595388,0.3060538179271,-0.2553090798519,-0.0009099235123,0.2929204736254,0.8448211933748,0.4711400148256,0.8546485228207,0.3891863432334,-0.2645375301929,-0.1706149765370,0.5888851551900,0.6098984866441,0.0138915250678,0.4569708081821,0.3163790587760,-0.0584218568812,0.0031785940614,0.1853289717196
0.1612858408007,0.1069792820379,0.0795587733409,0.3655985409555,0.6568964868759,-0.1775416496808,-0.1963454588972,0.5274794256096,-0.4351387993706,0.3148742084429,0.0515885184649,-0.3097446438176,0.0367819289939,-0.1613152298194,-0.2878056114877,-0.2450787535092,0.3552606745613,0.0636135437257,-0.2108818475635,0.0103067108638,0.1425797775066,0.3023971526433,1.0000000000000,0.2554994467385,0.5795859617860,-0.1503156119913,-0.1064183492671,0.0769194490787,0.4374748528669,0.0768056675767,0.6266615908863,0.0558148321904,-0.1239279585732,0.1196556368905,0.0619829687323,0.3117487832296,0.3435840650863,0.4220439013399,0.4398448937609,0.7278988522655,-0.1786034261339,-0.3492473581094,0.6589022826520,-0.5455983269093,0.6631514872804,-0.0357792715612,-0.1898618630937,0.0710818875231,-0.1769057298510,-0.2962406941036,-0.2839971603950,0.2647863171694,0.1956618824128,-0.3885882581265,-0.2308913439736,0.2815585676479,0.3332794748520,0.9160163515579,0.3115648425564,0.6631426008134,-0.0881647652897,0.0141332162420,0.4045730062638,0.4127921077993,0.2052384641628,0.7198650511086,-0.1423578114601,-0.1894824181024,-0.0471503855578,-0.0826499865050
0.5229597733954,-0.1550609203790,0.6648835801330,0.0919616959916,0.3627442236213,-0.0561125919064,0.0169893639293,0.1811353860018,0.0017468039650,0.0357348370631,0.3240663102089,0.1969704129339,0.2541635758369,-0.1770381819187,0.2424277960250,-0.2496656910882,0.6381871812045,0.6219137379806,0.3603921186290,0.5285160682541,0.5740686797830,0.9136564693541,0.2554994467385,1.0000000000000,0.2800570512580,-0.2346773194138,0.4883457787559,0.6463616519277,0.5447399160283,0.3879357315059,0.6978362996560,-0.3769949105596,-0.4556067015235,0.2897038968774,0.4835639596902,0.1171644588247,0.2278161946516,0.6530980713347,0.0527311112855,0.0158817095799,-0.2046439875363,-0.3301482339966,-0.0482076544375,-0.3976380642327,0.0681207573459,0.2184869465493,-0.3600297314701,0.0736412624661,-0.2739835432821,-0.3816801680954,-0.3191581017422,0.7688412651212,0.4527305630987,-0.1884780494325,0.0912489733859,0.3896692276639,0.7586452475681,0.4643262787433,0.8618981869742,0.2101646610276,-0.3634245596022,-0.0564108811928,0.6568247266469,0.3764517467353,-0.0690520689331,0.4421171352466,0.3295194562303,-0.0200545124580,0.0178751695672,0.1925389805551
0.3018557372781,0.1349765586397,-0.0610064367189,0.3783171580422,0.3357184449432,-0.1356230426829,-0.0621448292904,0.5210641499366,-0.2481562248357,0.2817326022697,-0.1976106285615,-0.1996386757115,-0.0504665487413,-0.0211689304769,-0.0860750993818,-0.1728492580271,0.7225357071780,0.1158792077554,-0.0375450427029,0.1295897474199,0.0429925210793,0.4574618069236,0.5795859617860,0.2800570512580,1.0000000000000,0.0553100026937,0.0305825568084,-0.0072124841647,0.7655309270363,0.0581029782996,0.4238205697578,0.0392959186259,-0.1845489872954,0.1072597020459,0.1919878886293,0.3164428354631,-0.0048065359577,0.1046673257787,0.3326700904582,0.4079858612981,-0.1115562932185,-0.1456959650306,0.6335052729808,-0.3506915204917,0.4390426534560,-0.3070175073013,-0.0791182380027,-0.0036122267853,-0.0598316352435,-0.0474558158790,-0.1896411027986,0.5294708226263,0.1118883767964,-0.2365053610802,-0.0730172012703,0.0091121723426,0.3520084594222,0.5891426259333,0.2946822394856,0.9551521328300,0.0403524925743,-0.0076756334669,0.2274719401794,0.7839105104367,0.3132866735734,0.4492710814403,-0.1438401049711,-0.2727234350372,0.0658257633769,0.1990765658786
0.0072184458626,0.3173460743916,-0.1995546639547,0.1971322384244,-0.2463199532823,-0.3149875654003,-0.2235032280311,-0.0239087077971,-0.1214023546127,-0.0311050908417,-0.3311205755102,0.3726527622716,-0.1904599593776,0.6447475996517,0.0128058289427,-0.1406807180777,-0.0010405153280,0.0295370316991,0.2687013040891,0.1501150966938,-0.1534593820486,-0.1742514180941,-0.1503156119913,-0.2346773194138,0.0553100026937,1.0000000000000,0.3706796213834,0.0775561586458,-0.1029956054157,0.0720005712212,-0.2613560847949,0.0034383997870,-0.0009880385683,-0.1947714961179,0.2232671842194,-0.0866847378857,0.0082158671895,-0.3427480168333,0.1381944840372,-0.2741347725265,-0.2816367487705,-0.1457655966780,-0.1523742237818,-0.0073952996852,-0.1111643166940,-0.2758582340321,0.5436793406583,-0.1651923374040,0.5866737891816,0.0566186711415,-0.1417305236121,-0.0190971740777,-0.1575005424712,0.1276183792713,-0.0040623489366,-0.3045551758531,-0.1704077212369,-0.2067718221037,-0.2282282575885,0.0067371789566,0.8201768201139,0.1892657994135,-0.0064666539499,-0.0137547993035,0.3393632333317,-0.2671031571300,-0.1432926790688,-0.1570477097451,-0.1101775300372,0.2022258847911
0.3878181822598,0.1904554433346,0.3823124112481,0.2822262814312,0.0672380858421,-0.2019542834538,-0.1371995125605,-0.1088287223510,0.0163656047027,-0.1109491456140,0.0270475556521,0.5420369950315,0.0586896603536,0.2635303181850,0.2657777631088,-0.2387920855296,0.2350550730388,0.6346777494913,0.6516207927129,0.6754765474334,0.3274348382646,0.3247262899168,-0.1064183492671,0.4883457787559,0.0305825568084,0.3706796213834,1.0000000000000,0.6018727391938,0.0995459975254,0.4146300237436,0.2561764323841,-0.4423538034195,-0.2672250163750,0.2029486308188,0.4989311934525,0.0673258051335,0.2854181295688,0.2427238291758,0.1313808174224,-0.2442606265541,-0.2593096528658,-0.3292720830318,-0.2653789203980,-0.2529144766853,-0.1656344533146,-0.0022317564625,0.1500830047312,-0.0527693757282,0.1796461084248,-0.2008155596797,-0.3049308949337,0.3034543571843,0.4161973597252,0.2111606562371,0.2255222106503,0.1279404833112,0.1687110154522,0.0316537606843,0.3024208745008,-0.0750450701632,0.1019236089106,0.4196622652205,0.4674826372689,-0.0065666644170,0.0772087836961,0.0602230766706,0.0943603006745,0.0547454897186,0.1071840949238,0.3784079952578
0.2913147206676,-0.1092603832131,0.6568927387004,-0.0076886635414,0.0943441554607,-0.1117474791240,-0.2303648384665,0.1139968787018,-0.0600011358873,0.0755621331279,0.1537904521700,0.3180221552401,0.0268745148505,0.0356936422634,0.1497864517213,-0.3383874836843,0.2439383098080,0.4854132146169,0.3656532979183,0.3864968285182,0.2939559896282,0.5098229063627,0.0769194490787,0.6463616519277,-0.0072124841647,0.0775561586458,0.6018727391938,1.0000000000000,0.1455228301985,0.1417723735171,0.3230359992398,-0.3764138283847,-0.3123652729174,0.1601730188412,0.2006103914666,-0.1963888164584,0.2664555446757,0.6541554817943,-0.0792783249424,-0.1953014172099,-0.2536677909142,-0.4448864752591,-0.2448779567596,-0.3466125817668,0.0257428353246,0.1397091865285,-0.1923078264704,-0.1555358316532,-0.0587092965712,-0.4204696667494,-0.3967034520089,0.4381807666295,0.1918550105327,-0.0980132036585,-0.0360561579609,0.1379459242369,0.5063386640308,0.2129119302367,0.5850929494040,-0.0722085848214,-0.0987577089132,0.0813530679831,0.8172998513465,0.0212517148725,-0.3080401367658,0.1017451808495,0.3713466421944,0.0702204633288,-0.0305821287629,-0.0658070455825
0.2614315045412,-0.1048473299301,0.0689450103046,0.1613226086953,0.3158981862705,-0.1142949671544,-0.0778211495107,0.3517057906165,-0.1623673479831,-0.0611564116091,-0.0049232036739,-0.0802127196660,0.0557618838718,-0.1831446379531,-0.0365227384674,-0.2290321098640,0.8002109305349,0.1655217561836,0.0300335405993,0.1794582995903,0.1822917271835,0.7220587858973,0.4374748528669,0.5447399160283,0.7655309270363,-0.1029956054157,0.0995459975254,0.1455228301985,1.0000000000000,0.1536442239254,0.5402596317565,-0.1214976730210,-0.2537266304509,0.0791314023411,0.2308450455030,0.2295014274882,0.0483277958327,0.2437329238336,0.1326075867260,0.2539784951002,-0.1021640109033,-0.2466734429200,0.4788408508655,-0.3053258530256,0.1262897529566,-0.1042224601105,-0.1846621523651,-0.0140967363074,-0.2124347281588,-0.1764878600769,-0.2264037669095,0.7192206951915,0.1832913338143,-0.2245945564516,-0.0658743569441,0.0805942023067,0.5885244033130,0.5161964529803,0.5485503260538,0.7021422719304,-0.1125484316509,-0.1093032425346,0.3255754528489,0.9290802079343,0.2288956161942,0.4302028538626,-0.0077347848820,-0.2130901445565,-0.0356277039045,0.1859539188056
0.5442793380624,0.1394338118218,0.0783855472994,0.2807368759954,0.3028162809439,-0.0428705942283,0.4157170722240,-0.0219513651059,0.1410056572433,0.2739581230468,0.5948793774665,0.1169916473863,0.6473896959167,0.0165588420769,0.5833716377018,0.3000572311686,0.1238935795368,0.5894348875580,0.3666253729986,0.5511741751684,0.5400309806948,0.3147668883509,0.0768056675767,0.3879357315059,0.0581029782996,0.0720005712212,0.4146300237436,0.1417723735171,0.1536442239254,1.0000000000000,0.3525389046190,0.0079306018874,-0.4610879811280,0.4037306644181,0.6616377880843,0.4337189637514,0.0956570040395,0.0300580906736,0.3769088262061,0.1347494328984,-0.0865732176857,0.1014388294642,-0.1775903596909,-0.2175113593588,0.2024203855335,0.4824520649117,-0.2126775640861,0.5678872773157,-0.1046002248779,0.0642472437930,0.1870628666220,0.1107277274848,0.5104852831880,-0.1325297457761,0.4335717121299,0.4271367402454,0.1472591197139,0.1651179282536,0.1799992274947,-0.0279107546476,-0.0658347093892,0.1239063604692,0.1179194483458,0.0355019829623,0.4701433410236,0.1278364145038,0.3062457496536,-0.0780431764475,0.0785716805279,0.4251386175336
0.4308349471001,-0.0342074929506,0.4497285266895,0.2684196306430,0.6555190681356,-0.0575949101594,-0.0786544373842,0.5551949339474,-0.1450907742644,0.0968672819423,0.2725354378708,0.0098476557085,0.1440617793675,-0.2250553393179,0.0043981129918,-0.3181692982910,0.5102712292850,0.3926670553399,0.0755965977126,0.2687505909347,0.5037200528395,0.6908264094419,0.6266615908863,0.6978362996560,0.4238205697578,-0.2613560847949,0.2561764323841,0.3230359992398,0.5402596317565,0.3525389046190,1.0000000000000,-0.1716077477171,-0.2112268401561,0.2957778604852,0.3595006777817,0.1991838323073,0.3342816152551,0.5516101013962,0.2302289017281,0.4420652649300,-0.2142457470302,-0.3622297397099,0.3516316149940,-0.4718090779258,0.3017173340681,0.1419977591965,-0.3125928655048,0.0300316120188,-0.3085789141002,-0.4560884456005,-0.3993419488119,0.5530149364440,0.3515899385941,-0.2934633494478,-0.1396177678350,0.4549094349972,0.4878984800968,0.7177553649967,0.5609977027225,0.4472084632691,-0.3234618403027,-0.0957494771093,0.4943882986439,0.3630245689920,0.0187124837511,0.7309412066273,0.1138181452328,-0.0446764668135,-0.0352534053175,0.0616011837912
-0.1587672409050,0.1090476206989,-0.4457976024346,0.0428904279391,-0.1074421311610,-0.2559464314485,0.0100978268778,0.2949948232249,-0.2361776830737,0.3034792684859,-0.0148986138559,-0.4795160228018,0.1082980793067,-0.0194065503357,-0.0727693422415,0.0908700028016,-0.2070450717998,-0.0513246211643,-0.3877767264345,-0.1637983434392,-0.1088399620831,-0.2737341746873,0.0558148321904,-0.3769949105596,0.0392959186259,0.0034383997870,-0.4423538034195,-0.3764138283847,-0.1214976730210,0.0079306018874,-0.1716077477171,1.0000000000000,0.0090165741363,0.0154370465114,-0.0556755774790,0.1442465191955,-0.1435480885411,-0.3442728646520,0.0697223724496,0.1282508128566,-0.1802081564489,0.0484546141003,0.2108006305322,-0.0528493732853,0.2878291713826,0.0786580778045,-0.0893058759609,0.2417210124629,-0.2248186397746,0.1316931518082,0.1170342359069,-0.2819415399690,-0.0270435074661,-0.3136133382742,0.0847387679340,-0.0270750780870,-0.2094352110634,-0.0965183298168,-0.2815132448703,0.0590794779732,0.0358805265290,0.0243726147458,-0.2607124099864,-0.0021757123058,0.3267853848920,-0.1253322347880,0.1154385929737,-0.3635529741986,0.0441842010963,-0.0431625507963
-0.3718672822573,0.0768395103453,-0.1459624211622,-0.0377031859328,-0.1202193004079,0.3720327677547,-0.1265420300948,-0.0410667168347,0.1618745432060,-0.2537243120708,-0.3683673843692,0.1377303853166,-0.4731240762427,0.0923610500560,-0.2599927994443,-0.0961832707895,-0.2499140194346,-0.5058727342316,-0.2444782065060,-0.4721049001932,-0.3886095159766,-0.3976304194410,-0.1239279585732,-0.4556067015235,-0.1845489872954,-0.0009880385683,-0.2672250163750,-0.3123652729174,-0.2537266304509,-0.4610879811280,-0.2112268401561,0.0090165741363,1.0000000000000,-0.1373906511884,-0.4862766806386,-0.2640284468083,0.0514679313400,-0.2197022191912,-0.1505210939551,0.0378453361400,0.3117380871279,0.2398373699207,0.0723647965332,0.4464434412550,-0.2295642483522,-0.3065902016133,0.3097368102407,-0.3536352058156,0.1764806863773,0.1406483899692,-0.0034966754363,-0.3063900032726,-0.4634114611002,0.3206085238747,-0.3442086798679,-0.2241307256988,-0.3671837704714,-0.2440389673801,-0.4284265090424,-0.0864256238447,0.0274527179560,-0.0894018280837,-0.3294202522758,-0.2107197406226,-0.2680360816521,-0.1020948962443,-0.2969145241648,0.5149158129088,0.0184119956305,-0.2622995150017
0.4101118106574,0.4390138249136,0.0946658813495,0.6439603516888,0.3057561347889,-0.0787214397695,0.1222440242339,-0.0022394862869,-0.0384606362995,0.4239595714633,0.4102800778491,-0.2215677003303,0.4818179040107,-0.1708192660881,0.2001516380939,-0.0288330743128,0.1399452293412,0.4195853232817,-0.1224833198162,0.1404860781160,0.5175341691770,0.2627520841552,0.1196556368905,0.2897038968774,0.1072597020459,-0.1947714961179,0.2029486308188,0.1601730188412,0.0791314023411,0.4037306644181,0.2957778604852,0.0154370465114,-0.1373906511884,1.0000000000000,0.3230496798129,0.6009701668877,0.1879464122505,0.0415281843296,0.3581129534294,0.1790853717821,-0.1322311542589,0.0898863804603,-0.1313845090320,-0.2124776216075,0.2959107452965,0.3976907038847,-0.3982324724025,0.5063389806319,-0.3652382767975,-0.0838450962062,-0.0153449511788,0.1302267889857,0.3536905767956,-0.3394861476614,-0.0269572530751,0.4714555246610,0.1511655102657,0.1260203719658,0.2106242401125,0.0463957925013,-0.4641360237437,0.2048424013518,0.1947344233005,-0.0091576628338,0.0094215883393,0.1340558167630,0.1429598524074,0.1750385835398,0.7715290341639,0.4380030770229
