1.0000000000000,0.4289672694241,0.0763435089576,0.6834130212025,0.6002521387198,-0.2416638486171,0.3207337672154,0.5510348828521,0.0636327069084,0.4290491887792,0.6209655314232,0.2010627537582,0.5981459473746,0.4713787605422,0.6525457082051,0.2068505811676,0.4845889537669,0.4043605043697,0.4655727387175,0.7053860590426,0.6610458993481,0.4336723633655,0.6145672707124,0.4659528681008,0.5902902236709,0.5456615398455,0.1582438397617,-0.2584252634492,0.5306458391840,0.5357226691453,0.5833556400261,-0.1128904826977,-0.2413296918919,0.5581628142387,0.7098602309406,0.5151597617955,0.3716840339141,-0.4660787767956,0.6267112060392,0.5502071481572,-0.2023617280587,-0.3070401338824,0.1735559888064,-0.3024200559067,0.3356514860900,0.0752245953288,0.1689037953891,0.5166413935274,0.1509659626198,-0.1270038262616,0.0196990877155,0.4541028711710,0.2282128047913,-0.3293749123799,-0.2914880419390,0.5100043872643,0.0368785347022,0.5405209228424,0.0640074635665,0.4137999165859,-0.0295626828908,-0.5514806923452,-0.1848124166063,-0.1136378635236,-0.1004510232018,0.0358067571394,0.2264235150915,-0.0663853657633,-0.1469623466019,0.1455178012996
0.4289672694241,1.0000000000000,0.1086343624436,0.6221995519025,0.1339625924615,-0.2189789003812,0.0311015997074,0.4882447220730,-0.0207145126729,0.3165563716979,0.2785998922030,0.0760971825055,0.2238650311457,0.1800886874312,0.4197109787491,0.3161417407792,0.3322258664673,0.5134057110046,0.1960089844155,0.4280385941726,0.2421966704362,0.5202657518789,0.6345787651837,0.5293972183971,0.4675074963937,0.5050508530377,0.4830948296010,0.0126285185802,0.4280973229968,0.2525573494584,0.6883149369567,-0.0506505020174,-0.1646260642097,0.1256436154921,0.5256654089197,0.1346139914844,0.6807705640334,-0.2669528343137,0.5705653691676,0.2550385228443,-0.2689222537714,-0.3837853666053,0.1730893889457,-0.3875558168014,0.2374614305017,-0.1468086875726,0.0249044080743,0.2155848484699,0.0075008135154,-0.1888847314333,-0.0809962285910,0.3777840037586,0.3848266297936,-0.2824804498981,-0.0290207360599,0.0907888411652,0.1553313211438,0.6148708732172,0.2479684207081,0.3956378790481,0.3395459143752,-0.0915707693353,0.0002247948851,0.1376831736598,-0.1294470276531,0.2352821496343,0.0569727381185,0.1522375217736,-0.3225366906409,0.2317269547675
0.0763435089576,0.1086343624436,1.0000000000000,0.2974086058326,0.2258495551962,0.2237352803994,0.3815041044502,0.2168357358678,0.4449339143606,0.0254652957227,0.2435053807960,0.3144625175304,0.1325303002589,0.3911460814180,0.0285448052171,0.2287297916427,0.0524240098977,0.1155116096633,0.1564906303581,0.0328734448334,0.2015924111508,0.2934665832087,0.0699389532933,0.5791638354903,0.1164111578775,0.1321114016027,0.4900636493054,0.6718521400600,0.1873457878571,0.1269939976824,0.1629961771188,-0.2479572319868,-0.2747265526910,0.1803990756215,0.1099946627175,-0.1896206661234,0.0837559178930,0.4532690961477,0.1600843492851,0.1249954096104,0.0376335539040,0.1007683305315,-0.1368628762589,0.1166312417152,0.0222708733055,0.2277090427687,0.3085331942387,0.0537855127331,0.2405892159775,-0.0803720792490,0.1112272821478,0.2540922306389,-0.2949896618254,-0.1296830559337,-0.3478236798394,0.1328980099921,-0.2707312323617,-0.0067681750398,-0.1795581654501,0.0611341025674,-0.1495025685817,-0.1436877695288,0.7383070804548,-0.0696634201966,-0.3297650707956,-0.4354658104564,-0.1154818987342,-0.2063434052555,-0.2574925245230,-0.1554234837706
0.6834130212025,0.6221995519025,0.2974086058326,1.0000000000000,0.5306233038488,-0.1532162610559,0.1599155853126,0.6639818284862,0.0430874771469,0.5705651757056,0.4424985170977,0.2178175394267,0.4765843995604,0.4669969204491,0.5577491698825,0.3042933144387,0.3768741922377,0.5717579186745,0.3644402956499,0.6099266781579,0.5682477807556,0.5451337379694,0.7259378182356,0.6282603351678,0.6827875294245,0.6679852556802,0.4190256996005,0.0040911044515,0.5286884425700,0.5097187857831,0.6648917258942,-0.1013336169201,-0.1717287642926,0.5213282094207,0.6830110281972,0.3168412619163,0.6006811391188,-0.2213370320074,0.7873034376721,0.5094577171444,-0.2181381566128,-0.3884902982978,0.2845539587079,-0.3283238233480,0.4799872328143,0.0841597835887,0.1641542900476,0.3706770221746,0.2600095724114,0.0116336843961,0.0368612354480,0.4716717907259,0.3047311165443,-0.2359040350764,-0.1392507395824,0.4449463732530,0.0788981360877,0.6281058403509,0.0950172623314,0.5582123864414,0.1819990235353,-0.3666487555163,0.1013417845896,0.0246615294533,-0.0797376962898,-0.0032074834703,0.1814689099065,0.0454596052658,-0.1047337282471,0.2989537247391
0.6002521387198,0.1339625924615,0.2258495551962,0.5306233038488,1.0000000000000,-0.1078236394879,0.2421590834181,0.4301455686148,0.0295085468836,0.3863325967830,0.5409271060478,0.2926849886696,0.7366854226526,0.5545282793265,0.2787761299065,0.1023298459352,0.3436437456104,0.1735334520460,0.3152002401408,0.4403495544978,0.7609384842179,0.3860922221904,0.3978693812903,0.4391231956907,0.4220805031492,0.3628371654617,0.0833835908176,-0.0435249929090,0.5430241380902,0.4598560781262,0.3812009490164,-0.2642895059865,-0.2886102759980,0.5627223387971,0.5245363073849,0.4997984645797,0.1665622707105,-0.1968289797992,0.3994544427912,0.8468166543421,-0.1190503787731,-0.1845009960270,0.1461794743270,-0.2220714008312,0.3253922303349,0.3727362286936,0.3836589729555,0.6422270961923,0.3317298256671,-0.0127903892506,0.1015188424071,0.3480290561997,0.0150627264667,-0.0152983870973,-0.1750798574156,0.8064519114641,0.0394716986574,0.3232464585193,0.0016467938741,0.3558779413323,-0.1430839635026,-0.4044711978305,0.0615854279388,0.1410914926086,0.0579037187227,-0.0960220374321,0.0377257513568,-0.1031357627665,0.1381856970789,0.2356036016562
-0.2416638486171,-0.2189789003812,0.2237352803994,-0.1532162610559,-0.1078236394879,1.0000000000000,0.4398341441087,-0.2736873775660,0.5939247324529,-0.0543347427461,0.0175745885104,0.1831011748343,-0.1484719414646,-0.0160408152042,-0.0613405794531,0.3112482471822,-0.2517780706500,-0.2136468595798,-0.0775290146358,-0.3212723959784,-0.1933532447072,-0.2071872629450,-0.2895849788028,-0.1270361187884,-0.1862559601625,-0.2141293145092,-0.0070985801383,0.1499411509464,-0.3216969562784,-0.0692204146202,-0.3059704746805,0.0709908688401,0.4353362913807,-0.0279852374365,-0.1214932962727,-0.2904673068674,-0.3218799321743,0.2455154901655,-0.2110599618052,-0.1850484232762,0.7630180159034,0.6378211449530,-0.2553325513658,0.7275522639261,0.0589895520646,0.3289799200902,0.0592566783660,-0.1801484820988,0.0410988130724,0.4722923792400,0.5302033792418,-0.2445777104003,-0.3062072200398,0.1476380056223,-0.1360716535874,-0.1917620140510,-0.2447258828970,-0.3811135279692,-0.4217764721695,-0.0727954407082,-0.0919626723660,0.0183253544504,0.1651748862903,-0.2826602570825,-0.1208226473862,-0.4002662762056,-0.2052407978415,0.2088240567986,0.0226909935828,0.0158147960512
0.3207337672154,0.0311015997074,0.3815041044502,0.1599155853126,0.2421590834181,0.4398341441087,1.0000000000000,0.0831050667030,0.7662943850373,0.0546097877923,0.6776623808149,0.3093575334415,0.4012715034674,0.4198847040661,0.3152186036535,0.4811819306432,0.1075093004457,-0.1277757989311,0.3663055650640,0.0385837289451,0.3366771010115,0.0376731201015,0.0001589511433,0.1540859226402,0.0651503099442,0.1275418819233,0.1257754305893,0.1353041709174,0.0789383641502,0.1815772375606,0.0004586237623,-0.1091998099704,-0.1237276729604,0.1766322690592,0.1261481142054,-0.1186526839135,-0.0609444386968,0.1007043423124,0.1199295549881,0.1377545639249,0.3332505987879,0.5378704841442,-0.2623502216754,0.4503495045579,0.0553740934171,0.4446438477458,0.3000166287464,0.3275815874286,0.1361675158216,0.0125347589074,0.4343618216402,0.1542796476416,-0.3028153231854,-0.2614409454113,-0.5667843644343,0.1718390091486,-0.2645160108860,-0.0835586268119,-0.2774751651341,0.0030897361591,-0.1509962387412,-0.2667851334884,0.2455298934324,-0.2297083045608,-0.4475752827998,-0.4112725809590,-0.1027522851999,-0.0938438959432,-0.3402497121921,-0.2645506693114
0.5510348828521,0.4882447220730,0.2168357358678,0.6639818284862,0.4301455686148,-0.2736873775660,0.0831050667030,1.0000000000000,0.0378755347068,0.4577432446533,0.3464106423973,0.1138084883786,0.3364028847144,0.4084367184423,0.5319991604418,0.2049157962762,0.2567402633620,0.5986100872078,0.3516199873015,0.5933909857390,0.4520573972811,0.4588696578461,0.4795055181472,0.5053755022625,0.7364096758098,0.6942907350321,0.4754618917377,0.0024248755188,0.5939545132358,0.2847341555080,0.6817447349572,0.0124544562215,-0.2003212419380,0.2928516750203,0.5183896324740,0.1663948617673,0.4345975208027,-0.2462427069578,0.6462577583995,0.5082886225674,-0.4081133072086,-0.4913079473387,0.5020372687232,-0.4294343311122,0.3537235449578,-0.0524768746604,-0.0209202283435,0.2286434910610,0.2524004976196,-0.1808303212384,-0.1157776018763,0.3457779511933,0.2494145503541,-0.3505738879444,-0.1100366236929,0.3337154818088,-0.0325083208762,0.3953229908038,-0.0398825918653,0.5311869991394,0.2465527486679,-0.2664441992693,-0.0289835218860,0.1197647162143,-0.1807340189074,-0.0827303553353,0.2253963385069,0.0151974302045,-0.2761165457832,0.0445004133803
0.0636327069084,-0.0207145126729,0.4449339143606,0.0430874771469,0.0295085468836,0.5939247324529,0.7662943850373,0.0378755347068,1.0000000000000,-0.0316148919786,0.4367401787410,0.3343186595050,0.0412410162708,0.3861920684603,0.1901966269487,0.4010722796327,-0.0781321042827,-0.1623079872558,0.3108828579492,-0.1138777202390,0.0569430457827,-0.0550682827912,-0.1632106060973,0.0823836912218,-0.0394905210297,0.0740680442743,0.1888423484908,0.2732397218320,-0.0558361653058,0.0210633302270,-0.1089299877899,-0.0869768263726,-0.1724852547085,0.0062417273134,-0.0213066534543,-0.3448757759351,-0.1741226242695,0.3170848013580,-0.0208226934905,-0.1005652452007,0.3823938407116,0.5386306012328,-0.3041013753760,0.6153512582115,-0.0226593135439,0.4030301618960,0.2943504497476,-0.0419476191026,0.1843780853110,0.1705464497253,0.3950534465578,0.0493766481224,-0.4435033158966,-0.1712780080129,-0.5394313042746,-0.0676421352218,-0.3186600745888,-0.2699034954830,-0.3704817761950,-0.1290097289305,-0.1419806837580,-0.1298995777850,0.3444638974018,-0.3431779078469,-0.5419351798024,-0.5310579831193,-0.2398586695677,-0.1690421574167,-0.3487438273870,-0.2782049723838
0.4290491887792,0.3165563716979,0.0254652957227,0.5705651757056,0.3863325967830,-0.0543347427461,0.0546097877923,0.4577432446533,-0.0316148919786,1.0000000000000,0.2824748271306,-0.0454492789510,0.4141227143489,0.3408798103927,0.3874051962642,0.3881624372887,0.1699099185224,0.3558697220527,0.1760887524988,0.3045634379539,0.4958011156468,0.2072206937497,0.4091438484131,0.2358108808921,0.7359319943403,0.5011253451949,0.1288800264638,-0.0713039151945,0.2512398947768,0.1533896608390,0.2904904549044,0.0210378463998,0.0779994786122,0.1950656362982,0.3695961816525,0.1178938222992,0.3550326947413,-0.1948010771201,0.4608424539777,0.4453425915580,-0.0445811392458,-0.2290004612802,0.3838358614112,-0.2121754709570,0.8782291616633,-0.0297103228156,0.0344844909560,0.3971011787073,0.2702798377636,0.1185552530014,0.2575246855139,0.1240887107891,0.2080108057063,-0.1916945052257,-0.1239686515125,0.3876547692605,0.0011781330798,0.3161872145384,-0.0363806208396,0.6934792228710,0.1993301382987,-0.3196211294271,-0.0642603504175,-0.0931769679364,-0.1752761678549,-0.0294947766969,0.1772131524254,0.2031262843052,-0.1960932587661,0.1664613929839
0.6209655314232,0.2785998922030,0.2435053807960,0.4424985170977,0.5409271060478,0.0175745885104,0.6776623808149,0.3464106423973,0.4367401787410,0.2824748271306,1.0000000000000,0.2633859050860,0.6749311694825,0.4474162142421,0.5733880192728,0.3587756696372,0.4540414764038,0.1595770339535,0.4475092150499,0.3264730400209,0.7168415573160,0.4133344090416,0.3983128565583,0.4473702536533,0.3140116929084,0.2987653749858,0.1931299226961,-0.0357178706399,0.5168603985481,0.4689850466134,0.3534811200691,-0.2026933256108,-0.3136023083255,0.3969606083733,0.4425225023049,0.1576646369151,0.2347661979737,-0.1791028378000,0.3990328348927,0.4616289056470,-0.0130447873763,0.1086735885067,-0.0786107165137,0.0180861796920,0.2166701829337,0.4762241808594,0.2360752843397,0.6368579644034,0.1185706674276,-0.1369462805280,0.2355328471800,0.4385785162018,-0.0034036763390,-0.3068293096982,-0.4230388047988,0.5345460060617,0.0368768043709,0.3123378628010,0.0135324467152,0.2275301980491,-0.1090840892609,-0.4145654919432,0.0664357808555,0.0363177629929,-0.2908100699743,-0.1154873873994,-0.0098421104128,-0.0945616580410,-0.3098508596581,-0.0292378397548
0.2010627537582,0.0760971825055,0.3144625175304,0.2178175394267,0.2926849886696,0.1831011748343,0.3093575334415,0.1138084883786,0.3343186595050,-0.0454492789510,0.2633859050860,1.0000000000000,0.1461686138626,0.5978844656713,0.2681277178364,0.2553114541938,-0.0242098773600,-0.0870626653325,0.5703435747122,0.1804311250090,0.1248176775534,0.0379429011115,0.0560547733858,0.1516216314133,-0.0708436915246,0.0803022672355,0.2075944341636,0.2300682137369,0.0459320954509,0.4442564898148,0.0495698341030,-0.5274613037363,-0.1262310920862,0.2659584218419,0.3760193428955,-0.0291185447519,-0.0441970868019,0.1146948913436,0.1931038322985,0.1091086871027,0.1663020976800,0.1005559971819,-0.2211794560372,0.1578674899569,-0.0744173197901,0.0817899956450,0.7241489442782,-0.0045281579997,0.5429637748411,0.0570240188985,0.2824083638208,0.0692206852545,-0.3728745744475,0.2351721540998,-0.2648956025347,0.0803072584950,-0.2565494626912,-0.0333734766070,-0.2956911891847,-0.1144103706967,-0.1144361631760,-0.2501073613017,0.2679415044618,-0.1719785959521,-0.0311861562188,-0.3182041475855,-0.2294779603489,-0.1228456105005,0.0938044673381,0.0622251908480
0.5981459473746,0.2238650311457,0.1325303002589,0.4765843995604,0.7366854226526,-0.1484719414646,0.4012715034674,0.3364028847144,0.0412410162708,0.4141227143489,0.6749311694825,0.1461686138626,1.0000000000000,0.4603764786038,0.3960941451906,0.3354521088490,0.4351812551138,0.1386426268184,0.3073725878281,0.3521007219259,0.8439784230779,0.4357700660124,0.4502922127598,0.4288232255854,0.3510533484823,0.3132849404247,0.0078450382842,-0.1354632467677,0.5156871663884,0.4602739038328,0.3541371503425,-0.1891739257110,-0.2398062928971,0.4018491461693,0.4131911173741,0.3770785243971,0.2266982776714,-0.2521410100140,0.3382586772788,0.6273377080999,-0.0851285379025,-0.0404546987311,0.0144888544085,-0.2122142300986,0.3170396058865,0.3862887106748,0.2374111217304,0.8961378012072,0.1141923128532,-0.0378878287932,0.2987817659958,0.4248982708662,0.0699779464158,-0.2057926435241,-0.2293752753733,0.7736807546707,0.1283042963816,0.3737918518429,0.1174666526621,0.2813358458138,-0.1923789125952,-0.4661874194374,-0.0120514972357,0.1751784900007,0.0018057441882,-0.0224113826182,0.0380170758193,0.0327835561232,-0.0260170076367,0.1270627536929
0.4713787605422,0.1800886874312,0.3911460814180,0.4669969204491,0.5545282793265,-0.0160408152042,0.4198847040661,0.4084367184423,0.3861920684603,0.3408798103927,0.4474162142421,0.5978844656713,0.4603764786038,1.0000000000000,0.3664494046276,0.2765673583227,0.0982964193345,0.0297909405319,0.5842941659164,0.3428735214525,0.4690626489069,0.1413508836084,0.2197015411370,0.2984219030719,0.3412819328874,0.4963873242026,0.2135514645613,0.2080016716160,0.2075261284329,0.3706816395384,0.1449454102467,-0.4420961671149,-0.3702965966403,0.3610949109235,0.4034381744648,0.1059645079489,0.1383799041561,0.0672438793063,0.3563107941961,0.3823296072833,0.0042632207549,-0.1048402199793,0.0224060643004,-0.0557590991265,0.2802813159337,0.2262578200770,0.7002540499231,0.2943019666700,0.7007988369078,-0.0341223316100,0.2584528147170,0.2057593827297,-0.2972772892712,-0.0750821639964,-0.5008422206621,0.3635061994177,-0.2966919117737,0.1113101145632,-0.2396541523828,0.1720707653891,-0.0997394451984,-0.4092780091037,0.3291313192565,-0.2935765006453,-0.3563014704056,-0.4127773574727,-0.0458693462227,-0.2045345151176,-0.1151421086413,-0.0568140441215
0.6525457082051,0.4197109787491,0.0285448052171,0.5577491698825,0.2787761299065,-0.0613405794531,0.3152186036535,0.5319991604418,0.1901966269487,0.3874051962642,0.5733880192728,0.2681277178364,0.3960941451906,0.3664494046276,1.0000000000000,0.3903477125024,0.3168018941246,0.4360233701789,0.5586761504049,0.5024508361543,0.4773911805328,0.3690539646849,0.4603679103584,0.3795521253068,0.4651576376977,0.4994492796663,0.3644689702369,-0.1412133210804,0.3684072289363,0.6332963661747,0.4716466829613,-0.0450527760074,0.0627193821586,0.4000709091308,0.6181152805210,0.1347828041653,0.3711036088742,-0.3738388194259,0.5820805960966,0.2770969556022,-0.0768251355097,-0.1782741572197,0.0753235939812,-0.2228225278183,0.3108156145300,-0.0657786759905,0.0757172351230,0.3625056395442,0.2305314257811,-0.0082079939190,0.1968268612496,0.3133552428398,0.1839030837376,-0.2608103454446,-0.1894330860594,0.2893179059487,-0.0443279301539,0.3493944398314,-0.0711159665925,0.2682034569619,0.1497861836922,-0.3801619239162,-0.1573928719046,-0.1268948884060,-0.0462832857314,-0.0777044995221,0.1272317103124,0.2817743249201,-0.2924081095375,0.1034171904934
0.2068505811676,0.3161417407792,0.2287297916427,0.3042933144387,0.1023298459352,0.3112482471822,0.4811819306432,0.2049157962762,0.4010722796327,0.3881624372887,0.3587756696372,0.2553114541938,0.3354521088490,0.2765673583227,0.3903477125024,1.0000000000000,-0.0222833712277,0.0123680853636,0.2132023778360,0.0118892704702,0.2146348458051,0.1279826662799,0.1060143700227,0.1727674472301,0.1895684433390,0.1576941007016,0.1974189041027,0.0952542141165,0.0989367777990,0.1507111875340,0.1115672592409,-0.1537769571364,0.1222751653674,-0.1308958087324,0.1299490114063,-0.2148359374066,0.1881315338234,0.0795465370300,0.1285981250504,0.0276034939314,0.2274459466873,0.2693193189116,-0.1180992585736,0.2159929570202,0.3418087085851,0.0515321958585,0.2384217896558,0.3216848544754,0.1652630437393,0.1985113872307,0.6777303885203,0.0726794397486,-0.2276902974668,-0.1887765607046,-0.3828259379316,0.0635383180345,-0.2668007360372,0.0518327373545,-0.2708929941470,0.1593050097019,0.0250382365234,-0.2465439814402,0.1713272315338,-0.1214366364415,-0.2899047305667,-0.3558244317254,-0.2046551524669,0.3493905323337,-0.4210267685055,-0.0990219030594
0.4845889537669,0.3322258664673,0.0524240098977,0.3768741922377,0.3436437456104,-0.2517780706500,0.1075093004457,0.2567402633620,-0.0781321042827,0.1699099185224,0.4540414764038,-0.0242098773600,0.4351812551138,0.0982964193345,0.3168018941246,-0.0222833712277,1.0000000000000,0.2429949389551,0.1053565209229,0.3186967385315,0.4313379170433,0.6920827808710,0.7103399088736,0.5738009950960,0.3803481138066,0.1611783719531,-0.0222139795970,-0.2643919816998,0.6811956338936,0.5038903146864,0.4894432981069,0.0011479662464,-0.1769951936875,0.4904990823452,0.4264803984185,0.4194827623510,0.3703225780856,-0.3016217263898,0.3653768587876,0.3466152735788,-0.1708604257213,-0.1593556397062,0.1782125364855,-0.2758638737127,0.1716263478787,0.2315379919843,-0.0088892340604,0.5011988978530,-0.1573844086863,-0.1459571167939,-0.0643644686813,0.7803426194061,0.3064425070867,-0.2434105617585,-0.0616275712729,0.3757556219561,0.5503050976764,0.6283401841865,0.5178107105675,0.3721628926687,-0.1129514013281,-0.3528798973453,-0.2323466677625,0.4416223232434,0.1951875577176,0.4443410613015,0.0812216164929,0.0650043866500,-0.0326207092759,0.2692141117726
0.4043605043697,0.5134057110046,0.1155116096633,0.5717579186745,0.1735334520460,-0.2136468595798,-0.1277757989311,0.5986100872078,-0.1623079872558,0.3558697220527,0.1595770339535,-0.0870626653325,0.1386426268184,0.0297909405319,0.4360233701789,0.0123680853636,0.2429949389551,1.0000000000000,0.1786711540032,0.6569612923314,0.2724988318828,0.4553395350234,0.4457283013221,0.5584294879155,0.5033216554644,0.4831097362045,0.6097279368705,0.0228801827506,0.3377273890810,0.1969665729374,0.6877002477233,0.2118540040473,-0.0465752895574,0.1996323984524,0.5396823788626,0.1796714516705,0.4603622496861,-0.2197041310604,0.5847405266135,0.3157019906187,-0.3280547623601,-0.5106026197252,0.3464115075036,-0.4542741728967,0.2924830462889,-0.2436425538001,-0.2911023113316,0.1303125383628,0.0186672454494,-0.2400250466500,-0.2516210064041,0.1908432016706,0.6880693285236,-0.1388777080855,0.4157140008718,0.1989100522152,0.1849785513521,0.3834236405147,0.2478014918941,0.4027553009280,0.3488476072173,0.0255511274986,-0.0754181953074,0.0562959671616,0.0510659613987,0.2166390781191,0.3933183577686,0.1095746998970,-0.1628711611362,0.2808380685180
0.4655727387175,0.1960089844155,0.1564906303581,0.3644402956499,0.3152002401408,-0.0775290146358,0.3663055650640,0.3516199873015,0.3108828579492,0.1760887524988,0.4475092150499,0.5703435747122,0.3073725878281,0.5842941659164,0.5586761504049,0.2132023778360,0.1053565209229,0.1786711540032,1.0000000000000,0.4419393489481,0.3163362796973,0.1481119812161,0.1926368939246,0.1765691166218,0.1707350162537,0.3705131175910,0.3422134275215,0.1404520068361,0.2190350029077,0.5488797314419,0.2600485336450,-0.2563947561770,-0.2326189935792,0.3587613154172,0.4779770924670,0.0156144133683,0.1175748720868,-0.1368285603953,0.3696859544855,0.2354221342665,-0.1068910097460,-0.0040426224651,-0.1327977238207,-0.0203188345987,0.0869201800329,0.0100816209718,0.4257473959641,0.2111283080551,0.3893214138001,-0.0475470298987,0.1338963494455,0.1257161064796,-0.0900436124691,0.0711221995314,-0.2666811623736,0.1771597371065,-0.1965754570631,0.0971065173659,-0.2319604618924,0.0064569706380,-0.0376419986398,-0.2550440328661,0.1125506974127,-0.1730562066813,-0.1118429863217,-0.1895948440137,-0.1085570434290,-0.1451984293064,-0.1054153176458,-0.0241274422604
0.7053860590426,0.4280385941726,0.0328734448334,0.6099266781579,0.4403495544978,-0.3212723959784,0.0385837289451,0.5933909857390,-0.1138777202390,0.3045634379539,0.3264730400209,0.1804311250090,0.3521007219259,0.3428735214525,0.5024508361543,0.0118892704702,0.3186967385315,0.6569612923314,0.4419393489481,1.0000000000000,0.4030681728367,0.3598324800097,0.4707184561263,0.4183653871248,0.4927831769258,0.5577295029446,0.3267225031847,-0.1459939874284,0.4503499319574,0.4401517833808,0.5872795587028,0.0042796042256,-0.2100102954480,0.5015512552390,0.7970505665149,0.4434384082454,0.3980108296904,-0.3952575077149,0.6771491402677,0.4377065408575,-0.2595369612693,-0.4264456636303,0.2362441639179,-0.3946296268426,0.2154748291334,-0.1568890347530,0.0249189605415,0.2491737017321,0.1597016954687,-0.2728782440649,-0.1477767070176,0.2808860341591,0.4249282071751,-0.1355731459252,0.0767745010010,0.3015114837276,0.0251657818359,0.4089442914406,0.1087857628510,0.3321512001644,0.1874238344686,-0.2588654718291,-0.1451743245975,-0.0818132693730,0.0714237367281,0.1096691090134,0.3967550914642,-0.0628649439886,0.0343907331363,0.3049327416011
0.6610458993481,0.2421966704362,0.2015924111508,0.5682477807556,0.7609384842179,-0.1933532447072,0.3366771010115,0.4520573972811,0.0569430457827,0.4958011156468,0.7168415573160,0.1248176775534,0.8439784230779,0.4690626489069,0.4773911805328,0.2146348458051,0.4313379170433,0.2724988318828,0.3163362796973,0.4030681728367,1.0000000000000,0.4197173857125,0.4846390260037,0.4810165648143,0.5085269665729,0.4046158166223,0.1363216068886,-0.1118341003337,0.5616581885561,0.4483884391329,0.4165924299956,-0.1543633363409,-0.2723625954558,0.4681760392624,0.4435961162354,0.3524365037627,0.3427095034605,-0.2205238419315,0.4492833550949,0.6900363476697,-0.1747799501836,-0.2145775161028,0.1380350960392,-0.2470216352233,0.4098693707478,0.3133387034547,0.2218675230554,0.7825888160849,0.1843415633437,-0.0319793946988,0.1270457078779,0.4732692363684,0.1430579918233,-0.2003644529051,-0.2237957930562,0.8869661909901,0.0753916634187,0.3954254986858,0.1054790716044,0.3814010394368,-0.1145534400087,-0.4308152062923,-0.0017005853590,0.1047078598306,-0.1036788077233,-0.0533823872900,0.0892414358149,-0.0525830093182,-0.1309921085250,0.1595136917733
0.4336723633655,0.5202657518789,0.2934665832087,0.5451337379694,0.3860922221904,-0.2071872629450,0.0376731201015,0.4588696578461,-0.0550682827912,0.2072206937497,0.4133344090416,0.0379429011115,0.4357700660124,0.1413508836084,0.3690539646849,0.1279826662799,0.6920827808710,0.4553395350234,0.1481119812161,0.3598324800097,0.4197173857125,1.0000000000000,0.7096476851655,0.8632484935123,0.3898903751043,0.2939850884924,0.2899231287614,-0.0611304326842,0.7107514618220,0.4748104221298,0.7186966014087,-0.0604388190787,-0.1923666291118,0.4045874941873,0.5104806377223,0.2853411805272,0.3905269007755,-0.2834528662174,0.4176861434149,0.4127945988337,-0.2786579530466,-0.2793131666738,0.1860049863150,-0.3707481877296,0.1890996476718,0.1412820439332,-0.0427671503900,0.4696889854786,-0.0420745477565,-0.1983209594754,-0.0911148242691,0.7084143798643,0.3086862495462,-0.2440875859510,0.0342624654685,0.3870291428010,0.5215389995305,0.5844051824414,0.4041601255464,0.3752684729518,0.0189726260553,-0.3572042095832,-0.0095773178498,0.4509558958139,0.1196366103995,0.2949747850905,0.0115732682053,0.0894606694238,-0.0979582777687,0.2266286513272
0.6145672707124,0.6345787651837,0.0699389532933,0.7259378182356,0.3978693812903,-0.2895849788028,0.0001589511433,0.4795055181472,-0.1632106060973,0.4091438484131,0.3983128565583,0.0560547733858,0.4502922127598,0.2197015411370,0.4603679103584,0.1060143700227,0.7103399088736,0.4457283013221,0.1926368939246,0.4707184561263,0.4846390260037,0.7096476851655,1.0000000000000,0.6279771007471,0.6008913296798,0.4221023215905,0.1518531887438,-0.2445692666024,0.6581626567775,0.5453050501730,0.7100364172338,-0.0136238001962,-0.1520012729625,0.5064351724994,0.5884212026990,0.4213277775142,0.6206754776236,-0.3945952950219,0.6304168767656,0.4570799416813,-0.2583847779464,-0.4074209960037,0.3242633320871,-0.4285895639700,0.3757979481540,0.0751618762029,0.0223651940348,0.4415023614963,-0.0189399976129,-0.0618805279184,-0.0679595182944,0.6712469548835,0.4433667338588,-0.2863306923036,-0.0314948629577,0.3994758929549,0.4292834774977,0.8872598683052,0.4379999062123,0.5885302433661,0.1041941954869,-0.3651969573142,-0.1795676446415,0.3378127190637,0.1190763710573,0.4230922537211,0.1736343360618,0.1242870490939,-0.0511785797839,0.3405488356250
0.4659528681008,0.5293972183971,0.5791638354903,0.6282603351678,0.4391231956907,-0.1270361187884,0.1540859226402,0.5053755022625,0.0823836912218,0.2358108808921,0.4473702536533,0.1516216314133,0.4288232255854,0.2984219030719,0.3795521253068,0.1727674472301,0.5738009950960,0.5584294879155,0.1765691166218,0.4183653871248,0.4810165648143,0.8632484935123,0.6279771007471,1.0000000000000,0.4130600420183,0.3759774677245,0.4738703459267,0.1852710413956,0.6300834148134,0.4034934914065,0.6873242878119,-0.1466924117365,-0.2799495108809,0.4054216669907,0.5505050531532,0.2439265945591,0.4159121296733,-0.0612487585750,0.5065283506746,0.4380972389912,-0.2370918254986,-0.3008022005301,0.1263930973815,-0.3288460671118,0.1919663310348,0.1486604008163,0.0724874968203,0.4090303014266,0.0765876039107,-0.2529685612715,-0.0709930834165,0.6428870114263,0.2634598339668,-0.2630079555652,-0.0343192004943,0.4093977682785,0.2998795853705,0.5188825136668,0.3333482484544,0.3400373401283,-0.0105338298963,-0.3314484550046,0.2535614505157,0.2408714478917,-0.0400103278000,0.0856650217252,0.0875644045803,0.0034009939450,-0.1906823666350,0.1982641597429
0.5902902236709,0.4675074963937,0.1164111578775,0.6827875294245,0.4220805031492,-0.1862559601625,0.0651503099442,0.7364096758098,-0.0394905210297,0.7359319943403,0.3140116929084,-0.0708436915246,0.3510533484823,0.3412819328874,0.4651576376977,0.1895684433390,0.3803481138066,0.5033216554644,0.1707350162537,0.4927831769258,0.5085269665729,0.3898903751043,0.6008913296798,0.4130600420183,1.0000000000000,0.6386811184395,0.2511266170355,-0.1568340152340,0.5417761192176,0.2314876319931,0.5454192433259,0.0976844126180,-0.0421912745369,0.3619104580422,0.5025882877373,0.2585550651573,0.5179486249413,-0.2953713129702,0.6310733577415,0.5458484062400,-0.2320101876285,-0.4187675732010,0.5855045449586,-0.3759431282133,0.6883450422912,-0.0126409855658,-0.0257060773549,0.3194438825688,0.2112808617565,-0.0288955488808,-0.0254261335037,0.3688388362934,0.3568632391635,-0.3507752332568,-0.1353593122849,0.3845142961616,0.0860820705088,0.5071227598980,0.0639383274168,0.8489058566611,0.2576445189771,-0.3254142357199,-0.1557116525264,0.0412154050813,-0.1803997904792,0.0646090259195,0.2865718262174,0.0958026614327,-0.2511138376053,0.1929638335660
0.5456615398455,0.5050508530377,0.1321114016027,0.6679852556802,0.3628371654617,-0.2141293145092,0.1275418819233,0.6942907350321,0.0740680442743,0.5011253451949,0.2987653749858,0.0803022672355,0.3132849404247,0.4963873242026,0.4994492796663,0.1576941007016,0.1611783719531,0.4831097362045,0.3705131175910,0.5577295029446,0.4046158166223,0.2939850884924,0.4221023215905,0.3759774677245,0.6386811184395,1.0000000000000,0.4783934267313,0.0718293656790,0.3166437685413,0.2113727516620,0.4417195033496,0.1567424171106,-0.1046357790890,0.3385072286235,0.5443373903150,0.2399485693695,0.3859647655501,-0.2421856281145,0.6691550161311,0.4313958386299,-0.3068430764162,-0.4172210302569,0.3257075745237,-0.3259677421984,0.4211343210962,-0.0007697808370,0.0410456912588,0.2361870162303,0.4049196654631,-0.0758037950905,-0.0805438719839,0.1996384812237,0.2372195368134,-0.3403493605001,-0.1552137638083,0.3061993084818,-0.0837933858658,0.3267541065221,-0.0682169222289,0.4436209720605,0.4875514489537,-0.1992149698862,0.0462191463135,-0.1979151868566,-0.2130227553763,-0.1438329315860,0.2904005703345,0.0013480313600,-0.2418816257524,0.1065504694489
0.1582438397617,0.4830948296010,0.4900636493054,0.4190256996005,0.0833835908176,-0.0070985801383,0.1257754305893,0.4754618917377,0.1888423484908,0.1288800264638,0.1931299226961,0.2075944341636,0.0078450382842,0.2135514645613,0.3644689702369,0.1974189041027,-0.0222139795970,0.6097279368705,0.3422134275215,0.3267225031847,0.1363216068886,0.2899231287614,0.1518531887438,0.4738703459267,0.2511266170355,0.4783934267313,1.0000000000000,0.5422912227925,0.1719461475724,0.1656047102288,0.4398881558939,0.0439069042992,-0.0995227676892,0.0698559265621,0.3038358624079,-0.2134916421500,0.3216367446295,0.0862359209328,0.4409022292232,0.1454819809965,-0.2676190879751,-0.2533951543931,-0.0046038281634,-0.2240033206060,0.0773430569416,-0.1359770429673,0.0088588005047,-0.0150406408564,0.2384080501893,-0.2043717452704,-0.1420898256314,0.0831707579169,0.1745659483324,-0.1257496525262,0.0788767922223,0.0256515699847,-0.2205901570030,0.1033896253350,-0.1649049609717,0.1472689344099,0.3630347827155,0.2427238202575,0.4029200933105,-0.0611715853245,-0.2124172248549,-0.2247176139171,0.0113184485506,0.0011625114066,-0.4090971472880,-0.0747771633354
-0.2584252634492,0.0126285185802,0.6718521400600,0.0040911044515,-0.0435249929090,0.1499411509464,0.1353041709174,0.0024248755188,0.2732397218320,-0.0713039151945,-0.0357178706399,0.2300682137369,-0.1354632467677,0.2080016716160,-0.1412133210804,0.0952542141165,-0.2643919816998,0.0228801827506,0.1404520068361,-0.1459939874284,-0.1118341003337,-0.0611304326842,-0.2445692666024,0.1852710413956,-0.1568340152340,0.0718293656790,0.5422912227925,1.0000000000000,-0.1749897390547,-0.0823913804260,-0.1160481694902,-0.2130795534742,-0.1213892903647,-0.1026620565011,-0.1339548006893,-0.4543731033956,-0.0144264494752,0.5932601636874,0.0446822062044,-0.1065318051367,0.0136228892037,0.0932869343192,-0.2905504016233,0.0469568626129,-0.0986827578482,-0.0362898412007,0.2181731397274,-0.1958671658211,0.2389613717823,-0.1896369924653,0.0153119662413,-0.1876922123607,-0.2774502627935,0.0544385754519,-0.1005556487249,-0.1538241148248,-0.3488911165526,-0.2478205239011,-0.1836339509513,-0.1411250493751,0.0274616304208,0.3068155415105,0.8879604769501,-0.0803504646995,-0.2749229103844,-0.3791553692943,-0.1228567828462,-0.1479660126673,-0.1233537994520,-0.2407219241307
0.5306458391840,0.4280973229968,0.1873457878571,0.5286884425700,0.5430241380902,-0.3216969562784,0.0789383641502,0.5939545132358,-0.0558361653058,0.2512398947768,0.5168603985481,0.0459320954509,0.5156871663884,0.2075261284329,0.3684072289363,0.0989367777990,0.6811956338936,0.3377273890810,0.2190350029077,0.4503499319574,0.5616581885561,0.7107514618220,0.6581626567775,0.6300834148134,0.5417761192176,0.3166437685413,0.1719461475724,-0.1749897390547,1.0000000000000,0.4569804572584,0.7007781595691,-0.0743939396198,-0.2801616799324,0.4108043900699,0.4666962745441,0.3870529618947,0.4290913469678,-0.2789606325285,0.4564049619215,0.5617932409218,-0.3342163301227,-0.2767577730542,0.3116510537143,-0.3310838096274,0.1843222965763,0.2149648037086,0.0672628929819,0.5319674546030,-0.0698730009845,-0.1954296586262,-0.0877721702574,0.6673580829247,0.2542862726731,-0.2840163249900,-0.1386270294055,0.5031540883173,0.3398823759488,0.6403201156364,0.2961556070953,0.4736511208510,-0.0775769708391,-0.3727070028406,-0.1286508262763,0.5694543056453,0.0527032473617,0.2876242950578,0.0306126805998,0.0166290472201,-0.1552744579227,0.1964108390511
0.5357226691453,0.2525573494584,0.1269939976824,0.5097187857831,0.4598560781262,-0.0692204146202,0.1815772375606,0.2847341555080,0.0210633302270,0.1533896608390,0.4689850466134,0.4442564898148,0.4602739038328,0.3706816395384,0.6332963661747,0.1507111875340,0.5038903146864,0.1969665729374,0.5488797314419,0.4401517833808,0.4483884391329,0.4748104221298,0.5453050501730,0.4034934914065,0.2314876319931,0.2113727516620,0.1656047102288,-0.0823913804260,0.4569804572584,1.0000000000000,0.4508169280481,-0.2344903895488,-0.0502438308095,0.7261616074287,0.6455738855032,0.2713177634704,0.2578544107189,-0.3158072700041,0.4387506736478,0.3470169241208,-0.0142816299635,-0.1115662286575,-0.0751053168466,-0.2254209176584,0.1322485839502,0.1091707790064,0.2879577544886,0.4088686013308,0.1711971766229,0.0322938171672,0.1330797687150,0.4181890819290,0.0492543271413,-0.0008001242131,-0.1374570842504,0.3905913061486,0.1008157644055,0.4107210811472,0.0175245769090,0.1594883403396,-0.1527363775789,-0.4189672784778,-0.0575090263095,0.1597803068266,0.3296988427829,0.0933499644597,-0.0351188411727,0.2080614982195,0.1496057804989,0.3135075016288
0.5833556400261,0.6883149369567,0.1629961771188,0.6648917258942,0.3812009490164,-0.3059704746805,0.0004586237623,0.6817447349572,-0.1089299877899,0.2904904549044,0.3534811200691,0.0495698341030,0.3541371503425,0.1449454102467,0.4716466829613,0.1115672592409,0.4894432981069,0.6877002477233,0.2600485336450,0.5872795587028,0.4165924299956,0.7186966014087,0.7100364172338,0.6873242878119,0.5454192433259,0.4417195033496,0.4398881558939,-0.1160481694902,0.7007781595691,0.4508169280481,1.0000000000000,-0.0009408669464,-0.2234003795607,0.3496675160278,0.6243459229163,0.3020857306174,0.4809632296285,-0.3764151951105,0.5803397732199,0.5256753104359,-0.3934899908607,-0.4423562371546,0.3051607695748,-0.4643440045817,0.1978187172613,-0.0886956325149,-0.0422201384483,0.3430767915530,-0.0984225411534,-0.2663294672966,-0.2311725107420,0.4847355647526,0.4898629733320,-0.2755818825019,0.0739545751614,0.3288856607261,0.2512939920980,0.6661402163076,0.2682108732213,0.4546626492557,0.1292540630868,-0.2513524848469,-0.1330347457407,0.3363516887895,0.0359387701949,0.3528584990154,0.1149641948824,0.0707732725737,-0.1735897151916,0.2705420663436
-0.1128904826977,-0.0506505020174,-0.2479572319868,-0.1013336169201,-0.2642895059865,0.0709908688401,-0.1091998099704,0.0124544562215,-0.0869768263726,0.0210378463998,-0.2026933256108,-0.5274613037363,-0.1891739257110,-0.4420961671149,-0.0450527760074,-0.1537769571364,0.0011479662464,0.2118540040473,-0.2563947561770,0.0042796042256,-0.1543633363409,-0.0604388190787,-0.0136238001962,-0.1466924117365,0.0976844126180,0.1567424171106,0.0439069042992,-0.2130795534742,-0.0743939396198,-0.2344903895488,-0.0009408669464,1.0000000000000,0.3527238925218,-0.0297083656568,-0.1564906272061,-0.0127819224116,-0.0265760886252,-0.2180540673167,-0.0116526730522,-0.1241296506527,-0.0782611068823,-0.0434177658620,0.2050359209369,0.0490448838753,0.0441465300357,-0.0430471164759,-0.6560215452227,-0.0952901072715,-0.3844297192163,0.1407373819889,-0.1574603754032,-0.0819051665130,0.3786033765994,-0.2364600227076,0.2455799595060,-0.1000925171108,0.0961171704975,0.0042157679194,0.0260966636036,0.1253461367507,0.3375148120730,0.2220698382969,-0.2790594609370,0.0022233188567,0.0728942859540,0.1384894748733,0.5007847307147,0.1413519944276,-0.1214728990085,-0.0388923787199
-0.2413296918919,-0.1646260642097,-0.2747265526910,-0.1717287642926,-0.2886102759980,0.4353362913807,-0.1237276729604,-0.2003212419380,-0.1724852547085,0.0779994786122,-0.3136023083255,-0.1262310920862,-0.2398062928971,-0.3702965966403,0.0627193821586,0.1222751653674,-0.1769951936875,-0.0465752895574,-0.2326189935792,-0.2100102954480,-0.2723625954558,-0.1923666291118,-0.1520012729625,-0.2799495108809,-0.0421912745369,-0.1046357790890,-0.0995227676892,-0.1213892903647,-0.2801616799324,-0.0502438308095,-0.2234003795607,0.3527238925218,1.0000000000000,-0.0679627044747,-0.0821681369705,-0.1226132835015,-0.1756663188560,-0.1130535604418,-0.1446866157460,-0.2245915385572,0.4043964231489,0.1941042282104,0.0057971888109,0.1780149203373,0.1471487069907,-0.1473465648050,-0.2822093521119,-0.1267157328543,-0.1423275585367,0.2950743709489,0.2470273863940,-0.2987926236979,0.0620642430023,0.0777586921302,0.2221026980755,-0.2272138476675,-0.0549031705984,-0.1841684879033,-0.1855836769163,0.0218249571077,0.1496393408522,0.0973273256806,-0.2276855775529,-0.0868160432202,0.2711351332005,0.0106935698480,0.0046145228882,0.6042011097691,0.1018997892998,0.1622332011622
0.5581628142387,0.1256436154921,0.1803990756215,0.5213282094207,0.5627223387971,-0.0279852374365,0.1766322690592,0.2928516750203,0.0062417273134,0.1950656362982,0.3969606083733,0.2659584218419,0.4018491461693,0.3610949109235,0.4000709091308,-0.1308958087324,0.4904990823452,0.1996323984524,0.3587613154172,0.5015512552390,0.4681760392624,0.4045874941873,0.5064351724994,0.4054216669907,0.3619104580422,0.3385072286235,0.0698559265621,-0.1026620565011,0.4108043900699,0.7261616074287,0.3496675160278,-0.0297083656568,-0.0679627044747,1.0000000000000,0.6825057824163,0.4910004292370,0.1859746671635,-0.3385386197050,0.5164700069959,0.4999703263142,-0.0328196578910,-0.1518935630910,0.1267141217745,-0.1634717102040,0.2237342799149,0.2875419728652,0.1731212485066,0.3449984602554,0.2005176383605,0.0734316849275,-0.0380106786381,0.4289761087052,0.1432077417073,-0.0302895386722,-0.1322697941705,0.4684718049662,0.0979473043163,0.3753990765067,0.0189556082227,0.3057731167591,-0.0710166300863,-0.3782925603447,-0.0488407694770,0.0451137353354,0.2766529555294,0.0804477909677,0.1906388294446,-0.0407731952258,0.2628863050345,0.4133533004597
0.7098602309406,0.5256654089197,0.1099946627175,0.6830110281972,0.5245363073849,-0.1214932962727,0.1261481142054,0.5183896324740,-0.0213066534543,0.3695961816525,0.4425225023049,0.3760193428955,0.4131911173741,0.4034381744648,0.6181152805210,0.1299490114063,0.4264803984185,0.5396823788626,0.4779770924670,0.7970505665149,0.4435961162354,0.5104806377223,0.5884212026990,0.5505050531532,0.5025882877373,0.5443373903150,0.3038358624079,-0.1339548006893,0.4666962745441,0.6455738855032,0.6243459229163,-0.1564906272061,-0.0821681369705,0.6825057824163,1.0000000000000,0.5103818551251,0.3859646372011,-0.4035191101229,0.7280373105554,0.5105602176786,-0.0951317500835,-0.2803208791444,0.1839423142225,-0.2860365150323,0.3250456427965,0.0249758356267,0.1850009782625,0.3380424883155,0.2707161400508,-0.1012724592021,0.0477389937691,0.3375634234944,0.3371955401521,-0.0465018540507,0.0063024810945,0.3530421586130,0.1156080445796,0.4690652654585,0.0857194406067,0.3863792407868,0.1729344679021,-0.3801215359619,-0.1335166707001,-0.0496912571192,0.1984485017301,0.1480540102981,0.1977667538293,0.0668249709904,0.1064175182706,0.5448299501519
