1.0000000000000,0.2425014433070,0.2457996675196,0.4150945276486,0.3067042975563,-0.1781843324931,0.0738903085207,0.0840974132044,0.0324503266702,0.0451110138544,0.1638410105831,0.1927102079778,0.1593976727219,0.2562553120493,0.6417535472936,0.0440834259256,0.4584328629016,0.5354769752471,0.0634999116966,0.5482953587051,0.3693595194572,0.5603968579457,0.3732333293233,0.4147230802181,0.1728767567470,0.3071042891750,0.1017401444460,0.2000552529615,0.2629720405228,0.5642133739667,0.3722685747388,0.0334701213154,-0.0213545914275,0.1051925580238,0.4718465995134,0.7608367571769,0.1547059425322,0.2541532038180,0.4502827337279,0.2544735225526,-0.0472447057418,0.1172065709506,0.1444300241716,0.0349626724857,0.0901847722451,0.2480092989685,0.0773718840011,0.1825806803966,0.1053030283902,0.4240971517958,0.0063716137454,0.4842773723319,0.2755574459405,0.2678009370066,0.2781862256598,0.3296135318847,0.4545687883016,0.3907210213229,0.3741618607511,0.2431066168527,0.3597564943612,0.1373018681851,0.2480967549474,0.2622204682013,0.4968670899708,0.4348990996909,0.2355386689070,0.2162867505987,0.1897980343177,0.3923206439155
0.2425014433070,1.0000000000000,0.4386649462296,0.6563155840795,0.0004551403499,0.0237067034647,-0.1020868595458,0.2954528582499,0.0580603913973,0.2002220678836,-0.0979180683419,-0.0664049158963,-0.0186746182758,0.2353908052293,0.2245295097127,0.0278356939747,0.3486474645826,0.5054326285792,0.0614054748062,0.4045126603391,0.0121711243396,0.4634195845128,0.3634557448094,0.4815693676255,0.3538037875935,0.5270628865009,0.4450299675336,0.5740741912926,0.3471737646061,0.3567141995803,0.4935708982375,0.4141430864236,0.0870495855336,0.3599491567007,0.4643766963503,0.2489005980338,0.7579757675294,0.3773288623719,0.6219773454744,-0.0142485606758,0.0682260393571,-0.1183069529925,0.2426968906883,-0.0772136869294,0.1074285356417,-0.1622241204133,0.0466105350545,-0.0541399775321,0.1986980874380,0.1701561073620,0.0580294660749,0.2930874058481,0.4288189246005,0.2169482886468,0.2283453680955,-0.0409235154365,0.3702173170372,0.3035669939886,0.4571399874324,0.3340420455514,0.3837258446925,0.4756674516626,0.5718234047423,0.2498451631630,0.1717828365503,0.4069130240300,0.3529301867104,-0.0215810135824,0.0339988773197,0.3740817465771
0.2457996675196,0.4386649462296,1.0000000000000,0.3996678872759,0.0500929605245,-0.1242239758700,-0.2035564045000,0.3952807391094,0.1660157104200,0.1486543688162,-0.0659600873320,0.1634486690596,-0.1237280254747,0.3038636693395,0.2644179073277,-0.0702008157235,0.3925047420061,0.3928801107335,0.2520444404074,0.3402750852090,-0.0304619668262,0.3690731990289,0.2702854847940,0.4520899048703,0.2245577148300,0.4397348099282,0.5421564602911,0.7765605742641,0.2881958599203,0.0976847392817,0.2605057219649,0.3078187363255,-0.0509042358793,0.0724932711971,0.2001076803433,0.0963060849817,0.3147947551179,0.6995365584783,0.3877325072632,0.0098025032105,-0.0278519909889,-0.1402068124383,0.2123202033299,0.1797057659508,0.0444651502892,-0.0491916714415,0.1658791048968,-0.1273323130577,0.2449322045637,0.0981515161004,-0.0159722473392,0.3395770051406,0.1988699593494,0.1977627950548,0.0720307726935,-0.0717632206348,0.2525647475829,0.1663513133160,0.3015207586208,0.1285565824683,0.3250597278230,0.3842976493062,0.6517325904982,0.2203132198884,0.0346883191968,0.1586936855034,0.2746673144469,-0.0626683517973,0.0810434356828,0.1239533444962
0.4150945276486,0.6563155840795,0.3996678872759,1.0000000000000,0.0704299764945,0.0702379864692,-0.0056997630701,0.3279434231354,0.0982905043155,0.4668904660201,0.0597303273692,0.0993021203133,0.1013065190628,0.3625685297540,0.3637641314989,-0.0037944148219,0.3851798347772,0.3839911151712,0.0213006712611,0.4293766461722,0.1622182643659,0.4657951764701,0.4968249706245,0.4146421238772,0.4472682954276,0.5019978364299,0.3200504262698,0.4674516658824,0.3308812316636,0.4299328964085,0.3497835677696,0.2915992851738,-0.0874465411632,0.2938450180815,0.5608237737514,0.3481117000684,0.4638725184937,0.3521403899215,0.7657515441427,0.1125849041149,0.1614808637043,0.0170264540028,0.2626667851802,-0.0013916481995,0.4188282648372,0.0075840548986,0.0967441585233,0.0595071241074,0.3246400887692,0.3232589911014,0.1400599714419,0.4057459589017,0.1712440776129,0.3572580661754,0.1571781592468,0.1046018079584,0.2680507682552,0.3929873191910,0.3239395464945,0.4527364200738,0.3110747685527,0.2575958782885,0.4860113634096,0.2411337397263,0.2710524717503,0.2188739529099,0.3624871575806,0.0100542720016,0.0574063998381,0.3217029383475
0.3067042975563,0.0004551403499,0.0500929605245,0.0704299764945,1.0000000000000,-0.1329794719787,0.4370057674659,0.0123207887823,-0.0033138147407,0.2380847385485,0.7178274726484,-0.0891325765935,0.7160965778775,-0.0301541225106,0.1115818150754,0.2022591913032,0.1771228136180,0.1067977104443,-0.0443551156314,0.0604611895584,0.8175976241796,0.3047750373838,0.0557192560303,0.2528029638881,0.4108500245843,-0.0437815849230,0.0029552209935,0.0080099915397,0.4937336000921,0.1674488380398,0.0486185774960,0.0070426655222,-0.0929026048899,0.0783692614753,0.0424033378899,0.1583166144839,-0.1281561680341,-0.0622836683652,0.0166577104582,0.9071209716554,-0.0374289545918,0.5651608472571,-0.2312193514068,-0.0719662353587,0.1696158964280,0.7514427808599,-0.0985353645347,0.7562328579667,-0.0597137748038,-0.2185958084336,0.2387081308111,0.1536984129489,-0.0552242171647,-0.2226570162362,-0.0697990098152,0.7808905344486,0.3278311902443,0.0560400410095,0.2424424834724,0.2252248466700,0.0542333027146,-0.1834159251782,-0.0779568237019,0.5611777785820,0.0924039391832,0.0935344985487,-0.0386937326193,0.0803239777634,0.0220130415360,0.1336663328601
-0.1781843324931,0.0237067034647,-0.1242239758700,0.0702379864692,-0.1329794719787,1.0000000000000,0.2609721008908,-0.1104679248438,0.1968910703360,0.1886867043476,0.0209068740624,0.0179903997282,0.0711919141348,-0.2228470691003,-0.1429691279958,0.5328466793438,-0.2033361112528,-0.0978618690043,-0.0189646274729,-0.2222181604906,-0.0997411249300,-0.1171232828477,-0.0917510606232,-0.0260078977257,-0.0651183755040,-0.1637282339130,-0.0360730201110,-0.0610735203840,-0.0843849566574,0.0328103638016,-0.0265705041587,0.0301112330726,0.6052640365678,0.2206120643643,0.2920080331399,-0.2388010938856,-0.0140286121515,-0.0811945104341,0.0138224995413,-0.1168297552734,0.7394371178429,0.1687882827480,-0.1624033523034,0.0832580020199,0.1085138107084,-0.1056067242943,0.1509574038916,0.0100901690411,-0.1212431622599,-0.1502308615382,0.4227281883586,-0.2464611446774,0.0860364893219,0.0499947037920,0.0089155586553,-0.0363880621957,-0.0644240773550,-0.1301670178107,-0.0464209520387,-0.0475078590305,-0.1659444428231,-0.0860501435359,-0.0710672305218,-0.1422464292379,0.0149653599101,-0.0686301407823,-0.2717729250787,0.4230132910749,0.0727705157444,0.3329761928025
0.0738903085207,-0.1020868595458,-0.2035564045000,-0.0056997630701,0.4370057674659,0.2609721008908,1.0000000000000,-0.1678399200971,0.3637714329534,0.1407189414393,0.7235095518288,0.1245501174345,0.7839517127210,-0.0836026079397,-0.0747540032783,0.3769105321927,-0.0890264706830,0.0210449445936,0.0923047119391,-0.1236883818332,0.5753343583598,0.1095296886724,-0.1586941312925,0.0931037227500,0.1896511136673,-0.1396010811508,-0.0318828611667,-0.0826046052575,0.1925121176119,0.0393661181617,-0.0469109439416,-0.0630003045052,0.2398233942411,-0.0209669461715,0.0106704517656,-0.0445394346499,-0.1167609911559,-0.2054454658796,-0.0104180256020,0.3668126103279,0.3389877957000,0.8821285252332,-0.3582759877611,0.0668385916445,0.0909556151684,0.5894278123618,0.1298251522500,0.6619790145559,-0.0610032375909,-0.1707619837856,0.3589134735552,-0.1130182176453,-0.0835550704172,-0.1312093043383,-0.0161311410165,0.5633628099145,0.1839815781716,-0.1385161203345,0.0904862197599,-0.0312980790640,-0.1261179016481,-0.1700343832537,-0.1234028133061,0.1719828817931,0.0937090583450,0.0040272470913,-0.3019610070073,0.3500971943008,-0.0115361361599,0.1286673799508
0.0840974132044,0.2954528582499,0.3952807391094,0.3279434231354,0.0123207887823,-0.1104679248438,-0.1678399200971,1.0000000000000,0.1035288529261,0.3075771226740,-0.1071403669742,-0.0806760799123,-0.0328875367019,0.2271327977408,0.2385400509842,-0.1586596039675,0.0979719771452,0.3244182899338,0.0111912046013,0.2522267525430,-0.0018922976403,0.0775377234660,-0.0364432577237,0.0547996068075,0.5746577186385,0.3055958737708,0.4986739528956,0.2948931550386,0.3758215695475,0.0923693723111,0.3191493793133,0.1847929210527,-0.2384119932070,0.2390331592222,-0.0158469114004,0.0429325731429,0.0172632857628,0.0857071604317,0.1732002001548,-0.0050666853768,-0.1342681299972,-0.1181211064734,0.5784593106589,-0.1437441729054,0.2168259358272,-0.0338480520676,-0.2542080391614,-0.0222001649966,0.0722352566082,0.0963419725860,0.0400459296024,0.0506823893192,-0.0115290587724,0.0914323480603,-0.2543844658795,-0.0236284611710,-0.1170706696218,-0.1960427871365,-0.1051990375412,0.4017585097408,-0.0244848582025,0.1301774197696,0.2275126708486,0.2228028957184,-0.2749366673372,0.0481008848163,0.4533892879893,-0.4103360546128,-0.3168803620902,-0.2329557924362
0.0324503266702,0.0580603913973,0.1660157104200,0.0982905043155,-0.0033138147407,0.1968910703360,0.3637714329534,0.1035288529261,1.0000000000000,-0.0283629772308,0.2303235205921,0.3861129507049,0.0718526150148,0.1672729494991,0.1703408569891,0.1345839594152,0.1621606238780,-0.0151297797139,0.2715780235361,-0.1112499945200,0.0154360220666,0.2516661360605,-0.0530827144229,0.2034081553820,0.1981551744998,0.0272914540618,0.2545696532012,0.1953127993866,0.3167171375817,0.0908712683845,0.3108327737525,-0.0549145008777,0.2633544877060,0.1062169349387,0.0063731906716,-0.0032608940096,0.1070230949198,0.1572781168796,0.0185600932753,-0.0298586444198,0.2431803997925,0.2681451231454,-0.0451830175596,0.6202883038357,-0.0659906137530,0.1744405390659,0.3167394366710,-0.0156856145171,0.0383517073882,0.0006432773671,0.1215914315744,0.1151160459811,-0.1628272191440,-0.0842104666156,-0.2499073678165,0.0336722157716,0.2159186069268,-0.1184062563103,0.1173635737816,0.1684756426491,-0.0962513215831,0.0723462672251,0.1676635312264,0.1951227832902,-0.0550511857445,0.2648079630469,-0.1150458611130,0.1408726039529,-0.0694412519977,-0.0052150140683
0.0451110138544,0.2002220678836,0.1486543688162,0.4668904660201,0.2380847385485,0.1886867043476,0.1407189414393,0.3075771226740,-0.0283629772308,1.0000000000000,0.1234981986642,0.0066556100897,0.3390116382647,0.2214140944209,0.0839615918115,0.2049716601692,-0.0339393944271,0.0289342256774,0.0092203238099,-0.0199033038637,0.2810240762215,0.0427115518510,0.0543510458881,0.0310369272109,0.5555951290650,0.1576055676832,0.0118188502611,0.0669939800704,0.1172564726203,0.1581957158780,-0.1545943872771,0.1261339941534,-0.0679255813121,0.3282720589367,0.1796232882656,-0.0977217903848,0.0363992896181,0.0278274063747,0.3466371348584,0.3144299405168,0.2800111458204,0.1695200885981,0.1171736427706,-0.2194448008310,0.8156714186920,0.0926380497990,0.0555447914540,0.3274195257945,0.3086835857079,0.0610340012859,0.5364294532404,-0.0994401140741,-0.0888726392346,0.1123496025421,-0.1370137994250,0.3010976087567,-0.0527423506577,-0.0902185091980,-0.0924533431998,0.4220876922564,-0.0487593426495,-0.1811607527873,0.0244800549228,0.1021231555599,-0.0426097928985,-0.2902819443478,0.1616672947365,0.0679071560154,-0.1940825517037,0.0943264097591
0.1638410105831,-0.0979180683419,-0.0659600873320,0.0597303273692,0.7178274726484,0.0209068740624,0.7235095518288,-0.1071403669742,0.2303235205921,0.1234981986642,1.0000000000000,0.0695390465022,0.7413212084344,-0.0761559197640,0.0479969220306,0.1959718661242,0.0535698004759,-0.0638491056872,0.0567388860606,-0.0476267292370,0.7184623436930,0.2137488984446,0.0046670730268,0.1659475912567,0.3241624168461,-0.1618583755013,-0.0212874982577,0.0265596095561,0.4331317992307,0.0523815639547,-0.0015746290179,-0.0282318232014,-0.0289265771392,-0.0621840012082,-0.0442561267655,0.0367793227856,-0.1507058063634,-0.0784656569932,0.0150488018098,0.6704089573519,0.0644700609658,0.7760714421912,-0.3111438126327,0.1251747369657,0.1092277078540,0.8842815756643,0.0637398425162,0.7325763752343,-0.0353012908846,-0.2277578845927,0.2086970239252,0.0834079577736,-0.1764449791958,-0.1990283970759,-0.0364666834191,0.6706978917629,0.2681699398262,0.0422521290432,0.1915040663767,0.1297184819941,-0.0382700748852,-0.1580807358222,-0.0326222756644,0.4712948340310,0.1101630057991,0.0366461436269,-0.2711295581400,0.1930185060364,0.0678417550431,0.0403816105165
0.1927102079778,-0.0664049158963,0.1634486690596,0.0993021203133,-0.0891325765935,0.0179903997282,0.1245501174345,-0.0806760799123,0.3861129507049,0.0066556100897,0.0695390465022,1.0000000000000,-0.0296485430767,0.4948522792158,0.3149839048977,-0.1078480460120,0.1132652127368,-0.0839220237665,0.6894196118886,0.0470990952751,-0.0176985690069,0.1860959089242,-0.0681574904765,0.0736578858195,-0.1235488760085,0.0894130376779,-0.0404708352277,0.1374506649045,-0.0862347401630,0.2405680455140,0.0326890598382,-0.2450313933702,0.1447809644462,0.0732126511601,0.0626583264176,0.2052000094152,0.0898080353231,0.3444757150546,0.1287725756659,-0.0748177610250,0.0558609970698,0.1136918402879,-0.0502813183030,0.2713737805814,0.0492168777290,0.0855151159364,0.8089349734715,-0.0415802339090,0.5226573907488,0.3386943121747,0.0343478251744,0.1262263542068,-0.0535851763057,0.3402074852225,0.0310511215560,-0.0208242826949,0.2501617407101,-0.0608041213496,0.1507424734714,-0.0363436861467,0.1122853985108,0.0241961237568,0.1916556594297,0.0163463521067,0.3174870007744,0.1976314805694,-0.2007655700805,0.4204176810251,0.1023046620459,0.1720565994965
0.1593976727219,-0.0186746182758,-0.1237280254747,0.1013065190628,0.7160965778775,0.0711919141348,0.7839517127210,-0.0328875367019,0.0718526150148,0.3390116382647,0.7413212084344,-0.0296485430767,1.0000000000000,-0.0433142883609,0.0103839140861,0.2605760823540,-0.0655149036918,0.1132038465779,0.0241336407830,0.0155466566956,0.8109502068166,0.1589561663252,-0.1093977960859,0.1322334977316,0.3656818764131,-0.0799103200424,-0.0541368881387,-0.0762710349673,0.3367458932435,0.1408446532662,-0.0486155186857,0.0039650087179,0.0192997273552,0.1139366480722,0.0372708245990,0.0120139585681,-0.1572752299815,-0.2049238308505,0.0741640349988,0.6585680096097,0.1539688165596,0.7955641199240,-0.3099519216449,-0.1910865012711,0.2796022088973,0.6615938214191,-0.0090269072993,0.8901219405043,-0.0173265716624,-0.1791613640468,0.3954266774596,-0.0942037599659,-0.0378312661103,-0.0968202800909,-0.0088253605880,0.7962016177292,0.1671990627609,-0.1267578021353,0.1126403437721,0.0873616178796,-0.0890242800949,-0.2185425848185,-0.1451530467722,0.3433513420633,0.0787859248915,-0.0572762348976,-0.1318757802372,0.1457086867755,-0.0712256989006,0.1388334439673
0.2562553120493,0.2353908052293,0.3038636693395,0.3625685297540,-0.0301541225106,-0.2228470691003,-0.0836026079397,0.2271327977408,0.1672729494991,0.2214140944209,-0.0761559197640,0.4948522792158,-0.0433142883609,1.0000000000000,0.4230908814197,-0.1448885861699,0.2313330253383,0.1713377693647,0.3934159115037,0.4075174186753,0.0502105276470,0.1775123347757,0.0182928610850,0.0040673125010,0.1800157858745,0.6592708588959,0.1598459676174,0.3191394968373,0.0094641065846,0.3112659188703,0.0749405963212,0.1333794995796,-0.1189676533396,0.2041142225847,0.2245729709250,0.2482774203085,0.1270508487259,0.3434707304002,0.3661298540791,-0.0809098366078,-0.0578212386960,-0.0798796263994,0.2128448229298,0.1273772248604,0.2187425658809,-0.0402414345208,0.3976791276894,-0.0732693132973,0.7969840948291,0.4037778656386,0.0879447222876,0.2293510613874,-0.0348102819094,0.5079397708009,-0.0631646510157,-0.0548672077038,0.0698325655522,-0.0418025085439,-0.0024644120876,0.1559462989497,0.4570820493195,0.0930527298201,0.3576635084921,-0.0299655159782,0.1270399104089,0.1070661437054,0.5712003694946,0.0420700891599,-0.0603236993844,0.0798056679137
0.6417535472936,0.2245295097127,0.2644179073277,0.3637641314989,0.1115818150754,-0.1429691279958,-0.0747540032783,0.2385400509842,0.1703408569891,0.0839615918115,0.0479969220306,0.3149839048977,0.0103839140861,0.4230908814197,1.0000000000000,-0.1220268761801,0.2900949518240,0.3143883133915,0.3319137222099,0.5384288759531,0.1216266314335,0.3511296065971,0.1804515007165,0.1792211958199,0.1809152670180,0.3799877558682,0.1879915582830,0.2909451208313,0.2550517915016,0.5927515491425,0.3897560463213,0.1808242217885,-0.0356473109616,0.1657142358680,0.2801848361655,0.6070437130132,0.1190329569076,0.2128307935616,0.3730860200051,0.0426299069253,-0.2214846923272,-0.0374660277451,0.2502544744953,0.1136668904905,0.0654102270824,0.1336044989616,0.1736821388269,-0.0192706476588,0.3120043603945,0.5359555330245,-0.0583318165720,0.2882404687345,0.0349189759350,0.3384776633009,0.1370306880304,0.0507719123546,0.1986239462723,0.1486058196118,0.1363993214223,0.1921979140938,0.3450361534260,0.0879263427110,0.2946542024518,0.1845181499370,0.3434486265541,0.3054233701826,0.2966417431001,-0.0279070312844,0.1208272075828,0.1362250248637
0.0440834259256,0.0278356939747,-0.0702008157235,-0.0037944148219,0.2022591913032,0.5328466793438,0.3769105321927,-0.1586596039675,0.1345839594152,0.2049716601692,0.1959718661242,-0.1078480460120,0.2605760823540,-0.1448885861699,-0.1220268761801,1.0000000000000,0.0547646333948,0.0185294712260,-0.1605502314788,-0.2371547277394,0.2222081765416,0.0895795554468,0.0573459018470,0.1370371749240,-0.0613860471907,-0.0301844074422,-0.1324252007705,-0.0318435477030,-0.0103278350159,-0.0904371656258,-0.0595622921907,-0.1088136432684,0.6340056648502,-0.0162663425545,0.2917851086898,-0.0408258515158,-0.0869500522671,-0.0856549210375,-0.0125835476556,0.1414638151892,0.4036024949818,0.2951622188787,-0.2910038089603,-0.0197778571128,0.0269766178200,0.1326211775825,-0.0001825580798,0.2035640640714,-0.1778912941396,-0.2655140796312,0.4167093301725,0.0438743799574,0.1668120420336,-0.1444860700543,0.0040605270129,0.3019463538133,0.1719056016747,0.0240808021196,0.1014290883846,-0.1074738574496,0.1311276682347,-0.1466702816212,-0.0463773475383,-0.0592473672490,0.0433145832159,0.0165855643146,-0.1732339250856,0.4195211961817,0.3295588915641,0.4416020247661
0.4584328629016,0.3486474645826,0.3925047420061,0.3851798347772,0.1771228136180,-0.2033361112528,-0.0890264706830,0.0979719771452,0.1621606238780,-0.0339393944271,0.0535698004759,0.1132652127368,-0.0655149036918,0.2313330253383,0.2900949518240,0.0547646333948,1.0000000000000,0.3073101158393,-0.0436999599025,0.1972271148277,0.1528334893051,0.7927617788733,0.6113464310597,0.6016437866465,0.1967358595569,0.3020889529316,0.2014279358263,0.3420246824778,0.4399063248227,0.2834176216327,0.5233934143221,-0.0802087535153,0.0073873046327,0.0628483187892,0.3173066643538,0.5005156965664,0.2830054253910,0.3524761618394,0.2753542042077,0.1127289125010,-0.1003054095591,-0.0295914709056,0.0880807601118,0.1730350641749,-0.0532909101499,0.1345454340777,0.0397483585487,-0.0486632209803,0.0549387677653,0.2005636792626,-0.0734283009642,0.8858709091384,0.1897999012900,0.0299034378077,0.0839831627511,0.1176820000347,0.6440006007681,0.5789317331229,0.5353109632548,0.3656904505839,0.3188297835578,0.2543735175566,0.3994482856780,0.3982004785764,0.2591783821775,0.5922384641775,0.2784919593740,0.1148819918505,0.1443753536087,0.2800547990168
0.5354769752471,0.5054326285792,0.3928801107335,0.3839911151712,0.1067977104443,-0.0978618690043,0.0210449445936,0.3244182899338,-0.0151297797139,0.0289342256774,-0.0638491056872,-0.0839220237665,0.1132038465779,0.1713377693647,0.3143883133915,0.0185294712260,0.3073101158393,1.0000000000000,0.0620457489985,0.6868819916799,0.1245674082570,0.4898447497797,0.2453356026720,0.5888952763640,0.2640384650821,0.4645164644918,0.6116746670721,0.4315642228920,0.3036079353663,0.4425194107074,0.5245912646508,0.3436926236711,0.0296534449330,0.1943366219229,0.4793982605030,0.4141207027939,0.4184438963445,0.2894437770023,0.4675124710288,0.0442078536217,-0.0148757213970,-0.0019050230560,0.2132241775091,-0.0536910058445,-0.0226595602730,-0.0771424868239,-0.0583683234693,0.0747636649623,0.0083349597984,0.3005575067781,-0.1242346533682,0.2352212644957,0.6393335547414,0.3030343353517,0.4990025161476,0.0959172633918,0.4019953397130,0.1998188056380,0.4788134373250,0.1895064648044,0.3327551340041,0.6033896750188,0.4436057887849,0.2234937224490,0.3088378993360,0.4285747701261,0.3431617522576,-0.0044589592521,0.0950391326565,0.3657687799815
0.0634999116966,0.0614054748062,0.2520444404074,0.0213006712611,-0.0443551156314,-0.0189646274729,0.0923047119391,0.0111912046013,0.2715780235361,0.0092203238099,0.0567388860606,0.6894196118886,0.0241336407830,0.3934159115037,0.3319137222099,-0.1605502314788,-0.0436999599025,0.0620457489985,1.0000000000000,0.2812283837384,-0.0547754731461,0.0764363854059,-0.1880441268800,0.1960408626030,-0.0206399409765,0.0979621918756,0.1737519346791,0.3306525241603,0.1041604584061,0.2389638539282,-0.0389168892641,0.1938416174341,-0.0177719134472,0.1094555294092,0.0729222732650,-0.0816384103285,0.1568719498234,0.3648933826693,0.1513291507036,-0.0554777694593,-0.0309999514935,0.1413626453097,-0.0951451212220,0.2463515121434,0.0107936417127,-0.0157530969499,0.7635039982230,0.0294301613453,0.5484028015692,0.2083441375443,-0.0020660821362,-0.0884987271787,0.0356446394756,0.4549964551537,0.2475760197953,-0.0664026357249,0.1366582359235,-0.1579383848136,0.1972676548272,-0.1469423550307,0.1116830580231,0.1873038337070,0.2681955039421,0.1830611416099,0.2917557213402,0.0169106144920,-0.1490583932938,0.2581562522230,0.0688486520576,0.0871789325268
0.5482953587051,0.4045126603391,0.3402750852090,0.4293766461722,0.0604611895584,-0.2222181604906,-0.1236883818332,0.2522267525430,-0.1112499945200,-0.0199033038637,-0.0476267292370,0.0470990952751,0.0155466566956,0.4075174186753,0.5384288759531,-0.2371547277394,0.1972271148277,0.6868819916799,0.2812283837384,1.0000000000000,0.1105443713825,0.3028811313751,0.2738246974584,0.3547543644578,0.1858065417171,0.5265307203488,0.4458106575757,0.4298805981634,0.2733726518625,0.4921045434389,0.3177738896693,0.4900932012693,-0.2219363277064,0.0436175945411,0.4978714204723,0.4013921529752,0.2904140061445,0.2668540591794,0.5182255342890,0.0037036637424,-0.1570630644001,-0.1023868031269,0.2437609454797,-0.0296896589762,0.0077643486749,-0.0488543519043,0.0618483609951,-0.0138898657253,0.3144005349545,0.3802627399152,-0.1935292756494,0.2323583174766,0.3352994597324,0.5649667409731,0.5016193357676,-0.0032392897403,0.1466352753676,0.2597061870440,0.2721538652706,0.1029742846779,0.4419267078765,0.4112467433639,0.4140122173692,0.2116061837565,0.4048992287743,0.2192537983930,0.3986609711624,-0.0717250832777,0.0929120810353,0.2430656778929
0.3693595194572,0.0121711243396,-0.0304619668262,0.1622182643659,0.8175976241796,-0.0997411249300,0.5753343583598,-0.0018922976403,0.0154360220666,0.2810240762215,0.7184623436930,-0.0176985690069,0.8109502068166,0.0502105276470,0.1216266314335,0.2222081765416,0.1528334893051,0.1245674082570,-0.0547754731461,0.1105443713825,1.0000000000000,0.3135040336806,0.1134646694743,0.2152484959319,0.3615559857624,-0.0339226335638,-0.1048899577895,-0.0690255918103,0.3638956864819,0.1466257130056,0.0569234312069,-0.0597209883255,-0.1207680440321,0.0641310291541,0.1310360424345,0.2039456472560,-0.1700089253624,-0.1209205775383,0.0928488006209,0.7331933357623,0.0129119911144,0.5996180276261,-0.2632994365218,-0.2203181183607,0.2095301598935,0.7004515067198,-0.0800592085234,0.8286555707581,-0.0001745516564,-0.1946813002889,0.2824503158718,0.1639130984132,-0.0245103132585,-0.1294347647755,-0.0032321962863,0.9296790331072,0.2976346835081,0.0926623565270,0.2172085855303,0.1996825137504,0.0484105119785,-0.2354074695675,-0.1314241485931,0.3841995034112,0.1119127196605,0.1200260008270,-0.0010697169102,0.0924552537629,0.0465568630688,0.1984373432922
0.5603968579457,0.4634195845128,0.3690731990289,0.4657951764701,0.3047750373838,-0.1171232828477,0.1095296886724,0.0775377234660,0.2516661360605,0.0427115518510,0.2137488984446,0.1860959089242,0.1589561663252,0.1775123347757,0.3511296065971,0.0895795554468,0.7927617788733,0.4898447497797,0.0764363854059,0.3028811313751,0.3135040336806,1.0000000000000,0.5589477689854,0.8278502466372,0.3424425986131,0.2337943633282,0.2755905041836,0.3840394280325,0.5976235556355,0.5240023852329,0.6985623350467,-0.0033783218333,0.0597320071331,0.2648550288399,0.4352217772405,0.5412290869547,0.4283072416784,0.3679693422379,0.3682403245849,0.2589333348224,-0.0128050336599,0.1633223366028,0.0388136498703,0.2015715539673,0.0312538033004,0.2255373784072,0.1608331995475,0.1886853770952,0.0564444075188,0.2420197631734,-0.0204991085893,0.7100954495281,0.3443566547228,0.0445563770489,0.2218299783720,0.2839532262627,0.8187831789781,0.5295459855345,0.7610185697364,0.4435382252948,0.2365561405356,0.3502074312284,0.4457485980910,0.5696787952212,0.4663375408466,0.7308198760116,0.1384546952743,0.1921598784116,0.2017595693666,0.4182682949940
0.3732333293233,0.3634557448094,0.2702854847940,0.4968249706245,0.0557192560303,-0.0917510606232,-0.1586941312925,-0.0364432577237,-0.0530827144229,0.0543510458881,0.0046670730268,-0.0681574904765,-0.1093977960859,0.0182928610850,0.1804515007165,0.0573459018470,0.6113464310597,0.2453356026720,-0.1880441268800,0.2738246974584,0.1134646694743,0.5589477689854,1.0000000000000,0.5232227648163,0.1206927962227,0.1983415107992,0.0542739878661,0.2707941900136,0.2461529070194,0.1693486248583,0.3549093361777,-0.0116677563871,-0.0463502891121,-0.0815020548345,0.4642766154188,0.4245035718314,0.2859566912302,0.2757866984654,0.3790193481772,0.0756380161861,-0.0480007521828,-0.1972053969254,0.0411559209987,-0.0035782329720,0.0781214054187,-0.0160540439365,-0.1054416853893,-0.1061542002253,-0.0833565290445,0.1345416274787,-0.2077997731096,0.6356286667914,0.2298182263169,0.0627384274613,0.3011208197484,0.0876181853720,0.4478913108004,0.8837213296828,0.4866293564840,0.3051099067488,0.3254450404428,0.2278151995074,0.3083347658910,0.2182410090841,0.3595816585305,0.3655468949004,0.1230839845786,0.1036920336382,0.3228237421095,0.3801185275939
0.4147230802181,0.4815693676255,0.4520899048703,0.4146421238772,0.2528029638881,-0.0260078977257,0.0931037227500,0.0547996068075,0.2034081553820,0.0310369272109,0.1659475912567,0.0736578858195,0.1322334977316,0.0040673125010,0.1792211958199,0.1370371749240,0.6016437866465,0.5888952763640,0.1960408626030,0.3547543644578,0.2152484959319,0.8278502466372,0.5232227648163,1.0000000000000,0.3239511134986,0.1453888808930,0.4207849711191,0.5310972175650,0.6243826848021,0.3699821004698,0.5454208076895,0.1783582954276,0.0506468613819,0.1585017395770,0.4680100271972,0.2553945824341,0.4537299660850,0.4359860726388,0.3771749295108,0.2265034450515,0.0514696236518,0.1537092922774,-0.1070860138091,0.2048004230230,-0.0424277026882,0.0937072999401,0.1709839839268,0.1728085777295,-0.0237973613833,0.0566452655917,-0.0795326917191,0.5139199597288,0.4094145645760,0.0660754388953,0.4142925298357,0.2239538736329,0.7198610045111,0.4956334754838,0.8380776653316,0.2753183717410,0.1595824966432,0.4704622667348,0.5035388279770,0.6003199890852,0.4573205786403,0.5339824567244,-0.0213466123422,0.2102961305392,0.2491660251211,0.4260924252689
0.1728767567470,0.3538037875935,0.2245577148300,0.4472682954276,0.4108500245843,-0.0651183755040,0.1896511136673,0.5746577186385,0.1981551744998,0.5555951290650,0.3241624168461,-0.1235488760085,0.3656818764131,0.1800157858745,0.1809152670180,-0.0613860471907,0.1967358595569,0.2640384650821,-0.0206399409765,0.1858065417171,0.3615559857624,0.3424425986131,0.1206927962227,0.3239511134986,1.0000000000000,0.1748412223470,0.3842438562891,0.2328835147882,0.6912871185933,0.2811342409573,0.3214683108257,0.2202468378605,-0.2437148857580,0.3394696674179,0.0921263686154,0.0868695785405,0.1672352010789,0.0913151730221,0.3162794746537,0.4317352581806,0.0486184561375,0.2727017243777,0.3309297897684,0.0327940790508,0.5123446248890,0.3017498700754,-0.1235510486425,0.3808562686367,0.1256897240775,0.0939121170439,0.2787609507559,0.1312153969168,-0.0719096003227,-0.0063598603458,-0.1307797839919,0.3227003670762,0.1142156575674,0.0130724887224,0.1479909133386,0.7855579529176,-0.0998313371867,0.1005337374127,0.2225104025029,0.5988922114741,-0.0463211350051,0.1100096571104,0.2869429498724,-0.1936442847016,-0.3438219075327,-0.0957901622080
0.3071042891750,0.5270628865009,0.4397348099282,0.5019978364299,-0.0437815849230,-0.1637282339130,-0.1396010811508,0.3055958737708,0.0272914540618,0.1576055676832,-0.1618583755013,0.0894130376779,-0.0799103200424,0.6592708588959,0.3799877558682,-0.0301844074422,0.3020889529316,0.4645164644918,0.0979621918756,0.5265307203488,-0.0339226335638,0.2337943633282,0.1983415107992,0.1453888808930,0.1748412223470,1.0000000000000,0.4910689023842,0.5845754075303,0.0320633262448,0.2541463778272,0.2414857245799,0.4201750719341,-0.0033073911591,0.0431555525994,0.4072265273127,0.3326449856896,0.4101674760870,0.3569191720661,0.6161024518573,-0.1191895756776,-0.0653464101542,-0.1918285148080,0.3878565180651,0.0866480915407,0.1201608962242,-0.1545556538227,0.0835721798159,-0.1950312077765,0.4733043950160,0.3994750995519,-0.1003543248496,0.2899802140164,0.3119735406865,0.4104212762476,0.1225429555878,-0.1450718911346,0.1153218319973,0.1691534731343,0.0904379165543,0.1357265920559,0.7559338556645,0.4193949189441,0.5873997725184,-0.0578721306743,0.1511656476657,0.1764068550096,0.6542943662245,-0.1153315629837,0.1540767978600,0.2338668058519
0.1017401444460,0.4450299675336,0.5421564602911,0.3200504262698,0.0029552209935,-0.0360730201110,-0.0318828611667,0.4986739528956,0.2545696532012,0.0118188502611,-0.0212874982577,-0.0404708352277,-0.0541368881387,0.1598459676174,0.1879915582830,-0.1324252007705,0.2014279358263,0.6116746670721,0.1737519346791,0.4458106575757,-0.1048899577895,0.2755905041836,0.0542739878661,0.4207849711191,0.3842438562891,0.4910689023842,1.0000000000000,0.6820662940139,0.3945529949748,0.1843303968582,0.4335603732309,0.5967399884426,-0.0782767303543,0.0329552453074,0.2010100301198,0.0075740933276,0.4434536327415,0.3196671994705,0.4041870949835,-0.0698032709679,-0.0134598258542,-0.0233404805414,0.3342752443266,0.2723614788956,-0.0504474984260,-0.0660004055426,0.0037702379890,-0.1245688495037,0.1038835246398,0.0939813194304,-0.1937103033526,0.1378835948469,0.3330983338217,0.1310175851494,0.1946839669111,-0.1670580916872,0.1556584027717,0.0158882047735,0.2664565562446,0.2207189227685,0.2537850308926,0.7106194877240,0.5910405331788,0.2786245993394,0.0134619958649,0.2203350742368,0.2760039326800,-0.2650958138718,-0.0386094544946,-0.0178836359370
0.2000552529615,0.5740741912926,0.7765605742641,0.4674516658824,0.0080099915397,-0.0610735203840,-0.0826046052575,0.2948931550386,0.1953127993866,0.0669939800704,0.0265596095561,0.1374506649045,-0.0762710349673,0.3191394968373,0.2909451208313,-0.0318435477030,0.3420246824778,0.4315642228920,0.3306525241603,0.4298805981634,-0.0690255918103,0.3840394280325,0.2707941900136,0.5310972175650,0.2328835147882,0.5845754075303,0.6820662940139,1.0000000000000,0.3712833054847,0.1175201200479,0.2900947506258,0.5439337227277,-0.0142517966858,-0.0354214102001,0.2663510974215,0.0777538123384,0.5128731253622,0.6026961831742,0.5597589782565,-0.0679004214206,0.0091962891864,-0.0344000855643,0.1939212779142,0.3156937091957,-0.0322443172618,-0.0434687986544,0.2398867246458,-0.1406421115324,0.3218459020636,0.1582192703804,-0.1323155202369,0.3346221540101,0.2663257532777,0.2196186350888,0.2680405272462,-0.1409536788410,0.2942268331150,0.2657166482722,0.4186132204887,0.0621905954215,0.5217409923376,0.5725149315571,0.8896841799994,0.2718309553575,0.1927834317397,0.1879085229436,0.2039229420964,-0.0167850024399,0.2419690481991,0.1371701132913
0.2629720405228,0.3471737646061,0.2881958599203,0.3308812316636,0.4937336000921,-0.0843849566574,0.1925121176119,0.3758215695475,0.3167171375817,0.1172564726203,0.4331317992307,-0.0862347401630,0.3367458932435,0.0094641065846,0.2550517915016,-0.0103278350159,0.4399063248227,0.3036079353663,0.1041604584061,0.2733726518625,0.3638956864819,0.5976235556355,0.2461529070194,0.6243826848021,0.6912871185933,0.0320633262448,0.3945529949748,0.3712833054847,1.0000000000000,0.3021070185179,0.5347966504703,0.2182684092041,-0.1546698569984,0.2110646763353,0.1383780226217,0.1220168111030,0.1537118081209,0.1241348118915,0.2102476455042,0.4388703191543,-0.0229556844814,0.3396471001551,0.0310556812944,0.1936832749272,0.0404235192208,0.4047535391356,-0.0554305073461,0.3696963818198,-0.0676001019929,-0.0650478426232,0.0913914502207,0.3876440156521,0.0084751166326,-0.0816634325855,0.0431288280882,0.3296754430647,0.3897078325429,0.2019937438051,0.4598560849526,0.4839110426952,-0.0640648340344,0.1602712873501,0.3232527117525,0.8572049930922,0.1220586432064,0.3717155502703,0.0675163763171,-0.0601013454567,-0.0996343495054,0.0195327318402
0.5642133739667,0.3567141995803,0.0976847392817,0.4299328964085,0.1674488380398,0.0328103638016,0.0393661181617,0.0923693723111,0.0908712683845,0.1581957158780,0.0523815639547,0.2405680455140,0.1408446532662,0.3112659188703,0.5927515491425,-0.0904371656258,0.2834176216327,0.4425194107074,0.2389638539282,0.4921045434389,0.1466257130056,0.5240023852329,0.1693486248583,0.3699821004698,0.2811342409573,0.2541463778272,0.1843303968582,0.1175201200479,0.3021070185179,1.0000000000000,0.4474175070318,0.1551937344191,0.0034025872746,0.6416941930894,0.5466516762340,0.5194734934364,0.3320024629060,0.2435993903604,0.4064025058204,0.2105901740441,0.1000741939090,0.1313749031734,0.1800827127170,0.0792534650371,0.2826730279008,0.0825357567272,0.2535300005635,0.2001830799083,0.3459448865546,0.5199133123944,0.1491691963735,0.2154287959223,0.2554142088738,0.4415583834439,0.2637590055658,0.1365251819121,0.4214496667455,0.1196876556325,0.3775344151631,0.3451736429459,0.1310986452385,0.1980255699324,0.2203954931961,0.3256675800052,0.6538068032589,0.4113660101839,0.2440825665225,0.1579214436612,0.0801418730681,0.4358286657375
0.3722685747388,0.4935708982375,0.2605057219649,0.3497835677696,0.0486185774960,-0.0265705041587,-0.0469109439416,0.3191493793133,0.3108327737525,-0.1545943872771,-0.0015746290179,0.0326890598382,-0.0486155186857,0.0749405963212,0.3897560463213,-0.0595622921907,0.5233934143221,0.5245912646508,-0.0389168892641,0.3177738896693,0.0569234312069,0.6985623350467,0.3549093361777,0.5454208076895,0.3214683108257,0.2414857245799,0.4335603732309,0.2900947506258,0.5347966504703,0.4474175070318,1.0000000000000,0.1181890871898,0.0897220466564,0.3277865376626,0.3117461429567,0.4853877759341,0.4283973387053,0.1964814138194,0.2525682442517,0.0155861339463,-0.0670746738313,-0.0825996675340,0.2718035324928,0.1871542340841,-0.1809230534526,0.0301123830591,-0.0127838942303,-0.0273726733258,-0.1479173487928,0.2924822577030,-0.1527861160920,0.4425804422617,0.3771152898590,0.0537351300994,0.1551945943934,0.0216117432176,0.5092276940021,0.2923433261696,0.4928935863686,0.4644090316977,0.1192428439007,0.4412390341197,0.3561314854267,0.4016804727731,0.2053338231189,0.8099280856099,0.2126817831924,-0.0626857892339,0.0053667322909,0.2361635698321
0.0334701213154,0.4141430864236,0.3078187363255,0.2915992851738,0.0070426655222,0.0301112330726,-0.0630003045052,0.1847929210527,-0.0549145008777,0.1261339941534,-0.0282318232014,-0.2450313933702,0.0039650087179,0.1333794995796,0.1808242217885,-0.1088136432684,-0.0802087535153,0.3436926236711,0.1938416174341,0.4900932012693,-0.0597209883255,-0.0033783218333,-0.0116677563871,0.1783582954276,0.2202468378605,0.4201750719341,0.5967399884426,0.5439337227277,0.2182684092041,0.1551937344191,0.1181890871898,1.0000000000000,-0.2104616102502,0.0370698038583,0.2075235051238,-0.1719612802247,0.4152929202049,0.1841464433052,0.4623181461501,-0.0512446113516,0.0352898557289,-0.0544514628009,0.1741162603332,0.0814445341815,0.0708800051382,-0.1690702871450,0.0347035835530,-0.0401367857725,0.2688197068921,0.0250383714995,-0.0802310580084,-0.1039915153064,0.2006598420704,0.2575897047179,0.3091911079703,-0.1499997450735,-0.0608570408501,-0.0071170811441,0.0984468099451,0.0427100006335,0.2683373643358,0.4516977145885,0.4483960057122,0.1598406928885,0.0224169239246,-0.0762137128256,0.1486253560872,-0.2128961322633,-0.0452800174654,-0.0530267515394
-0.0213545914275,0.0870495855336,-0.0509042358793,-0.0874465411632,-0.0929026048899,0.6052640365678,0.2398233942411,-0.2384119932070,0.2633544877060,-0.0679255813121,-0.0289265771392,0.1447809644462,0.0192997273552,-0.1189676533396,-0.0356473109616,0.6340056648502,0.0073873046327,0.0296534449330,-0.0177719134472,-0.2219363277064,-0.1207680440321,0.0597320071331,-0.0463502891121,0.0506468613819,-0.2437148857580,-0.0033073911591,-0.0782767303543,-0.0142517966858,-0.1546698569984,0.0034025872746,0.0897220466564,-0.2104616102502,1.0000000000000,0.0235642302711,0.1671784165955,0.0781979839457,0.1075759762394,0.0157037261388,-0.0276262890105,-0.1472098052804,0.4413979785395,0.0992219064175,-0.1522541452151,0.1441327090985,-0.1725618698601,-0.0585862485953,0.1991038516121,-0.1280413790468,-0.1569011526023,0.0001175777627,0.2624657721509,-0.0242595448577,0.2757535874874,-0.0996569489639,0.0223149764430,-0.0535376874649,0.2122802294807,-0.0443524814467,0.1112283795959,-0.1606742854387,0.1249492858055,0.0086405612258,0.0200631791595,-0.1717404821067,0.0661265864841,0.2203299036888,-0.2153580316673,0.5394866013056,0.2514761671747,0.4341558057542
0.1051925580238,0.3599491567007,0.0724932711971,0.2938450180815,0.0783692614753,0.2206120643643,-0.0209669461715,0.2390331592222,0.1062169349387,0.3282720589367,-0.0621840012082,0.0732126511601,0.1139366480722,0.2041142225847,0.1657142358680,-0.0162663425545,0.0628483187892,0.1943366219229,0.1094555294092,0.0436175945411,0.0641310291541,0.2648550288399,-0.0815020548345,0.1585017395770,0.3394696674179,0.0431555525994,0.0329552453074,-0.0354214102001,0.2110646763353,0.6416941930894,0.3277865376626,0.0370698038583,0.0235642302711,1.0000000000000,0.3166052726476,0.0788175050607,0.2255374400625,0.1422671277191,0.1480705750322,0.1534870815153,0.2696418383131,0.0526640965935,0.1037680988944,-0.0962068652014,0.3391637847565,-0.0728367198951,0.1372477840773,0.1983108284025,0.2724113108197,0.1672957462039,0.4227489319816,-0.0593913821347,0.1035723211601,0.2326283006762,-0.0786111791640,0.0816933781225,0.2150698085825,-0.2230055000492,0.1704174522120,0.3687578179774,-0.1982857676938,-0.0212171704716,0.0184660532749,0.1742466974493,0.1633756387245,0.2236663138418,0.2280235757284,0.0365253076412,-0.1984418230543,0.2723727756099
0.4718465995134,0.4643766963503,0.2001076803433,0.5608237737514,0.0424033378899,0.2920080331399,0.0106704517656,-0.0158469114004,0.0063731906716,0.1796232882656,-0.0442561267655,0.0626583264176,0.0372708245990,0.2245729709250,0.2801848361655,0.2917851086898,0.3173066643538,0.4793982605030,0.0729222732650,0.4978714204723,0.1310360424345,0.4352217772405,0.4642766154188,0.4680100271972,0.0921263686154,0.4072265273127,0.2010100301198,0.2663510974215,0.1383780226217,0.5466516762340,0.3117461429567,0.2075235051238,0.1671784165955,0.3166052726476,1.0000000000000,0.3481188465366,0.3788435551792,0.2706678811294,0.5669143336897,0.0526358397784,0.3116621319496,-0.0086496278200,0.0114222671711,0.0181876125064,0.1787219697885,-0.1226542199018,0.1963954800077,0.0358428204456,0.1901207938203,0.1929686537130,0.1125578695461,0.3018215166446,0.4683619152984,0.4713868091164,0.4827647620923,0.1019219290136,0.3516399224775,0.4255777572896,0.4348173540536,0.1682593422749,0.3782569544744,0.3149778597230,0.2885765522488,0.0768370319086,0.5714442085569,0.3249271156586,0.2171260518252,0.2822938207814,0.4132518210639,0.7879199319539
