1.0000000000000,0.2075143500509,0.0382421430452,0.4071461995629,0.4350314963736,-0.2312127501471,0.0953530135152,0.3349301794813,-0.1274090754849,0.2192887142135,0.2634335459264,0.0854927503097,0.1731186648765,-0.0511557286930,0.5001029467732,-0.0248629220029,0.2140387164013,0.4282638020269,-0.0244480194647,0.3130910288572,0.3969986578564,0.1950098283163,0.4083725259934,0.4290109662983,0.3474441004350,0.2708798905315,0.2116161685446,0.2594044876244,0.4058440270027,0.5277250064483,0.5551750251402,-0.3939534920451,-0.2115298364802,0.5493717407402,0.4654798467360,0.6978293716007,0.3080631578326,-0.1875465910868,0.3565139475409,0.3507340003952,-0.2191264984317,-0.0126386044960,0.0844125630304,-0.3208770507097,0.2683329895135,0.1439561233623,-0.1865002421330,-0.0554363435317,-0.1507223206880,0.1876610864636,-0.1622871629211,0.3746902660129,-0.0482240923861,-0.5039755056101,-0.2601839859527,0.2826283795663,0.1861121439106,0.4475888144485,0.3308508918511,0.3631412501353,0.0516974993899,0.0418306321670,0.2901973067688,0.1945096779660,0.1671949450960,0.3047787843448,0.0370179544882,-0.1768644046219,0.1833812947787,0.3701346684844
0.2075143500509,1.0000000000000,-0.0618543674469,0.6673796173462,0.0629610098412,-0.2319342422509,-0.1245673813117,0.3027942242820,-0.4434368203143,0.2159527197961,0.1163409344072,-0.0155660195065,0.0817904864631,0.1158332462345,-0.0924623457777,-0.2007734374277,-0.1223605058436,0.6161005924443,-0.0183445085265,0.4553934538143,0.0119586395854,-0.1693147079855,0.7471904789655,0.0936208116122,0.4053265337546,0.6256321821893,0.2290487632361,0.6371047241348,0.1394537268342,0.3402228097490,0.3248801582124,-0.0564630912861,-0.2667166019079,0.4817290356165,0.5602150319113,0.3280891003799,0.8119212526897,-0.0839934394244,0.5028539429600,0.0071015072825,-0.3133274949492,-0.2739299417328,0.3333679074966,-0.5252996900733,0.3312334836401,0.0466075575511,-0.1385412849042,0.0555778491743,0.0042790763403,-0.1734161667635,-0.1376430799559,0.0976594717120,0.4283287266075,-0.2535039130570,0.0604523970761,-0.0118428557989,-0.0381827323166,0.6952634659477,0.1213533121812,0.3607151163318,0.5450872634775,0.2870153536011,0.4723087818619,-0.0218110787544,0.2144691120340,0.3439297280324,0.1506687400970,-0.3806930709909,0.5116703821728,0.6223791100602
0.0382421430452,-0.0618543674469,1.0000000000000,0.0134743811350,-0.0531563262324,0.1072082344459,0.0077458861811,0.3344198736289,0.1483741238642,0.0164944710004,-0.2248715492511,0.3452905406944,-0.1462518621701,0.2334360476793,0.0388819160026,0.1066160335723,0.4342339702072,-0.0067669454248,0.4317076211438,0.0816699257554,0.0415559776139,0.4087537539614,-0.0869772492173,0.5354012544068,0.0354090507485,0.0630942296257,0.3212698860419,0.3896345238778,-0.0416453922083,-0.0734884022567,0.3206597423988,-0.2306031581611,0.0687137153911,0.0223335410908,0.0187602935733,-0.2164364853060,-0.0961288241595,0.6436131955216,0.0612802627651,-0.0395920656519,0.0197849804776,0.1323963226771,-0.1793530532394,0.1529271073313,-0.0871515831440,-0.2498122224395,0.3095228377405,-0.2461607157708,0.1595242339528,-0.2239518984433,-0.1077587173878,0.2672559285555,-0.3303662307583,0.1096099629810,-0.1521078421608,0.0366619079844,0.1090588256327,-0.1223469107663,0.1610271182769,-0.0282469186114,-0.0002708692559,-0.0934936993231,0.3172179097294,-0.1575523998809,-0.2964573503918,-0.2197393045243,-0.1076674150495,0.2425216596267,-0.2702743605702,-0.1516640744143
0.4071461995629,0.6673796173462,0.0134743811350,1.0000000000000,0.0935979005317,-0.0672209504936,0.0303537461289,0.3874823627139,-0.1122279136674,0.0217425874319,0.0288856775891,0.2962165562366,0.0143090637175,0.2730851088622,0.2229314036063,0.0174587248210,-0.1532172211266,0.6087359438413,0.1427295839352,0.5601395613564,0.0106678850296,-0.2577974970399,0.6890277492667,0.1214248381439,0.4883053085004,0.6631685291936,0.3562167711326,0.5627688195249,0.2503272084176,0.2977891854618,0.5449218197234,-0.1864644928438,-0.2495669051143,0.3833108594584,0.5419021350783,0.3247358805837,0.6758453353791,-0.2428663892819,0.6307505141062,-0.0364617078261,-0.0918298367420,-0.3030781307498,0.1992494963169,-0.3911680436178,0.2302846304467,-0.1104099362403,0.1001060088774,-0.0479168509833,0.0738143754019,-0.1759191957404,0.0129221599098,0.1008447243200,0.0853952124224,-0.3561179789795,-0.2432533673353,-0.1339219992923,-0.2571593387969,0.6521590858750,-0.0200043803615,0.4062661247603,0.5252833793203,0.0836733319225,0.4398900717372,-0.1105399094872,-0.1217523548473,0.2948881371824,0.2358531875918,-0.2509672490273,0.2599327718908,0.5603739079990
0.4350314963736,0.0629610098412,-0.0531563262324,0.0935979005317,1.0000000000000,-0.4360288514794,0.1441873999756,0.2362487722067,-0.4729138603518,0.5246543361636,0.4082063189134,-0.3548585633862,0.5177149821077,-0.3634832257325,-0.0593789448686,-0.2777202676426,0.4521188611221,0.3298148830385,-0.3482461499471,-0.0175455097725,0.7614149294061,0.5443717098451,0.4381408569232,0.5978201887081,0.5168503445974,-0.1053564689932,-0.2012008566782,0.2420476606626,0.6367707010986,0.2865585833720,0.3104856023906,-0.2370178108068,-0.3184840131734,0.2451470941244,0.0789575898691,0.6361637857955,0.2194545768899,-0.0920968607656,0.0652766021481,0.9134520601650,-0.4281625045124,0.1596639683547,0.3162251455770,-0.4284177616658,0.4801736542341,0.5329961060295,-0.4787451839574,0.3086576793982,-0.2839282771344,0.0867010464827,-0.2266958192473,0.5923722541666,0.0893866169923,-0.5681773801228,-0.0237389194398,0.7279691583931,0.6564983948185,0.4657824095856,0.7377134851679,0.5869908911272,-0.1327998616556,-0.0568058258361,0.2924035458647,0.6080603570316,0.3043318978735,0.5052262437244,-0.1000976553276,-0.3243772999385,0.1456179074166,0.0853369132822
-0.2312127501471,-0.2319342422509,0.1072082344459,-0.0672209504936,-0.4360288514794,1.0000000000000,0.1337324683806,-0.1615933455528,0.7233906223221,-0.4586453829083,-0.1579053343413,0.3692401935334,-0.2126165896435,0.3850637242919,0.2731974600379,0.6276151764270,-0.3478310881136,-0.3521011039017,0.3799883962551,-0.0927129624661,-0.4415870987480,-0.2954159807934,-0.4001915097030,-0.3953111308067,-0.4532767100306,-0.1807632714927,0.0973796631358,-0.3139234308245,-0.4178318301795,-0.0683413182864,-0.1442164284883,0.2314504091623,0.5519291628678,-0.2652292624596,-0.3122514383797,-0.4326751355701,-0.4233108742342,-0.0268652217350,-0.4340420833459,-0.4577812796541,0.7561447093478,0.0448131315117,-0.5003351650166,0.5180937911497,-0.4415837555338,-0.3832011683469,0.3787527325214,0.0188368830344,0.1948279799665,0.1655322799991,0.4875779121126,-0.4824083215918,-0.4987971280264,0.3761603522232,-0.3799215589116,-0.3849748088879,-0.5039121806597,-0.5171260390403,-0.5614307473654,-0.4952605606424,-0.2907421666616,-0.3402760742785,-0.5260660779891,-0.4930373780467,-0.1439622569899,-0.5807975828318,-0.0548573180013,0.5475131358443,-0.2374809844099,-0.2247498949984
0.0953530135152,-0.1245673813117,0.0077458861811,0.0303537461289,0.1441873999756,0.1337324683806,1.0000000000000,-0.0912423259801,0.1585835933321,0.2626323372578,0.4584860115716,0.1246253461226,0.5501673519335,0.0290862801665,0.1291638145002,0.1634362578069,0.1835394879196,0.0203887137990,0.1344943998668,0.1314921309453,0.3377726334613,0.0616015470081,-0.0202685894826,0.0901315646127,-0.0456201666787,-0.0989274755868,-0.1345919842838,-0.1554345755956,-0.0299057975456,0.3571046898286,-0.0282108426304,-0.0188804627129,0.0457109565838,-0.0680348215406,0.0969248175360,0.0850333518232,-0.0305164057419,0.0073605465835,0.0813879349867,0.1874395655917,0.0685402403579,0.7129582521601,-0.1368880551706,0.2527579705396,0.1379954536103,0.3825457933664,0.1565485054473,0.3885161445968,0.0743405148169,0.1227044817854,0.1603838266331,0.1218514530222,-0.0638262143426,0.0805133105145,0.1176326125473,0.2792298599123,0.0690456484296,-0.0581741867392,0.0361722380606,0.0081794909732,-0.0757254645222,-0.1245521058500,-0.1160108063529,-0.0306267980285,0.1933995635164,-0.0448857047663,-0.0591748675424,0.2405373761749,0.1209703314701,0.0759842731942
0.3349301794813,0.3027942242820,0.3344198736289,0.3874823627139,0.2362487722067,-0.1615933455528,-0.0912423259801,1.0000000000000,-0.2984629462929,0.2738595794460,-0.0060343476264,0.0970515603943,-0.0872439664114,0.1377716289319,0.0126524325279,-0.2959812261420,0.2487332612901,0.2840949278587,-0.0355807128968,0.2218112218207,0.1355981269858,0.0465949965644,0.4443002953912,0.3461122338453,0.6214860803059,0.4657865655071,0.4627297113759,0.5682322136589,0.4529677610198,0.1926219473572,0.7355695256985,-0.2436319999666,-0.0593659997544,0.3549060990207,0.3511079351426,0.1184066360678,0.3331704665125,0.1193901885354,0.4196422318949,0.2433081896493,-0.3384170310810,-0.1912100487587,0.4649348755001,-0.4951356583894,0.3391942679269,-0.1231684727445,-0.1231609763853,-0.1959937184130,0.0070340663292,-0.3166793319737,-0.4233480825833,0.3631390429387,-0.0956247253148,-0.4247479365263,-0.3130696047916,0.0856838883549,0.0578859110750,0.4021093528084,0.1506526597494,0.5301153337905,0.2422475984321,0.2540377221770,0.5244292826710,0.1736952277999,-0.0293131579428,0.2563902852171,0.0558983611982,-0.1283464302211,0.0514555365600,0.2831308064993
-0.1274090754849,-0.4434368203143,0.1483741238642,-0.1122279136674,-0.4729138603518,0.7233906223221,0.1585835933321,-0.2984629462929,1.0000000000000,-0.5773126614180,-0.1623743396524,0.5260267533789,-0.2902239697152,0.3115639400159,0.4557725121578,0.6608572564449,-0.2343579590073,-0.4522901368958,0.4378709142301,-0.1032348032622,-0.4265041340988,-0.1615496383236,-0.5613721615468,-0.3491248319749,-0.6089078104232,-0.2709267889345,0.0771239418299,-0.4683416708562,-0.3584568997397,-0.1833700053308,-0.1744127583369,0.1630266991052,0.4457803962187,-0.3740920523561,-0.4049360674623,-0.4212684355428,-0.5398534003842,-0.0533345506630,-0.4057957193799,-0.5079569297452,0.6919743412529,0.1398750275665,-0.6061365985631,0.7647221448460,-0.5600365169541,-0.3145682948599,0.4840902973038,-0.1049670753704,0.1557785934694,0.2097324952616,0.5554991811439,-0.4509922464841,-0.6206389079009,0.3800485316775,-0.3992719824380,-0.4029866741684,-0.4362105808408,-0.6237707053521,-0.5372884229390,-0.6352674933131,-0.3705052207868,-0.4503516725382,-0.5916373349223,-0.3794095123401,-0.3433406033403,-0.5721934417969,-0.0655763488078,0.4952151225492,-0.4067478284073,-0.3668534601247
0.2192887142135,0.2159527197961,0.0164944710004,0.0217425874319,0.5246543361636,-0.4586453829083,0.2626323372578,0.2738595794460,-0.5773126614180,1.0000000000000,0.3589445968806,-0.3557885490530,0.5589985120783,-0.1010657735603,-0.1154132043032,-0.3223752221527,0.3483544616121,0.1695134753579,-0.2520615612529,0.0163317373671,0.6731215675667,0.3469973554748,0.4476785442898,0.3475788319389,0.4943482972451,0.1072446147248,-0.1863204164313,0.2479560907667,0.2405233800903,0.4171378191192,0.0622270362970,-0.2203637896102,-0.2759510481489,0.3472565523875,0.2546245578925,0.3813776844091,0.2452477876151,0.1014598612442,0.3231473071691,0.6556183257652,-0.5673605328156,0.3705495912816,0.3483568300109,-0.3995806258942,0.8812781731955,0.4798008440127,-0.3547981089314,0.3330594058884,-0.0118835723623,0.0375767291456,-0.3883288675854,0.4096507280465,0.2474512315374,-0.3380755188382,0.2236485640501,0.7080331406988,0.5267863139669,0.4468289917727,0.4985839057181,0.5802155001047,0.1222943509412,0.1995393968604,0.3164552271290,0.3193101031276,0.5034410897582,0.2616891356860,-0.0165136848120,-0.2396802917769,0.4109159100641,0.2150263925402
0.2634335459264,0.1163409344072,-0.2248715492511,0.0288856775891,0.4082063189134,-0.1579053343413,0.4584860115716,-0.0060343476264,-0.1623743396524,0.3589445968806,1.0000000000000,-0.2456921766422,0.5926098233201,-0.1830229505840,0.0468260368325,-0.0418429363562,0.0788677049096,0.2444622017375,-0.1313771404963,0.1325890716653,0.5306944524040,0.1787134246571,0.1642793648753,0.0892374302761,0.1081780679884,-0.1422789632429,-0.2439395818750,-0.0869110726765,0.1549736433278,0.3690351566238,-0.0304409782606,0.0055612172372,-0.1083246903828,0.1933800563830,0.0233065753860,0.3312192755589,0.1295507003077,-0.1444972149145,-0.0229452508315,0.4675772189234,-0.1760496265784,0.4350334038164,0.0918683736004,-0.0054264288374,0.2664971661735,0.7722521946877,-0.3004644615027,0.4877393316389,-0.2189696717062,0.1918959143787,0.0812331766815,0.1234420250844,0.1590632245718,-0.1385628857967,0.1208063743734,0.5215425561694,0.2679762958155,0.1269715115889,0.2119024560015,0.1723743988749,-0.1432826974356,-0.0348330808799,-0.0949563544017,0.2360019210618,0.3188128263198,0.1077821820093,-0.0988465600915,-0.2021633458209,0.2787420573252,0.0565645597134
0.0854927503097,-0.0155660195065,0.3452905406944,0.2962165562366,-0.3548585633862,0.3692401935334,0.1246253461226,0.0970515603943,0.5260267533789,-0.3557885490530,-0.2456921766422,1.0000000000000,-0.3522703019575,0.7017883875556,0.3424845950191,0.3448027960123,-0.1335704613073,-0.0562638202583,0.7613856418829,0.2940652299915,-0.3396033128851,-0.2276619154235,-0.1359309606252,-0.0624204905938,-0.1793853881871,0.3627610198888,0.5317512198216,0.1685209517871,-0.2062894171617,0.0364182505639,0.1606087765066,0.0713361367260,0.2387281377603,-0.0221647792904,0.1948098231260,-0.2877918150638,0.0147087869702,-0.0034641015448,0.1922755630629,-0.4470280216323,0.2866070236147,0.0023888754580,-0.4102138341351,0.2757255798432,-0.3029611023352,-0.4289504181982,0.8023017414368,-0.3124791552437,0.4984966988283,-0.1606908479667,0.1746578710968,-0.2101060954522,-0.4487783221939,0.2869942538311,-0.3020857799775,-0.4230309398733,-0.4481753577776,-0.1882303966744,-0.3692092221215,-0.2727918901797,0.2800044991800,-0.0655911623616,0.0120198857423,-0.4470440005226,-0.3662310973098,-0.3735099093122,0.3261540931850,0.3660230653358,-0.2708260087327,0.0796802965542
0.1731186648765,0.0817904864631,-0.1462518621701,0.0143090637175,0.5177149821077,-0.2126165896435,0.5501673519335,-0.0872439664114,-0.2902239697152,0.5589985120783,0.5926098233201,-0.3522703019575,1.0000000000000,-0.2581004134787,-0.0199348076436,0.0220109142815,0.2372071245435,0.3143015657373,-0.1275722937845,0.1593631497069,0.6877005705914,0.3036969308593,0.2029486031093,0.2293015476404,0.1328153884826,-0.2250477330613,-0.4515391843212,-0.0599298836544,0.1505944069336,0.4115452831156,-0.0340449891444,-0.0286485023646,-0.1702883132136,0.1332606446979,0.0761477234125,0.4071228075238,0.1485033501579,-0.0964740328685,-0.0404500576036,0.5651938218487,-0.2125213367452,0.4619966793664,0.0605034460713,-0.1081869577188,0.4600918521639,0.6726418796637,-0.2566594065764,0.8552784987216,-0.1614620099582,0.2049456516181,0.1188524320199,0.2358258778365,0.2788012459671,-0.0942840527481,0.2645871856547,0.6833540781935,0.3704085502911,0.1798979379825,0.3527700952763,0.2265504845254,-0.1277670299801,-0.1608350046364,-0.0558531287863,0.2021083474867,0.3931538042107,0.1574023503039,-0.0795483959724,-0.0920816607755,0.2942702694573,0.1408989582744
-0.0511557286930,0.1158332462345,0.2334360476793,0.2730851088622,-0.3634832257325,0.3850637242919,0.0290862801665,0.1377716289319,0.3115639400159,-0.1010657735603,-0.1830229505840,0.7017883875556,-0.2581004134787,1.0000000000000,0.3385185992096,0.2975372060893,-0.2758029116105,-0.0761876733820,0.7055942389937,0.1932668409267,-0.3001286873743,-0.3388948528028,-0.0353653910218,-0.2197774000741,-0.0322838613977,0.4266177437219,0.3525770153753,0.2467876462734,-0.3513089924102,0.1225438887777,-0.0652228308369,0.2419616986586,0.3420441698197,0.0711210570438,0.0849478091803,-0.3080549662940,0.0254246103009,-0.0248709860793,0.1569226944627,-0.3599134901417,0.2993198137174,-0.0275988026360,-0.3089824034760,0.1657396369309,-0.0828499665647,-0.3805010416264,0.6330867017476,-0.1346915227678,0.7256293242438,-0.0903187358655,0.1615456444932,-0.3052189532878,-0.3708779646520,0.2805860161610,-0.2282723628651,-0.3062796098378,-0.4616816801833,-0.1272971625358,-0.4108851464759,-0.1162872225976,0.3690865888858,-0.0662682296295,0.0268064569348,-0.5440062082971,-0.1650506907699,-0.4518949271804,0.4513212939240,0.3873868767638,-0.0850022864416,0.0421450564407
0.5001029467732,-0.0924623457777,0.0388819160026,0.2229314036063,-0.0593789448686,0.2731974600379,0.1291638145002,0.0126524325279,0.4557725121578,-0.1154132043032,0.0468260368325,0.3424845950191,-0.0199348076436,0.3385185992096,1.0000000000000,0.3414928282958,-0.2223784619135,0.0234860841006,0.3744078367296,0.2008107972199,-0.0509521104408,-0.1135432104409,-0.0023599991972,-0.0895560375180,-0.0534657420483,0.1585882123827,0.1608188259777,-0.0338998410218,-0.0320927263532,0.3761152500987,0.0991339286400,-0.0615326171527,0.2297257139413,0.1841101085754,0.0922967891200,0.1799573071903,-0.1129153342549,-0.2852120005014,0.0816989398653,-0.1062972046358,0.3030360407759,-0.0623591372554,-0.3037184433809,0.1126806550839,-0.0762699048003,-0.1353566829691,0.1346549626822,0.0121143362854,0.2460639294441,0.3308611319416,0.2163950330306,-0.1827094692229,-0.3777412747852,-0.0339575740304,-0.3198154521010,-0.1023365574929,-0.2840948430249,-0.0337538812937,-0.2617220488700,-0.0858449395489,0.0128310622328,-0.2386327361270,-0.1425180038471,-0.2172571276085,-0.0495441229197,-0.2162926081617,0.0994420407989,0.2488620688154,-0.0214699900611,0.0217690955487
-0.0248629220029,-0.2007734374277,0.1066160335723,0.0174587248210,-0.2777202676426,0.6276151764270,0.1634362578069,-0.2959812261420,0.6608572564449,-0.3223752221527,-0.0418429363562,0.3448027960123,0.0220109142815,0.2975372060893,0.3414928282958,1.0000000000000,-0.2146096357204,-0.1510660556413,0.3411024852096,0.0162918116331,-0.1783771117845,-0.0822556904782,-0.3483637339635,-0.2461554917833,-0.4690067620654,-0.1895551031714,-0.1072269589249,-0.3547589267808,-0.3987500004107,0.0505297210667,-0.2047593533690,0.1581151215292,0.1256942153448,-0.0148680311046,-0.1472746313350,-0.1797477001229,-0.3017717296166,-0.1891391870536,-0.3586657308548,-0.3390045632305,0.6469954769602,0.1063377452177,-0.6159968370109,0.5679904499961,-0.3058455379091,-0.2086674403496,0.3548978560274,0.1599098781436,0.1428926700061,0.3022556991336,0.7592016653174,-0.4014774136151,-0.3476770525461,0.2830692693619,-0.2387933159374,-0.1628812748630,-0.3476964206631,-0.4084627874962,-0.3570627576209,-0.4683385788474,-0.2409787647278,-0.5168531560341,-0.5281139975216,-0.4215983425903,-0.0925853094442,-0.5759636954322,-0.0174726193330,0.2725154950385,-0.0228302910482,-0.1265180608037
0.2140387164013,-0.1223605058436,0.4342339702072,-0.1532172211266,0.4521188611221,-0.3478310881136,0.1835394879196,0.2487332612901,-0.2343579590073,0.3483544616121,0.0788677049096,-0.1335704613073,0.2372071245435,-0.2758029116105,-0.2223784619135,-0.2146096357204,1.0000000000000,0.0708949682727,-0.0942168512367,-0.0645570315758,0.5129729477558,0.7907672924180,0.1156533265948,0.7888761266390,0.2405385881943,-0.1506917448421,-0.1473453497469,0.2423613933314,0.4526384642613,0.0965554167324,0.2730289181551,-0.2702263130427,-0.2889730278519,0.0325265583897,0.0626390494642,0.1969233366385,-0.0205290272966,0.3671304195016,0.0505202420998,0.5140622353694,-0.3541397823502,0.4088050469795,0.1312901461615,-0.0600451054497,0.1862281616788,0.2766562868588,-0.1960170943152,-0.0472837542252,-0.1952392983880,-0.1647141737357,-0.3361813341428,0.8602514085692,-0.0331874100532,-0.2389992184879,0.0937833281435,0.5129214336919,0.7365154398755,0.1525226571932,0.7312796244288,0.3118080969968,-0.1853678315923,-0.1058429822329,0.3429536280355,0.5139005249521,0.0892450393604,0.2130907300947,-0.2267165058650,-0.0774192503898,-0.0818243502941,-0.0583533897143
0.4282638020269,0.6161005924443,-0.0067669454248,0.6087359438413,0.3298148830385,-0.3521011039017,0.0203887137990,0.2840949278587,-0.4522901368958,0.1695134753579,0.2444622017375,-0.0562638202583,0.3143015657373,-0.0761876733820,0.0234860841006,-0.1510660556413,0.0708949682727,1.0000000000000,-0.0569992445021,0.7136944009314,0.3233266022576,0.0405249095957,0.5769362051197,0.4120256453721,0.4223436735210,0.4160996744136,0.1883506956140,0.5190902925265,0.3319495968556,0.3726320464246,0.5103986080100,-0.0900974490540,-0.4110693177879,0.5230490547544,0.6006885562016,0.4679222700211,0.6694609721263,-0.1088595531771,0.4419234415818,0.2163687486469,-0.2786993796474,-0.2293507755368,0.2478538547752,-0.5351111882874,0.2348510447165,0.1729457534582,-0.1974017233023,0.1352399420393,-0.1399590071426,-0.2276878331514,-0.1484876116142,0.2827622427615,0.4945177640111,-0.3515560044280,0.1110764940033,0.1895112950432,0.0609722197685,0.5754673057147,0.2921623146965,0.3530375777701,0.3414657885576,0.2415549116132,0.4711687266290,0.0784648464823,0.0494165593634,0.4175933516899,0.1619011606565,-0.3686953749678,0.3400230004384,0.5462586786910
-0.0244480194647,-0.0183445085265,0.4317076211438,0.1427295839352,-0.3482461499471,0.3799883962551,0.1344943998668,-0.0355807128968,0.4378709142301,-0.2520615612529,-0.1313771404963,0.7613856418829,-0.1275722937845,0.7055942389937,0.3744078367296,0.3411024852096,-0.0942168512367,-0.0569992445021,1.0000000000000,0.3334106219350,-0.2526030911921,-0.1084112852982,-0.1712955657963,-0.0482481098514,-0.2389207309431,0.1672706364317,0.3074938922829,0.1712443788947,-0.3615677791760,0.0503706386510,-0.0278093564577,0.1122647083222,0.3333938023672,-0.0330657754143,0.0388771750680,-0.3156992888578,-0.0942756133053,0.1705003206131,0.0315684689036,-0.3866169530889,0.2796545580097,0.1016565234936,-0.4662586139896,0.2950980565152,-0.2790677011056,-0.2888756697085,0.7018471339941,-0.0413311648327,0.4625636145534,-0.0832513122994,0.2158444451447,-0.2182686116705,-0.3625553905460,0.4989461309431,-0.1061365296505,-0.2720367283873,-0.3469786095958,-0.2628755440352,-0.3199873213528,-0.3145170227388,0.1823561388137,-0.1349735750113,-0.0485658359632,-0.5436441587992,-0.2597235879038,-0.4665069607225,0.2480812883633,0.3846857893984,-0.2056456968023,-0.0350457057351
0.3130910288572,0.4553934538143,0.0816699257554,0.5601395613564,-0.0175455097725,-0.0927129624661,0.1314921309453,0.2218112218207,-0.1032348032622,0.0163317373671,0.1325890716653,0.2940652299915,0.1593631497069,0.1932668409267,0.2008107972199,0.0162918116331,-0.0645570315758,0.7136944009314,0.3334106219350,1.0000000000000,0.0277609716587,-0.1166897431261,0.3805025054864,0.1696437236520,0.1927656590618,0.4529857279776,0.3921564587932,0.4258969769502,0.1035857092063,0.4312628174827,0.4408227731111,0.0589238408032,-0.2859187507466,0.3410669982996,0.5637039690740,0.1590720049079,0.4493281349016,-0.0281541777871,0.4111615944907,-0.1040318054368,-0.1174806815504,-0.1563256153723,0.0426010326619,-0.2993369232523,0.0336289209186,-0.0274439512714,0.1361442907651,0.0568986452014,0.0510873174131,-0.1559280480625,-0.0912323610325,0.0522684628631,0.2977743418889,0.0358515453217,0.1588722392125,-0.0996382910731,-0.1844535395130,0.2978302236880,-0.0442124291602,0.0811975772426,0.3730586466004,0.2754382272734,0.2991148327954,-0.1753004610364,0.0553907222921,0.1230498640364,0.2199543247374,-0.1467498528882,0.2746292278157,0.5346644848205
0.3969986578564,0.0119586395854,0.0415559776139,0.0106678850296,0.7614149294061,-0.4415870987480,0.3377726334613,0.1355981269858,-0.4265041340988,0.6731215675667,0.5306944524040,-0.3396033128851,0.6877005705914,-0.3001286873743,-0.0509521104408,-0.1783771117845,0.5129729477558,0.3233266022576,-0.2526030911921,0.0277609716587,1.0000000000000,0.5277634277117,0.2385055908441,0.5425468613379,0.3279687857056,-0.1216473686513,-0.3173822527977,0.0823128552256,0.3490482985382,0.3044868075003,0.1525810300930,-0.2808819547495,-0.2880006259271,0.2702991173562,0.1596441758173,0.5394214929005,0.1888035889202,0.0623210981434,0.1496438959938,0.8061684963203,-0.4269034155265,0.4195763491424,0.1625336525995,-0.2346857753615,0.5399280447928,0.6471530734858,-0.3532808728162,0.3741427661787,-0.2116899784306,0.0320237199590,-0.2256380929358,0.5037218455315,0.1650641307908,-0.3887689797629,0.1256378744751,0.9144451134644,0.5943282474360,0.3010958785269,0.6393988963472,0.4225427445589,-0.1040069044725,-0.0558578708296,0.2160146575378,0.3946847785274,0.2809796244931,0.3025425110363,-0.0869684260825,-0.2071842248079,0.1453575894894,0.0803040234793
0.1950098283163,-0.1693147079855,0.4087537539614,-0.2577974970399,0.5443717098451,-0.2954159807934,0.0616015470081,0.0465949965644,-0.1615496383236,0.3469973554748,0.1787134246571,-0.2276619154235,0.3036969308593,-0.3388948528028,-0.1135432104409,-0.0822556904782,0.7907672924180,0.0405249095957,-0.1084112852982,-0.1166897431261,0.5277634277117,1.0000000000000,0.0903777848028,0.7870154751749,0.1111662428463,-0.3216977760346,-0.2609951257241,0.1394574561348,0.4096585657818,0.1136884755226,0.1496058711863,-0.1537395460642,-0.2699037983085,0.0714127479787,-0.1053553250824,0.2600965516470,-0.1364420121065,0.2677521377524,-0.1789502518380,0.5754854237620,-0.2764580705733,0.3411276002249,-0.0032440899531,0.0421815994658,0.1694723774663,0.3546348796682,-0.2706823247286,0.0915750146179,-0.2335813407673,0.0802022962131,-0.1405858292732,0.6742172307665,-0.0196978748987,-0.1761799858756,0.1366397848458,0.5840281871743,0.8310814251690,0.1011439283710,0.7779746885122,0.1951967186264,-0.3124636105330,-0.2130144780741,0.1510327930050,0.5580781986680,0.2004030413126,0.1495183332989,-0.2417819648790,-0.1335394682710,-0.0271484606828,-0.1791001776165
0.4083725259934,0.7471904789655,-0.0869772492173,0.6890277492667,0.4381408569232,-0.4001915097030,-0.0202685894826,0.4443002953912,-0.5613721615468,0.4476785442898,0.1642793648753,-0.1359309606252,0.2029486031093,-0.0353653910218,-0.0023599991972,-0.3483637339635,0.1156533265948,0.5769362051197,-0.1712955657963,0.3805025054864,0.2385055908441,0.0903777848028,1.0000000000000,0.3447241487886,0.7231825683752,0.5159417115623,0.1079695928936,0.6691276791701,0.4908670723195,0.4340873597274,0.4992539766762,-0.2294930442807,-0.4439917745530,0.4630192795730,0.5126895516719,0.5342659421794,0.7151643080281,-0.1653458516817,0.5739994588469,0.3840064450850,-0.4573742644830,-0.2021379874221,0.5234495932413,-0.6804784576813,0.5679276350190,0.1773435155381,-0.3107149076954,0.0753473503016,-0.0824062343438,-0.0999065876360,-0.2845557040285,0.4359235613166,0.3340780093754,-0.4955664960871,0.0325965927010,0.1979368417532,0.2433159204244,0.9451502628668,0.4226695614441,0.7083138583589,0.4447026305295,0.2348932371936,0.5883515989776,0.3022964219551,0.2784386587084,0.5903661461648,0.0914925056946,-0.4557772801886,0.4918235338859,0.5568712245552
0.4290109662983,0.0936208116122,0.5354012544068,0.1214248381439,0.5978201887081,-0.3953111308067,0.0901315646127,0.3461122338453,-0.3491248319749,0.3475788319389,0.0892374302761,-0.0624204905938,0.2293015476404,-0.2197774000741,-0.0895560375180,-0.2461554917833,0.7888761266390,0.4120256453721,-0.0482481098514,0.1696437236520,0.5425468613379,0.7870154751749,0.3447241487886,1.0000000000000,0.4359764996763,0.0574830332625,0.0877392683947,0.5248851104455,0.5674754311067,0.2044074191238,0.5289963869245,-0.3336104005408,-0.3507982326397,0.2949098892239,0.2624770725672,0.3699030395085,0.1956475771708,0.3314911557152,0.2204051621123,0.5550024240718,-0.3907921864565,0.1660673577374,0.1649787107671,-0.2896905249764,0.2567618077710,0.1958435354201,-0.1988574292998,-0.0798410709342,-0.1680080388762,-0.1960763682039,-0.3549544900772,0.8419715844322,0.0716845743985,-0.3852088432452,0.0257347806429,0.4725419481294,0.6857249796475,0.3784874001669,0.8187825187373,0.4435481137548,-0.0085584816962,0.0178529107622,0.5648437803862,0.4657091900450,0.0361018247931,0.3757607996398,-0.1038012398524,-0.1956529484239,0.0159729526016,0.1155518888671
0.3474441004350,0.4053265337546,0.0354090507485,0.4883053085004,0.5168503445974,-0.4532767100306,-0.0456201666787,0.6214860803059,-0.6089078104232,0.4943482972451,0.1081780679884,-0.1793853881871,0.1328153884826,-0.0322838613977,-0.0534657420483,-0.4690067620654,0.2405385881943,0.4223436735210,-0.2389207309431,0.1927656590618,0.3279687857056,0.1111662428463,0.7231825683752,0.4359764996763,1.0000000000000,0.4220760159017,0.1959576207363,0.6082609576342,0.7092152693950,0.2328878741937,0.5329399087557,-0.2704883830881,-0.3350276389890,0.3295623249394,0.3874942053390,0.3523546228508,0.5096351978158,-0.0500481783639,0.5714665380897,0.5344246534837,-0.4759273398261,-0.2383892141149,0.6547935990463,-0.7128719965125,0.5954449602855,0.1051639793339,-0.2723228403647,-0.0006900154892,-0.0403084080376,-0.2812274768267,-0.4395397766614,0.5856144238445,0.2238608132668,-0.5049958163017,-0.0113742427441,0.2291466018279,0.2862859777921,0.7333804596475,0.4253470633554,0.9412811496971,0.3785862504014,0.3164699886528,0.6613719491804,0.4572056903353,0.0635847733280,0.5926573899545,0.1212039382457,-0.4159518382050,0.2788447289021,0.3509100395654
0.2708798905315,0.6256321821893,0.0630942296257,0.6631685291936,-0.1053564689932,-0.1807632714927,-0.0989274755868,0.4657865655071,-0.2709267889345,0.1072446147248,-0.1422789632429,0.3627610198888,-0.2250477330613,0.4266177437219,0.1585882123827,-0.1895551031714,-0.1506917448421,0.4160996744136,0.1672706364317,0.4529857279776,-0.1216473686513,-0.3216977760346,0.5159417115623,0.0574830332625,0.4220760159017,1.0000000000000,0.5804271530967,0.6574826478126,0.0856779584870,0.3017835360595,0.3991679859918,-0.1634778332107,-0.1250835582135,0.4694022871956,0.7145083563498,0.1191595497505,0.6520303643131,-0.1602998644932,0.7278741624372,-0.1809523233302,-0.2398907162839,-0.3380397619481,0.1893185018353,-0.4811164794939,0.2272187108660,-0.2755480306959,0.1356118336546,-0.2765822021614,0.3752777221567,-0.3106821809563,-0.2416393383781,0.0473175943237,0.1348955777111,-0.3028660688325,-0.1282519276094,-0.2541088932611,-0.2687140282943,0.5106925317144,-0.0825629711064,0.3024424760432,0.8206316676815,0.3406783271010,0.5757466130541,-0.1875740253433,-0.0311443579668,0.1636750619121,0.3333061669265,-0.1974431884210,0.2548280179386,0.6406081429094
0.2116161685446,0.2290487632361,0.3212698860419,0.3562167711326,-0.2012008566782,0.0973796631358,-0.1345919842838,0.4627297113759,0.0771239418299,-0.1863204164313,-0.2439395818750,0.5317512198216,-0.4515391843212,0.3525770153753,0.1608188259777,-0.1072269589249,-0.1473453497469,0.1883506956140,0.3074938922829,0.3921564587932,-0.3173822527977,-0.2609951257241,0.1079695928936,0.0877392683947,0.1959576207363,0.5804271530967,1.0000000000000,0.4683744754110,0.1298562724033,0.0675496261028,0.5092783772216,-0.0781333274756,0.0505297007884,0.2546765615343,0.3734647048773,-0.2017225272472,0.1812415627816,0.1100242669443,0.3694314549952,-0.2819430986099,0.0157723022766,-0.3335407507423,0.0109448485797,-0.1945332452690,-0.1108377514029,-0.4917915164204,0.2714776457143,-0.4518248832794,0.1790128140506,-0.3432698920518,-0.2743072130334,-0.0428623629814,-0.1345718050873,-0.1064419659453,-0.3325404290434,-0.4156462927151,-0.3447681834422,0.0636704632368,-0.2292483261220,0.0386826308006,0.3475305202287,0.4912189524611,0.3589837263276,-0.1797249568610,-0.2750368492255,-0.0345816988980,0.2671354104412,0.0276183737971,-0.1132641677469,0.2657930392355
0.2594044876244,0.6371047241348,0.3896345238778,0.5627688195249,0.2420476606626,-0.3139234308245,-0.1554345755956,0.5682322136589,-0.4683416708562,0.2479560907667,-0.0869110726765,0.1685209517871,-0.0599298836544,0.2467876462734,-0.0338998410218,-0.3547589267808,0.2423613933314,0.5190902925265,0.1712443788947,0.4258969769502,0.0823128552256,0.1394574561348,0.6691276791701,0.5248851104455,0.6082609576342,0.6574826478126,0.4683744754110,1.0000000000000,0.3634700760143,0.2235597377832,0.5432350602082,-0.1913492709190,-0.2546458803699,0.4225787093930,0.4836502887128,0.1854779610698,0.5850620436987,0.1791703575180,0.5696260211607,0.1811354749845,-0.4091933764766,-0.2678033377614,0.3282583724083,-0.5986481639040,0.3094552029364,-0.1020593907496,-0.0344263857694,-0.1684423923557,0.1610480497999,-0.3859474724683,-0.4039234871047,0.4661837099840,0.1441098076708,-0.3239200264959,-0.0616681331745,0.0141600601229,0.1664376504972,0.6139227002402,0.3636829182208,0.5072594313419,0.5762020082062,0.3013358229420,0.8112595153619,0.1053320767990,-0.0348213744568,0.3255662201739,0.1923330992538,-0.2759767343782,0.2100712365759,0.4248730812534
0.4058440270027,0.1394537268342,-0.0416453922083,0.2503272084176,0.6367707010986,-0.4178318301795,-0.0299057975456,0.4529677610198,-0.3584568997397,0.2405233800903,0.1549736433278,-0.2062894171617,0.1505944069336,-0.3513089924102,-0.0320927263532,-0.3987500004107,0.4526384642613,0.3319495968556,-0.3615677791760,0.1035857092063,0.3490482985382,0.4096585657818,0.4908670723195,0.5674754311067,0.7092152693950,0.0856779584870,0.1298562724033,0.3634700760143,1.0000000000000,0.1285136742802,0.5781378658510,-0.2002174636076,-0.3279405223675,0.1662980697173,0.1718556345912,0.4074810013472,0.2450943823885,-0.1353052130520,0.2218564625270,0.6122296371025,-0.4131840700038,-0.1567549376961,0.5063425106767,-0.4778029653685,0.2836205256882,0.2298712349404,-0.3764645247908,-0.0064339111378,-0.3299340780156,-0.1254356055612,-0.3393541246016,0.7058914381862,0.1227630287036,-0.5446454499561,-0.0861555177459,0.2842150256455,0.5150587869579,0.5131554151814,0.5723710704654,0.6974331198114,-0.0390110963084,0.1577129221210,0.4175822387211,0.8186699792972,0.0376104525776,0.6210821357591,-0.0539799318955,-0.3695910122993,0.0244426282260,0.1729856916170
0.5277250064483,0.3402228097490,-0.0734884022567,0.2977891854618,0.2865585833720,-0.0683413182864,0.3571046898286,0.1926219473572,-0.1833700053308,0.4171378191192,0.3690351566238,0.0364182505639,0.4115452831156,0.1225438887777,0.3761152500987,0.0505297210667,0.0965554167324,0.3726320464246,0.0503706386510,0.4312628174827,0.3044868075003,0.1136884755226,0.4340873597274,0.2044074191238,0.2328878741937,0.3017835360595,0.0675496261028,0.2235597377832,0.1285136742802,1.0000000000000,0.2259248007164,-0.0025404506297,-0.1293993271791,0.4590509110399,0.4800121457229,0.4556488837353,0.3541390790355,-0.1814871670580,0.2820892547142,0.2705810883210,-0.1504160747302,0.1849570524518,0.0586776019254,-0.2900890177881,0.3726551709846,0.2163698289144,-0.1313060565312,0.2854817366688,0.1671777071094,0.2296948396998,-0.0092671785811,0.1853193055291,0.1379371270357,-0.1944809467344,0.0649643565833,0.2788834567264,0.1377714556726,0.3950545676961,0.1975170122004,0.2741595203220,0.2126557204254,0.0751907541439,0.1671285804534,0.0208250604103,0.6152900304685,0.1477445317902,0.1214000883913,-0.0323706270913,0.5313539600634,0.4951868142011
0.5551750251402,0.3248801582124,0.3206597423988,0.5449218197234,0.3104856023906,-0.1442164284883,-0.0282108426304,0.7355695256985,-0.1744127583369,0.0622270362970,-0.0304409782606,0.1606087765066,-0.0340449891444,-0.0652228308369,0.0991339286400,-0.2047593533690,0.2730289181551,0.5103986080100,-0.0278093564577,0.4408227731111,0.1525810300930,0.1496058711863,0.4992539766762,0.5289963869245,0.5329399087557,0.3991679859918,0.5092783772216,0.5432350602082,0.5781378658510,0.2259248007164,1.0000000000000,-0.3836099467538,-0.1731918239451,0.3859931381336,0.4936876157865,0.3123517174383,0.3917735235765,0.0796411619873,0.4303875590138,0.2048216690763,-0.2824157377324,-0.2590829306635,0.3195653988882,-0.4781211338013,0.1615111876866,-0.1373162544066,-0.0927991766893,-0.2053651666982,-0.1895317597161,-0.2715926028500,-0.3241838893345,0.4605750174883,0.0006206071039,-0.4686931900556,-0.2983709185746,0.0065421813443,0.0707760158200,0.4750864788758,0.2373595570939,0.4271773952434,0.1623712475912,0.2190621572086,0.5282870807806,0.1995457622597,-0.1087142629295,0.4633704893990,-0.0659205679308,-0.1936941790307,0.0344586042663,0.4405616137529
-0.3939534920451,-0.0564630912861,-0.2306031581611,-0.1864644928438,-0.2370178108068,0.2314504091623,-0.0188804627129,-0.2436319999666,0.1630266991052,-0.2203637896102,0.0055612172372,0.0713361367260,-0.0286485023646,0.2419616986586,-0.0615326171527,0.1581151215292,-0.2702263130427,-0.0900974490540,0.1122647083222,0.0589238408032,-0.2808819547495,-0.1537395460642,-0.2294930442807,-0.3336104005408,-0.2704883830881,-0.1634778332107,-0.0781333274756,-0.1913492709190,-0.2002174636076,-0.0025404506297,-0.3836099467538,1.0000000000000,0.1250924996590,-0.2577663069218,-0.2947837795774,-0.2835010963393,-0.1846164546853,-0.1009600205635,-0.2973091473004,-0.2056802313177,0.2875077107550,0.0163565588387,-0.1218202846184,0.2735314023145,-0.3143453766195,-0.0138711156898,0.2095372489970,0.1387206150913,0.2543001783696,0.1650442034854,0.2240540798469,-0.3199112937886,0.1511122837962,0.5226284440777,0.3099114154551,-0.1877139280499,-0.1535904845829,-0.2999770372677,-0.2467658244619,-0.3010093493329,-0.0581776255275,0.0120406959411,-0.3045874967499,-0.0863434623547,0.2133136272909,-0.2745667192821,0.3274120094871,0.1669620103502,0.0256630973522,-0.1448290526196
-0.2115298364802,-0.2667166019079,0.0687137153911,-0.2495669051143,-0.3184840131734,0.5519291628678,0.0457109565838,-0.0593659997544,0.4457803962187,-0.2759510481489,-0.1083246903828,0.2387281377603,-0.1702883132136,0.3420441698197,0.2297257139413,0.1256942153448,-0.2889730278519,-0.4110693177879,0.3333938023672,-0.2859187507466,-0.2880006259271,-0.2699037983085,-0.4439917745530,-0.3507982326397,-0.3350276389890,-0.1250835582135,0.0505297007884,-0.2546458803699,-0.3279405223675,-0.1293993271791,-0.1731918239451,0.1250924996590,1.0000000000000,-0.2191470233106,-0.2988736995685,-0.2987517138740,-0.3180931707386,0.0330475471816,-0.2674295543421,-0.3057128874936,0.3123436180968,0.0444979163890,-0.2861712237731,0.3219398908264,-0.2817863263635,-0.2190444148392,0.3072530895078,0.0352011684153,0.2733754674860,0.0768397764659,0.1952046675768,-0.4131840328345,-0.4003179284895,0.2826145820917,-0.2433716302780,-0.2467816828904,-0.3421383991083,-0.4654835849808,-0.4635499025124,-0.3414932856809,-0.1757379016518,-0.1912014401489,-0.3359013374191,-0.3556233471641,-0.1585727904617,-0.3550150346483,-0.0318778016259,0.5492521407522,-0.3660426095409,-0.2210073554666
0.5493717407402,0.4817290356165,0.0223335410908,0.3833108594584,0.2451470941244,-0.2652292624596,-0.0680348215406,0.3549060990207,-0.3740920523561,0.3472565523875,0.1933800563830,-0.0221647792904,0.1332606446979,0.0711210570438,0.1841101085754,-0.0148680311046,0.0325265583897,0.5230490547544,-0.0330657754143,0.3410669982996,0.2702991173562,0.0714127479787,0.4630192795730,0.2949098892239,0.3295623249394,0.4694022871956,0.2546765615343,0.4225787093930,0.1662980697173,0.4590509110399,0.3859931381336,-0.2577663069218,-0.2191470233106,1.0000000000000,0.6373850038260,0.4512878329607,0.4898171432802,-0.1296774970082,0.4348240505093,0.1987113282841,-0.3088204662891,-0.1380262585053,0.1183092883422,-0.4571979636566,0.4029670427975,0.0748740133193,-0.2320680884692,-0.0226304622223,-0.0211756825392,0.0141290570161,-0.1441771293093,0.1834494871313,0.2238879747447,-0.4294249796828,-0.0729164670694,0.2226544616261,0.1287132962486,0.4714094508613,0.2315015338090,0.3002073156012,0.3151949292880,0.2243040051980,0.3671867590694,0.0176039682452,0.2470402585691,0.2125126684253,0.0813373862232,-0.2460805861989,0.5348274162835,0.5254999925988
