1.0000000000000,0.2958808851277,0.3549183601927,0.4845647611524,0.3749784808431,0.0672679392490,0.2912554751955,0.4243992297729,0.1340163586349,0.3501661992974,0.2223411872708,0.2496185649121,0.3645878559946,-0.0163277478607,0.5557405707906,0.3473453855064,0.3917678372463,0.5728600068247,0.4393688496600,0.5573811051396,0.3710733563002,0.3403770178611,0.3878779223223,0.4733414123075,0.4311228905407,0.2133272532986,0.3172349635823,0.2857753479058,0.3273005440926,0.5728317051509,0.4649610895550,-0.0305990039274,0.2088797556254,0.3627549331471,0.4520246418791,0.5345374345951,0.0186455142419,-0.0401845609769,0.2410268141494,0.2785138639152,-0.0504351847387,0.0762755021151,0.0190097883876,-0.0962706277542,0.2081845313865,0.1000507915832,-0.1520319613933,0.4630379920504,-0.0616228842085,0.2935314057369,0.0408651152495,0.2611750852862,0.3295231341862,-0.0107076835973,0.4019599175366,0.2742290712343,0.1313354550658,0.1862169076308,0.3167661269285,0.2575152749172,0.0928120064885,-0.0966524617649,-0.0602632594918,0.2460884249853,0.5256223717900,0.1258051338151,-0.1082223226658,0.0547347107260,0.2938574889741,0.3640726951981
0.2958808851277,1.0000000000000,0.4556496207238,0.7140695709758,0.4474292564227,0.2140089104846,-0.1871394803676,0.3106250228019,0.0525079802512,0.3211446319187,0.2254646373426,0.3398719740701,0.3036130583287,0.3424521550091,0.2875881196142,0.1376485405317,0.4226602413008,0.5976101335471,0.3230305947228,0.5919038117075,0.5430692686219,0.6281960894695,0.4975778747952,0.5806912147594,0.4255248606901,0.6293562457133,0.6215328697206,0.3123306260416,0.5664066926048,0.5149946513668,0.6296630891090,0.1612270782549,0.1763712165872,0.4064133236424,0.6433335013165,0.3253359224733,0.6988458942309,0.0966816363520,0.6934029800790,0.4762905091625,0.0217928403512,-0.1753982765113,0.1208419884585,-0.1060146822354,0.3717709754422,0.0584164207267,0.1765888540721,0.2985880329749,0.3378800600694,-0.1689186773019,0.1446286322589,0.2806747245256,0.4984398436784,0.2230498206709,0.4104183355673,0.5280475298067,0.5047061504158,0.5624875221007,0.5109324065187,0.4035186315733,0.4855436725357,0.3981045824206,0.3391470322175,0.4421797754122,0.3579781053517,0.4045312320300,0.1633553257728,0.1207600922756,0.4547165158327,0.5454664796097
0.3549183601927,0.4556496207238,1.0000000000000,0.4209115255966,0.1239357404853,0.1729981465574,-0.3121518321168,0.5810872961335,-0.0811481604403,0.4456312266188,-0.0243280539168,0.2957404182168,0.1964606603314,0.2944058800189,0.3132799963875,-0.0605312154291,0.4921782767186,0.5688056259913,0.5571936408484,0.4340084108356,0.4011353427351,0.7702459770324,0.5438039772591,0.7545513333338,0.5163043515546,0.3385391759383,0.7159398367660,0.7358610715491,0.6322816017082,0.2330014798940,0.6305343018156,0.2267995889652,-0.0927671133284,0.1337713903523,0.2610105405003,0.0884617825375,0.2876810452045,0.3854894968393,0.4569243621391,0.3614593829517,0.0123514217858,-0.3168887365444,0.4127082900113,-0.1498375023524,0.2975228083395,-0.1957161005478,0.1127039445420,0.1093409557681,0.2401810098346,-0.0981868389493,0.0803917337171,0.4481266057666,0.4844569623904,0.2154055821100,0.3314214596581,0.3101689808464,0.5899846157386,0.4806805470131,0.5694335236647,0.4530171143008,0.3359403061377,0.4418871618418,0.5330130428058,0.4867828468059,0.1961507375418,0.3868911069466,0.4166289848149,0.2614787177022,0.1995793308036,0.0506808104241
0.4845647611524,0.7140695709758,0.4209115255966,1.0000000000000,0.6184637230523,0.2232041901484,0.0744788890520,0.5445816786872,0.1793103348655,0.5456384060115,0.2490048474571,0.1821329679683,0.4371024430148,0.1105018693293,0.3747878273251,0.3263905366224,0.4229018256533,0.5832153293151,0.4028865309010,0.5596461143186,0.4723403580451,0.5114104607014,0.6269556157628,0.5195556009710,0.6541941378982,0.5759252123771,0.5506791229363,0.3226268230050,0.6382998559441,0.5838012405165,0.6717455184825,0.0608963154166,0.2586858765689,0.4794701686372,0.6412941685745,0.4159401994037,0.4484773119195,-0.0385871869672,0.6794902399846,0.5304471064442,0.0818275886128,-0.0580377572533,0.2352478193110,0.0113512391071,0.5538459108786,0.2174967706281,-0.1164952488245,0.4226514377669,0.1204285624609,0.0983505652131,0.1600607979045,0.2581196386148,0.4068812579691,0.0470066174373,0.2756886109243,0.4150328918249,0.2889679172646,0.5613418701563,0.3715293511828,0.5599868061925,0.4205169169615,0.1814628143239,0.2588991146177,0.5339263475630,0.5079847309638,0.2656043252636,0.1004436625345,0.1592814571873,0.5050525496960,0.5516685532690
0.3749784808431,0.4474292564227,0.1239357404853,0.6184637230523,1.0000000000000,-0.0064560481490,0.2224277079816,0.4159205797855,0.1167977591407,0.4288682625573,0.3769067607747,-0.0752931632558,0.5295960928397,-0.1016827991303,0.2534843889292,0.3135897714361,0.1670589919525,0.4234500370396,0.1133112784862,0.3208413816346,0.4892350213687,0.1972846867245,0.3533202562517,0.2093413565762,0.5168727650169,0.3525479079767,0.2476578419353,0.1091121733447,0.4465638575231,0.4389618180909,0.4424557092708,-0.0314868049058,0.2494659496162,0.2960271176994,0.4541615694111,0.5437137866595,0.2217776478903,-0.0728863783567,0.2971134353474,0.6313062847255,-0.0296500723703,0.1790997366539,0.2086737796473,0.0249333383555,0.4402841510606,0.5038348561364,-0.2786167413751,0.5684720065362,-0.1123595196635,0.2379580058519,0.0455587203420,0.0953176643009,0.2127670792206,-0.1280790713687,0.1891569572908,0.5845429078535,0.1147538273254,0.2782925940902,0.1746147131557,0.4705433126749,0.0806644686159,-0.0289571240053,0.1151384643204,0.3671545776704,0.4026202737828,0.1075487740479,-0.0854595820623,0.0356536806229,0.4582791660749,0.4502482992617
0.0672679392490,0.2140089104846,0.1729981465574,0.2232041901484,-0.0064560481490,1.0000000000000,0.1339835607658,0.1594804583171,0.5473651985933,0.0377257132829,0.4079433424439,0.3711473564417,0.1724511234223,0.2865715676521,0.4717850713566,0.2543035425418,0.2154679294576,0.1323895256776,0.1599575882034,0.2516303157317,0.1438637570590,0.3369988928839,0.1746958778246,0.3085435825274,0.1206491038202,0.2509245889961,0.2948702667920,0.2068292323664,0.2869584072518,0.4053813216948,0.2638940942083,-0.0840047234986,0.3821457848069,0.2641521739283,0.3369566030481,-0.0161744044735,0.2012628672836,0.0294617286172,0.2090886808924,0.0641793176111,0.7547524330388,0.3018986296053,-0.0414378576362,0.5488738441597,0.0025676518612,0.2072549761601,0.2098997013408,0.0017115084217,0.2750852324905,0.1716337372403,0.4714105706637,0.1477203471498,0.1372612647491,0.0786288988660,0.0701279324529,0.0324835712607,0.2652345783456,0.1837681307923,0.2330318714354,0.0982364612020,0.2850048963256,0.2114513572834,0.1729244601639,0.2445901053669,0.1338812112208,0.1558832465574,0.1625552951146,0.3129460397112,0.0081673930320,0.2207898994300
0.2912554751955,-0.1871394803676,-0.3121518321168,0.0744788890520,0.2224277079816,0.1339835607658,1.0000000000000,-0.0477851234882,0.5810683414644,-0.0405818336084,0.4446810002639,0.0801805723074,0.3367741041252,-0.1898455891007,0.3392387603345,0.5937122910419,0.0828477829601,-0.0832440585086,-0.0821259980750,-0.0254816356523,-0.1418077248024,-0.2711846505215,-0.0098134544881,-0.1149006114222,0.1166829660617,-0.0748398444472,-0.1196865571898,-0.0553989123571,-0.1210228273357,0.3060185471290,-0.0401293226111,-0.3187681207943,0.3999224185066,0.1174409326951,0.1520190917046,0.2296778817758,-0.2367537278087,-0.2698236002986,-0.1634506082155,-0.0457433402062,0.2226545412489,0.6254488137739,-0.2379045380258,0.3670199430163,-0.0592967932482,0.3358110072555,-0.1870001973863,0.2744546598242,-0.1746329166643,0.4183857013405,0.2691826803732,0.0007065812557,-0.1706394300297,-0.3247062857848,-0.2644303506484,-0.1613916092240,-0.3614976872536,-0.2037734167638,-0.1635462847519,-0.0041582699269,-0.1999202835451,-0.3114938156056,-0.2592341443723,-0.0658377856598,0.2393075767018,-0.1931251165144,-0.2979975546919,-0.1628713590354,0.0714831329811,0.2307779231485
0.4243992297729,0.3106250228019,0.5810872961335,0.5445816786872,0.4159205797855,0.1594804583171,-0.0477851234882,1.0000000000000,0.0661915896960,0.6188517237051,0.2009657235364,0.1553064452263,0.2494197501234,0.1592224753888,0.5506676221158,0.2791351662981,0.2347638796122,0.4563490089388,0.5447562612276,0.4029897984930,0.3468802511360,0.4180412833719,0.4255749409303,0.3599309804035,0.6464848093488,0.4721359857452,0.4478154135496,0.4590475651592,0.5671052260611,0.3745238664879,0.5048286020666,0.2688779698914,0.1781963651536,0.1966491329794,0.3158910426121,0.0778197559761,0.0720159498385,0.1182940353675,0.3247369707484,0.4255021017387,0.1159357727574,-0.2229895377460,0.4052429815652,-0.0322834922077,0.4580591021339,0.1932693266993,-0.1601085383958,0.2152899895795,0.1057048680557,0.2521924823679,0.0947208060111,0.1405770973224,0.1032254228944,0.0672680323269,0.0930690202594,0.2394515230953,0.1659790184304,0.2997532644172,0.1430427219974,0.4866939921896,0.3358286443315,0.0251789883895,0.3255974042514,0.4542959736493,0.2328587127047,0.0364059150339,0.3122940320103,0.4701595757869,0.2587601957938,0.1495153489679
0.1340163586349,0.0525079802512,-0.0811481604403,0.1793103348655,0.1167977591407,0.5473651985933,0.5810683414644,0.0661915896960,1.0000000000000,-0.0695078132230,0.4731841718022,0.1897813822096,0.1383023362035,0.0108389099049,0.4928311446284,0.3805835498084,0.0993046134440,0.1042758890268,0.1579605484473,0.1572060830899,-0.0000531856867,-0.0038109049015,0.0498608961117,0.0943905936322,0.0466645439617,0.1001623780456,0.1456319731184,0.0136469671816,0.1114932351897,0.3660221321400,0.1705212057149,-0.2187213164706,0.5349866686784,0.2099662517987,0.2968321855592,0.1491257890029,-0.0083873337414,-0.0036680439314,-0.0399811031972,-0.0600180113419,0.4558911549091,0.4467852314968,-0.0542549693352,0.5081338142221,-0.0005177226261,0.2816054005798,-0.0791647105308,0.0376282138984,-0.0809998512805,0.2374709000935,0.2347900669679,-0.0244961460388,0.0079670763850,-0.1090374990478,-0.1559783622048,-0.0356262838048,-0.1428008521250,-0.0067360247894,-0.0132036445423,0.0132978718363,-0.0577833061831,0.0598000365769,-0.0064744992839,0.0410236676689,0.0248264757821,0.0035164988618,-0.1004544326974,-0.0184848131795,-0.0133748306027,0.2641521265980
0.3501661992974,0.3211446319187,0.4456312266188,0.5456384060115,0.4288682625573,0.0377257132829,-0.0405818336084,0.6188517237051,-0.0695078132230,1.0000000000000,0.0583857492996,0.0238820543278,0.2807290407559,0.2389448319041,0.3468243543624,0.2588438489079,0.1336478525402,0.2898301439752,0.2087352274817,0.2224142870210,0.3453777530567,0.2794442740359,0.4727503313160,0.1748696455282,0.7073767663508,0.4647432331734,0.2520637174256,0.4141775596997,0.3081010527550,0.2595151348633,0.2892538748224,0.3273283517172,-0.0237976632625,0.2193008459610,0.1946469060840,0.1500019626089,0.1681189769533,-0.0036890221622,0.4968046597201,0.5427701120355,-0.0913427622523,-0.1616981538482,0.2245630451818,-0.1412371588758,0.7884058194506,0.0538049377715,-0.1680186370312,0.3062914747256,0.2549881655890,0.1537269853968,0.1095553596726,0.1000972088632,0.0701204395177,-0.1377264124207,0.1687084994272,0.2678902735333,0.1981208738564,0.3875056490879,0.1054900473515,0.5951842842833,0.3818662533832,-0.1275890885889,0.2675035233565,0.1998235399493,0.3861619442552,0.0494805977645,0.3566281319096,0.2048349233552,0.4276446471605,0.1317532118435
0.2223411872708,0.2254646373426,-0.0243280539168,0.2490048474571,0.3769067607747,0.4079433424439,0.4446810002639,0.2009657235364,0.4731841718022,0.0583857492996,1.0000000000000,0.3345901837627,0.6832009448945,0.2395042561831,0.6170582477244,0.4017714582039,0.0843191140532,0.0375278727988,0.0626889992037,0.2397078584030,0.5168407441132,0.1130558125750,0.0995706193168,0.1130894073893,0.0703071966402,0.2424822229813,0.1143397917448,0.0977528558957,0.2268661754463,0.5535158526366,0.1582145364801,-0.0413945668327,0.3684965114540,0.3868941424866,0.4313738887734,0.1722083644261,0.1857506681595,0.0807718250580,0.1719036879586,0.3503258167869,0.4039819277299,0.5566300303879,-0.0636586189550,0.5174373328043,-0.0207859841877,0.6447102049578,0.1704837597285,0.5709913312996,0.2007121081858,0.3618413427542,0.5231319708414,0.0112285726057,-0.0130833415546,0.0543399626615,0.0484521399817,0.3646491404206,0.1218501476377,0.0888382998713,0.1377665947393,0.0974668778324,0.2104908881315,0.1158441024115,0.1558286486857,0.1769703029159,0.3110506505917,0.0923340325842,0.0490181820367,0.1512690818421,0.1550093881358,0.4571981318483
0.2496185649121,0.3398719740701,0.2957404182168,0.1821329679683,-0.0752931632558,0.3711473564417,0.0801805723074,0.1553064452263,0.1897813822096,0.0238820543278,0.3345901837627,1.0000000000000,0.2802881966008,0.6386429509578,0.5077746471198,0.3234635295626,0.2299050467359,0.2557858885609,0.4919582395106,0.4985093165086,0.3303074959128,0.3589849908879,0.1175167895616,0.3701720384904,0.0303883764732,0.3027960547768,0.4131902969099,0.1917052820337,0.2853127629879,0.5237004052391,0.2802956585982,0.1802052312710,0.0885451130857,0.2291770386732,0.3910984174648,-0.0705938867440,0.3169450447476,0.1561166461256,0.3577293314829,0.2100710122004,0.3255694030778,0.0033686561037,-0.0354069467736,0.2331629754152,-0.0691365759242,-0.1281228573419,0.7171162497288,0.1552218747356,0.5871790960695,0.0340588359483,0.4897866101082,0.1596247340438,0.1415473368024,0.4791186996456,0.1945566049268,0.1663184107372,0.3344746326113,0.1186847030327,0.3044453446814,0.0239613512010,0.3926450582571,0.3348276606360,0.2020761432978,0.2163175088470,0.2967708156153,0.2479500294905,0.2466649009356,0.2289504788468,0.1643165583213,0.2950617346837
0.3645878559946,0.3036130583287,0.1964606603314,0.4371024430148,0.5295960928397,0.1724511234223,0.3367741041252,0.2494197501234,0.1383023362035,0.2807290407559,0.6832009448945,0.2802881966008,1.0000000000000,0.1091697999761,0.4548887990264,0.4941027431004,0.1433481823560,0.2633766301598,0.1916303509321,0.3557306823165,0.6297733076566,0.2373030477822,0.3075903957473,0.3002583978244,0.3094695439766,0.2474620521988,0.2403711057130,0.1842176809501,0.4393386602660,0.5950881357811,0.3675212583956,-0.1128432118638,0.0915318789092,0.4239313167976,0.4626658646516,0.3111025341970,0.2438253971810,0.0249540764790,0.3427029341350,0.5909663368159,0.2080522555573,0.4056407564124,0.1154345902803,0.3371553998257,0.1571124191697,0.4974297800993,0.0284780933191,0.7739751413352,0.0771612389696,0.2956154680201,0.5388136987311,0.0989118401266,0.2576706120057,-0.0039423058777,0.1718740544476,0.4587102093705,0.2766313389969,0.2448315521124,0.3362399945227,0.2942273035846,0.1720444310960,0.1027805963276,0.1347000984397,0.3862790957350,0.6032500615990,0.2119204177078,-0.0117282973902,0.0821696553907,0.4495328749221,0.5043492302691
-0.0163277478607,0.3424521550091,0.2944058800189,0.1105018693293,-0.1016827991303,0.2865715676521,-0.1898455891007,0.1592224753888,0.0108389099049,0.2389448319041,0.2395042561831,0.6386429509578,0.1091697999761,1.0000000000000,0.3799876869697,0.1145341164671,0.1312512667752,0.0602192187930,0.1549136817476,0.2475559902547,0.3131151124526,0.3405427213557,0.0616939978550,0.1727355457586,0.0937789661529,0.4662635330901,0.2597823040673,0.1961094951192,0.0826228705067,0.2787660531873,0.0642227327657,0.4722476976115,0.0066072825856,0.1782399510080,0.1707463772279,-0.2801413205492,0.3111599711812,0.1476993800937,0.3866057698043,0.2245583856657,0.1988380716470,-0.1065136906875,-0.0426633032560,0.0950022712916,0.2018057696230,-0.1524819303341,0.7021844207317,0.0507124577852,0.8798829049557,-0.0651215398990,0.3952815078531,0.0509426125040,-0.0488717221436,0.4398656506016,0.0673289949821,0.1848185201552,0.3741411325858,0.1799572682472,0.1618327396944,0.0982139006003,0.5271280088942,0.2680474518065,0.2555197992788,0.0159229290652,0.0832869184014,0.1163353635797,0.4999599861793,0.3442644057425,0.0750503336492,0.1055775084286
0.5557405707906,0.2875881196142,0.3132799963875,0.3747878273251,0.2534843889292,0.4717850713566,0.3392387603345,0.5506676221158,0.4928311446284,0.3468243543624,0.6170582477244,0.5077746471198,0.4548887990264,0.3799876869697,1.0000000000000,0.5139819372666,0.2304305059425,0.3702632561825,0.4723199595073,0.4874073198959,0.3837823995565,0.3284877572416,0.2546174370154,0.3242254597534,0.3334599388654,0.4411040895769,0.3482044013094,0.3308594435380,0.3024241906166,0.7077630913752,0.3664178486022,0.1063955993436,0.4657718882281,0.3636046999363,0.4711797849033,0.1384239640242,0.1550976759058,0.0098710357188,0.2148605655878,0.3122737525995,0.3996101828462,0.2079363092137,-0.0498592386948,0.2691750168809,0.1511523893891,0.3181757450099,0.0949982949789,0.3516538941012,0.2762669469713,0.4379372993609,0.3993333337288,0.0862779443487,0.0808834340962,0.0702430932478,0.1522037787355,0.2287617147430,0.1466084106502,0.1382993526253,0.1629796679888,0.2080925068202,0.3398099216013,-0.0159885995633,0.1243165174473,0.2016725466185,0.3723961183702,0.0379053294654,0.2107404647767,0.3826839367132,0.1978566849320,0.3307730834644
0.3473453855064,0.1376485405317,-0.0605312154291,0.3263905366224,0.3135897714361,0.2543035425418,0.5937122910419,0.2791351662981,0.3805835498084,0.2588438489079,0.4017714582039,0.3234635295626,0.4941027431004,0.1145341164671,0.5139819372666,1.0000000000000,0.1791122581129,0.1753880777353,0.2138158867279,0.3227773096599,0.1908138205805,0.0466859543448,0.1540270817648,0.1301359829795,0.3214704874076,0.3495597816870,0.1366097112875,0.0941606591332,0.2229068713813,0.5738629574661,0.1658225881843,-0.1361042935361,0.3703116391881,0.3095763543904,0.4513316115622,0.2283407237428,0.1200355800377,-0.2328296331731,0.1330509537662,0.2065349024288,0.3391977425027,0.3504530859567,-0.0508866113260,0.3083765460852,0.2214072558177,0.3633837769635,-0.0897802259973,0.3261156131714,0.1166563427296,0.3700185998413,0.5484269478019,0.0749801647266,-0.0287406215198,-0.1472890221223,-0.0979036092306,0.0810912160124,-0.0019162446332,0.0243561367147,0.0907576609039,0.2107897228228,0.1863871962455,-0.1419899238324,-0.0329520919672,0.2201299316320,0.4662712334263,-0.0321624576087,-0.0508168182336,0.1945881105664,0.2534868485090,0.4138560363427
0.3917678372463,0.4226602413008,0.4921782767186,0.4229018256533,0.1670589919525,0.2154679294576,0.0828477829601,0.2347638796122,0.0993046134440,0.1336478525402,0.0843191140532,0.2299050467359,0.1433481823560,0.1312512667752,0.2304305059425,0.1791122581129,1.0000000000000,0.3488132773351,0.2957064771108,0.3422527266854,0.2684304724890,0.7340262454145,0.4123474423835,0.7540225470949,0.4334414447862,0.3900216073258,0.4929570194155,0.4881865207487,0.5187249570348,0.3354346150243,0.5063768965202,0.0057425998674,0.3022665613888,0.1500113236823,0.4738952061893,0.2420359103811,0.3398703733983,-0.0145135482483,0.2869577638455,0.1465771626919,0.0784861358071,-0.0650672614389,0.1760388769121,-0.0785223285560,0.1774788949299,-0.0490951559198,0.0235195346914,0.1684894057092,0.1620643701298,-0.0482899235706,0.0555430320145,0.8271389242167,0.3868968212214,0.0933130989695,0.1644715498029,0.2897055857798,0.5470592091113,0.4385064393149,0.6684263074019,0.4183266769669,0.3376987436744,0.3832510531542,0.2701967206218,0.5561377382874,0.1833296024236,0.4688279714013,0.1596015200429,0.0755095725005,0.0538498530166,0.3234009349511
0.5728600068247,0.5976101335471,0.5688056259913,0.5832153293151,0.4234500370396,0.1323895256776,-0.0832440585086,0.4563490089388,0.1042758890268,0.2898301439752,0.0375278727988,0.2557858885609,0.2633766301598,0.0602192187930,0.3702632561825,0.1753880777353,0.3488132773351,1.0000000000000,0.6055686129196,0.7769150829521,0.3635526887437,0.6025649381228,0.3619073469909,0.6825852431145,0.3178401342954,0.3565439783992,0.7063695935266,0.2645111505762,0.5493351322218,0.5540602642276,0.7530126612976,-0.0112964012712,0.1513823118543,0.3384384154130,0.5545200066772,0.4696111674925,0.2775276588439,0.1113859647089,0.4008944423074,0.3308439883499,0.0223683495693,-0.2266400451364,0.1689481612976,-0.1398828616654,0.2295722077727,-0.0087162495567,-0.0953400854549,0.2274516046496,-0.0144877060614,-0.0463431476468,0.0015485098945,0.1695402673889,0.6171999361783,0.1908378204221,0.5355259259701,0.3849581391272,0.3325324024333,0.2620776991509,0.4087401345143,0.1785608847568,0.1435656590810,0.1983188345913,0.0804055747326,0.3659834656287,0.3786361135289,0.1748335007499,0.0329701434992,0.1451049583177,0.4720359724665,0.3890313539023
0.4393688496600,0.3230305947228,0.5571936408484,0.4028865309010,0.1133112784862,0.1599575882034,-0.0821259980750,0.5447562612276,0.1579605484473,0.2087352274817,0.0626889992037,0.4919582395106,0.1916303509321,0.1549136817476,0.4723199595073,0.2138158867279,0.2957064771108,0.6055686129196,1.0000000000000,0.6302558452386,0.2752808923175,0.4486807950763,0.2445560639129,0.5229176848233,0.2512255799704,0.3543503474548,0.5916185956055,0.3377282247883,0.5547384592642,0.4235945367488,0.4907315314782,0.0774679711519,0.0608484495384,0.1802418774167,0.4159482208687,0.0934320027538,0.1441880949556,0.2213467849155,0.2692173765574,0.1607045781944,0.1665200724946,-0.2567283241966,0.2903252075007,0.0169187834778,0.1206710407757,-0.0644211453685,0.1187923721676,0.0817317037735,0.0853820653136,0.0861595086325,0.1257118358702,0.2028987044014,0.3338514039400,0.3853343450046,0.1980673267229,0.1175017979756,0.2527695156019,0.1766436155791,0.3066671906634,0.1469070956109,0.2573145918525,0.3072910376511,0.2471850174601,0.4154209346576,0.2488916790675,0.2084447027641,0.2861888791527,0.3597449620644,0.1996257890911,0.2230802646164
0.5573811051396,0.5919038117075,0.4340084108356,0.5596461143186,0.3208413816346,0.2516303157317,-0.0254816356523,0.4029897984930,0.1572060830899,0.2224142870210,0.2397078584030,0.4985093165086,0.3557306823165,0.2475559902547,0.4874073198959,0.3227773096599,0.3422527266854,0.7769150829521,0.6302558452386,1.0000000000000,0.5259277222398,0.5716858782254,0.3398577931030,0.6084476358308,0.2759929534023,0.4542470702787,0.6984035341370,0.1970259727635,0.5573162326217,0.7054998021406,0.6499832755483,-0.0258192101229,0.2001744752328,0.5864973073647,0.7440141457019,0.2738228111591,0.3096862817714,0.0810200752352,0.5246838388022,0.2582047648371,0.2061208020580,-0.1663710311316,0.1180747332091,0.0465567258265,0.1855483280823,0.0218942609761,0.1270916279277,0.3611701509055,0.2028153467413,-0.0574964799197,0.2293520024280,0.1980215518207,0.4557181365200,0.3757285229979,0.5100298781515,0.3807691146142,0.3582631443246,0.3047923689834,0.4162384124548,0.1542890711214,0.3428523297540,0.2916780779789,0.0854513794120,0.4083199365471,0.4549622770682,0.2888455470151,0.0098671174193,0.2448860291318,0.3651106409298,0.6042804245331
0.3710733563002,0.5430692686219,0.4011353427351,0.4723403580451,0.4892350213687,0.1438637570590,-0.1418077248024,0.3468802511360,-0.0000531856867,0.3453777530567,0.5168407441132,0.3303074959128,0.6297733076566,0.3131151124526,0.3837823995565,0.1908138205805,0.2684304724890,0.3635526887437,0.2752808923175,0.5259277222398,1.0000000000000,0.4913716970062,0.3363539016238,0.4527636878941,0.2841992029705,0.4425077344286,0.3784492440560,0.3132079720955,0.5185749456064,0.4696973894805,0.3945019560642,0.1833183683276,0.0166408487911,0.4967063339563,0.5701840748416,0.3208415074432,0.3729543596498,0.3130404014027,0.5531203013829,0.5698433097571,0.0199162227538,0.0226292814525,0.3046259882976,0.0690756745592,0.3017320476180,0.2808723317255,0.1730171485097,0.6223268071744,0.3005911166776,0.0442637090214,0.2870450827279,0.2742039313370,0.3774711909355,0.2810874415415,0.4976096442223,0.7718155139089,0.5373440300541,0.4042099162675,0.5215457488152,0.3547017802299,0.4661437743884,0.4214776149307,0.3835759840556,0.4068875188201,0.3958073032707,0.4116022198196,0.2149072487667,0.2184948167367,0.2791604504267,0.5077541754627
0.3403770178611,0.6281960894695,0.7702459770324,0.5114104607014,0.1972846867245,0.3369988928839,-0.2711846505215,0.4180412833719,-0.0038109049015,0.2794442740359,0.1130558125750,0.3589849908879,0.2373030477822,0.3405427213557,0.3284877572416,0.0466859543448,0.7340262454145,0.6025649381228,0.4486807950763,0.5716858782254,0.4913716970062,1.0000000000000,0.5673885507628,0.9159872173653,0.4594818940358,0.4511561953659,0.7419677316728,0.5155080993575,0.7452827760713,0.4629560809340,0.7583534655957,0.1301576719323,0.1158914984090,0.3094704721443,0.5374134473799,0.1940803805839,0.4884261847195,0.1935760697841,0.5523329963306,0.3325712522483,0.1982104487770,-0.2631542875373,0.3476751925508,-0.0258836678978,0.2978162494664,-0.1328921978601,0.1564609891994,0.1824224527154,0.3310885471464,-0.1525782368363,0.1947970809494,0.6322677273471,0.5932790121619,0.2580209971118,0.3995859658463,0.4046635169247,0.7805939289596,0.6341693325352,0.7709706822606,0.4865986104546,0.4512762452996,0.5209210984782,0.4168050380239,0.6710318329523,0.2928712713403,0.5700613417219,0.3377899178593,0.2713274090211,0.2724502841315,0.3383180735903
0.3878779223223,0.4975778747952,0.5438039772591,0.6269556157628,0.3533202562517,0.1746958778246,-0.0098134544881,0.4255749409303,0.0498608961117,0.4727503313160,0.0995706193168,0.1175167895616,0.3075903957473,0.0616939978550,0.2546174370154,0.1540270817648,0.4123474423835,0.3619073469909,0.2445560639129,0.3398577931030,0.3363539016238,0.5673885507628,1.0000000000000,0.5604268399591,0.6316941855346,0.3220683221202,0.3984999058789,0.4355766174890,0.6111491535050,0.3805856884183,0.6714481460746,-0.0126304284599,0.0773939421735,0.3421117614246,0.3822690720509,0.2958631111218,0.3778139199417,0.0469937832513,0.5799314990389,0.3794551245788,0.0786033396607,-0.1076458599784,0.3034940361994,-0.0100696830379,0.4865154601374,0.0374920096259,-0.0938621439250,0.2681677401255,0.0656698758599,0.0260585119114,0.1150928578385,0.3096146067181,0.4867370878874,-0.0567340056929,0.2565520238360,0.2275136492110,0.3664404764568,0.8005354974084,0.4735935718359,0.5833386555137,0.2822032435600,0.1438766790620,0.2776747172086,0.5283165817223,0.4661095603762,0.4863893896002,0.1330438155298,0.1115801534777,0.3775637511874,0.3515125335377
0.4733414123075,0.5806912147594,0.7545513333338,0.5195556009710,0.2093413565762,0.3085435825274,-0.1149006114222,0.3599309804035,0.0943905936322,0.1748696455282,0.1130894073893,0.3701720384904,0.3002583978244,0.1727355457586,0.3242254597534,0.1301359829795,0.7540225470949,0.6825852431145,0.5229176848233,0.6084476358308,0.4527636878941,0.9159872173653,0.5604268399591,1.0000000000000,0.4114735037607,0.3433040803905,0.7548793054411,0.5429886023555,0.7629182582313,0.5047521487877,0.7851030924205,-0.0191735155116,0.1083724891611,0.3298770086572,0.5720400310647,0.3435226133243,0.4259995184016,0.2222845738599,0.4612715325327,0.3042481562819,0.1698360445038,-0.1632881646993,0.3355762223628,-0.0050934934252,0.1816419503255,-0.1055001182224,0.0830203414918,0.2228849056863,0.1289181221641,-0.1323046006813,0.1696345160577,0.6604755696054,0.6894659304632,0.2119740817102,0.4037566773633,0.3744739403836,0.6887916512025,0.5305967423911,0.8204083566299,0.4077486810465,0.3055111820940,0.5252306946339,0.3601820545586,0.6775060299401,0.3499437971825,0.5653735682342,0.1742861883226,0.1605267480691,0.2816293455111,0.3930290182982
0.4311228905407,0.4255248606901,0.5163043515546,0.6541941378982,0.5168727650169,0.1206491038202,0.1166829660617,0.6464848093488,0.0466645439617,0.7073767663508,0.0703071966402,0.0303883764732,0.3094695439766,0.0937789661529,0.3334599388654,0.3214704874076,0.4334414447862,0.3178401342954,0.2512255799704,0.2759929534023,0.2841992029705,0.4594818940358,0.6316941855346,0.4114735037607,1.0000000000000,0.4797945111872,0.4516008692168,0.4525106696902,0.6056706082622,0.3456788258353,0.5146599463642,0.1458120638663,0.1603987973824,0.1873628034641,0.3638282714143,0.2457953582969,0.2762896413590,-0.0377922890514,0.4805608941031,0.5165021124170,0.0553265997572,-0.1040985451358,0.3765343235538,-0.0577558961499,0.6741913965245,0.1141691599880,-0.2386480138510,0.3163488028903,0.1216506201010,0.1826332026490,0.1499505179174,0.3645221206126,0.1921636793852,-0.1928154508425,0.0263110321316,0.2482452141585,0.2846799526709,0.5528418449107,0.3266164421262,0.8304883365754,0.3110909749683,0.0413924944148,0.2728088288013,0.5607923498022,0.4212031659821,0.2994041065590,0.1840270796326,0.1876540342363,0.3806411735812,0.2521702990432
0.2133272532986,0.6293562457133,0.3385391759383,0.5759252123771,0.3525479079767,0.2509245889961,-0.0748398444472,0.4721359857452,0.1001623780456,0.4647432331734,0.2424822229813,0.3027960547768,0.2474620521988,0.4662635330901,0.4411040895769,0.3495597816870,0.3900216073258,0.3565439783992,0.3543503474548,0.4542470702787,0.4425077344286,0.4511561953659,0.3220683221202,0.3433040803905,0.4797945111872,1.0000000000000,0.4801058098678,0.3970332857870,0.4093620191086,0.4325837477175,0.3205932709215,0.2957083567288,0.3222673716607,0.2900700039144,0.5764520638394,0.0602834557575,0.5202375265200,-0.0201758606024,0.5163316891874,0.3844102551100,0.1782494281540,-0.1509123680621,0.0911199769789,-0.0361819622985,0.4612934095118,0.2054190497617,0.0841985341255,0.2448155822834,0.4766772824814,0.0333974667490,0.1874915705814,0.2468118736796,0.1057056427710,0.1342300704551,0.1360877780008,0.4349057648616,0.3436315519726,0.4025198495022,0.2646719469991,0.4136464654168,0.7406270094400,0.2296755961726,0.3910216077819,0.3548765306885,0.2000795036519,0.1895433913781,0.4706044277134,0.3794054052934,0.2710651636587,0.4345656540267
0.3172349635823,0.6215328697206,0.7159398367660,0.5506791229363,0.2476578419353,0.2948702667920,-0.1196865571898,0.4478154135496,0.1456319731184,0.2520637174256,0.1143397917448,0.4131902969099,0.2403711057130,0.2597823040673,0.3482044013094,0.1366097112875,0.4929570194155,0.7063695935266,0.5916185956055,0.6984035341370,0.3784492440560,0.7419677316728,0.3984999058789,0.7548793054411,0.4516008692168,0.4801058098678,1.0000000000000,0.5231918524087,0.6852053744739,0.4649479496511,0.6790804009967,0.1208821911073,0.1027731264316,0.2811225654705,0.5420556696908,0.1807710253000,0.4438599638290,0.2533841827270,0.4863188417826,0.3384030415373,0.2360284634618,-0.2247703481624,0.2979788062565,0.0110217110762,0.2277861204323,-0.0922897577820,0.1371592524596,0.1628975562576,0.2383345692065,-0.1262099357948,0.2053535911654,0.4235394264501,0.4944423214377,0.2688532910545,0.3278447399525,0.3366791408733,0.5262363710292,0.3912465736690,0.5414425743236,0.4080815184901,0.3637503157251,0.5619520911936,0.4260394835445,0.5493708155896,0.2643300465516,0.4129905146093,0.2743141333004,0.2657840835262,0.3301005717709,0.3461284255241
0.2857753479058,0.3123306260416,0.7358610715491,0.3226268230050,0.1091121733447,0.2068292323664,-0.0553989123571,0.4590475651592,0.0136469671816,0.4141775596997,0.0977528558957,0.1917052820337,0.1842176809501,0.1961094951192,0.3308594435380,0.0941606591332,0.4881865207487,0.2645111505762,0.3377282247883,0.1970259727635,0.3132079720955,0.5155080993575,0.4355766174890,0.5429886023555,0.4525106696902,0.3970332857870,0.5231918524087,1.0000000000000,0.4087765082388,0.1258352747234,0.2911931956351,0.1287270181395,0.0470687817268,0.1062624151803,0.2065306244777,0.1063537415668,0.2218614112031,0.3081516931989,0.3151991815649,0.2607117247332,0.0763954201252,-0.0699733790940,0.2006219242052,-0.0464309997101,0.2255173077690,0.0325651800850,0.0218815295768,0.1052964951206,0.2200283244593,0.1166414602023,0.1404783526682,0.5317926123414,0.2386220163312,-0.0096190175811,0.2422879443387,0.2651626058368,0.4543055634775,0.3236973830731,0.4635975983283,0.4169062690444,0.4150020354987,0.3519312989261,0.6983208104586,0.3578493799019,0.1506013948311,0.2222051733883,0.4257102852594,0.1990090557925,0.0552527838168,0.0721667168931
0.3273005440926,0.5664066926048,0.6322816017082,0.6382998559441,0.4465638575231,0.2869584072518,-0.1210228273357,0.5671052260611,0.1114932351897,0.3081010527550,0.2268661754463,0.2853127629879,0.4393386602660,0.0826228705067,0.3024241906166,0.2229068713813,0.5187249570348,0.5493351322218,0.5547384592642,0.5573162326217,0.5185749456064,0.7452827760713,0.6111491535050,0.7629182582313,0.6056706082622,0.4093620191086,0.6852053744739,0.4087765082388,1.0000000000000,0.4852453290855,0.7619660758965,-0.0431727613990,0.1471924462741,0.3130457321417,0.5884486331307,0.3043225457425,0.4585287689100,0.2757257534977,0.5304579085136,0.4837286329150,0.2750167593138,-0.1722457973787,0.5762475107944,0.1299658507155,0.3502077457681,0.1209660985969,-0.0164927294894,0.3005164272659,0.0527912943775,-0.0235141419606,0.2642215657287,0.5005467767151,0.5261100264565,0.1456499079698,0.2171812826232,0.4008494649926,0.5954543578774,0.6247053245426,0.6746674227281,0.6191026281896,0.3188150791003,0.4741558245448,0.4252428008660,0.9000453193727,0.3824239591081,0.6089786047071,0.1797504436664,0.2804972019005,0.3480973985525,0.4509819828304
0.5728317051509,0.5149946513668,0.2330014798940,0.5838012405165,0.4389618180909,0.4053813216948,0.3060185471290,0.3745238664879,0.3660221321400,0.2595151348633,0.5535158526366,0.5237004052391,0.5950881357811,0.2787660531873,0.7077630913752,0.5738629574661,0.3354346150243,0.5540602642276,0.4235945367488,0.7054998021406,0.4696973894805,0.4629560809340,0.3805856884183,0.5047521487877,0.3456788258353,0.4325837477175,0.4649479496511,0.1258352747234,0.4852453290855,1.0000000000000,0.6204967136217,-0.0604696129869,0.3478511733152,0.6396144791675,0.7349718464542,0.3510828012383,0.3656973079845,-0.1165532678486,0.4200164477540,0.3913176324670,0.3594717646983,0.1684607368468,-0.0208563549524,0.2580875675214,0.2239976852145,0.2844670692384,0.0687527623660,0.5087214578853,0.1917333289893,0.1893918134975,0.4549989487555,0.1389218601991,0.3344738070449,0.0734738031168,0.2407544777229,0.3111877926752,0.2807148646721,0.2996137500316,0.3764997010522,0.2323654245270,0.2771462478396,0.1038645430866,0.0167687726628,0.3798296686236,0.6818812802553,0.2044229373056,-0.0576771611142,0.1800053837458,0.5138816886892,0.6631256310405
0.4649610895550,0.6296630891090,0.6305343018156,0.6717455184825,0.4424557092708,0.2638940942083,-0.0401293226111,0.5048286020666,0.1705212057149,0.2892538748224,0.1582145364801,0.2802956585982,0.3675212583956,0.0642227327657,0.3664178486022,0.1658225881843,0.5063768965202,0.7530126612976,0.4907315314782,0.6499832755483,0.3945019560642,0.7583534655957,0.6714481460746,0.7851030924205,0.5146599463642,0.3205932709215,0.6790804009967,0.2911931956351,0.7619660758965,0.6204967136217,1.0000000000000,-0.0411089008266,0.1741459449210,0.3972068691136,0.5839043153391,0.3605529989330,0.4274028603012,0.0652805981814,0.5021907486566,0.4317851170892,0.1192715163131,-0.1740541396747,0.3198181216238,-0.0078246965299,0.3062610402559,-0.0067243299634,-0.0474245356766,0.3007721840470,0.0030370225882,-0.0822387998075,0.0944316442971,0.2846554780137,0.6569585599352,0.1278131100253,0.3498490764067,0.3536061327925,0.4314699164605,0.5983970169538,0.5463481969008,0.4159336596366,0.1842852215533,0.2940501711072,0.1984048398286,0.6181344606567,0.4286597767214,0.4510847918664,0.0007715002237,0.0923832382212,0.4783071294804,0.4495639109790
-0.0305990039274,0.1612270782549,0.2267995889652,0.0608963154166,-0.0314868049058,-0.0840047234986,-0.3187681207943,0.2688779698914,-0.2187213164706,0.3273283517172,-0.0413945668327,0.1802052312710,-0.1128432118638,0.4722476976115,0.1063955993436,-0.1361042935361,0.0057425998674,-0.0112964012712,0.0774679711519,-0.0258192101229,0.1833183683276,0.1301576719323,-0.0126304284599,-0.0191735155116,0.1458120638663,0.2957083567288,0.1208821911073,0.1287270181395,-0.0431727613990,-0.0604696129869,-0.0411089008266,1.0000000000000,-0.1867851764780,-0.0643744306305,-0.1305972413313,-0.1607365858189,0.0929633731569,0.1236304579081,0.2241433192670,0.2229807941756,-0.2252783455676,-0.2771179373692,0.0316151847285,-0.2135458483576,0.2678615941617,-0.1347699357064,0.2872716463996,0.0265604755854,0.4759131546835,-0.0920412424757,-0.0463866583069,-0.0369014753686,-0.1495538352566,0.2007627083401,-0.0087769342930,0.1664904206855,0.1174962908836,0.0382497216855,-0.0477723776419,0.0852112763968,0.3748180725563,0.0899206984895,0.1931476801338,-0.1257901176934,-0.0711495602813,-0.0942884619814,0.5040804434925,0.2546998463503,0.1080393661027,-0.1921592639685
0.2088797556254,0.1763712165872,-0.0927671133284,0.2586858765689,0.2494659496162,0.3821457848069,0.3999224185066,0.1781963651536,0.5349866686784,-0.0237976632625,0.3684965114540,0.0885451130857,0.0915318789092,0.0066072825856,0.4657718882281,0.3703116391881,0.3022665613888,0.1513823118543,0.0608484495384,0.2001744752328,0.0166408487911,0.1158914984090,0.0773939421735,0.1083724891611,0.1603987973824,0.3222673716607,0.1027731264316,0.0470687817268,0.1471924462741,0.3478511733152,0.1741459449210,-0.1867851764780,1.0000000000000,0.1500934413036,0.3690547735512,0.1726433580424,0.0745584076413,-0.1903025292224,-0.0215640274807,-0.0139433626124,0.4014373124335,0.2842514139774,-0.1894634254226,0.2380733588169,-0.0152662038561,0.3933956695994,-0.1374863829762,0.1119544150586,-0.0055995156978,0.2635521305605,0.0992759787496,0.1329221613949,-0.0625598458241,-0.1270339829666,-0.0668091178073,0.1324652781421,-0.0401822454933,0.0504873312657,0.0408930442812,0.0711419026133,0.1194349488131,-0.0769260836393,-0.0488960142375,0.1788807853955,-0.0175384872937,-0.0342048400201,-0.0134710315765,0.1482101169885,-0.0424371152806,0.2642184610273
0.3627549331471,0.4064133236424,0.1337713903523,0.4794701686372,0.2960271176994,0.2641521739283,0.1174409326951,0.1966491329794,0.2099662517987,0.2193008459610,0.3868941424866,0.2291770386732,0.4239313167976,0.1782399510080,0.3636046999363,0.3095763543904,0.1500113236823,0.3384384154130,0.1802418774167,0.5864973073647,0.4967063339563,0.3094704721443,0.3421117614246,0.3298770086572,0.1873628034641,0.2900700039144,0.2811225654705,0.1062624151803,0.3130457321417,0.6396144791675,0.3972068691136,-0.0643744306305,0.1500934413036,1.0000000000000,0.6421839313659,0.2315638432157,0.1659641121349,-0.0290500767677,0.5106430675583,0.1526245560975,0.1969947676647,0.0933249766109,0.0055309451918,0.2586404401358,0.2639313525488,0.2003661403780,0.0602450798642,0.4279078121323,0.1571066062835,0.0616840312981,0.3037378418309,0.0608226390752,0.2482266474716,0.1580028691025,0.3343876955508,0.2327319775198,0.2005609796392,0.2848232239749,0.2633913408139,0.1323860004996,0.3108078155633,0.1306994510036,0.0218522536655,0.2529334751089,0.5653962234805,0.1876024840220,-0.0879321590047,0.0375798628720,0.3896943116419,0.6837101000001
0.4520246418791,0.6433335013165,0.2610105405003,0.6412941685745,0.4541615694111,0.3369566030481,0.1520190917046,0.3158910426121,0.2968321855592,0.1946469060840,0.4313738887734,0.3910984174648,0.4626658646516,0.1707463772279,0.4711797849033,0.4513316115622,0.4738952061893,0.5545200066772,0.4159482208687,0.7440141457019,0.5701840748416,0.5374134473799,0.3822690720509,0.5720400310647,0.3638282714143,0.5764520638394,0.5420556696908,0.2065306244777,0.5884486331307,0.7349718464542,0.5839043153391,-0.1305972413313,0.3690547735512,0.6421839313659,1.0000000000000,0.3575687905420,0.5066941365660,-0.0399201729685,0.5197801730298,0.3026445223277,0.2779726637011,0.0988482773538,0.1094134512979,0.1805422570301,0.2599036471863,0.2923982832099,0.0571249104715,0.4185357029690,0.1684152459272,0.0307833297530,0.3295911578534,0.3326160703345,0.3856166866963,0.2292468711649,0.3573853430071,0.4705732332540,0.4286080738957,0.4461671554252,0.4966363313230,0.3365386527441,0.4254405519416,0.3399018642476,0.1714280414727,0.5255898127959,0.4912413103492,0.4285384943961,0.0181220344653,0.1573208727990,0.3470084795740,0.8387841209782
