1.0000000000000,0.1674774887442,0.0746433632885,0.0212436037771,0.1987103480894,-0.1506185225559,0.0461592805471,0.1580707553162,-0.1041397196063,0.0174666434683,0.1066064483581,0.1451293502353,0.2178496745815,-0.1673806959154,0.3974908061344,-0.3077307307879,0.0198987179717,0.5423136487108,0.2003848428382,0.3667552211284,0.1766962814174,0.0507670837304,0.1856737267697,0.1568288506069,0.1883918513674,0.1667589442235,0.3492214566704,-0.0486191761481,0.2310996272605,0.5056554267892,0.2324181560640,-0.0119652277891,-0.1912473044285,0.2561368629692,0.3340707848489,0.4139127775381,-0.0128639062204,-0.1893985491912,0.0514171563294,0.2567407157443,-0.2703968547785,-0.2302464263710,0.0956221528036,-0.3361261752929,-0.0330010302853,0.0184307677512,-0.1032524218683,0.0826511100257,-0.1880242846153,-0.1015381849894,-0.2799502545335,0.0808430567831,0.1032411121245,-0.0610924457564,0.1054248440088,0.1369977260699,-0.1136311289451,0.0093643690517,-0.0889138384465,0.3317275988468,0.1168551476954,0.0604258968749,-0.1063805831085,0.2034368830478,0.0717977358166,-0.0156514726214,-0.0612792138224,-0.0979591264039,0.1937941249360,0.0560768717695
0.1674774887442,1.0000000000000,0.2689540478365,0.7029965670181,0.2539632639450,-0.3636593397726,-0.3502614400711,-0.1260730833874,-0.2322765247605,-0.0062915696470,0.1562829925568,-0.0920269304100,0.3169828409573,-0.1287074466168,0.0125883936435,0.2192450904747,0.3128323523204,0.3858277756820,0.1068159185631,0.2103550855159,0.4884646857532,0.3726609563349,0.7256284959811,0.4546817510050,-0.1196188630126,0.4565475008797,0.2587732654228,0.5372166243074,0.1277340354110,0.3257316445855,0.2417619695374,-0.5780166993402,-0.3718733462595,0.2779192343688,0.2456212961122,0.0646169551948,0.8770117930868,0.1446297740374,0.7794001840702,0.1435227711291,0.3374311387572,0.0043581083563,-0.5349631786945,0.0732521664559,0.1488006692551,0.0926660843852,0.3807598014650,0.4287540833716,0.0172087979419,0.1469504362998,0.0977290761778,0.2848191117362,0.5782930303294,0.4628896622717,0.5556588959237,0.5277413059639,0.4068458573207,0.6137833236855,0.5640330912527,-0.1025599245131,0.4160868279145,0.2163031360612,0.5265218205863,-0.4391977001594,0.4215573612586,-0.0113802109590,-0.6144849606689,0.3734779509998,0.0960091201856,0.6959669845045
0.0746433632885,0.2689540478365,1.0000000000000,0.1910965247947,-0.1176841977335,-0.1534664893145,-0.3728308605035,0.3242926701277,-0.3061322013959,0.1620667617647,0.0008320455277,0.0289480736728,-0.1441041761353,-0.2139124851717,-0.0593626720367,0.1544281186048,0.3001963556427,0.3482156030922,0.1902226257050,0.2204473048370,0.1718687559991,0.3983873732847,0.2127902125713,0.6554711509506,0.1253726398949,0.2683155189923,0.5022367139407,0.6997581548679,0.1484737027539,-0.0026050760318,0.3066264960558,-0.2754635521617,-0.1996916122157,-0.0675967339148,0.1985958351046,-0.4071794244876,0.3307966449246,0.5864685185509,0.3611464174747,-0.1593343904802,-0.0009310910434,-0.3309311352153,-0.1123320598364,-0.2034226764085,0.1177300847366,-0.2187300104218,-0.0941391491015,0.0141142217309,0.2067979124668,-0.3880357641440,-0.0420657674309,0.1388784957729,0.2087939319897,0.3418850034000,0.2690051612190,0.0971866252594,0.1907240494402,0.1340173161781,0.3467222034041,-0.0546648478438,0.4835366584961,0.1073755023678,0.6760617147696,-0.0513389823231,-0.3631716727958,-0.2455953302142,-0.1672650780084,0.0203245504605,-0.3667503982114,0.0741798950911
0.0212436037771,0.7029965670181,0.1910965247947,1.0000000000000,0.2246594818716,-0.1927689895122,-0.1140580760887,0.0155647826189,0.1010326084463,0.3567835432559,0.0089855271038,0.0205382566405,0.2281141846407,0.2182727911235,0.1651434407192,0.3459791026966,0.2406641303682,0.2476182020419,0.1712648180013,0.2146036433233,0.3175560915322,0.1684163811811,0.7438710121349,0.2155472505569,0.1705201159339,0.5011185114402,0.0754239352615,0.3142611904483,0.0382322018170,0.1665480660011,0.1305583490659,-0.3418508105209,-0.0899327023912,0.1958163947075,0.2015705783453,0.0942990223064,0.6411980426898,0.0750260352428,0.8238563036884,0.0592704909245,0.4508827234928,0.0794026374874,-0.3122796888263,0.1483806251651,0.4284182858535,-0.0490151217371,0.5091534637656,0.3015240703836,0.1933032661524,0.3544926526250,0.2487554966288,0.1649616743679,0.4532310223867,0.2952271309007,0.3406435305486,0.3859453478272,0.3068095656275,0.7392432878179,0.3804680210538,0.1042447635580,0.2465299677296,0.0324600936780,0.3492720556548,-0.4409894538217,0.4849319422829,0.1207539794575,-0.4212469008311,0.3126615887394,0.1492406536600,0.6762008096208
0.1987103480894,0.2539632639450,-0.1176841977335,0.2246594818716,1.0000000000000,-0.2439830086433,0.1720153743525,-0.0206528769258,0.0144739340684,0.2174728276629,0.5824732299075,-0.2854277057462,0.8415643940702,0.0140778137676,0.1509743532770,0.2367843632438,0.4050017327475,-0.1272906848998,-0.0662034597769,-0.0394091448653,0.6795257302010,0.4612590569199,0.2492451691821,0.2361108588392,0.2746797361144,0.0275514021418,-0.2140443797416,0.0762004212864,0.5497930261440,0.2558626218708,0.1565384394503,-0.2410925311884,-0.2623228820141,0.3873433295050,-0.2312191277156,0.0190887873316,0.0805557118151,-0.3614985566135,0.2023319937059,0.8993407206500,0.1226875423673,0.3068755390987,-0.3949360379893,0.1050769228077,0.2995541999576,0.5963080142467,0.0203427669542,0.7428936615659,-0.0570663433470,0.1210909653756,0.2918570244204,0.5170031688820,-0.0950071863147,0.0465931114819,-0.0139077837343,0.6705713314996,0.4571293847361,0.2226358081210,0.3825728214908,0.3485300695876,-0.1229437466451,-0.3316091809129,-0.0313073911658,0.0683106518065,0.3645519969110,-0.1857016725904,-0.2844036263231,0.1438592381187,0.1113418429797,0.0921844299059
-0.1506185225559,-0.3636593397726,-0.1534664893145,-0.1927689895122,-0.2439830086433,1.0000000000000,0.6211843051248,-0.2285266974500,0.6680297254698,-0.0367307915604,-0.3352442582396,0.6674333488871,-0.3352474796921,0.5164717078079,0.3426143213520,0.1159721631414,-0.3295613497486,-0.2218145787032,0.3667060201043,0.1602091032967,-0.5738391748309,-0.4054335671253,-0.2594647577255,-0.3282480743975,0.0287441687703,0.1280193956028,0.1502124996284,-0.4294087605472,-0.2838563762681,0.1013917107427,-0.4022444933790,0.6021860700490,0.8038368483819,0.0659164941419,0.3595943683236,0.2804326561255,-0.4745026770939,-0.1776657510606,-0.2823411857394,-0.2580780109552,0.1573148273190,0.0860766043739,0.5209456520611,0.0364947948400,-0.1837486961133,-0.3829751264503,0.1423746826516,-0.5785265447976,0.5187117482992,-0.0007193293853,0.0652816614280,-0.2744687417594,-0.3352309844404,-0.3240416324541,-0.4681357635455,-0.6496025416070,-0.5183753663756,-0.3760515319363,-0.5327384950140,0.0932576374023,-0.1091301022139,0.0609012709355,-0.1866505570913,0.2041124796442,-0.1687773518694,-0.0346727854616,0.4922562536265,-0.0319011417314,0.2374159721589,-0.3633237011348
0.0461592805471,-0.3502614400711,-0.3728308605035,-0.1140580760887,0.1720153743525,0.6211843051248,1.0000000000000,-0.0970557898577,0.6652974916111,0.0669868019394,0.1479791846209,0.3935680443487,0.2170125617079,0.4466140485373,0.4820824289189,0.1135063018018,-0.2429780262208,-0.2365665615910,0.0492511852474,-0.0227735177726,-0.1707250329442,-0.3161839100441,-0.3081212725320,-0.3805120462085,0.1859084545766,-0.1346736868508,-0.1025863226123,-0.5446063935747,0.0224554213033,0.1623173747900,-0.2868246748302,0.5338473707575,0.5443793580855,0.2542648439737,0.0386113606359,0.2308992374871,-0.5298033404349,-0.4267124303215,-0.3664158450426,0.2075893811431,0.0745170493302,0.3991329174083,0.3555706289217,0.0832486041503,0.0164190293836,0.0782073843981,0.0913641883068,-0.0913771945157,0.2085582608080,0.1160613984812,0.1944333877081,-0.1447244550463,-0.4634696146869,-0.4020844315466,-0.5664892093075,-0.2268621642999,-0.4493506756783,-0.3854644423353,-0.5281598487395,0.2892564069475,-0.3951066564765,-0.2228122088772,-0.4367108069167,0.2939150227653,0.0115460228749,-0.1016149552945,0.4045353938710,-0.0549342583292,0.2536505466531,-0.3534065003547
0.1580707553162,-0.1260730833874,0.3242926701277,0.0155647826189,-0.0206528769258,-0.2285266974500,-0.0970557898577,1.0000000000000,-0.1398034415496,0.5684852219146,0.2065136124266,-0.2318986746382,0.0245733478272,0.0316893570938,0.1322025682602,0.1298692218538,-0.0176610179152,0.1388270319139,-0.3333473819923,-0.1980927350830,0.2387595972275,0.0934250151897,0.1646448470317,0.0977643576720,0.5963387944528,-0.2109289975633,-0.1032669884522,0.1514998333100,0.3226559966514,-0.1360463379103,0.5287020155137,0.0826762095393,-0.2044327392353,-0.0489725941024,-0.2121988139723,-0.4093928010316,-0.0955800667393,0.1567995349402,0.0237452920566,0.0231982712446,-0.1908685770813,-0.1768327178062,0.2094004523879,-0.1859144509199,0.4631354707085,0.0891689610621,-0.2612301945127,0.1044029749443,-0.1181105037090,-0.2892185072943,0.0546813714038,-0.1012284653470,-0.1695610458227,-0.1891522728593,-0.1965041769054,0.1972114917271,-0.0373471162624,0.1220085549678,-0.0924821597402,0.2950023542261,-0.0364449624183,-0.2664658013455,-0.0141272918425,0.2757063921283,-0.4768596755820,-0.0432759447481,0.1249065591884,-0.1315900829991,-0.3018744079562,-0.1510276121370
-0.1041397196063,-0.2322765247605,-0.3061322013959,0.1010326084463,0.0144739340684,0.6680297254698,0.6652974916111,-0.1398034415496,1.0000000000000,0.0802623179725,-0.0464701125237,0.4751911269838,-0.0545013829254,0.6304655623692,0.5895037156803,0.3610873550645,-0.2160025261680,-0.2089632522158,0.2888695519988,0.1357819439090,-0.2602292711451,-0.2973958120209,-0.1493099062873,-0.3332217651342,0.0452694576890,0.0421193118532,-0.1741864238619,-0.4209190382490,-0.1398752142632,0.0664307546958,-0.2391636174422,0.3472441361798,0.5734644692701,0.0683757990235,0.1169484308083,0.2934599557058,-0.3690132665710,-0.2727590886013,-0.1310669544040,-0.0397981854240,0.2194681910931,0.2234551617156,0.2335632056425,0.2098407714171,-0.0241030127304,-0.1113917300196,0.3547440962355,-0.2800227364210,0.4086637362060,0.2934583191015,0.1101223092620,-0.1748819178954,-0.1866022212261,-0.2403098442571,-0.3514661415433,-0.2808602890774,-0.2776293477024,-0.1607968241268,-0.3129066347674,0.0857900875803,-0.3151829912408,-0.1820930374429,-0.2576461190222,0.0046413791730,0.1645387086255,0.0458110266843,0.1787395073485,-0.0712944897814,0.2494482761091,-0.0949847773571
0.0174666434683,-0.0062915696470,0.1620667617647,0.3567835432559,0.2174728276629,-0.0367307915604,0.0669868019394,0.5684852219146,0.0802623179725,1.0000000000000,-0.0252354767091,-0.0609421711616,0.2243036048135,0.2729449528831,0.1257313332593,0.2405870676640,-0.0283034971197,0.0405728109337,-0.0807663094155,-0.0218446377484,0.1725745764544,-0.0283346179008,0.2899813390923,-0.0452023114957,0.7189792086997,0.1240960940973,-0.0851919043261,0.0429724173678,0.1299149518897,-0.0973155645908,0.2153000116298,0.0850304518191,0.0280782007146,0.0935513816292,-0.0224525129422,-0.1601387110421,-0.0089313351112,-0.0455851322288,0.2827417055564,0.1747731586936,0.0467843704176,-0.0203396340488,0.1755485367662,-0.0973344248240,0.8410496942005,-0.0605523257476,-0.0150863997100,0.1713742994454,0.1313031502820,0.0183372264191,0.2429463107684,-0.0511215213744,-0.0290421332684,-0.1281554516897,-0.1086191780910,0.1742901704921,-0.0328866722963,0.3299655315130,-0.0958106747107,0.5315832896650,0.0593810438101,-0.1671863374987,-0.0086812853826,0.0135024833340,-0.0484899415731,0.0104841990214,0.0236536352116,0.0230950038610,0.0341578414304,0.0976476681150
0.1066064483581,0.1562829925568,0.0008320455277,0.0089855271038,0.5824732299075,-0.3352442582396,0.1479791846209,0.2065136124266,-0.0464701125237,-0.0252354767091,1.0000000000000,-0.4640968912057,0.6375722588979,-0.1013716632872,0.2154203743507,0.4511387201119,0.2717942454829,-0.1824827934200,-0.3569784302700,-0.3605141655517,0.7556606960753,0.4604715958482,0.1008205110832,0.2427544766259,0.0110934844083,-0.3306623221056,-0.3506201827239,0.2118743688094,0.4638444446537,0.2115771902477,0.3296294737356,-0.4089002229764,-0.4388764814859,0.2955736692280,-0.4555522997331,-0.3513284157633,0.0385634009207,-0.0521515958043,0.0606050928324,0.6184419535917,0.2048305726821,0.4816321898633,-0.5313406645863,0.3548792708796,0.0979935773883,0.8450468897813,-0.1557939971150,0.7103462392402,-0.2512817374487,-0.0180031157362,0.3713807862564,0.2922176689996,-0.1874277988812,0.1039596856116,-0.0598299823303,0.7136205699032,0.4059748668030,0.0451136738983,0.3502730624930,-0.0497194177167,-0.1982463803294,-0.4490328376144,0.0521704014352,0.0196782433080,0.0465777684005,-0.2877592707558,-0.3714723420474,0.1065983530793,-0.2159526381623,0.0365045587001
0.1451293502353,-0.0920269304100,0.0289480736728,0.0205382566405,-0.2854277057462,0.6674333488871,0.3935680443487,-0.2318986746382,0.4751911269838,-0.0609421711616,-0.4640968912057,1.0000000000000,-0.3482342719081,0.4845399061141,0.3830266235124,-0.1237858962176,-0.3586881098188,0.1573074110255,0.7139158131927,0.5661934371660,-0.4992410001928,-0.4333733185699,-0.0872840251347,-0.1718946993128,0.0111604655994,0.4925658880056,0.5351757121081,-0.2410683659258,-0.3180599617990,0.2999434210661,-0.3758197081147,0.4851813660760,0.5969404950659,0.0897551293605,0.6909570870174,0.3813925289099,-0.2088968449923,-0.0220762341703,-0.0461764334983,-0.2775192213434,-0.1521267952762,-0.3618208090197,0.5163988500255,-0.3443296379783,-0.2076060048864,-0.5906307763386,0.4510753317790,-0.5796550068635,0.6312503909770,-0.0605772088596,-0.2706405152327,-0.3122530733357,-0.0512244939709,-0.0296652046664,-0.1296340931771,-0.5650801411359,-0.5477822957115,-0.2246617296590,-0.5027189464738,0.1460630241481,0.2696419316504,0.3348861291273,0.0323617077222,0.1328161740851,-0.0948062373013,-0.0310335988658,0.3529108559302,-0.2206450186576,0.2950116814125,-0.1361117333483
0.2178496745815,0.3169828409573,-0.1441041761353,0.2281141846407,0.8415643940702,-0.3352474796921,0.2170125617079,0.0245733478272,-0.0545013829254,0.2243036048135,0.6375722588979,-0.3482342719081,1.0000000000000,0.0055036132601,0.1095374814563,0.2577688323019,0.2661842728819,-0.0660717935987,-0.2010337715045,-0.0984179383981,0.7293219815790,0.3921798836619,0.2307479125665,0.1613706272786,0.1823592502072,-0.0066537844671,-0.2234269856559,0.1042384360713,0.4267575814599,0.2258375027504,0.1516007160930,-0.2977506606690,-0.3321986723993,0.3953496095842,-0.2486028038657,-0.0286764049764,0.1790385109552,-0.3113636106514,0.2490494276973,0.8172636616031,0.1741348728445,0.3997877357327,-0.4109876072056,0.1250340263894,0.3561805611087,0.6308542383783,0.0060511808884,0.8629851154781,-0.1508414344282,0.1524232402065,0.3600085729709,0.3634677910345,-0.0111771332493,0.0624049610784,0.0544712080229,0.7192186041557,0.4150657919598,0.2463080697668,0.3057385105482,0.2742873983033,-0.1030934798775,-0.2988052092361,0.0052643770882,-0.0114657961625,0.3647504049962,-0.1374207641849,-0.3309187735905,0.2638667039009,0.1312293023091,0.2023678346456
-0.1673806959154,-0.1287074466168,-0.2139124851717,0.2182727911235,0.0140778137676,0.5164717078079,0.4466140485373,0.0316893570938,0.6304655623692,0.2729449528831,-0.1013716632872,0.4845399061141,0.0055036132601,1.0000000000000,0.4357618359781,0.3704185979900,-0.2322619970600,-0.2600897566564,0.3043180818878,0.0802812407584,-0.2066768060794,-0.2887965503472,0.0179897003784,-0.3208175570863,0.2205744611391,0.2937402473167,-0.0885256883051,-0.2022852981231,-0.2089612042498,-0.0014739503934,-0.3129968600555,0.3611552073886,0.4446568609864,0.0487129615898,0.0265632157905,0.1514122769716,-0.2426591053301,-0.1761273433348,0.0659513962937,-0.0282243911603,0.1908535839521,0.1085779035454,0.2332732302436,0.0986261435740,0.2320079943026,-0.1154728078035,0.5498250301249,-0.1622009827652,0.5847272581744,0.2594722448648,0.2354005331295,-0.1864214123256,-0.2219709570707,-0.1520685802806,-0.3342422853820,-0.2115502319852,-0.1697839563049,0.0127911295239,-0.2958516140170,0.1895239060118,-0.1245398063384,-0.1587238647986,-0.1022152687783,-0.0383232565607,0.1107885991447,0.0693221513132,0.2190446939902,0.0071618889392,0.2631285645737,-0.0598904873499
0.3974908061344,0.0125883936435,-0.0593626720367,0.1651434407192,0.1509743532770,0.3426143213520,0.4820824289189,0.1322025682602,0.5895037156803,0.1257313332593,0.2154203743507,0.3830266235124,0.1095374814563,0.4357618359781,1.0000000000000,0.3367621712653,-0.1281964068527,0.1477583973521,0.3660089504004,0.2818693690408,0.0893225738792,-0.0780550820216,0.0798920346729,-0.0381828372033,0.0889057500218,0.0546240515595,0.0301506406912,-0.1093497399060,0.0332415815486,0.5866634200201,0.0356003450217,0.1602280946895,0.2349813248891,0.3073361684461,0.1696491363585,0.1917992665468,-0.1892760345498,-0.1538807652946,0.0318534269746,0.1463220333417,0.0801965001323,0.0459482257133,0.0205838160447,-0.0013650456501,0.0550960224605,0.0351234963198,0.1936206926146,-0.0292842710051,0.2529108872899,0.1198960091201,0.0830299146472,-0.0675979264374,-0.1541324623629,-0.0205554899549,-0.2037727114963,0.0372864681205,-0.1774717518327,-0.1424224674643,-0.1458679587832,0.0730843726496,-0.1186358806131,-0.2191218221734,-0.0892940329584,0.0625993464191,0.0920519262308,-0.2302968225011,0.0519894930608,-0.0872407975636,0.0708977740350,-0.0723803474382
-0.3077307307879,0.2192450904747,0.1544281186048,0.3459791026966,0.2367843632438,0.1159721631414,0.1135063018018,0.1298692218538,0.3610873550645,0.2405870676640,0.4511387201119,-0.1237858962176,0.2577688323019,0.3704185979900,0.3367621712653,1.0000000000000,0.1446607504267,-0.3190370047798,-0.0596766325580,-0.1993567408255,0.4305029655762,0.2742282956902,0.1896221738560,0.1561068265628,0.0123162464698,-0.0201365725189,-0.2991170060770,0.3452782114239,0.0722493535526,0.0635163994206,0.1544879473620,-0.3668819021487,-0.0203724814244,0.1160111462693,-0.2425211434867,-0.4433883259186,0.2170976417142,0.1634191231245,0.3774447782820,0.1192184874318,0.6131956872882,0.4352789758298,-0.4917824202176,0.5259443857986,0.3320333044010,0.2886340954574,0.2424483618756,0.3924603865991,0.2903669798362,0.1609423465076,0.6632026008563,0.0922723426274,-0.0038428129819,0.2303536411413,-0.0262260843116,0.4066455847304,0.3741329836163,0.1783064668466,0.3770164902049,-0.2057286970924,-0.0139017359661,-0.3599388482776,0.3513417003998,-0.3560712409047,0.0349526048365,-0.2342782674328,-0.3751379680428,0.3049471495886,-0.2879744464875,0.2146070062102
0.0198987179717,0.3128323523204,0.3001963556427,0.2406641303682,0.4050017327475,-0.3295613497486,-0.2429780262208,-0.0176610179152,-0.2160025261680,-0.0283034971197,0.2717942454829,-0.3586881098188,0.2661842728819,-0.2322619970600,-0.1281964068527,0.1446607504267,1.0000000000000,-0.0005715922004,-0.1060171843101,-0.1403000397968,0.4331387038870,0.8456894042305,0.3282362528721,0.7462399778517,0.1010868162265,-0.0025050388584,-0.0443770671302,0.3940287273255,0.6112651292610,0.1624080419797,0.3690344980867,-0.2632545749106,-0.2464893512185,0.2440992228401,-0.1335522442397,-0.1442916442008,0.2798661379512,-0.0189191200039,0.2012601446328,0.2809538882540,0.1348648039483,-0.0228910667389,-0.4099440644347,-0.0181958695919,0.0055374251263,0.1553159936898,-0.1756954816377,0.3604276331274,-0.1918445770274,-0.2120428073933,0.1126135008021,0.9179270303265,0.0694264502057,-0.0000187091632,0.0563672171547,0.3895056158045,0.7031208287020,0.3345789555761,0.7409072608251,0.1180930358022,-0.0207087674522,-0.2219647331428,0.2490707061045,0.1509831862434,0.1199842253932,0.0748531062427,-0.2395903710473,0.0863474888488,-0.1960528366319,0.1522364030605
0.5423136487108,0.3858277756820,0.3482156030922,0.2476182020419,-0.1272906848998,-0.2218145787032,-0.2365665615910,0.1388270319139,-0.2089632522158,0.0405728109337,-0.1824827934200,0.1573074110255,-0.0660717935987,-0.2600897566564,0.1477583973521,-0.3190370047798,-0.0005715922004,1.0000000000000,0.2882256928763,0.5308590518898,0.0093216755112,0.0421985587523,0.3129358013680,0.3326835056158,0.0115027017609,0.3166609083743,0.6309643347619,0.2526212321418,0.0326757253035,0.3465229816500,0.3390129580872,-0.1199453138792,-0.1421574915162,0.1481647703274,0.5333401909449,0.2529557026565,0.3042857030918,0.1173906484123,0.2668520911754,-0.1197341970881,-0.1851681546785,-0.4023084031502,0.0147495265002,-0.3546988172347,0.0049289943715,-0.3151836775130,-0.0173592832301,-0.0692984893047,-0.1508424291681,-0.1743349768806,-0.3758117369198,-0.0142332824153,0.4739132210140,0.1139933926633,0.3906680852125,0.0302826151656,-0.1166080016932,0.1449642748763,0.0355715557213,0.0958991508713,0.2901130914565,0.3660713003945,0.1614282519424,-0.0864972386101,0.0117469984916,-0.0038090672773,-0.1067551338587,-0.0927476452755,0.1313990930206,0.3550451435141
0.2003848428382,0.1068159185631,0.1902226257050,0.1712648180013,-0.0662034597769,0.3667060201043,0.0492511852474,-0.3333473819923,0.2888695519988,-0.0807663094155,-0.3569784302700,0.7139158131927,-0.2010337715045,0.3043180818878,0.3660089504004,-0.0596766325580,-0.1060171843101,0.2882256928763,1.0000000000000,0.7199956410416,-0.2759094026071,-0.1558643786333,0.0590228499975,0.0628144843155,-0.1064499319073,0.6267677954604,0.5549738217247,0.0942471450421,-0.2165936907382,0.3329284820495,-0.3397777450280,0.1292427172523,0.3273263128009,0.0304942498444,0.6161063187788,0.3517810108232,0.0130240897896,0.0986852460155,0.1958547953039,-0.1451133695285,-0.0368117067328,-0.3663871623352,0.1453760093113,-0.2804060374805,-0.2091260100737,-0.4446805534312,0.3487657968695,-0.3189323757297,0.5200742613634,0.0409020142134,-0.2126411309798,-0.0897176048904,0.1855047165270,0.2392627364114,0.1680018738780,-0.2970861169459,-0.1656273343485,-0.0743827289973,-0.0806440611484,-0.0063556471427,0.3705135867009,0.2852471569150,0.2546125849424,-0.0837690303523,0.1210136623352,-0.0992272875016,0.0677658025778,-0.0606309640190,0.1741982982404,0.0813933579442
0.3667552211284,0.2103550855159,0.2204473048370,0.2146036433233,-0.0394091448653,0.1602091032967,-0.0227735177726,-0.1980927350830,0.1357819439090,-0.0218446377484,-0.3605141655517,0.5661934371660,-0.0984179383981,0.0802812407584,0.2818693690408,-0.1993567408255,-0.1403000397968,0.5308590518898,0.7199956410416,1.0000000000000,-0.1855745426983,-0.1431345105587,0.1377119422150,0.1142987327660,-0.0558425434511,0.5741383858718,0.5912112928592,0.0263121522831,-0.1982508042138,0.3756826876443,-0.1595011035103,0.1036063041416,0.0929895422312,0.0601471000382,0.7085436689605,0.4201321793933,0.1172984704624,0.0539390264295,0.2831390767028,-0.0529610220477,-0.1904136089345,-0.4486202602752,0.1759463936489,-0.3804030016631,-0.0698639081085,-0.4011149802554,0.2919390846465,-0.2305975419042,0.3183082679648,0.0170475445838,-0.2566067998180,-0.1058788905779,0.3611433404330,0.3028104955665,0.4224686426399,-0.1783503505397,-0.2026440650098,0.0080964900892,-0.1076869782616,0.1076625327629,0.4369968971482,0.3886396711517,0.1940655435944,-0.0827199834761,0.1481291323601,-0.0883058283419,0.0017892710566,-0.1033490330647,0.2708995470929,0.2034991669205
0.1766962814174,0.4884646857532,0.1718687559991,0.3175560915322,0.6795257302010,-0.5738391748309,-0.1707250329442,0.2387595972275,-0.2602292711451,0.1725745764544,0.7556606960753,-0.4992410001928,0.7293219815790,-0.2066768060794,0.0893225738792,0.4305029655762,0.4331387038870,0.0093216755112,-0.2759094026071,-0.1855745426983,1.0000000000000,0.6092884661564,0.4083914433817,0.4475446391611,0.0754146580084,-0.0920153826374,-0.2023860595235,0.4639290230593,0.4620444759783,0.2487926553612,0.4654175285652,-0.5939597314601,-0.5698063739238,0.3008883970122,-0.3099809435421,-0.3565200112133,0.4313609123631,0.0503735071876,0.4096519979926,0.6286352019128,0.1938146940435,0.2245073133051,-0.6406702009765,0.1607852497637,0.3186180619895,0.6410134629859,-0.0302214435397,0.8647304481398,-0.2013339004662,-0.0476620480483,0.3266805101746,0.4347763998764,0.1257615839190,0.3047408642462,0.2551991399591,0.9429404144409,0.6042077813015,0.3630416705577,0.5863466003552,0.0216447352584,0.0841468806705,-0.2494158618511,0.3171017027968,-0.1303830603270,0.1440451243782,-0.2124559446978,-0.5432580501601,0.1975937552744,-0.2457858558398,0.2881031741151
0.0507670837304,0.3726609563349,0.3983873732847,0.1684163811811,0.4612590569199,-0.4054335671253,-0.3161839100441,0.0934250151897,-0.2973958120209,-0.0283346179008,0.4604715958482,-0.4333733185699,0.3921798836619,-0.2887965503472,-0.0780550820216,0.2742282956902,0.8456894042305,0.0421985587523,-0.1558643786333,-0.1431345105587,0.6092884661564,1.0000000000000,0.3180121300342,0.8761927871225,-0.0138828713030,-0.0822236249094,-0.0611271731239,0.5118679794078,0.6604829516107,0.2377967129167,0.5494647173388,-0.3746885888569,-0.3925461260731,0.3577299332622,-0.1771409730915,-0.3272931481107,0.3300129564278,0.0162569606330,0.2262033480136,0.3735637376807,0.1214268465166,0.0051960579729,-0.5540511907946,-0.0003556090691,0.0074084223679,0.3130673029617,-0.2372491865792,0.5056606371194,-0.2187585851734,-0.2965991458280,0.1531901739137,0.7696837057300,0.0761079580353,0.0871499756962,0.1076781797227,0.5309899229599,0.8057219443864,0.2916012671246,0.8004016855149,-0.0339248660663,0.0031436901125,-0.3262065487783,0.3181218809996,0.1518697802730,0.0244991704502,-0.0377492330286,-0.3322024164414,0.1261754988434,-0.2656381152628,0.1320992587318
0.1856737267697,0.7256284959811,0.2127902125713,0.7438710121349,0.2492451691821,-0.2594647577255,-0.3081212725320,0.1646448470317,-0.1493099062873,0.2899813390923,0.1008205110832,-0.0872840251347,0.2307479125665,0.0179897003784,0.0798920346729,0.1896221738560,0.3282362528721,0.3129358013680,0.0590228499975,0.1377119422150,0.4083914433817,0.3180121300342,1.0000000000000,0.3626011485751,0.2213160223063,0.3937478170030,0.1153224977472,0.3346499230142,0.2224110878594,0.3105928657523,0.3218081587847,-0.3297486292391,-0.2486234243907,0.2672860305090,0.2036763075503,0.1184448216337,0.6112104936908,0.0328129443392,0.7146987546688,0.1448202665547,0.2665986921996,-0.0964143878978,-0.2744913435975,-0.0118022387185,0.3358108923393,0.0371002049595,0.2749148569922,0.2999955373292,0.0119587883871,0.0854978172076,0.0557860941129,0.2872383589520,0.3843473852672,0.2052232522513,0.3263309840200,0.4437359490107,0.3259585771048,0.8198951668121,0.4055891707151,0.1765417697446,0.2721519275501,0.0717878938256,0.3129633698756,-0.2195295674743,0.3191748266248,0.1264775440877,-0.3739120871228,0.2178430257516,0.1435599733205,0.5171789426052
0.1568288506069,0.4546817510050,0.6554711509506,0.2155472505569,0.2361108588392,-0.3282480743975,-0.3805120462085,0.0977643576720,-0.3332217651342,-0.0452023114957,0.2427544766259,-0.1718946993128,0.1613706272786,-0.3208175570863,-0.0381828372033,0.1561068265628,0.7462399778517,0.3326835056158,0.0628144843155,0.1142987327660,0.4475446391611,0.8761927871225,0.3626011485751,1.0000000000000,-0.0530608636098,0.1119557182153,0.2727945583964,0.6254915863800,0.5243798961423,0.3091253376775,0.5415458829300,-0.3218395264666,-0.3214047659647,0.3032150038605,0.1121892977110,-0.2637214414099,0.4147585139773,0.2080697435737,0.3015773613548,0.1622502719929,0.0184715302215,-0.2380065813501,-0.4149403440900,-0.1819529576212,-0.0484677494428,0.0248193152816,-0.1646402365695,0.2810682245708,-0.0878158120695,-0.4184031884901,-0.0339702125325,0.6386049845167,0.2233448102780,0.1833412200668,0.2284140299449,0.3680153705761,0.6021317104333,0.2489243986358,0.7108881624490,-0.0708352446112,0.2167200975459,-0.1106616646885,0.4794110395144,0.1128706430445,-0.0946820797675,-0.0757787022872,-0.2707606041664,0.0393671652646,-0.2424573812162,0.1564314687086
0.1883918513674,-0.1196188630126,0.1253726398949,0.1705201159339,0.2746797361144,0.0287441687703,0.1859084545766,0.5963387944528,0.0452694576890,0.7189792086997,0.0110934844083,0.0111604655994,0.1823592502072,0.2205744611391,0.0889057500218,0.0123162464698,0.1010868162265,0.0115027017609,-0.1064499319073,-0.0558425434511,0.0754146580084,-0.0138828713030,0.2213160223063,-0.0530608636098,1.0000000000000,0.0571291495454,-0.0044656882078,-0.1324447827868,0.3828616362124,-0.0801231146374,0.2040359378704,0.2541972783694,0.0592617059269,0.0720015343237,-0.0022291293458,-0.0244509612213,-0.1696796776620,-0.1520365504675,0.0768983536942,0.2327038056155,-0.1395750634528,-0.1180703819052,0.4200070587543,-0.2695658856200,0.6401748525841,-0.0423977587233,-0.1090879737143,0.0665841687901,0.1000772383658,-0.0790435712451,0.0937082252582,0.0669055559244,-0.1514825376215,-0.3279859516981,-0.2790358758804,0.0532296804001,-0.1344987986100,0.2635256814886,-0.2160508312371,0.8368913924748,-0.0294701503783,-0.1517118915098,-0.1254700260317,0.3699007355123,-0.1478755322785,0.1339404481252,0.1934072531858,-0.1586277294671,0.0666600654329,-0.1046090962343
0.1667589442235,0.4565475008797,0.2683155189923,0.5011185114402,0.0275514021418,0.1280193956028,-0.1346736868508,-0.2109289975633,0.0421193118532,0.1240960940973,-0.3306623221056,0.4925658880056,-0.0066537844671,0.2937402473167,0.0546240515595,-0.0201365725189,-0.0025050388584,0.3166609083743,0.6267677954604,0.5741383858718,-0.0920153826374,-0.0822236249094,0.3937478170030,0.1119557182153,0.0571291495454,1.0000000000000,0.5850798061798,0.3105135358648,-0.2182859107621,0.1737740112592,-0.2550836198036,-0.0755301864337,0.1226361703932,0.1006428377086,0.5786831710812,0.2929390955446,0.3831780232031,0.1759375488292,0.6344749353005,-0.0562184228918,0.1057515254296,-0.3223685747685,0.0212292356222,-0.2023616343182,0.1159673521947,-0.3577297100802,0.5146676925738,-0.0780242482515,0.5032377021829,0.0887967173083,-0.1254527433784,0.0221231188051,0.2933219740696,0.2715650985352,0.3419290363780,-0.0515667130066,-0.0185914160101,0.3331397975668,0.0667774898886,0.1365237505552,0.6744235636020,0.3958998593284,0.4582305687878,-0.3339832357716,0.1977481667890,-0.0672628145254,-0.1646373311001,0.1544464624056,0.2764110562931,0.3676813053425
0.3492214566704,0.2587732654228,0.5022367139407,0.0754239352615,-0.2140443797416,0.1502124996284,-0.1025863226123,-0.1032669884522,-0.1741864238619,-0.0851919043261,-0.3506201827239,0.5351757121081,-0.2234269856559,-0.0885256883051,0.0301506406912,-0.2991170060770,-0.0443770671302,0.6309643347619,0.5549738217247,0.5912112928592,-0.2023860595235,-0.0611271731239,0.1153224977472,0.2727945583964,-0.0044656882078,0.5850798061798,1.0000000000000,0.3261855318202,-0.0956560566051,0.2973913422891,0.0137051499791,0.0511635394309,0.1017872963752,0.0829048913123,0.7085618133706,0.1354609548897,0.2029870413349,0.2543468508005,0.2361005651854,-0.1849476788524,-0.2185923416762,-0.4967738576034,0.1903992004852,-0.4565453532536,-0.1473845487124,-0.4990302983803,0.0775940946266,-0.2725803868868,0.2929486716907,-0.4179497471441,-0.3552553444083,-0.0443636444968,0.2288791394152,0.1791720624494,0.2592945974430,-0.2455109140785,-0.2900859105225,-0.0737138851716,-0.1320090292821,0.1321668253603,0.6001422128594,0.6013392291970,0.4034043514966,0.0055782266542,-0.2736703548101,-0.1752800355392,0.0840836128483,-0.1315839879481,0.0287282034529,0.0834942213532
-0.0486191761481,0.5372166243074,0.6997581548679,0.3142611904483,0.0762004212864,-0.4294087605472,-0.5446063935747,0.1514998333100,-0.4209190382490,0.0429724173678,0.2118743688094,-0.2410683659258,0.1042384360713,-0.2022852981231,-0.1093497399060,0.3452782114239,0.3940287273255,0.2526212321418,0.0942471450421,0.0263121522831,0.4639290230593,0.5118679794078,0.3346499230142,0.6254915863800,-0.1324447827868,0.3105135358648,0.3261855318202,1.0000000000000,0.1608884839252,0.0438766550353,0.2780459025056,-0.5875692700882,-0.4029579173276,0.0423540205254,-0.0473778532207,-0.5311643906496,0.6324146893452,0.5716803530151,0.5477750528996,0.0033071717319,0.1973057008527,-0.1430000407034,-0.5852629752704,0.0335729728129,0.1268136310623,0.0487717074699,0.0208373091709,0.3828657242790,0.1019853934587,-0.2677819902556,0.0899225191478,0.3176695162096,0.2693080409907,0.5277932841864,0.3936635112132,0.4526032746736,0.5013627089903,0.2488835410551,0.6552410858058,-0.3136817258399,0.5199091326077,0.0946993453059,0.8265960486004,-0.3466647461556,-0.1456057197320,-0.3436609344201,-0.4557380121623,0.2298956900782,-0.4175647749273,0.3149745885782
0.2310996272605,0.1277340354110,0.1484737027539,0.0382322018170,0.5497930261440,-0.2838563762681,0.0224554213033,0.3226559966514,-0.1398752142632,0.1299149518897,0.4638444446537,-0.3180599617990,0.4267575814599,-0.2089612042498,0.0332415815486,0.0722493535526,0.6112651292610,0.0326757253035,-0.2165936907382,-0.1982508042138,0.4620444759783,0.6604829516107,0.2224110878594,0.5243798961423,0.3828616362124,-0.2182859107621,-0.0956560566051,0.1608884839252,1.0000000000000,0.2293088794586,0.5341719024705,-0.0617217671890,-0.2048447909658,0.3581185653123,-0.1813537474670,-0.1965345078215,0.0284011688237,-0.2360134792062,-0.0452565024383,0.4814046380754,-0.0372281379616,0.0642340558627,-0.2024315198626,-0.0888626583287,0.1155375035066,0.2979105063237,-0.3139063750471,0.4270481593083,-0.3106636507402,-0.2815200064088,0.0508145965107,0.5839849978576,-0.1610606069167,-0.2183436038764,-0.2235959993601,0.4006480695480,0.4004242285494,0.1492542370151,0.3872300324126,0.3353251011222,-0.2144499153599,-0.4030111942937,-0.0690647099696,0.5240642210083,-0.0643737034459,-0.0147922176364,-0.0648926535383,-0.0117469790909,-0.2016800833856,-0.0573893647563
0.5056554267892,0.3257316445855,-0.0026050760318,0.1665480660011,0.2558626218708,0.1013917107427,0.1623173747900,-0.1360463379103,0.0664307546958,-0.0973155645908,0.2115771902477,0.2999434210661,0.2258375027504,-0.0014739503934,0.5866634200201,0.0635163994206,0.1624080419797,0.3465229816500,0.3329284820495,0.3756826876443,0.2487926553612,0.2377967129167,0.3105928657523,0.3091253376775,-0.0801231146374,0.1737740112592,0.2973913422891,0.0438766550353,0.2293088794586,1.0000000000000,0.2351087671255,-0.0024023071420,0.0636373353336,0.6647608456433,0.4698275878800,0.2423247919165,0.1130365158749,-0.1676981820931,0.1343285175182,0.2664821506582,-0.0230181421081,-0.1577149891575,-0.1518194449963,-0.2239365830596,-0.1016498898112,-0.0123833577979,0.0211376797699,0.1075428139915,0.0209755513547,-0.1945581740336,-0.0518900418410,0.2363063601067,-0.0312304707192,0.0229368767998,-0.0183519349012,0.1679768289916,-0.0035364712236,0.0198994050504,0.0749231185815,0.0762192286179,0.0929415524817,0.0393747877003,0.0358562060635,0.1574100165936,0.1342415378856,-0.1900352503668,-0.0363886048216,-0.0444924115036,0.1172042583804,0.0845947916232
0.2324181560640,0.2417619695374,0.3066264960558,0.1305583490659,0.1565384394503,-0.4022444933790,-0.2868246748302,0.5287020155137,-0.2391636174422,0.2153000116298,0.3296294737356,-0.3758197081147,0.1516007160930,-0.3129968600555,0.0356003450217,0.1544879473620,0.3690344980867,0.3390129580872,-0.3397777450280,-0.1595011035103,0.4654175285652,0.5494647173388,0.3218081587847,0.5415458829300,0.2040359378704,-0.2550836198036,0.0137051499791,0.2780459025056,0.5341719024705,0.2351087671255,1.0000000000000,-0.2529685966827,-0.3466369588715,0.2686480948731,-0.0362656781154,-0.3040434619856,0.2294781077409,0.0503662139978,0.1320829399350,0.1547872219607,-0.0737811880338,-0.1248393407258,-0.2218004964338,-0.1265745993083,0.1765754311310,0.1857357994076,-0.3123382885930,0.2788568462576,-0.3339289575647,-0.4107909873840,0.0216845544663,0.2651999340200,0.1233025860869,-0.1238230500776,0.0250039874743,0.4157214092908,0.3097273609549,0.2624824540900,0.3533477986330,0.0890071287837,-0.0792826498149,-0.1629215895496,0.0997262292817,0.1789913762872,-0.2888514201406,0.1331250344615,-0.1551711079872,-0.0190074250356,-0.3528096960862,0.1228618465599
-0.0119652277891,-0.5780166993402,-0.2754635521617,-0.3418508105209,-0.2410925311884,0.6021860700490,0.5338473707575,0.0826762095393,0.3472441361798,0.0850304518191,-0.4089002229764,0.4851813660760,-0.2977506606690,0.3611552073886,0.1602280946895,-0.3668819021487,-0.2632545749106,-0.1199453138792,0.1292427172523,0.1036063041416,-0.5939597314601,-0.3746885888569,-0.3297486292391,-0.3218395264666,0.2541972783694,-0.0755301864337,0.0511635394309,-0.5875692700882,-0.0617217671890,-0.0024023071420,-0.2529685966827,1.0000000000000,0.6337389269777,0.0805676912425,0.2294139466808,0.2799645760280,-0.6391031270439,-0.3955653553866,-0.5498415026038,-0.1782110017818,-0.3627820561337,-0.2172060221807,0.7736436841032,-0.3989764388413,-0.1229578173442,-0.3768752827050,-0.1443094149662,-0.5769798402452,0.2087574635366,-0.2065315045931,-0.2062516444569,-0.2187201604202,-0.4691136626407,-0.6202181191491,-0.5998478705013,-0.6620248258484,-0.5670522550802,-0.3786153824000,-0.6703436987901,0.3055135472222,-0.2813205960283,-0.0771634371842,-0.5160519042493,0.5701749357924,-0.2840408171267,0.1571729725206,0.8940980982535,-0.3499788881804,0.2876752661172,-0.5428363785036
-0.1912473044285,-0.3718733462595,-0.1996916122157,-0.0899327023912,-0.2623228820141,0.8038368483819,0.5443793580855,-0.2044327392353,0.5734644692701,0.0280782007146,-0.4388764814859,0.5969404950659,-0.3321986723993,0.4446568609864,0.2349813248891,-0.0203724814244,-0.2464893512185,-0.1421574915162,0.3273263128009,0.0929895422312,-0.5698063739238,-0.3925461260731,-0.2486234243907,-0.3214047659647,0.0592617059269,0.1226361703932,0.1017872963752,-0.4029579173276,-0.2048447909658,0.0636373353336,-0.3466369588715,0.6337389269777,1.0000000000000,0.1037375764035,0.3760230660071,0.2693945046967,-0.3956003555497,-0.1915975114954,-0.3121218307342,-0.3000856409937,0.1329307756444,0.0023226327651,0.5162563267031,-0.0241965967152,-0.1308445749903,-0.5072619673551,0.1098643967408,-0.5245245007512,0.4252967615911,0.0373811216727,-0.0062670787374,-0.2089826886866,-0.3133156538241,-0.3952636780763,-0.5075634357424,-0.6252082921306,-0.4538007758910,-0.2493226828476,-0.4767037665682,0.1176945096581,-0.1646673386155,-0.0010128967839,-0.2567758907117,0.1993527187602,-0.0924438998706,0.0712770399483,0.5443103974877,-0.0359478464582,0.2163035188291,-0.2554223423862
0.2561368629692,0.2779192343688,-0.0675967339148,0.1958163947075,0.3873433295050,0.0659164941419,0.2542648439737,-0.0489725941024,0.0683757990235,0.0935513816292,0.2955736692280,0.0897551293605,0.3953496095842,0.0487129615898,0.3073361684461,0.1160111462693,0.2440992228401,0.1481647703274,0.0304942498444,0.0601471000382,0.3008883970122,0.3577299332622,0.2672860305090,0.3032150038605,0.0720015343237,0.1006428377086,0.0829048913123,0.0423540205254,0.3581185653123,0.6647608456433,0.2686480948731,0.0805676912425,0.1037375764035,1.0000000000000,0.2704011681125,0.0756603433819,0.0906228072669,-0.3103321447994,0.0968777620892,0.3766094949285,0.0591181981651,0.0565796536497,-0.1698518809152,-0.1253537521137,0.0633287537704,0.1367347883526,-0.0598836609509,0.2592515042607,-0.0140401444011,-0.2097207779486,0.0511227241554,0.2951125421103,-0.1561362413767,-0.1854946173096,-0.2246274679005,0.2259494764574,0.1239194810253,0.1186610724123,0.1198392881714,0.1699947856391,-0.0338455070108,-0.1825900065454,-0.0523073823129,0.1530532647348,0.1444178237055,-0.0911656057335,0.0079260729328,0.0683901538532,0.2832931468448,0.1126796198178
