1.0000000000000,0.5200422094042,0.3500749792420,0.6743110704043,0.4369711484667,-0.2093978673116,-0.1956407098366,0.4921164113461,-0.1340992569159,0.4703423148277,-0.0910721699805,0.1525984700625,0.3069869588851,0.2381685552503,0.1994776285214,0.0969245058121,0.3298992983292,0.4383073166702,0.1872153009459,0.4848623374521,0.3900226509790,0.2560678369910,0.6349079799654,0.4343182789722,0.5293460909752,0.5865949473689,0.4750683215494,0.3042055434614,0.4790674471650,0.2684279782808,0.6113010550100,-0.0305496639652,-0.0226803344229,0.1404004013922,0.5188566243856,0.6772102202443,0.4705114361553,0.0036272614275,0.6195958247008,0.4573638451800,-0.2453859527158,-0.2263518321591,0.3511317557672,-0.1760375259472,0.4238166288711,0.0074233604579,0.1548423070683,0.2194004192412,0.0832680888043,0.1744972882480,0.0908571747457,0.3340334392258,0.4450185688253,0.1171977373745,0.3065433227063,0.4106718055149,0.2676038484758,0.5627443563727,0.3527494505950,0.5326441854719,0.4947194377471,0.1308400275138,0.1316727236929,0.3610150095578,0.2470115304705,0.2203263157520,-0.0648925074301,-0.0911820696671,0.1501502382184,0.4835704062441
0.5200422094042,1.0000000000000,0.3590973327305,0.8033117491443,0.4803956839588,-0.4306358193253,-0.2936969932935,0.3212797037432,-0.2630194753516,0.5141477754052,-0.1851818806137,-0.0226012619540,0.3748640970480,0.1214707107104,0.0248405667575,0.2102996194324,0.3352170288333,0.3844889024942,0.1695181864655,0.4138017135272,0.2659164556069,0.3971611651580,0.6969205862198,0.5218142269080,0.5124339671299,0.6563137390403,0.4997936770257,0.4260346884240,0.4666918062669,0.3868172634452,0.6611387646599,-0.2111739603160,-0.3141536414318,0.3971053655903,0.6521317284052,0.5913024676319,0.8544576435664,0.1260575736061,0.6890982103086,0.4297524545993,-0.4913152244714,-0.3414787987675,0.2085801059248,-0.4080009334201,0.4159151837074,-0.1427792442462,-0.1727974387808,0.2551836608806,-0.1756731738489,0.0010194575435,0.1208414568722,0.3023463574739,0.5140425418556,0.1885646168450,0.3286105216725,0.3475429397372,0.4108003860600,0.6795968429530,0.5202038578614,0.5552469961924,0.5740580460899,0.1454719979141,0.3044021048667,0.4537406926892,0.4522487203359,0.4393379285596,-0.3635609966979,-0.4473371759463,0.3514963178274,0.6621724716734
0.3500749792420,0.3590973327305,1.0000000000000,0.4193136346135,0.3811652446164,-0.1848111294131,0.0632236341765,0.3100328220981,0.2180394711044,0.3619661105336,0.2376699331668,0.1820590314204,0.3815590437793,0.3123119718669,0.2171587884442,0.2217124783879,0.2380169696548,0.4339432158490,0.4086149710241,0.4734277414523,0.2971659843592,0.0163490888813,0.2390235192014,0.3394976033580,0.3961788403262,0.4895638898516,0.7889824784575,0.7419468962721,0.1964143576711,0.0753172749557,0.3413957175054,-0.0861387391560,-0.2819520018796,0.1209408084761,0.3919496345857,0.1689213371361,0.2899195270053,0.5760547575570,0.3412530854424,0.2729347607636,-0.1670648549736,-0.0227719187675,0.0749120170959,0.0677883366517,0.2220687603489,0.1791491415985,-0.0107400161985,0.3218474571016,0.0285283327611,0.1205690022030,0.1493251491027,0.0269426490805,0.1794401506386,0.2769796111177,0.1018622959396,0.3125239485622,0.0135724275434,0.1155765493081,0.0968454524967,0.1941761263316,0.2944610890415,0.4024151803657,0.5339209242928,-0.0489472413976,-0.1106723245562,-0.0914184688366,-0.3142740805838,-0.3183806692141,0.0653757229413,0.2105079745632
0.6743110704043,0.8033117491443,0.4193136346135,1.0000000000000,0.5262960610384,-0.3837307892909,-0.2077619885555,0.4423018321620,-0.1409943347114,0.6016813922616,-0.0898898114291,0.0068631263215,0.4622327380671,0.2199133943259,0.0840153965302,0.2341060616685,0.4657152593471,0.5398197776499,0.2242824134671,0.5272752290030,0.2942511531779,0.3856348337308,0.7466331117128,0.5437004683316,0.6113536345425,0.7577305133943,0.5973517510726,0.4869482231420,0.5366333186877,0.3950543827309,0.6275065666436,-0.1811195347804,-0.2176393144830,0.3507706083873,0.7386704668833,0.6899510843637,0.7717491167593,0.2294042005619,0.8658192547176,0.5218917962906,-0.4264524035722,-0.2309254533038,0.3123041528665,-0.2435284066541,0.5435573474909,-0.0069630007191,-0.0967066222950,0.3701060071618,-0.1572245746057,0.1693289087862,0.1637579261491,0.3770717117508,0.5443548660313,0.2106726429889,0.3908276007162,0.4059005296778,0.3860393554716,0.6418307306855,0.5016066744895,0.6328385348343,0.6616815608333,0.3316902980902,0.3879779801243,0.4654412977886,0.4160290086035,0.3127941027859,-0.2880682868973,-0.3287691779996,0.3265793011916,0.6932012475015
0.4369711484667,0.4803956839588,0.3811652446164,0.5262960610384,1.0000000000000,-0.1421186300781,-0.1075311255832,0.5189050338709,-0.0648609989666,0.4864621985532,0.2180480877673,0.1845867234873,0.6173988235813,0.1384484500995,-0.0288138667428,0.1302839845557,0.1208543626339,0.5230288817863,0.0763471488918,0.3406653440223,0.7724492137109,0.2015556644012,0.4192839948872,0.3868225977769,0.5810179138292,0.3309972606890,0.4497820904555,0.2560189740574,0.3347712656172,0.1519613039715,0.5692126004699,0.2020125136723,-0.0055109114458,0.1932817356573,0.3303411291171,0.4004767596627,0.3508293380016,0.0262326246092,0.3549763439302,0.8107970945758,-0.1575410441182,-0.1922499738210,0.3445105416387,-0.1778799411243,0.4444062840907,0.1606924654286,0.1780823842630,0.4863967110140,0.0924449674498,-0.0333026136873,-0.0310453358040,0.0606758394227,0.3999269866576,-0.0597465762859,0.1838793522870,0.7722372125171,0.1488406651044,0.2313144622122,0.2109005123478,0.4273495473545,0.2717737083276,0.1002364638697,0.0768364021013,0.2085698477905,0.0550938748469,0.1816347363118,0.0813700216088,-0.0281060327407,0.1952090165916,0.3899032967470
-0.2093978673116,-0.4306358193253,-0.1848111294131,-0.3837307892909,-0.1421186300781,1.0000000000000,0.4350803292947,-0.1612697275148,0.3440798107877,-0.3459070078283,0.1830252481959,0.1734133461715,-0.0945059306666,-0.1346965392664,0.1270747810651,0.1692539479030,-0.3283987231892,-0.0915408663811,-0.3000526136663,-0.3692733567585,-0.0439879895674,-0.2865110251891,-0.3206883299525,-0.2482271694752,-0.2352137133788,-0.4366343776960,-0.3419015365922,-0.2417439564158,-0.2332377480690,-0.1061126321193,-0.2384674620511,0.2033961008052,0.7342048591435,-0.0912406157396,-0.3182922236091,-0.1672182072845,-0.4620773977516,-0.0857281546329,-0.2973765506016,-0.2254260663074,0.7874853855155,0.4424460983795,-0.0351491703515,0.4254366734442,-0.2142898756524,0.0856813774342,0.3448417477792,-0.1066477022859,0.1643228463686,0.2070413427824,0.1378238829380,-0.1657938177652,-0.2872385819034,-0.3382422611378,-0.3667133994268,-0.0814193982500,-0.3260146784331,-0.2881434212051,-0.2851532391421,-0.3104762207003,-0.2960072129160,-0.0525722817946,-0.1623983534682,-0.2998826778579,-0.1514799074752,-0.1046869433530,0.5272161425917,0.6968117739053,-0.0723154211059,-0.2536583873882
-0.1956407098366,-0.2936969932935,0.0632236341765,-0.2077619885555,-0.1075311255832,0.4350803292947,1.0000000000000,-0.4320200632766,0.8623394775750,-0.1655265216612,0.5888010319356,0.3619506916339,0.2518716601682,0.2486021125319,0.3325448517193,0.4385607583161,-0.1643366157983,-0.1478452188937,0.2232221855707,-0.0582061960119,-0.0364503677281,-0.3058721521244,-0.3017440289033,-0.1701460155090,-0.2330286400703,-0.0546490730095,0.0621326005260,0.2112106108729,-0.4595538913350,0.0900352385343,-0.3334026646104,0.0952317899504,0.1836133288076,-0.0597603645164,-0.0102040369104,-0.1823037270995,-0.2302556589391,0.2103892219910,-0.0752120716115,-0.1875050729934,0.5154447477434,0.8373937925218,-0.4710676535664,0.7969846147997,-0.0071983156460,0.4710845791615,0.1767241885637,0.2577534450602,0.2774606201731,0.3510988135628,0.3947127346290,-0.1597713262919,-0.3194350139555,0.0646411217366,-0.2255751513530,-0.0499258633121,-0.2298034063993,-0.3019516897491,-0.1651428954593,-0.2258993550129,-0.0525800975587,0.1337044761048,0.2393250305192,-0.5313174851060,-0.2741254965501,-0.3125966143181,-0.0215144830833,0.2451120976182,-0.1849392021327,-0.1678539695915
0.4921164113461,0.3212797037432,0.3100328220981,0.4423018321620,0.5189050338709,-0.1612697275148,-0.4320200632766,1.0000000000000,-0.3342219032653,0.4435662036704,-0.0794562887693,-0.0102740036267,0.2051374603362,0.1626335425088,0.0511967669568,-0.0004396349284,0.1722667819965,0.3634383560896,-0.0268578328330,0.2350284931828,0.4064862041809,0.1987648495256,0.3957939539572,0.1682207803692,0.6416074103957,0.3385062328911,0.2997664571794,0.1399321208454,0.5591365809898,-0.0781248927942,0.5292390159733,0.3221825927115,0.0560770824736,0.0205644467191,0.0801168766520,0.3331718868707,0.2024032746714,-0.1601606552853,0.3102694172194,0.4248411044779,-0.2414487158147,-0.4586651955641,0.7719567939757,-0.3974111533928,0.3511996836632,-0.0754308477404,0.1689303380761,0.1242363115989,0.0071262284799,-0.0169920154196,-0.1088900597515,0.1623120339352,0.2498233927614,-0.1161889818107,0.1077001569917,0.4348011936740,0.0382844612052,0.2370158404238,0.1490707754313,0.4300449435409,0.2922884229737,0.0290121641694,-0.0175494552807,0.4426679873675,-0.0060013907443,0.0687488135819,0.3335557288674,-0.0184479763909,0.0309417494384,0.1103623137344
-0.1340992569159,-0.2630194753516,0.2180394711044,-0.1409943347114,-0.0648609989666,0.3440798107877,0.8623394775750,-0.3342219032653,1.0000000000000,-0.1172696271803,0.5976967561455,0.4500009267593,0.1987092050399,0.4143208715309,0.4502452130982,0.4789055070705,-0.0670012404210,-0.1441886228389,0.3304144222234,0.0056271519714,-0.0309169887031,-0.3152798425740,-0.2643742568173,-0.1416479519797,-0.1711206318668,0.0685071018774,0.2234139905351,0.3664361044320,-0.3714092444975,0.0475343988421,-0.2756674425036,0.0958692094835,0.1873331287463,-0.1392410515059,-0.0014280630358,-0.1514695207415,-0.2288297452989,0.3352423656156,-0.0084213171764,-0.1664616942800,0.4003135158847,0.8225280911409,-0.4119778212752,0.8789320969198,0.0071900911476,0.4998984629644,0.2629690895247,0.2232393118847,0.3731984723696,0.4151986054257,0.3992424620131,-0.1669618095604,-0.3301347926678,0.1250941898263,-0.2612868717075,-0.0188508734395,-0.2418180903885,-0.3315928138257,-0.1988015457801,-0.1976597338702,0.0582817856800,0.2234446927368,0.3630128270262,-0.5063243835574,-0.3590203075389,-0.3552187589512,-0.0789972076290,0.2224939984926,-0.2860277754653,-0.1820911849206
0.4703423148277,0.5141477754052,0.3619661105336,0.6016813922616,0.4864621985532,-0.3459070078283,-0.1655265216612,0.4435662036704,-0.1172696271803,1.0000000000000,-0.0537142040282,0.0109196721095,0.3792751097727,0.4063697617226,0.2198194449481,0.2967716836455,0.2484393397453,0.1478281941842,0.2559697702918,0.3128555989492,0.2556690400479,0.1264367889148,0.5245359906350,0.1455308932394,0.7502028906401,0.6459296472448,0.4009738022026,0.4459122814005,0.1722804890893,0.1804411290281,0.3731625321658,-0.0318484966380,-0.3140833679274,0.1688836201627,0.3851617260577,0.3858124947666,0.5312143011495,0.0542946961967,0.5583913546260,0.4824814570122,-0.3081811481544,-0.1581157142310,0.2641544823514,-0.2074101458429,0.7628152775884,0.0140047028760,-0.0785706837526,0.3595824593804,0.0255359642557,0.2413218269485,0.2512365471445,0.1021909710015,0.2076344546341,0.2096298719844,0.2460965576741,0.3593467852319,0.1148389679593,0.4895042904594,0.1127896644129,0.6247950997594,0.6083880653360,0.1208399853601,0.2965327254018,0.1508350180571,0.1602492701226,0.0086177130600,-0.1564066792397,-0.3709653705299,0.1391343302520,0.2832342972915
-0.0910721699805,-0.1851818806137,0.2376699331668,-0.0898898114291,0.2180480877673,0.1830252481959,0.5888010319356,-0.0794562887693,0.5976967561455,-0.0537142040282,1.0000000000000,0.5693327857072,0.4343875652435,0.3733293357294,0.2596582915940,0.2321297381051,-0.0820559139998,0.0650198264394,0.3838694793211,0.3226246572925,0.2459670725174,-0.1610488216270,-0.1747208547399,0.0790447188147,-0.0814540467303,-0.0362840087089,0.2623649792740,0.3087031286107,-0.3040603697246,0.2802880904008,-0.0520393529301,0.4381101756364,0.0003988887553,0.1434144612128,0.0132863940081,-0.0401677879673,-0.2200656254367,0.1789899818610,-0.0844660650037,0.1007736600632,0.3712207154569,0.5041976920967,-0.2389255239150,0.5272011938930,0.0750921287676,0.8879051260859,0.4071210783560,0.5128456516801,0.5019489938111,0.3020687719612,0.2991649752379,-0.2000375642536,-0.0723016003009,0.2000537265183,0.0809488779884,0.1850210801759,-0.1667918209497,-0.2520112982435,-0.0948447634170,-0.1224070815305,-0.0299088632191,0.0946192213252,0.2355419783927,-0.3828059770715,-0.1845284523807,-0.2641079418798,0.1440237826306,0.1091425992072,-0.0223402534617,-0.1256036989512
0.1525984700625,-0.0226012619540,0.1820590314204,0.0068631263215,0.1845867234873,0.1734133461715,0.3619506916339,-0.0102740036267,0.4500009267593,0.0109196721095,0.5693327857072,1.0000000000000,0.3108099359253,0.4503109510267,0.2936009492325,0.3442865072687,-0.0739883649865,0.0602586284453,0.5295807822550,0.3794003592320,0.3021021105902,-0.0665088402269,-0.0163384089578,0.1528943002278,0.0011077457587,-0.0023420468627,0.2724953408930,0.2927414821783,-0.1430575292714,0.3676607654223,0.0895650922743,0.5508736087728,0.1925404446115,0.1041584489261,0.0411910672204,0.0825484178105,-0.1037465769662,0.0798918667455,-0.0588734858380,0.0560685478608,0.3552012081919,0.3920502175530,-0.1188648298376,0.4042292381336,0.0901225663108,0.5339955585979,0.7798923526286,0.3775826818122,0.7959257265824,0.2237160735453,0.4155373597525,-0.1537171309438,-0.0267659146619,0.3612141778984,0.1060085330431,0.2473027113110,-0.1000167357713,-0.0507073159436,-0.0763925744348,-0.0614095542817,0.0208984529881,-0.0593288578524,0.1350418587941,-0.2471373714345,-0.1863445409429,-0.1396280363561,0.2288010879786,0.2836963286480,-0.1168164792748,-0.1130409630859
0.3069869588851,0.3748640970480,0.3815590437793,0.4622327380671,0.6173988235813,-0.0945059306666,0.2518716601682,0.2051374603362,0.1987092050399,0.3792751097727,0.4343875652435,0.3108099359253,1.0000000000000,0.2044466506679,0.1926973219429,0.2629322419287,-0.0383886024332,0.4470856927425,0.2903971065894,0.4843953155260,0.5672262897118,0.0770493973636,0.2320632123197,0.2386651883682,0.3184224051182,0.3343409044277,0.4874221297966,0.3806048729756,0.0823496934967,0.3686257864095,0.2692981755301,0.1967491639215,-0.1360714619180,0.3285848553127,0.4545913911731,0.2399729780715,0.3404832269863,0.1872946267724,0.3798022398934,0.4207916697859,0.0044143261481,0.0926141384874,0.0416602927414,0.0922935038270,0.3861845135356,0.3532062780266,0.1175955290058,0.8808595379420,0.0712327031747,0.1325097480474,0.2744253011599,-0.0383136110003,0.2316340608505,0.1437455988100,0.2578341214503,0.6448560904569,0.0363215032385,0.1463780185519,0.1602481169213,0.1840754787524,0.2978005217982,0.1987347512525,0.2509680221500,-0.0277988436440,0.1266587625232,0.0399129642083,-0.0254040898673,-0.1569895442859,0.2203574459333,0.3342866905073
0.2381685552503,0.1214707107104,0.3123119718669,0.2199133943259,0.1384484500995,-0.1346965392664,0.2486021125319,0.1626335425088,0.4143208715309,0.4063697617226,0.3733293357294,0.4503109510267,0.2044466506679,1.0000000000000,0.5181785506245,0.3884550796551,0.2117096169837,-0.1650878089635,0.6037005388739,0.3436522368774,0.0729213156857,-0.0766213901498,0.1584304682340,0.0052205420390,0.2457030953049,0.5721599328576,0.3805726651243,0.5628433051194,-0.1754650983499,0.2751623426730,0.0910322236577,0.1712929311316,-0.0867666690153,0.0235649710402,0.1156690534695,0.1622771593346,0.1065447809957,0.0862048168342,0.2831074223455,0.0924841392649,-0.0845839723314,0.2283861523783,-0.0707328863561,0.2843932233834,0.3865470708386,0.4431164188042,0.3328760715115,0.2579685710994,0.6081429720939,0.5634416313936,0.3530761897106,-0.0004818994330,-0.0285133971922,0.4513817846068,0.1581448313060,0.0843625136175,-0.0533656705814,0.1281841344302,-0.1019072309420,0.2407055756197,0.5959805926702,0.1306094682801,0.4748178345512,-0.2296289312542,-0.0473792368934,-0.2634205228925,-0.1342478202776,-0.0855281206611,-0.1347298460191,-0.0047995297198
0.1994776285214,0.0248405667575,0.2171587884442,0.0840153965302,-0.0288138667428,0.1270747810651,0.3325448517193,0.0511967669568,0.4502452130982,0.2198194449481,0.2596582915940,0.2936009492325,0.1926973219429,0.5181785506245,1.0000000000000,0.4889023347560,-0.0749416725512,-0.0969328576803,0.3204899231839,0.0687330160723,-0.1574290773237,-0.2082006444571,-0.0298552410681,-0.2026668849269,0.1288154021710,0.2879452887032,0.2277834655298,0.3567114781878,-0.1625953217341,0.3085656565872,-0.0542270903404,0.0712142647422,0.0427225460720,0.0870738962744,0.0961606454098,0.0448600588044,0.0775553985687,0.1361865231417,0.2216757121309,-0.1342438789503,0.1434914785626,0.4098754976764,-0.0551704000136,0.3942090666547,0.2575878377517,0.2975205110210,0.1427140377262,0.2871081402022,0.2045192767937,0.6083866762581,0.5714869399970,-0.1109053943068,-0.1438268445413,0.2975756742575,-0.0270791800222,-0.0790880084682,-0.2028142545702,0.0286920165497,-0.1655005086519,0.0184846327994,0.3675955375177,0.1630320269348,0.3150643811716,-0.2038249529792,0.0516852713268,-0.2078703959864,-0.0040369036904,-0.0898361271396,-0.1231612476601,-0.0907895313393
0.0969245058121,0.2102996194324,0.2217124783879,0.2341060616685,0.1302839845557,0.1692539479030,0.4385607583161,-0.0004396349284,0.4789055070705,0.2967716836455,0.2321297381051,0.3442865072687,0.2629322419287,0.3884550796551,0.4889023347560,1.0000000000000,0.0402381780316,-0.0118813562675,0.1987938077364,0.0414331474015,-0.0987997318994,-0.1366514291854,0.0262705754407,-0.0321055274109,0.1734958689218,0.3234111641373,0.2063181362813,0.4260408488680,-0.1014174263938,0.2015156551639,0.0048890412097,0.0169323947218,0.0859385032429,0.0560396434383,0.2407576385055,0.0731442480443,0.2258388803361,0.2693932223278,0.3429496923847,0.0445476120270,0.1896774286613,0.5349905033052,-0.1194878740906,0.4206896352918,0.3973347470061,0.1741042569224,0.1534557728469,0.2973272997525,0.1641416302097,0.4099971255568,0.7286211904053,-0.0559165787771,-0.0847772569041,0.1971597536377,-0.1207704401530,0.0005228325482,-0.0885566072097,0.0261593108901,-0.0242721332390,0.1276935351119,0.3510804766413,0.1211929782698,0.3984394863213,-0.1535298259753,-0.0007851766438,-0.0633116737530,-0.0695472440228,-0.0005146274508,-0.1648536998032,0.0859584217561
0.3298992983292,0.3352170288333,0.2380169696548,0.4657152593471,0.1208543626339,-0.3283987231892,-0.1643366157983,0.1722667819965,-0.0670012404210,0.2484393397453,-0.0820559139998,-0.0739883649865,-0.0383886024332,0.2117096169837,-0.0749416725512,0.0402381780316,1.0000000000000,0.1533942989816,0.1561939189374,0.2623605228471,-0.0333468935562,0.5215991579462,0.5251894552556,0.6079087730229,0.3005768873066,0.4875828191946,0.2970201596841,0.3430114039151,0.4650590758553,0.1386566998917,0.3211619014533,-0.2016174342198,-0.1850530871942,0.1423436250818,0.3530156073653,0.4777050000593,0.3115918924439,0.2011204428339,0.4534082851992,0.2863897919562,-0.3246434767791,-0.1234075746329,0.0561044263012,-0.1500286889504,0.1669968335889,0.0301258269443,-0.0916091510472,-0.0814398652886,-0.0275512568946,0.0469077702544,-0.0018146690781,0.7911428334370,0.2109801592171,0.0708420721146,0.1290148106707,-0.0668093730433,0.5648417852891,0.4377000782818,0.5191411047582,0.4601097016293,0.3513946313406,0.1674592343938,0.3302415908086,0.4411964436529,0.2553408598511,0.1998392648679,-0.3048648729950,-0.1671919670798,0.1942187629869,0.3882917905692
0.4383073166702,0.3844889024942,0.4339432158490,0.5398197776499,0.5230288817863,-0.0915408663811,-0.1478452188937,0.3634383560896,-0.1441886228389,0.1478281941842,0.0650198264394,0.0602586284453,0.4470856927425,-0.1650878089635,-0.0969328576803,-0.0118813562675,0.1533942989816,1.0000000000000,0.0792459539998,0.5221172713913,0.3988673845489,0.2700945407571,0.3404756098541,0.5313049864170,0.2307774842215,0.1851143017589,0.5144666261622,0.2295060010542,0.4318053182732,0.2080391045047,0.4690865815081,0.0262601123889,-0.0851377955780,0.3546013368989,0.5231250031359,0.3368553734990,0.2830715060878,0.2359631968298,0.3905898653217,0.4157940628336,-0.1361656522993,-0.2157428099319,0.2464601041383,-0.1719935540464,0.1590405897593,-0.0008576862405,0.0428972000626,0.3541389724610,-0.2339878163151,-0.1650945118374,-0.0877802051860,0.1541154816235,0.6132430107022,0.0065051010822,0.3475267429434,0.4188492796211,0.2524653912215,0.1496975446086,0.3846514237596,0.1025673461439,0.0497602278798,0.2913777024399,0.0296181775684,0.2423402942068,0.1673664799741,0.2319923338652,0.0320917522487,-0.0680971026309,0.3064793219633,0.4711363653870
0.1872153009459,0.1695181864655,0.4086149710241,0.2242824134671,0.0763471488918,-0.3000526136663,0.2232221855707,-0.0268578328330,0.3304144222234,0.2559697702918,0.3838694793211,0.5295807822550,0.2903971065894,0.6037005388739,0.3204899231839,0.1987938077364,0.1561939189374,0.0792459539998,1.0000000000000,0.6741248614851,0.0867979780307,-0.0322621445297,0.1159940336896,0.1232088222753,0.0224275395247,0.4368065617782,0.5483272363482,0.5776989857822,-0.2723148300584,0.3994798244324,0.0796685876148,0.1485940110105,-0.3720018575394,0.1535868292934,0.3388899145808,0.0467603379907,0.1053813619477,0.1865619565354,0.1686351154801,0.0185553034675,-0.2220314777722,0.1272732543291,-0.2970384287482,0.1596279697498,0.2003084599639,0.3898700426482,0.2211203219179,0.3742125579725,0.4164753799297,0.2720345831822,0.2960579363462,-0.0856186540558,0.1081704750968,0.8132898956719,0.4240746274385,0.0806541962445,0.0106557326804,0.1067253462054,-0.0378008388623,-0.0035679439329,0.2800943481276,0.1641825885276,0.3561442008595,-0.3144896029628,-0.1111507721477,-0.2961444024270,-0.3592658082556,-0.3683329795257,-0.0856436261057,0.0633422203694
0.4848623374521,0.4138017135272,0.4734277414523,0.5272752290030,0.3406653440223,-0.3692733567585,-0.0582061960119,0.2350284931828,0.0056271519714,0.3128555989492,0.3226246572925,0.3794003592320,0.4843953155260,0.3436522368774,0.0687330160723,0.0414331474015,0.2623605228471,0.5221172713913,0.6741248614851,1.0000000000000,0.3106298105289,0.1964478123357,0.4052634558482,0.4410881260220,0.2115656265804,0.4992570687125,0.6418616663602,0.4767713530680,0.1053971846726,0.5397672086722,0.4564631516720,0.1499368289054,-0.3702956192805,0.3824133136611,0.6154755118869,0.3944608612250,0.3173376063026,0.1938138184817,0.3812314652471,0.3068213352889,-0.2815521442269,-0.1744263083087,-0.0060877880429,-0.1117899368530,0.2947799747665,0.3334576281757,0.1270831658718,0.4715941565214,0.2220303432385,0.1314409231114,0.1063524042409,0.0740299908815,0.5478968242221,0.5439619787605,0.6907238123316,0.3256131959554,0.2031504218871,0.3211655188753,0.2466865084458,0.2417128935352,0.3211859748859,0.2249789534233,0.2774505506674,0.0297523402217,0.1914557836647,0.0198842694882,-0.2118556469361,-0.3497471561806,0.2657083172465,0.4387846285779
0.3900226509790,0.2659164556069,0.2971659843592,0.2942511531779,0.7724492137109,-0.0439879895674,-0.0364503677281,0.4064862041809,-0.0309169887031,0.2556690400479,0.2459670725174,0.3021021105902,0.5672262897118,0.0729213156857,-0.1574290773237,-0.0987997318994,-0.0333468935562,0.3988673845489,0.0867979780307,0.3106298105289,1.0000000000000,0.0905054953618,0.2484364987226,0.3130312633680,0.3637638301081,0.1297635597896,0.3720324554869,0.0810055388042,0.2506122451146,-0.0145272647547,0.4414831866222,0.3044838358629,0.0767412693204,0.0790611707413,0.1478979960532,0.2920837013609,0.1602194880113,-0.0940174478859,0.1008188406102,0.5555172341866,-0.0328254262988,-0.2146821238242,0.2670118443995,-0.1217837184774,0.1638659217784,0.1763125025326,0.3245987931481,0.4498355084531,0.2258594776165,-0.1672473776060,-0.2238323685452,-0.0530413131825,0.2861952245528,-0.0902073266235,0.1426281417032,0.9164008165616,0.0206858256672,0.0890629683156,0.1071259492866,0.2232722525898,0.0678038881100,0.0161778519640,-0.0964375422756,0.1030195417417,-0.1415083955850,0.1190940236346,0.1558621263933,0.0908577182480,0.1113047123464,0.1950596180160
0.2560678369910,0.3971611651580,0.0163490888813,0.3856348337308,0.2015556644012,-0.2865110251891,-0.3058721521244,0.1987648495256,-0.3152798425740,0.1264367889148,-0.1610488216270,-0.0665088402269,0.0770493973636,-0.0766213901498,-0.2082006444571,-0.1366514291854,0.5215991579462,0.2700945407571,-0.0322621445297,0.1964478123357,0.0905054953618,1.0000000000000,0.5278642003014,0.6998839674225,0.2287434020162,0.1860294672540,0.0443639534128,0.0055328267766,0.5465804258435,0.3321101560653,0.4551449632361,-0.0768579105081,-0.1133518438359,0.4330141230004,0.2776373476699,0.4108132584262,0.2899283393885,-0.0763509763226,0.2321136681210,0.3647171041803,-0.2716366915350,-0.2962481441681,0.1587995897014,-0.4069891913961,0.1122334991816,-0.0483083606625,-0.0160162634771,0.0322027499389,-0.0902079409695,-0.2041539210174,-0.1339081413074,0.5765512014176,0.3315325192617,-0.0657286474510,0.1521964188034,0.0361417750867,0.8062325533117,0.4596969781379,0.6596646345181,0.3935811032635,0.1108995462131,-0.1124114826859,-0.0122359606915,0.6015670339984,0.4732474683154,0.4369522283581,-0.0995715256234,-0.0582631356380,0.4094538430497,0.4223060989255
0.6349079799654,0.6969205862198,0.2390235192014,0.7466331117128,0.4192839948872,-0.3206883299525,-0.3017440289033,0.3957939539572,-0.2643742568173,0.5245359906350,-0.1747208547399,-0.0163384089578,0.2320632123197,0.1584304682340,-0.0298552410681,0.0262705754407,0.5251894552556,0.3404756098541,0.1159940336896,0.4052634558482,0.2484364987226,0.5278642003014,1.0000000000000,0.5982026151746,0.6547249411835,0.5873407129682,0.3716378310078,0.2549500752137,0.5889847147990,0.3562350741385,0.6924414972196,-0.1225638774162,-0.1708715968983,0.2903684338977,0.5462455190489,0.7059964176861,0.6478588561033,-0.0264922737584,0.6282268708107,0.5467535418916,-0.3564030356523,-0.3091722325796,0.3459479389720,-0.3699718404483,0.4556907753527,-0.0530314408274,-0.0595236498621,0.1310679184519,-0.0299188651124,0.0644158309136,0.0495244129971,0.5146390799973,0.4952529729999,0.0631635398678,0.3264433507264,0.2759249893355,0.5249977553329,0.8743991406563,0.5351275171576,0.7464746356075,0.5182348046923,0.1009184209186,0.1302117416601,0.5677722362611,0.4563375227194,0.4417979332325,-0.1715954578749,-0.2112732427344,0.3775778436817,0.5932400577153
0.4343182789722,0.5218142269080,0.3394976033580,0.5437004683316,0.3868225977769,-0.2482271694752,-0.1701460155090,0.1682207803692,-0.1416479519797,0.1455308932394,0.0790447188147,0.1528943002278,0.2386651883682,0.0052205420390,-0.2026668849269,-0.0321055274109,0.6079087730229,0.5313049864170,0.1232088222753,0.4410881260220,0.3130312633680,0.6998839674225,0.5982026151746,1.0000000000000,0.2611153370158,0.3231079631134,0.3738007836842,0.3222984892431,0.6007048967986,0.3252949921104,0.6033576221731,-0.0532616679718,-0.1478585077287,0.4032974719005,0.4792326865241,0.5434143890818,0.3858861417368,0.1948721968757,0.3898266447766,0.4246056798437,-0.2063775815277,-0.2218486674736,0.0587155854030,-0.2437351513101,0.0891067091571,0.0838706558886,0.0871880975956,0.1523313311988,-0.0025797201928,-0.1932665350858,-0.0701147020139,0.5586647906841,0.4796363291839,0.0020638642601,0.2327192374157,0.2687025987554,0.6596855826338,0.4813604928516,0.7596578037758,0.3610388992120,0.1619553800093,0.0405654936147,0.1995798206087,0.5275764362187,0.2924271119464,0.4647170912276,-0.2154612913304,-0.0795999262465,0.3531875979878,0.5186845169136
0.5293460909752,0.5124339671299,0.3961788403262,0.6113536345425,0.5810179138292,-0.2352137133788,-0.2330286400703,0.6416074103957,-0.1711206318668,0.7502028906401,-0.0814540467303,0.0011077457587,0.3184224051182,0.2457030953049,0.1288154021710,0.1734958689218,0.3005768873066,0.2307774842215,0.0224275395247,0.2115656265804,0.3637638301081,0.2287434020162,0.6547249411835,0.2611153370158,1.0000000000000,0.5194251286530,0.4018876627577,0.3095768999630,0.5204099464260,0.0967620286494,0.5527548178625,0.0082330035553,-0.1013032395518,0.0928960938423,0.2831239880237,0.4795627422230,0.5107765382195,0.0320634315799,0.5245289928721,0.6076374624610,-0.2239388845733,-0.2324404600308,0.5505697682847,-0.2576345079219,0.6159909931313,-0.0354959918562,0.0064906193233,0.2183980647884,0.0207062815342,0.1408245202418,0.0909498938786,0.2569617056020,0.2276454120540,-0.0527634476003,0.1024699689366,0.4483663809003,0.1835287359605,0.5548811557195,0.2152778334818,0.8079362726218,0.5038551892967,0.1632491055760,0.2180103401677,0.4113816202241,0.1617031672762,0.1979089419669,0.0293548060608,-0.1506507334547,0.1870692861584,0.3003971024342
0.5865949473689,0.6563137390403,0.4895638898516,0.7577305133943,0.3309972606890,-0.4366343776960,-0.0546490730095,0.3385062328911,0.0685071018774,0.6459296472448,-0.0362840087089,-0.0023420468627,0.3343409044277,0.5721599328576,0.2879452887032,0.3234111641373,0.4875828191946,0.1851143017589,0.4368065617782,0.4992570687125,0.1297635597896,0.1860294672540,0.5873407129682,0.3231079631134,0.5194251286530,1.0000000000000,0.6497179516015,0.6894770631990,0.2407472332990,0.3164087405795,0.4751418177673,-0.2801156147906,-0.3257027676410,0.2222732454712,0.6740813254849,0.5883106443158,0.6391138451506,0.2914762919178,0.8041139256523,0.3362313567524,-0.4752239786672,-0.1119100287044,0.1642650430041,-0.0615706157229,0.5423225798516,0.0510899795241,-0.1545220979639,0.2560217189671,-0.0005456347542,0.4066710941047,0.2348097804236,0.3129085305102,0.3694351115899,0.3802467443164,0.3701659787388,0.2380597541929,0.2477495422439,0.5455084492637,0.2913342517944,0.5754570584898,0.8389971432424,0.3884267920539,0.6168313287664,0.1977396451576,0.2652192445781,0.1253172705907,-0.4755805381247,-0.4311743695074,0.1623497244216,0.5786962675148
0.4750683215494,0.4997936770257,0.7889824784575,0.5973517510726,0.4497820904555,-0.3419015365922,0.0621326005260,0.2997664571794,0.2234139905351,0.4009738022026,0.2623649792740,0.2724953408930,0.4874221297966,0.3805726651243,0.2277834655298,0.2063181362813,0.2970201596841,0.5144666261622,0.5483272363482,0.6418616663602,0.3720324554869,0.0443639534128,0.3716378310078,0.3738007836842,0.4018876627577,0.6497179516015,1.0000000000000,0.7115499052218,0.2260285189842,0.2536187589746,0.4424394923895,-0.0709517706736,-0.3696289338536,0.2214782959054,0.6007594769462,0.3672505288925,0.4362038285129,0.4585801089284,0.5232297582209,0.3482288150653,-0.3091797291639,-0.0511390944871,0.0840435808703,0.0759052968337,0.3142501129131,0.2221459552380,0.0329748804225,0.4328444153060,0.0560666471487,0.1814739004088,0.1273932401169,0.0844850053590,0.3760682968866,0.4212456824073,0.3652597983228,0.4424517219133,0.0907131749256,0.2224515331548,0.1403104810225,0.2975799761885,0.4654505020070,0.6019222876955,0.5221683429692,0.0103448866987,0.0072497344842,-0.0039967028840,-0.3890574182418,-0.3939265200775,0.1356260189094,0.4137066257415
0.3042055434614,0.4260346884240,0.7419468962721,0.4869482231420,0.2560189740574,-0.2417439564158,0.2112106108729,0.1399321208454,0.3664361044320,0.4459122814005,0.3087031286107,0.2927414821783,0.3806048729756,0.5628433051194,0.3567114781878,0.4260408488680,0.3430114039151,0.2295060010542,0.5776989857822,0.4767713530680,0.0810055388042,0.0055328267766,0.2549500752137,0.3222984892431,0.3095768999630,0.6894770631990,0.7115499052218,1.0000000000000,0.0375592637023,0.2388930543877,0.2422754658804,-0.0983876585463,-0.3094725980625,0.2001445985302,0.4905237125632,0.2317131627285,0.3710702370002,0.5774664426599,0.5457116366453,0.1709526428071,-0.1931395121929,0.1640401716234,-0.0921882502400,0.2304987018601,0.3247931891416,0.2722980937052,0.0487235107651,0.3512733756963,0.1707959939604,0.3263218095680,0.3655250354225,0.1408216876409,0.1228181002894,0.4639589818389,0.1914580982792,0.1613943381514,0.0528676210117,0.2180681862299,0.2156347375505,0.2082492591398,0.5338863347235,0.3978388656055,0.8241026307381,-0.1081329325435,-0.0191378963939,-0.1017620847770,-0.4179104058502,-0.3415082575627,0.0398038600763,0.2790761893632
0.4790674471650,0.4666918062669,0.1964143576711,0.5366333186877,0.3347712656172,-0.2332377480690,-0.4595538913350,0.5591365809898,-0.3714092444975,0.1722804890893,-0.3040603697246,-0.1430575292714,0.0823496934967,-0.1754650983499,-0.1625953217341,-0.1014174263938,0.4650590758553,0.4318053182732,-0.2723148300584,0.1053971846726,0.2506122451146,0.5465804258435,0.5889847147990,0.6007048967986,0.5204099464260,0.2407472332990,0.2260285189842,0.0375592637023,1.0000000000000,-0.0392959418164,0.6230990495809,-0.0607607480077,0.0372081275832,0.0624771383731,0.2394913890022,0.4730510445716,0.3945583305764,0.0132325668184,0.3921275175564,0.3875067940847,-0.2779581995762,-0.4196580734157,0.5755997049103,-0.4141317474104,0.0832889041947,-0.2229265982611,-0.0156422936274,-0.0346492395413,-0.2505635778649,-0.2826565383697,-0.1827176173843,0.5542554602848,0.3481563620311,-0.2981115174876,0.0266799112052,0.2771566853213,0.4724294757766,0.4551493963521,0.5985807270420,0.5020930670148,0.1666368788780,0.0614624175782,-0.0157536212269,0.8928766398902,0.2238861424491,0.5182739535870,0.0428395744255,0.0035712741333,0.1750412285862,0.3380234297517
0.2684279782808,0.3868172634452,0.0753172749557,0.3950543827309,0.1519613039715,-0.1061126321193,0.0900352385343,-0.0781248927942,0.0475343988421,0.1804411290281,0.2802880904008,0.3676607654223,0.3686257864095,0.2751623426730,0.3085656565872,0.2015156551639,0.1386566998917,0.2080391045047,0.3994798244324,0.5397672086722,-0.0145272647547,0.3321101560653,0.3562350741385,0.3252949921104,0.0967620286494,0.3164087405795,0.2536187589746,0.2388930543877,-0.0392959418164,1.0000000000000,0.3260132046348,0.0296698561831,-0.1056777822434,0.7122885719753,0.5849634068111,0.4409124313913,0.3833606955848,0.1213282414121,0.3535353182262,0.2341357780874,-0.0360882899268,0.0695122008936,-0.1102458083601,-0.0422492159848,0.3228169747755,0.3251426896446,0.1231227922924,0.3914736586331,0.2109476683842,0.4076387664619,0.4025733278011,0.1195045512896,0.4181403851642,0.4011162773572,0.5018254671367,0.0126917613725,0.3402593216571,0.4237421758084,0.2571002281042,0.2898356453777,0.3809873302672,0.1443983591428,0.2821568649922,0.0257770088031,0.6871537612197,0.2310216029512,-0.1274755180618,-0.1509074396369,0.5556547204396,0.5353374192281
0.6113010550100,0.6611387646599,0.3413957175054,0.6275065666436,0.5692126004699,-0.2384674620511,-0.3334026646104,0.5292390159733,-0.2756674425036,0.3731625321658,-0.0520393529301,0.0895650922743,0.2692981755301,0.0910322236577,-0.0542270903404,0.0048890412097,0.3211619014533,0.4690865815081,0.0796685876148,0.4564631516720,0.4414831866222,0.4551449632361,0.6924414972196,0.6033576221731,0.5527548178625,0.4751418177673,0.4424394923895,0.2422754658804,0.6230990495809,0.3260132046348,1.0000000000000,0.0012479180686,-0.0594379489355,0.3054579517202,0.4933707357023,0.6653740103461,0.4909881477750,-0.0309198553775,0.4720653668976,0.5705728421879,-0.2787498509890,-0.4055636021022,0.4696927973966,-0.3855123918691,0.3212293124415,-0.0369668020671,0.0747342070962,0.1406937649015,-0.0038163812676,-0.0304473358425,-0.0951061908104,0.3309929968251,0.6678649483848,0.0381292741921,0.4144513774285,0.4591780905631,0.4407767272156,0.6069835621119,0.5176900179333,0.6253825617204,0.3793986263095,0.1121234624030,0.1140570104529,0.5600595279382,0.3241956914686,0.6407404857121,-0.0583587543984,-0.1040030759027,0.3107306570199,0.5832426155817
-0.0305496639652,-0.2111739603160,-0.0861387391560,-0.1811195347804,0.2020125136723,0.2033961008052,0.0952317899504,0.3221825927115,0.0958692094835,-0.0318484966380,0.4381101756364,0.5508736087728,0.1967491639215,0.1712929311316,0.0712142647422,0.0169323947218,-0.2016174342198,0.0262601123889,0.1485940110105,0.1499368289054,0.3044838358629,-0.0768579105081,-0.1225638774162,-0.0532616679718,0.0082330035553,-0.2801156147906,-0.0709517706736,-0.0983876585463,-0.0607607480077,0.0296698561831,0.0012479180686,1.0000000000000,0.2581500898352,-0.0241529211191,-0.3003038187863,-0.0984960562476,-0.3228344352472,-0.2817226256567,-0.3282445697078,0.0524303564103,0.3059578888070,0.0762539872013,0.1687729131766,0.0580253819830,0.0287129191199,0.3576867301612,0.6119904276570,0.2300689253734,0.5484832459222,-0.0863305236372,0.0456027617849,-0.1786960004175,-0.1193411976972,-0.0431480602907,-0.0200957866829,0.2141166148612,-0.1943991278801,-0.2354530230886,-0.1345012795417,-0.1547340239999,-0.2146375743968,-0.3294406180705,-0.3018587236211,-0.0819238566153,-0.2752951837908,-0.2547476341448,0.7056025858770,0.3335907650135,-0.1151581918802,-0.3364644674124
-0.0226803344229,-0.3141536414318,-0.2819520018796,-0.2176393144830,-0.0055109114458,0.7342048591435,0.1836133288076,0.0560770824736,0.1873331287463,-0.3140833679274,0.0003988887553,0.1925404446115,-0.1360714619180,-0.0867666690153,0.0427225460720,0.0859385032429,-0.1850530871942,-0.0851377955780,-0.3720018575394,-0.3702956192805,0.0767412693204,-0.1133518438359,-0.1708715968983,-0.1478585077287,-0.1013032395518,-0.3257027676410,-0.3696289338536,-0.3094725980625,0.0372081275832,-0.1056777822434,-0.0594379489355,0.2581500898352,1.0000000000000,-0.1417603478439,-0.3070656643073,0.0115941992015,-0.3527619255767,-0.1915590168297,-0.1830401372967,-0.0513301264659,0.5096746630525,0.2505357233914,0.1692951284385,0.2339387416197,-0.1923692441740,-0.0174157372747,0.4438779796944,-0.2187196862871,0.2132560454321,0.1148453029837,0.0031546149155,-0.0181458745500,-0.1938722335727,-0.4152504670732,-0.3383940412878,0.0229729435164,-0.1848994551270,-0.2128451554266,-0.1808651245104,-0.1214327365612,-0.1825278470190,-0.1637788144651,-0.2125467951332,-0.0278972376923,-0.0832055102066,0.0064445357265,0.5696493247515,0.8117667582819,-0.0586205175419,-0.1424518710878
0.1404004013922,0.3971053655903,0.1209408084761,0.3507706083873,0.1932817356573,-0.0912406157396,-0.0597603645164,0.0205644467191,-0.1392410515059,0.1688836201627,0.1434144612128,0.1041584489261,0.3285848553127,0.0235649710402,0.0870738962744,0.0560396434383,0.1423436250818,0.3546013368989,0.1535868292934,0.3824133136611,0.0790611707413,0.4330141230004,0.2903684338977,0.4032974719005,0.0928960938423,0.2222732454712,0.2214782959054,0.2001445985302,0.0624771383731,0.7122885719753,0.3054579517202,-0.0241529211191,-0.1417603478439,1.0000000000000,0.5332486095204,0.3509227450897,0.3696994145124,0.1328484732963,0.3332459740922,0.2111904166540,-0.0730759940843,-0.0936643836490,-0.0200613517104,-0.1722324579982,0.1849973231142,0.1567772975561,-0.0171802738252,0.3211506616899,-0.0643086408062,0.1481889751497,0.1513168962457,0.1480384356505,0.4180184008935,0.1757656574359,0.3803364944544,0.1147769634679,0.3818017153346,0.3310122935585,0.3789275421162,0.1795607130028,0.2648808735671,0.1308495357112,0.2289238417455,0.0945737248823,0.6054401867842,0.2828032252447,-0.0628725989783,-0.1629467494209,0.7874081401654,0.5537413059327
0.5188566243856,0.6521317284052,0.3919496345857,0.7386704668833,0.3303411291171,-0.3182922236091,-0.0102040369104,0.0801168766520,-0.0014280630358,0.3851617260577,0.0132863940081,0.0411910672204,0.4545913911731,0.1156690534695,0.0961606454098,0.2407576385055,0.3530156073653,0.5231250031359,0.3388899145808,0.6154755118869,0.1478979960532,0.2776373476699,0.5462455190489,0.4792326865241,0.2831239880237,0.6740813254849,0.6007594769462,0.4905237125632,0.2394913890022,0.5849634068111,0.4933707357023,-0.3003038187863,-0.3070656643073,0.5332486095204,1.0000000000000,0.5865533366822,0.6513362761128,0.4161322634827,0.7488731916538,0.3421606207363,-0.3380723862563,-0.0742997616718,0.0412531859793,-0.0597126000759,0.3604917559912,0.0365482974358,-0.2024556484434,0.3762672943626,-0.2162414396728,0.2179401312594,0.2659654693480,0.2656840877394,0.6066523775842,0.3400171017901,0.5320880718761,0.2538060454715,0.3741137765811,0.5084410949593,0.4285191711384,0.3965547310071,0.5421022639791,0.4339127312138,0.4529891078933,0.1765814230683,0.4756085353914,0.3444328594946,-0.4340681356214,-0.3985029864438,0.4771187124181,0.8409858223056
