1.0000000000000,0.4023632548241,0.3170504930782,0.5653751503121,0.5575730595500,0.4476859047459,0.4704626599061,0.5398390938312,0.4503851933523,0.5609751574784,0.4426839067983,0.3282201664903,0.6083078457316,0.2683815992385,0.6632070937476,0.3897753035050,0.2465925034753,0.5168856892728,0.4305234211132,0.6588754816648,0.5403248170089,0.3918858145071,0.3421430179927,0.5307542404858,0.5776172180355,0.5012261893595,0.4171416488933,0.0236742535556,0.5433743563820,0.6365948120512,0.5188572870622,0.0705844453318,0.3256271284075,0.6720032768198,0.7144132948825,0.1973513648270,-0.1493996893473,-0.2095646229458,0.1859097672395,0.3992976734497,0.0384508972963,-0.0972746329962,-0.0544548318588,-0.2786938538723,0.3454423793592,-0.0497911420631,-0.2550556209279,0.3403173283884,-0.3362662713817,-0.2087293869495,0.0130151165429,0.2696667655126,-0.3963154247931,-0.4507391460244,-0.4792927753136,0.2524536787386,-0.3841382365057,0.1104500749037,-0.3896133021231,0.3006589569381,-0.2319579076887,-0.5576212083078,-0.1236842143789,0.2237890971199,-0.3030894675944,-0.1543769026173,-0.3119349398222,0.0525300445572,-0.0596915035947,-0.3162739726303
0.4023632548241,1.0000000000000,0.5053739276692,0.8218257302912,0.2290489034808,0.2429915204885,0.1840392858504,0.2402014140253,0.0924369812765,0.2984740882528,0.0916515746381,0.1835758189154,0.2487839845773,0.2495128475989,0.2137442751796,0.1895936238598,0.3888639602422,0.4774331302783,0.3151783937350,0.5470257571648,0.2119513486961,0.3732873790244,0.7537167330088,0.5847629304187,0.4182557962553,0.6406281409272,0.6151923385259,0.3801953682042,0.4041267486379,0.1830169797809,0.4569365002006,0.0658766082110,0.1286344723490,0.2258087064270,0.3264996761214,-0.1082265694402,0.5249054922546,0.0068457400199,0.4692239637117,0.0940005847989,-0.0696021914789,-0.2231542278726,0.0280379776537,-0.3036263322150,0.1861989542262,-0.1711710893613,-0.1885967935325,0.0358135679453,-0.1756994394208,-0.2510201243068,-0.0517749318877,0.3794603729243,0.1034882995897,-0.2284710307500,-0.1088125726557,0.0617911022294,-0.2012007480653,0.5683976073714,-0.0790314794140,0.3456810730543,0.1865060969509,-0.1454175735521,0.2980285229800,0.2710842903043,-0.2925437508887,0.1126280661321,-0.0628750794230,-0.1546291685573,0.0726158639753,-0.2071749359669
0.3170504930782,0.5053739276692,1.0000000000000,0.4403553280050,0.1384229417336,0.3183034809638,0.1475433418741,0.1818288353694,0.0789472158310,0.2204717974354,0.0134088121287,0.3540353927921,0.1641780145764,0.2251615687908,0.1209400222222,0.2735516223036,0.0895435554975,0.2769403718718,0.3188168984185,0.3411941758548,0.0911619965047,0.4211506240464,0.3613076400062,0.7216725783435,0.3239494939927,0.3082565840795,0.6334131355247,0.6767046833191,0.3310461654684,0.1731488780120,0.2182601385886,-0.0689097591596,0.2370913992080,0.2074274427614,0.3430086923226,-0.2153884833089,0.0031698416893,-0.2417386963826,0.0731738782679,0.1062409449124,-0.0115343223275,0.0625179959324,0.0220978993629,0.0441153718891,0.1154921494706,-0.0887189328832,0.0093632891523,-0.0192455451498,-0.0223742767349,0.0015286532432,0.1203431859281,0.1608668498394,-0.1578580640700,-0.1321194162098,-0.2026908439909,-0.0611966047705,-0.3155701873761,0.1361367841045,-0.2896246845817,0.1650543874770,-0.1151689514402,-0.4753641404551,0.1939938295237,0.2071925470461,-0.1118324368136,-0.0740944525300,-0.1522535869341,-0.0713656150459,-0.0111185873470,-0.2897709034807
0.5653751503121,0.8218257302912,0.4403553280050,1.0000000000000,0.3897015579503,0.3829370014495,0.3621471719680,0.4728321151986,0.3377765104502,0.4479385061126,0.2711737405318,0.2010873078387,0.3700861633876,0.2025953993916,0.4314266314687,0.3880528793162,0.4087538552776,0.5884875772987,0.3292350594556,0.7225186837210,0.3017621338804,0.4988035803568,0.7457757108930,0.6417266084765,0.5506991458447,0.7924342540623,0.6376312190425,0.2314231587053,0.5990081047196,0.3288368864461,0.6711737461755,0.0571073830034,0.3128161322937,0.3229677174268,0.4706929229514,-0.0751175525929,0.3661517283077,-0.0015725162618,0.5937211688955,0.2249625772855,0.0780789404395,-0.1506931493626,0.0605159860875,-0.3238953048507,0.3144200115328,-0.1824537677168,-0.2841024693738,0.0722728778988,-0.3691849561156,-0.3525756204960,0.0126933371433,0.3809478410732,-0.0706436602440,-0.3434894746423,-0.2391178398096,0.0610959452042,-0.2404164852740,0.5719294535089,-0.1683046042803,0.4839120663380,0.1639311821419,-0.2838868831900,0.1732532217940,0.3672487113308,-0.3738515400984,0.0870963497963,-0.2029686795970,-0.0928973211825,0.0648468036871,-0.2639489523515
0.5575730595500,0.2290489034808,0.1384229417336,0.3897015579503,1.0000000000000,0.2598480221238,0.4314098747828,0.4935093438766,0.2728547959715,0.5066425597065,0.4851367573235,0.1010461002423,0.7238832685589,-0.0464991276335,0.3661315172563,0.4054151181817,0.1688780567915,0.2359418270019,0.1084823492107,0.3943963305410,0.7288481777091,0.3568264317273,0.2627086400989,0.3220902403909,0.6016546374481,0.3624386771551,0.2441508727461,-0.0100551417180,0.6552151810250,0.4266821250035,0.3586177699753,0.1189819934447,0.2023388042936,0.5024532976173,0.3576518426169,0.0220204836408,-0.1138142234710,-0.1507118429356,0.1129763612614,0.8738842728180,0.0922395576808,0.0115404253948,0.0885873728689,-0.2040371727158,0.5078000658712,0.2893740143268,-0.2737514246277,0.5725859735037,-0.3898227039812,-0.1479663757434,0.1657229888906,0.0574243241030,-0.2797510799992,-0.2951518382474,-0.3652900877270,0.4983003111077,-0.2646448195071,0.0430592772058,-0.2667874063261,0.3503804031137,-0.2026486002606,-0.4267142851375,-0.1000839957533,0.4808510540142,-0.2179020062967,-0.1687761194269,-0.3455883575307,-0.0911784426813,0.0849972310733,-0.2641015198185
0.4476859047459,0.2429915204885,0.3183034809638,0.3829370014495,0.2598480221238,1.0000000000000,0.4309476240845,0.3303986075790,0.3886716131629,0.3459010953664,0.1534641252274,0.1644360730680,0.3667517639008,0.2104365354622,0.4987943807509,0.5703976888041,0.1543994300831,0.1895963714052,0.1708683352459,0.3130609279171,0.1129394738775,0.3436323213732,0.1637359920144,0.3755446037224,0.3754985568704,0.3693081773333,0.3916240729233,-0.0044954607145,0.4418893834818,0.4372920648858,0.3264330226398,0.1580361554490,0.6576893791808,0.3313351301558,0.3990016498971,-0.0869852920955,-0.1854521644162,-0.1755886700474,-0.0943116161211,0.1288922469622,0.3496369284665,0.3346307287654,-0.1019887613633,0.0842746681768,0.1596090587665,-0.1691062308907,-0.2789677584581,0.0191126910412,-0.4382062930487,0.0054402416401,0.2441979843128,0.1340385356105,-0.3608282326374,-0.4481332485397,-0.3670405227358,-0.0909622446330,-0.3069767626256,-0.0034303589850,-0.3046880019241,0.1308230528882,-0.2663372694787,-0.4867715949655,-0.1187503478291,0.1838936335050,-0.1904760687585,-0.1007348034934,-0.2147909887557,0.3035411285200,0.0331105867557,-0.3059129192699
0.4704626599061,0.1840392858504,0.1475433418741,0.3621471719680,0.4314098747828,0.4309476240845,1.0000000000000,0.4271682364021,0.7570779657624,0.4322367812333,0.7759994308188,0.0491982746447,0.7227864312502,-0.0434044517478,0.6509712867912,0.6270040830525,0.1934887376779,0.2119330506609,0.0523252034842,0.3866150339503,0.5796320105517,0.3789208796717,0.1358761384664,0.3648478954866,0.4081269415775,0.2808506636853,0.2668499134332,-0.1595070947765,0.4657378826076,0.3860581015958,0.3326489947881,0.1768950570824,0.4260791055036,0.2826899806208,0.2677537808464,-0.1101440580360,-0.2080637710851,-0.1406608822941,0.0179852294156,0.2370923799972,0.3100554354620,0.4223874151537,-0.0564424853448,0.0136931107662,0.3512001516336,0.1945786563783,-0.4857320593426,0.3593877031004,-0.5318772005310,-0.3695287898308,0.2280541546521,0.1085384095632,-0.3898710912194,-0.4988658730837,-0.4870690113486,0.2571444043243,-0.3432355051489,0.0247216929528,-0.3119102760391,0.2423309972878,-0.3832804100597,-0.5151221491292,-0.1739759230469,0.1279999954733,-0.4614195083730,-0.2007143049467,-0.3932347003892,0.0539686635439,-0.1586148786972,-0.5165339735075
0.5398390938312,0.2402014140253,0.1818288353694,0.4728321151986,0.4935093438766,0.3303986075790,0.4271682364021,1.0000000000000,0.4796350196960,0.5879250273441,0.4854443023230,0.0319290625867,0.3843714823168,-0.0840722376978,0.5026739642084,0.3712712639109,0.3990707423770,0.2760843098773,0.0681847540553,0.4342462786764,0.4254926509810,0.4853459733460,0.3211231554515,0.3893631482030,0.7503927312233,0.4409559544318,0.4087692481358,-0.0180959901214,0.8074987198946,0.2747169281170,0.6461335544351,0.1963138165846,0.2624761044785,0.3137734295658,0.3444214341196,0.0458363637631,-0.1779815337072,-0.1660312530806,0.2535304060614,0.3934634155459,0.1467706120060,-0.0869431944605,0.2851991456333,-0.2934269529392,0.5172337227182,0.0298130554097,-0.4097069264924,0.1757130399233,-0.4795382080162,-0.3244722419939,-0.0553714259545,0.2802770797395,-0.3570309788055,-0.4587849525436,-0.3961050528526,0.2227956169722,-0.2480695158090,0.1370936323264,-0.3808566389322,0.6482177333633,-0.1556354352537,-0.4304838779386,-0.1440305882979,0.5364718477918,-0.3664103335673,-0.0912908869477,-0.2779281998645,-0.0691542025782,-0.0852993718362,-0.3737131565106
0.4503851933523,0.0924369812765,0.0789472158310,0.3377765104502,0.2728547959715,0.3886716131629,0.7570779657624,0.4796350196960,1.0000000000000,0.2324971153839,0.6438608785565,0.0943820521511,0.4852601964163,-0.0257349604907,0.7861458145997,0.5557324370620,0.1879307059231,0.1800922819300,0.0460450781744,0.3688620445359,0.2901143591777,0.3579515889285,0.0024912510536,0.2739771586752,0.2861643135691,0.3669765454465,0.2361375191885,-0.1279657470148,0.4281285657705,0.3879839402690,0.3207575873544,0.0930493536344,0.4057399372934,0.2145930661389,0.2170445099293,-0.0950842086832,-0.2051512565652,-0.0780422424540,0.1209185821816,0.0804270605252,0.3909321076676,0.3949720317198,-0.1389380197174,0.1287936000259,0.0613817003981,-0.0844347044691,-0.4289175642185,0.0400003141272,-0.5429798145716,-0.3789189168470,0.1753777610066,0.1529446878215,-0.4230565038606,-0.5306822412392,-0.4435084234123,-0.0425469717957,-0.2436146822851,-0.0368873819324,-0.2543622755584,0.1245598996666,-0.2066158976093,-0.4653334693307,-0.1365155076292,0.0580032137199,-0.4771771168134,-0.2186996700934,-0.4058652347723,0.1045131570417,-0.3021783066723,-0.4771830800747
0.5609751574784,0.2984740882528,0.2204717974354,0.4479385061126,0.5066425597065,0.3459010953664,0.4322367812333,0.5879250273441,0.2324971153839,1.0000000000000,0.4768212907566,0.0244888799078,0.5702484105142,0.0636888947001,0.3785231737385,0.2469811456433,0.2272025783787,0.3117208874374,0.1447329757387,0.4047390090945,0.6228999730047,0.2740763999978,0.3967270044229,0.3827704193423,0.7096724380355,0.3571754104766,0.3159084091373,-0.0254655770237,0.5260601711169,0.2372973751672,0.4209138576581,0.2837109211426,0.1753835098938,0.2528031032283,0.3231313994070,0.2000866093772,-0.0861580093364,-0.1768506995415,0.1527786047044,0.4355152037180,-0.1161508821927,-0.1626335684978,0.3507647978436,-0.4024395062974,0.7522767366142,0.1858821119344,-0.3281906620291,0.5198969855156,-0.2678025175482,-0.2162919071646,-0.0869752366462,0.1994918276635,-0.2825039380094,-0.3342245095417,-0.3737785167459,0.4545047562471,-0.2720168571548,0.2179944990102,-0.3357291456721,0.6615236210924,-0.1891796147754,-0.3942861849998,-0.1307592792563,0.3816803847178,-0.2536246345837,-0.0340454414469,-0.2851851710910,-0.1462018299917,0.0531834273549,-0.3552235584250
0.4426839067983,0.0916515746381,0.0134088121287,0.2711737405318,0.4851367573235,0.1534641252274,0.7759994308188,0.4854443023230,0.6438608785565,0.4768212907566,1.0000000000000,-0.1473678465668,0.6685435825543,-0.1583028696478,0.4969989724909,0.2989529341161,0.2471988597265,0.1590198905096,-0.1216715165899,0.2839273386363,0.6755051075762,0.3184125212359,0.0412488171226,0.2462499951454,0.4071139098578,0.2294584375227,0.1150841332434,-0.2302772581055,0.4621517581733,0.1902740185253,0.2357534061018,0.2741314784160,0.1863634033553,0.1602093436927,0.1250296418054,0.0187869500033,-0.1895268383017,-0.1394045982832,0.0983139693862,0.3810979339055,0.0517802582323,0.1548695766907,0.0807513055834,-0.1943948897189,0.3768526924435,0.4328031515795,-0.5485601879461,0.4507370019423,-0.4585870098402,-0.4607145923723,-0.0124640653225,0.1967407631050,-0.3153524551438,-0.4943728283869,-0.4222986395430,0.4204167399300,-0.2184576616615,0.0242741736918,-0.2443579728329,0.3112631387055,-0.2748853033478,-0.4084561969043,-0.2218708300814,0.2371270105178,-0.4609050318472,-0.1677737333145,-0.4452642397156,-0.1554350381914,-0.1944713236138,-0.4706004845851
0.3282201664903,0.1835758189154,0.3540353927921,0.2010873078387,0.1010461002423,0.1644360730680,0.0491982746447,0.0319290625867,0.0943820521511,0.0244888799078,-0.1473678465668,1.0000000000000,0.1637128672884,0.7183129536246,0.2670149711601,0.2669224096150,-0.2989181172968,0.2868556907092,0.8729320491572,0.3665100695114,0.0404197904746,-0.0319367079803,0.1589254748999,0.2106997280345,0.0465677931840,0.2544097355546,0.3693765065021,0.3650119077907,0.0489182705934,0.5141696341572,0.1581254441723,-0.2326668216181,0.0684228943352,0.4113738872098,0.4633883029924,-0.1263370460106,0.0922174723101,0.1048616496405,-0.1607052746109,0.0137317272111,0.0310763299008,0.0154174832441,-0.3499076243158,0.1090811481314,-0.1448676199480,-0.4068636604506,0.5257949400369,-0.0375019643998,0.3817660030000,0.0446123129123,0.1330180734132,-0.1742057314400,-0.3316452132637,0.1109336055606,-0.3524025468093,-0.1622994393603,-0.3932909695859,-0.0606599987005,-0.2524060268102,-0.1141611198424,-0.1492917963659,-0.1773493705128,0.2426196431913,-0.2374786771227,-0.0953165179096,-0.3090300420453,0.1282699056464,0.1701726379703,0.0450151620203,-0.1019576252956
0.6083078457316,0.2487839845773,0.1641780145764,0.3700861633876,0.7238832685589,0.3667517639008,0.7227864312502,0.3843714823168,0.4852601964163,0.5702484105142,0.6685435825543,0.1637128672884,1.0000000000000,0.0713946081778,0.5768353281473,0.5391368382355,0.1271052836839,0.3015138497507,0.2042892412589,0.4421828050033,0.8187933827331,0.3148135822685,0.2330931676136,0.3435097920447,0.4719123270562,0.2977418649014,0.2503328749547,-0.0975549365829,0.4682191812049,0.4950053474866,0.3211198087768,0.1300012385102,0.2763132820338,0.4305856397239,0.4066135006004,-0.0197211418176,-0.1451468594950,-0.1700452412900,-0.0076955957703,0.5614680917303,0.1298792815206,0.2014271095917,-0.0689962795973,-0.1044722248414,0.3737170748390,0.2632900239062,-0.3613411918073,0.7027228005356,-0.4050661112212,-0.2253421959941,0.2583483827157,0.0577327043926,-0.3690612985507,-0.3890122293114,-0.4775492387259,0.4704658874854,-0.3509636395122,0.0299160171085,-0.3199970920452,0.2165365049206,-0.3515712423528,-0.5099045701530,-0.1744075340295,0.1829544410203,-0.3635686854020,-0.1928499480545,-0.4256143801082,-0.0245146240334,-0.0548898716924,-0.3928700597979
0.2683815992385,0.2495128475989,0.2251615687908,0.2025953993916,-0.0464991276335,0.2104365354622,-0.0434044517478,-0.0840722376978,-0.0257349604907,0.0636888947001,-0.1583028696478,0.7183129536246,0.0713946081778,1.0000000000000,0.1964597183248,0.0341428698272,-0.1588928225420,0.2789700777519,0.7425068115642,0.2570599645051,-0.0141832680986,-0.0568014328934,0.1668306851405,0.1759776411402,0.0305690306480,0.2740506378577,0.2976117783785,0.1794316030029,-0.0769676354439,0.3958441956319,0.1197646192882,-0.1634277999976,-0.0659815719853,0.3291264235959,0.3654669218445,0.0696290889451,0.1347655478452,0.1824751298200,-0.1638380405075,-0.1148482222050,-0.0935862776172,-0.1499573750098,-0.2272668077767,-0.0276580325935,-0.1781141105938,-0.3419870631584,0.5191303766336,-0.0383000727495,0.4163837898490,0.1079922672966,-0.0485349519389,0.0211829186495,-0.0931061434751,0.1580532669851,-0.0854326840457,-0.1086100581265,-0.2013925331115,0.0301632109669,-0.0326975066195,-0.0916681388831,-0.0566232056381,-0.0205395387205,0.2274127111922,-0.2886720623057,0.0675932420436,-0.1108892386995,0.1936895722146,0.1207322482241,0.1868110526133,0.0754406793671
0.6632070937476,0.2137442751796,0.1209400222222,0.4314266314687,0.3661315172563,0.4987943807509,0.6509712867912,0.5026739642084,0.7861458145997,0.3785231737385,0.4969989724909,0.2670149711601,0.5768353281473,0.1964597183248,1.0000000000000,0.6021540838880,0.2172353460376,0.3242718669930,0.2719772805984,0.5058619520263,0.3558802619114,0.3593083801121,0.1593125906425,0.3423841374075,0.4050494515915,0.4613754836753,0.3194422710657,-0.0936341744875,0.4743748351839,0.6777259893730,0.4180339644494,0.0447922147118,0.5399268467491,0.4364295278916,0.5003131631306,0.0568493623150,-0.1376211098257,-0.1076411597380,0.1368532288256,0.1369202001606,0.4156773795072,0.2668396615175,-0.1613186442143,-0.0030190760834,0.1208597593000,-0.2082195544164,-0.3638378017008,0.1585748655753,-0.5119515732061,-0.2317355553694,0.2436727713307,0.1957434964686,-0.3760649792639,-0.4579215132200,-0.3934375718029,0.0310071248061,-0.2598638616930,0.0595191068519,-0.2711194318988,0.1423678018049,-0.1774978492366,-0.5006500330571,-0.1209446655380,0.0804923116751,-0.3769965094526,-0.1432867519385,-0.4006543858078,0.2741799121598,-0.1989022497490,-0.3714809669434
0.3897753035050,0.1895936238598,0.2735516223036,0.3880528793162,0.4054151181817,0.5703976888041,0.6270040830525,0.3712712639109,0.5557324370620,0.2469811456433,0.2989529341161,0.2669224096150,0.5391368382355,0.0341428698272,0.6021540838880,1.0000000000000,0.0472309694323,0.1703087022846,0.1653742704951,0.3546305479232,0.2277600013635,0.3371619429756,0.2155895081278,0.3351961062906,0.3067340190853,0.3332440618741,0.3287572217670,0.0485439140400,0.4654294761192,0.5253175913026,0.3464000618147,0.0908557508934,0.6449224876544,0.3745511857429,0.3779194054442,-0.3129635693114,-0.2044537187518,-0.1253676359394,0.0295059961975,0.2327878314699,0.6264039568550,0.5606034875602,-0.1859369956704,0.2766597278183,0.1825846841454,-0.0569157770786,-0.2254797833720,0.1099015301659,-0.4571411931136,-0.1642336945242,0.6600673669660,-0.0815029761292,-0.3328440886231,-0.3232021405166,-0.3434369420789,-0.0877866514120,-0.2826694005299,0.0163480579880,-0.2500166561817,0.0821741958976,-0.2730607363739,-0.5212549033791,-0.0670305116163,0.1465259409098,-0.3889612833448,-0.1678983366499,-0.2504120380146,0.3315863262384,-0.1072846353837,-0.3053380108417
0.2465925034753,0.3888639602422,0.0895435554975,0.4087538552776,0.1688780567915,0.1543994300831,0.1934887376779,0.3990707423770,0.1879307059231,0.2272025783787,0.2471988597265,-0.2989181172968,0.1271052836839,-0.1588928225420,0.2172353460376,0.0472309694323,1.0000000000000,0.2265027419333,-0.2318318853032,0.2711973967376,0.1931003645102,0.6598483591598,0.3581992660042,0.5109172372561,0.5005557089305,0.2745844071989,0.2010736931471,-0.0506172714825,0.5218353826667,0.0996015934900,0.4679777016768,0.1613773360734,0.2110069514122,0.1059028662895,0.1688041487080,0.0568383365899,0.2041891656545,-0.0571102127242,0.3473502092846,0.0791677226736,0.0958261395446,-0.1725960418738,0.2565135093998,-0.3379515108132,0.2052546416739,-0.0133743357353,-0.5154387415100,0.0330397435953,-0.4986691252385,-0.2543511028349,-0.1354945787519,0.8744917877615,0.2123279038001,-0.3416585496613,0.0136490145201,0.1788607355054,0.3164146956962,0.4660459229209,0.2346457656082,0.4743713339350,-0.0103232971302,-0.1182771235437,-0.0717162947272,0.5257282177229,-0.1786423996565,0.4598001899865,-0.2269196940292,0.0267274562629,0.0125323207852,-0.1365849787529
0.5168856892728,0.4774331302783,0.2769403718718,0.5884875772987,0.2359418270019,0.1895963714052,0.2119330506609,0.2760843098773,0.1800922819300,0.3117208874374,0.1590198905096,0.2868556907092,0.3015138497507,0.2789700777519,0.3242718669930,0.1703087022846,0.2265027419333,1.0000000000000,0.4840785264139,0.8638970138000,0.2280520964584,0.4239583911032,0.5415821524112,0.6174255123433,0.3307821058425,0.4772982975416,0.5745231245651,0.1946071386141,0.3086608729569,0.3524656613740,0.6360953724061,0.2099230570275,0.1648161533497,0.4144555939838,0.6852989565032,0.0249778584788,0.2262983894969,-0.0803426221243,0.3265796101169,0.0815325129459,-0.0858029955141,-0.2325660905291,-0.0398285759694,-0.3242301053448,0.1251689598325,-0.2605385957482,-0.2782211849999,0.1141368734479,-0.2360675004743,-0.3734073810278,-0.1296117299927,0.2612901161267,0.0744736503535,-0.1659901366424,-0.0308131044961,-0.0052038561782,-0.1250787803759,0.3885118466170,-0.0278819084715,0.2187564188296,0.0401815515523,-0.1744120571195,0.1114176337060,0.1010221307340,-0.1403679029211,0.1554916020873,-0.1406421541730,-0.0552439394986,0.1831717265015,0.0253589902434
0.4305234211132,0.3151783937350,0.3188168984185,0.3292350594556,0.1084823492107,0.1708683352459,0.0523252034842,0.0681847540553,0.0460450781744,0.1447329757387,-0.1216715165899,0.8729320491572,0.2042892412589,0.7425068115642,0.2719772805984,0.1653742704951,-0.2318318853032,0.4840785264139,1.0000000000000,0.5232121614643,0.1057360649078,-0.0011230413368,0.3109506301911,0.2852171592693,0.1049509168434,0.3411398578130,0.4597669320066,0.2999129462809,0.0291730288847,0.4891147557008,0.2957315824571,-0.1849122764491,0.0120609059524,0.4614487262518,0.5584370312639,-0.0257111673887,0.1404149738298,0.0895615299182,-0.0905449061539,-0.0230580265488,-0.0801714661016,-0.1624684324789,-0.3449670312475,-0.0675894769638,-0.0649265454694,-0.4418486702713,0.4231683183659,0.0123853447458,0.3245433610682,-0.0211226507156,-0.0085010530845,-0.1032994004966,-0.2666418605594,0.1079242123078,-0.2910317189730,-0.1064259847526,-0.4315335775672,0.0263560095663,-0.2474025275087,-0.0436605191006,-0.1060173366803,-0.1158444566402,0.2386919239071,-0.2904919532414,-0.0731550005035,-0.2732416755115,0.1579899480701,0.0616861565198,0.1111650240575,-0.0525734405176
0.6588754816648,0.5470257571648,0.3411941758548,0.7225186837210,0.3943963305410,0.3130609279171,0.3866150339503,0.4342462786764,0.3688620445359,0.4047390090945,0.2839273386363,0.3665100695114,0.4421828050033,0.2570599645051,0.5058619520263,0.3546305479232,0.2711973967376,0.8638970138000,0.5232121614643,1.0000000000000,0.3277011609999,0.4615218202938,0.5349668017295,0.6575306762886,0.4643471503524,0.6628775753081,0.6229918103344,0.2004223939155,0.4695092902362,0.4878197867785,0.6729109131994,0.1164589954247,0.3182451933198,0.5035842307686,0.7249538532487,-0.0505278307147,0.1804062820151,-0.0850219616802,0.3845984892718,0.1881788962434,0.0569093101214,-0.1557726424195,-0.1159400511534,-0.2822429476679,0.2169567336692,-0.2755321531849,-0.3021617758345,0.1154814467843,-0.3433083207855,-0.3964265369024,-0.0342892282576,0.2700727461588,-0.1553742452558,-0.2700253633205,-0.2647330691399,-0.0025577557021,-0.2835296020969,0.3532691700418,-0.1907614625043,0.2841040950923,0.0067311871779,-0.3170060034551,0.1053589665178,0.1553040742729,-0.3157475975584,-0.0310688750610,-0.2508014530733,-0.0291460147179,0.0978503049488,-0.1809153267712
0.5403248170089,0.2119513486961,0.0911619965047,0.3017621338804,0.7288481777091,0.1129394738775,0.5796320105517,0.4254926509810,0.2901143591777,0.6228999730047,0.6755051075762,0.0404197904746,0.8187933827331,-0.0141832680986,0.3558802619114,0.2277600013635,0.1931003645102,0.2280520964584,0.1057360649078,0.3277011609999,1.0000000000000,0.2604785174799,0.2121904594046,0.3078277450661,0.5323963665025,0.2116486369549,0.1083660856546,-0.1530364681243,0.4472682339126,0.2822805440509,0.2952155766609,0.1675559590637,0.0725327424274,0.2979852463818,0.2691364184441,0.1271253461681,-0.0757362796108,-0.2188551352458,0.1088478111079,0.6482985966793,-0.1558251404168,-0.0677069543633,0.1772021241115,-0.3222077579303,0.5392611126292,0.4478534550404,-0.3149264090678,0.8252660989070,-0.2234571104424,-0.2510537856218,-0.0469233492002,0.1524952535107,-0.3033747160137,-0.3668291865395,-0.4345508634918,0.8021209953382,-0.2916396563282,0.0981904792452,-0.3317502358538,0.4283489470861,-0.2635031449169,-0.4065969210308,-0.2183919492434,0.2974640369987,-0.2817246197561,-0.1235569593730,-0.3272011796108,-0.1887995124318,-0.0307794825342,-0.3613691500269
0.3918858145071,0.3732873790244,0.4211506240464,0.4988035803568,0.3568264317273,0.3436323213732,0.3789208796717,0.4853459733460,0.3579515889285,0.2740763999978,0.3184125212359,-0.0319367079803,0.3148135822685,-0.0568014328934,0.3593083801121,0.3371619429756,0.6598483591598,0.4239583911032,-0.0011230413368,0.4615218202938,0.2604785174799,1.0000000000000,0.3639548973524,0.8040937026856,0.5193333379611,0.3163121052746,0.4639048153302,0.1875858824286,0.6369231411186,0.3027986558353,0.6618030995995,0.0935655771834,0.3173121667035,0.3590189912385,0.3908579477938,-0.0669448872770,0.0184422831981,-0.2002167706029,0.2145639405302,0.2118030132480,0.1696548697294,0.0257821495061,0.0625556711925,-0.1670687293701,0.1960514209374,-0.0703759851025,-0.4703604343347,0.0714022613040,-0.5156712030918,-0.2633699593162,0.0390910845141,0.5440600321041,0.0255507016544,-0.3129323556301,-0.1018471480914,0.0615727483265,0.1021014426900,0.2702410869582,0.1279878255563,0.3474244734308,-0.1590222778026,-0.4647016439803,-0.0102712877118,0.4345186961720,-0.1296447273582,0.2484790378830,-0.3851036560143,0.0040001704161,0.1132262963461,-0.1929909907451
0.3421430179927,0.7537167330088,0.3613076400062,0.7457757108930,0.2627086400989,0.1637359920144,0.1358761384664,0.3211231554515,0.0024912510536,0.3967270044229,0.0412488171226,0.1589254748999,0.2330931676136,0.1668306851405,0.1593125906425,0.2155895081278,0.3581992660042,0.5415821524112,0.3109506301911,0.5349668017295,0.2121904594046,0.3639548973524,1.0000000000000,0.5296865319984,0.5142133261079,0.4812023103188,0.5775202452109,0.3568472241846,0.4974831898611,0.1814678077128,0.6406656006741,0.1066702610882,0.0926552603299,0.2285354094536,0.3214159677343,-0.1098346604533,0.4472717691309,0.0749751598396,0.4053164576072,0.1391607578138,-0.0546066445839,-0.3000916853963,0.1855116952084,-0.4147465472491,0.2732376081544,-0.1862782867049,-0.2039837229354,0.0376769706627,-0.2238054851602,-0.3373032737449,-0.0354782791538,0.2759029211831,0.2184290657949,-0.1135964531104,0.0149892051396,0.0316037888547,-0.0269487209859,0.7186077292676,0.0430253283384,0.4755261036432,0.0937832628123,-0.0414538029202,0.3125702280688,0.4109119266842,-0.2807740404990,0.3298792972913,0.0081501771965,-0.1671166583151,0.1839479162666,-0.1382146443144
0.5307542404858,0.5847629304187,0.7216725783435,0.6417266084765,0.3220902403909,0.3755446037224,0.3648478954866,0.3893631482030,0.2739771586752,0.3827704193423,0.2462499951454,0.2106997280345,0.3435097920447,0.1759776411402,0.3423841374075,0.3351961062906,0.5109172372561,0.6174255123433,0.2852171592693,0.6575306762886,0.3078277450661,0.8040937026856,0.5296865319984,1.0000000000000,0.5676291256365,0.4399743690954,0.6793970024064,0.4310504323801,0.5609921271992,0.3785444189997,0.6614715899457,0.1169366498734,0.3241394864704,0.4203366448335,0.5773547023809,-0.0829774113210,0.1033198424664,-0.2219553071895,0.2085234671115,0.1725985886517,0.0385277469245,-0.0474118479074,0.0629399584961,-0.1940618093701,0.2326532616707,-0.1349592025861,-0.3305560178652,0.0955629788810,-0.3496024158146,-0.2698279025482,-0.0059227615684,0.5061966095479,-0.0532589487825,-0.3312477163476,-0.2099413468512,0.0633953985914,-0.1201686430689,0.3452928821347,-0.0748518376451,0.3809578587711,-0.1993378666339,-0.4745517425762,0.1325809467132,0.3435087386759,-0.1958146463293,0.1843599367965,-0.2705387138984,-0.0194266877660,0.1035234993548,-0.2692434541501
0.5776172180355,0.4182557962553,0.3239494939927,0.5506991458447,0.6016546374481,0.3754985568704,0.4081269415775,0.7503927312233,0.2861643135691,0.7096724380355,0.4071139098578,0.0465677931840,0.4719123270562,0.0305690306480,0.4050494515915,0.3067340190853,0.5005557089305,0.3307821058425,0.1049509168434,0.4643471503524,0.5323963665025,0.5193333379611,0.5142133261079,0.5676291256365,1.0000000000000,0.4518052065652,0.4860907690005,0.0871785204479,0.8604925774100,0.3349711103586,0.6422205090302,0.2224071794502,0.2735249625152,0.3891070143481,0.3996649787681,0.0879328614882,-0.0339341982288,-0.1351770511859,0.1966398160663,0.4895709546614,0.0960993560713,-0.1673032426863,0.4338653314581,-0.3954090949112,0.6190513429358,0.0916006329235,-0.3416941229381,0.2680476523474,-0.4563010861569,-0.2707352847990,-0.0823959231592,0.3859122342148,-0.1677704463502,-0.3654408369981,-0.3095596469171,0.3392972781055,-0.1368062226431,0.3097392694569,-0.2565119853336,0.7867753185099,-0.2259532017755,-0.4088330727005,-0.0357575467632,0.6938125439268,-0.2534920848358,0.1231957578040,-0.3018341416604,-0.0689535747806,0.0904841852642,-0.3685846748437
0.5012261893595,0.6406281409272,0.3082565840795,0.7924342540623,0.3624386771551,0.3693081773333,0.2808506636853,0.4409559544318,0.3669765454465,0.3571754104766,0.2294584375227,0.2544097355546,0.2977418649014,0.2740506378577,0.4613754836753,0.3332440618741,0.2745844071989,0.4772982975416,0.3411398578130,0.6628775753081,0.2116486369549,0.3163121052746,0.4812023103188,0.4399743690954,0.4518052065652,1.0000000000000,0.5279978529646,0.1608512592322,0.5119978032323,0.2653450262144,0.4592376147320,-0.0840833714977,0.2743668388553,0.2393377777013,0.3604820691503,-0.0845257184053,0.3240543044326,-0.0115842395196,0.5216198357903,0.1928988601910,0.0927865027182,-0.1293678358333,-0.0790620192640,-0.2364759508532,0.2164099071211,-0.2348340832390,-0.1688201826465,-0.0053601207953,-0.3013417974409,-0.2705438936893,-0.0132601606561,0.2934397442193,-0.1878774238692,-0.2888242978867,-0.2499357785920,-0.0304615752275,-0.3229271930969,0.3554726628155,-0.2518393701107,0.3802232748511,0.3532831965168,-0.2741649580655,0.1085705710782,0.2276761287573,-0.3349693556085,-0.1142871946114,-0.2442300686992,-0.1018045837845,-0.0376241493687,-0.2612788293223
0.4171416488933,0.6151923385259,0.6334131355247,0.6376312190425,0.2441508727461,0.3916240729233,0.2668499134332,0.4087692481358,0.2361375191885,0.3159084091373,0.1150841332434,0.3693765065021,0.2503328749547,0.2976117783785,0.3194422710657,0.3287572217670,0.2010736931471,0.5745231245651,0.4597669320066,0.6229918103344,0.1083660856546,0.4639048153302,0.5775202452109,0.6793970024064,0.4860907690005,0.5279978529646,1.0000000000000,0.5755003717294,0.4798197089442,0.3301127296119,0.5421710687587,0.1968311853394,0.3083904521102,0.3442480338994,0.5027805137564,-0.1442085645677,0.1229499279472,-0.1056621104240,0.0663710772740,0.0306508345837,0.0981520989580,-0.0428077281808,-0.0173368797746,-0.1117270025298,0.1760921297374,-0.2516754597846,-0.1577866786981,-0.0949223609360,-0.2712174213346,-0.2157618563678,0.0656775055301,0.1535063781466,-0.0531465188035,-0.0845327993223,-0.1366703964883,-0.1283163163755,-0.3283225398151,0.2231339904013,-0.2684328511463,0.2569288882775,-0.1730843232820,-0.1927864866293,0.3244733774464,0.2024436183112,-0.2252953097433,-0.0029435518269,0.0034439414270,-0.0303692039942,0.0922949659664,-0.2482539640977
0.0236742535556,0.3801953682042,0.6767046833191,0.2314231587053,-0.0100551417180,-0.0044954607145,-0.1595070947765,-0.0180959901214,-0.1279657470148,-0.0254655770237,-0.2302772581055,0.3650119077907,-0.0975549365829,0.1794316030029,-0.0936341744875,0.0485439140400,-0.0506172714825,0.1946071386141,0.2999129462809,0.2004223939155,-0.1530364681243,0.1875858824286,0.3568472241846,0.4310504323801,0.0871785204479,0.1608512592322,0.5755003717294,1.0000000000000,0.1214518861457,0.0414493533794,0.0719800909462,-0.0802721716501,0.0276459822802,0.0687515576661,0.1282560477578,-0.3191797697994,0.2352500590526,0.1590731319218,-0.0217682995722,-0.0463971278608,-0.0353091737563,-0.0732790614278,-0.1413670132563,0.0103787014508,-0.1005825076324,-0.2502563359118,0.1710896163684,-0.2201034034654,0.1123678476245,-0.0821425494196,0.0580424739429,-0.0367278942347,0.0466167963415,0.1883652984439,0.0061745220519,-0.2317869157955,-0.0610305283169,0.1364296524765,0.0387159996235,-0.0746154908090,-0.0386348470860,0.0098909072466,0.7276114114352,0.0584062230296,-0.1010322375667,-0.0322419143038,0.0048198170235,-0.1101512433490,-0.0347323291552,-0.1515578069760
0.5433743563820,0.4041267486379,0.3310461654684,0.5990081047196,0.6552151810250,0.4418893834818,0.4657378826076,0.8074987198946,0.4281285657705,0.5260601711169,0.4621517581733,0.0489182705934,0.4682191812049,-0.0769676354439,0.4743748351839,0.4654294761192,0.5218353826667,0.3086608729569,0.0291730288847,0.4695092902362,0.4472682339126,0.6369231411186,0.4974831898611,0.5609921271992,0.8604925774100,0.5119978032323,0.4798197089442,0.1214518861457,1.0000000000000,0.3508471344382,0.6567767685079,0.1751026910871,0.3786413421962,0.3765324314693,0.3657076935547,-0.1213558869436,-0.0264339796973,-0.1257090209938,0.2589019496032,0.5626995946135,0.2164519794433,-0.0235084162946,0.2545510023848,-0.3161759851908,0.4691767195524,0.0568131855826,-0.4595671294029,0.1737206845786,-0.6057785746256,-0.3738495401629,0.0841031586074,0.3548375831207,-0.2112060159596,-0.4803056797163,-0.3541521931949,0.2075797300618,-0.1278774815037,0.2947880022333,-0.2158920162986,0.6243224551472,-0.1944563543417,-0.4877072827955,-0.0232509697872,0.7753955612187,-0.3996313182326,0.0695045624144,-0.3828100542856,-0.0526872433930,-0.0208756269100,-0.4305652463698
0.6365948120512,0.1830169797809,0.1731488780120,0.3288368864461,0.4266821250035,0.4372920648858,0.3860581015958,0.2747169281170,0.3879839402690,0.2372973751672,0.1902740185253,0.5141696341572,0.4950053474866,0.3958441956319,0.6777259893730,0.5253175913026,0.0996015934900,0.3524656613740,0.4891147557008,0.4878197867785,0.2822805440509,0.3027986558353,0.1814678077128,0.3785444189997,0.3349711103586,0.2653450262144,0.3301127296119,0.0414493533794,0.3508471344382,1.0000000000000,0.3923720118069,-0.0345510740828,0.4512697642796,0.8081097458283,0.7472719984977,0.0631785417869,-0.1234448070721,-0.0222016495471,-0.1002246030174,0.2278785607381,0.3945187947543,0.1392099721136,-0.2510485476497,-0.0237169032262,0.0910359308227,-0.2761234223741,-0.0307662478403,0.1443074445523,-0.2704432265650,-0.0221759660403,0.3411143080591,0.1017546703058,-0.2689501138079,-0.1945575457888,-0.3022035050597,0.0264372249211,-0.2227894450025,-0.0085314457503,-0.1572509666805,-0.0403225969910,-0.3296303860607,-0.3465190454429,0.0470490126218,0.0051863485529,-0.0927507189881,-0.0973221635940,-0.1522936975197,0.4655676027343,0.0857066651239,-0.0617834845412
0.5188572870622,0.4569365002006,0.2182601385886,0.6711737461755,0.3586177699753,0.3264330226398,0.3326489947881,0.6461335544351,0.3207575873544,0.4209138576581,0.2357534061018,0.1581254441723,0.3211198087768,0.1197646192882,0.4180339644494,0.3464000618147,0.4679777016768,0.6360953724061,0.2957315824571,0.6729109131994,0.2952155766609,0.6618030995995,0.6406656006741,0.6614715899457,0.6422205090302,0.4592376147320,0.5421710687587,0.0719800909462,0.6567767685079,0.3923720118069,1.0000000000000,0.1580535670253,0.2791463662566,0.4080391411613,0.5563163413045,0.0391001388355,0.1284088042705,-0.0669823927822,0.3263478054257,0.1829829082506,0.1124291972523,-0.1882743783318,0.1955828521880,-0.3519509532703,0.2829006364378,-0.1938161765786,-0.3230583030346,0.0697430407525,-0.4270634634340,-0.3648860410632,-0.0778836015600,0.3809159338517,-0.0563085054931,-0.3299163762886,-0.2060353680872,0.0527839970280,-0.0672671718653,0.4492314046333,-0.0717087215224,0.5667014556313,-0.1304951047796,-0.2668247727288,0.0435051523278,0.4004541691641,-0.2347873881620,0.2964784390082,-0.1381532949866,-0.0088723456916,0.1805139852613,-0.1704128609163
0.0705844453318,0.0658766082110,-0.0689097591596,0.0571073830034,0.1189819934447,0.1580361554490,0.1768950570824,0.1963138165846,0.0930493536344,0.2837109211426,0.2741314784160,-0.2326668216181,0.1300012385102,-0.1634277999976,0.0447922147118,0.0908557508934,0.1613773360734,0.2099230570275,-0.1849122764491,0.1164589954247,0.1675559590637,0.0935655771834,0.1066702610882,0.1169366498734,0.2224071794502,-0.0840833714977,0.1968311853394,-0.0802721716501,0.1751026910871,-0.0345510740828,0.1580535670253,1.0000000000000,0.1411763260233,0.0569596131341,0.0419704004195,0.0575817553565,-0.1169676408166,-0.1801909610928,-0.0521722472325,0.0672715443858,0.0300553459738,-0.0277552752558,0.2808312888015,-0.2095010114248,0.2533290410317,0.2563039027057,-0.3964698874411,0.1090097866340,-0.1946594422589,-0.2701908890879,-0.0600925635728,0.1034588974982,0.0706839336683,-0.2069303436673,-0.0288708655032,0.1586690899155,0.0429771791164,0.0801952250661,-0.0480150162976,0.1950814051295,-0.2701341105530,-0.0491595976264,-0.1386636070907,0.1986020082973,-0.1316776636422,0.1659350346877,0.0675573531477,0.0618952164830,0.1022634159992,-0.0929462345017
0.3256271284075,0.1286344723490,0.2370913992080,0.3128161322937,0.2023388042936,0.6576893791808,0.4260791055036,0.2624761044785,0.4057399372934,0.1753835098938,0.1863634033553,0.0684228943352,0.2763132820338,-0.0659815719853,0.5399268467491,0.6449224876544,0.2110069514122,0.1648161533497,0.0120609059524,0.3182451933198,0.0725327424274,0.3173121667035,0.0926552603299,0.3241394864704,0.2735249625152,0.2743668388553,0.3083904521102,0.0276459822802,0.3786413421962,0.4512697642796,0.2791463662566,0.1411763260233,1.0000000000000,0.2052649370117,0.3983534309160,-0.2709142828980,-0.1815849641732,-0.1538443554949,0.0209108017583,0.0400885873884,0.5890416160648,0.4473639042584,-0.1163795580228,0.1382036712264,0.1069762709148,-0.1330570028658,-0.3533513759482,-0.0459347351575,-0.5083225894415,-0.0903171493836,0.4934708017545,0.0761074616192,-0.2487016839901,-0.3540232195672,-0.2468902312081,-0.1062822660019,-0.1369925178497,0.0171019574343,-0.2060805598995,0.0472512912909,-0.2285732850449,-0.3997817750595,-0.0637571870608,0.1769874667822,-0.2743243574838,-0.0134214703278,-0.2479975434501,0.5026432860891,-0.1633661988527,-0.3107560750127
0.6720032768198,0.2258087064270,0.2074274427614,0.3229677174268,0.5024532976173,0.3313351301558,0.2826899806208,0.3137734295658,0.2145930661389,0.2528031032283,0.1602093436927,0.4113738872098,0.4305856397239,0.3291264235959,0.4364295278916,0.3745511857429,0.1059028662895,0.4144555939838,0.4614487262518,0.5035842307686,0.2979852463818,0.3590189912385,0.2285354094536,0.4203366448335,0.3891070143481,0.2393377777013,0.3442480338994,0.0687515576661,0.3765324314693,0.8081097458283,0.4080391411613,0.0569596131341,0.2052649370117,1.0000000000000,0.7593662666081,0.1494565452417,-0.1782667523121,-0.1225949443662,-0.0544181573174,0.3469333972054,0.2240790091429,-0.0269598142799,-0.1746104810404,-0.1540187805930,0.2157727399318,-0.1277344860870,-0.0025773485570,0.1688132076014,-0.2028076820452,-0.0285083150494,0.1844028822786,0.0892263145171,-0.1778908030553,-0.1202299462898,-0.2152242681192,0.0652416147185,-0.2459601630785,-0.0397381306487,-0.1711810435813,0.0022693908366,-0.3148978069422,-0.3975943507604,-0.0020395135999,0.0670579064537,0.0429505449024,-0.1428526865005,-0.0894789173361,0.2753924655871,0.2761680635041,0.0903422071504
0.7144132948825,0.3264996761214,0.3430086923226,0.4706929229514,0.3576518426169,0.3990016498971,0.2677537808464,0.3444214341196,0.2170445099293,0.3231313994070,0.1250296418054,0.4633883029924,0.4066135006004,0.3654669218445,0.5003131631306,0.3779194054442,0.1688041487080,0.6852989565032,0.5584370312639,0.7249538532487,0.2691364184441,0.3908579477938,0.3214159677343,0.5773547023809,0.3996649787681,0.3604820691503,0.5027805137564,0.1282560477578,0.3657076935547,0.7472719984977,0.5563163413045,0.0419704004195,0.3983534309160,0.7593662666081,1.0000000000000,0.1112236318635,-0.0876932295048,-0.2536940875954,0.1125580565817,0.1916970643618,0.1456446133919,-0.0649923138938,-0.1590294748988,-0.1897605785103,0.1723161431489,-0.2437206347076,-0.0808185011000,0.1487629989460,-0.2297913840084,-0.0839272240550,0.1335386848046,0.1818839968540,-0.1856425800039,-0.1463849367736,-0.1997936029246,0.0341896287639,-0.2514842417853,0.1267167707139,-0.2414918238549,0.0998430160059,-0.1989481495695,-0.4065624823278,-0.0467194834848,0.0538556280305,-0.0165596502961,0.0058692218056,-0.1074657140257,0.2769988944414,0.1787760995259,0.1109733574151
