1.0000000000000,-0.0181064294884,0.0062707896767,0.0152608003064,0.2732828812837,0.0966318056764,0.4107611907966,0.3802327098006,0.4309972175302,0.0933614175113,0.4363317602473,0.2546161846325,0.2115809671081,0.1134366458547,0.6357530771143,0.0975660753873,-0.0019200292669,0.3839358643323,0.3078476881945,0.4114707467348,0.3683153139201,0.2113060914680,-0.0994319653129,0.3507577091672,0.1266298585301,0.2782294989863,0.2444089878808,-0.1419752360128,0.0256314200569,0.6534929304026,0.5014358461881,0.0903769387591,0.0184453756033,0.6177794340144,0.5276374214932,-0.1642705413448,-0.2375243563425,-0.3015150946359,-0.2462209987706,0.0365777380817,-0.1001277209328,-0.2297693301264,-0.3660741977819,-0.2816060813928,-0.1188399191821,-0.3065602734349,-0.2936775633870,-0.1686869494802,-0.0651196429503,-0.1302333506600,-0.3090052449979,-0.0811965117633,-0.3635914649236,-0.3235088169032,-0.3418672904463,-0.0756791037300,-0.3358120312186,-0.3142770743627,-0.3139210607125,-0.1622329841369,-0.0313904100578,-0.3178688783494,-0.2271672855423,-0.2837920838703,-0.1532483429879,-0.3248152747299,0.0948597584044,-0.1337244914975,-0.1076271093835,-0.2420328769068
-0.0181064294884,1.0000000000000,0.5297475830187,0.5108614168498,-0.0526811458899,-0.0522274775999,-0.2717338040159,-0.0711499161558,-0.0914330526709,-0.0805625211830,-0.1938690923598,0.1547450313931,-0.1806350692097,0.0944322144294,-0.1280098218942,-0.1816438479233,0.2519330377327,0.2701494245932,0.1741564208988,0.1154963419702,-0.0884827341671,0.3147443962525,0.5344503419887,0.3844558199239,0.0345066723464,0.1338793313020,0.4643769999036,0.5136901491808,0.1013279418750,-0.1273823345321,0.1411741942277,-0.0828410534556,0.0409416336574,-0.1242809013794,0.0595194591897,0.0145583143341,0.5621302511329,-0.1493892646275,0.4090452418171,-0.1060147075173,-0.3430643804081,-0.3538768438395,-0.0122108310656,-0.2077018868466,-0.1826850436089,-0.1375817778980,0.0637937073334,-0.0467695631537,-0.0810692264716,-0.0132089105360,-0.2119865347536,0.2828566542625,0.3617086070750,0.0687986648449,0.1250910863332,-0.0436532035131,0.1137065846168,0.3614634730409,0.1851072152137,-0.1626387810594,0.2731611170232,0.0820361190877,0.1626229351032,-0.0522756227714,0.0450270122854,0.0890175138306,-0.2734784457980,-0.2594445537692,0.0157951648039,0.0992388570833
0.0062707896767,0.5297475830187,1.0000000000000,0.2850370544229,-0.0303790132840,0.0165606662492,-0.1734292709581,-0.0365135997372,0.0826548954588,-0.1018296737698,-0.1288224161672,0.3836134475711,-0.1668470934115,0.1373950798042,-0.0614516952982,-0.0067463447207,0.1131339870845,0.2222044613567,0.3278398834688,0.0601852449123,-0.1065168396137,0.4123109133963,0.2056835732831,0.5906809430515,0.0249453522495,-0.0147243960459,0.6139321581017,0.7236755350692,0.1261177859838,0.0036078756907,0.1360627318056,-0.2826147680996,0.2000845790621,-0.0273347537369,0.1263223489398,-0.0614726115669,0.2527875596293,-0.0508864674985,0.0604342264780,-0.0621301120458,-0.3378789359074,-0.2875124428886,-0.0669772263298,-0.0359444053133,-0.1162512789145,-0.0959229812790,0.0887897521241,-0.1133513998416,0.0835287714094,0.1437708720986,-0.1634579540542,0.1295074731302,0.0943934877196,0.0816839488186,0.0179428554267,-0.0828456693497,-0.1555882074070,0.0574453116787,-0.0181889069496,-0.2484664674350,0.0686392300432,-0.0997904568440,0.2994736137338,-0.0929581020329,0.0486427107287,-0.2132818083045,-0.3020654374802,-0.2211742365274,-0.0434046061711,-0.0497207480752
0.0152608003064,0.5108614168498,0.2850370544229,1.0000000000000,0.0406891592281,-0.0153590238917,-0.1082078875485,-0.0070071960491,-0.1430635068559,0.2294424213877,-0.1612079413845,0.0585719350203,-0.1109692176876,-0.0407910324317,-0.0777599943870,-0.0144063976368,0.3271702318941,0.2059849075321,0.0510667272725,0.0976931062336,0.0143601925580,0.1760371655897,0.5705540164994,0.3242837228813,0.1051060738029,0.2934738302261,0.2309465157486,0.1444874525072,0.0705825163300,-0.0946003963435,0.2987991540665,-0.2318629967739,0.0073254775693,-0.0413181353808,0.1735640838019,0.2030581565501,0.3794419688726,0.0254593764417,0.6944790435541,0.0339742145107,-0.1728312648568,-0.1888785133215,0.0631284245749,-0.2004774815020,0.1550975974467,-0.0815923634954,0.0469175825672,-0.0196725704826,-0.0716382650376,-0.0615890970806,0.0053259486412,0.3431500422259,0.3370470191388,0.0053805957385,0.1877307197928,0.0389193901503,0.1809969927594,0.5260610927082,0.1974266603543,0.1500392657880,0.2897861736256,0.1518502749694,0.0216694053633,0.0058970958075,0.0317457621984,0.2797153132336,0.0303932346806,-0.0761338328716,0.1727596653019,0.2549215036302
0.2732828812837,-0.0526811458899,-0.0303790132840,0.0406891592281,1.0000000000000,-0.0727424382704,0.0891276695917,0.4237536166010,-0.0542275324481,0.4023233735514,0.3250226653115,0.0054642885252,0.5002266999310,-0.1201133602626,0.2397815754178,0.0380574581395,-0.1807091848625,0.0815440969817,-0.0280158949175,0.0303642153064,0.7092131179782,-0.0816802252834,0.0690846949272,0.0712839430042,0.3571751322042,-0.1121495714236,-0.0224172931837,-0.1115622109797,0.3641081264861,0.2717402501437,0.2430911870752,-0.0958370203025,0.0413529379021,0.2770810981323,0.1017653797979,-0.0462048275334,0.0146595807838,-0.0379385606898,-0.0741240356591,0.8576188543195,-0.1268604218576,-0.2163712171106,0.0984355470065,-0.2530329625335,0.4179920270380,0.1072740218675,-0.1411205150581,0.4444354563760,-0.1126553605464,-0.1073168867962,0.0043778678880,-0.2089274813196,-0.1752737610827,-0.2285823431175,-0.2027349975226,0.5115526402763,-0.2272478499778,-0.0767309134277,-0.2809844103164,0.3159471654261,-0.1775773539892,-0.1280781982327,-0.1008030709878,0.2169561939631,-0.1148369666215,-0.0991284486360,0.1308732331220,-0.0490529108570,-0.0349570896464,-0.2123689106914
0.0966318056764,-0.0522274775999,0.0165606662492,-0.0153590238917,-0.0727424382704,1.0000000000000,0.2722978930471,0.1475195751890,0.0882769644248,0.0539172145578,0.0357118435393,-0.1569937184964,-0.0493516810457,-0.3018402443507,0.0907496042011,0.5407803367499,0.0606260378984,0.0191563575503,-0.0042746758942,0.1141698549052,-0.1431997170508,0.2169615079973,-0.0075113715503,0.1201295295365,0.1034911054653,0.1631420230185,0.0328655508495,-0.1961730816433,0.1519786069267,0.1280266851164,0.1818345840231,-0.1256954890452,0.5593923978961,0.1302470912668,0.2015857100737,-0.1012945340171,-0.2010009723734,-0.3767940367784,0.0364333833102,-0.1665807158770,0.2302207438703,0.2321574453620,-0.0863450493902,0.0894650759142,0.0987448697254,-0.0179404776959,-0.4387894859112,-0.1114353169236,-0.3596256862491,0.1559271913954,0.2576448597208,-0.0079026409533,-0.2100537532711,-0.2123648020852,-0.1696114481441,-0.2003144240470,-0.0958984954973,-0.0935062712253,-0.3206099773410,-0.0054895356995,-0.0888409245854,-0.5090198001548,-0.4321781305498,-0.0648244748057,0.0967606102269,-0.0829465826217,0.1962586208593,0.0718930987913,0.0452304010553,0.0260552917193
0.4107611907966,-0.2717338040159,-0.1734292709581,-0.1082078875485,0.0891276695917,0.2722978930471,1.0000000000000,0.1347093866848,0.5737026849374,0.0987654997159,0.5938178610614,-0.0755678805015,0.4892653137453,-0.2222286030598,0.4690313581202,0.6333509163043,-0.0105556268555,0.0722934011313,0.0072851232601,0.0816707468101,0.2491762655672,0.0098057116213,-0.1245025313480,0.0712584465754,-0.0336639652630,-0.0540301559072,-0.0600578332559,-0.3854942815406,-0.1447686699219,0.3636539939415,0.2269019507013,0.0111782511389,0.3241411575450,0.2162247739036,0.2766996074540,-0.3464704595822,-0.3290766916501,-0.1439619245753,-0.3203631938726,-0.1004815583334,0.3956878792158,0.3727732088351,-0.3281736316220,0.1494303432348,0.0261084384853,0.0994072625538,-0.4124611925391,0.0438276032386,-0.2780277834090,-0.2141158544299,0.1875137039120,-0.0636428660712,-0.3606463539804,-0.4322126191458,-0.3634328777089,-0.1216671360176,-0.1942758377815,-0.1514020488698,-0.2131815848913,-0.0616496946702,-0.2987795677217,-0.3361082289835,-0.3251812107111,-0.2375577025538,-0.2520702180727,-0.2033658011821,0.1947873183035,0.2237940205842,-0.2672236735009,-0.2955223338739
0.3802327098006,-0.0711499161558,-0.0365135997372,-0.0070071960491,0.4237536166010,0.1475195751890,0.1347093866848,1.0000000000000,0.1731832658395,0.1915470445721,0.3812388015577,-0.0729917400997,0.1118301466173,-0.1406891820444,0.4710333704514,0.0443727565527,0.1177693971300,0.1742090595876,-0.0713160760550,0.1044223956246,0.3044013885751,0.3220087306091,0.1134987201260,0.2137278663084,0.4988890344497,0.1032517491075,0.1260494770027,-0.1563855377966,0.5370279820391,0.2633283866769,0.6626463682337,0.1677839199233,0.0236515206891,0.1013918285113,0.1334803115198,-0.2943377633263,0.0341912092460,-0.3217559762993,-0.0470336478834,0.3873174749065,-0.0523481105327,-0.2782784812811,0.0296433861544,-0.3302451736700,-0.0411492352502,-0.1817590895767,-0.4071620595130,-0.1180001349296,-0.1452439873950,-0.2467592587563,-0.2899069640025,-0.0476832589491,-0.3422400829204,-0.4043911544991,-0.2566733282597,0.0109304709983,-0.2937143230597,-0.0799625581881,-0.4878472717846,0.4106031906593,-0.0461919844653,-0.2428103098977,-0.2626369373104,0.2496202313026,-0.3289857390192,-0.1594334055369,0.3398891742551,-0.0341688716982,-0.2459159957940,-0.4347035620560
0.4309972175302,-0.0914330526709,0.0826548954588,-0.1430635068559,-0.0542275324481,0.0882769644248,0.5737026849374,0.1731832658395,1.0000000000000,-0.2609368815325,0.5066002779906,0.2142501207150,0.0509480877122,-0.0019506535483,0.6847345921086,0.2819658338367,-0.0695855925635,0.2407466148679,0.2690009875871,0.2437119449244,-0.0047934689522,0.2330994379229,-0.2998399942997,0.2403739963386,-0.0969534805405,0.1304337897247,0.2495283344168,0.0230590563106,-0.0803571250244,0.4111276164725,0.2944039787932,-0.0617232598363,0.2666828563087,0.1386092653638,0.2754625118430,-0.3710286713010,-0.1648967316095,-0.0427083285925,-0.3612367607869,-0.2252875929319,0.1384656462457,0.0234984025120,-0.4335694404614,0.0698100388879,-0.4000201633403,-0.1984959892643,-0.3167103654358,-0.3481289523177,-0.2579267548689,-0.2232980207152,-0.2496545420931,-0.0870954053377,-0.4085695247029,-0.4071388932638,-0.3908066336141,-0.3555257776594,-0.2378561245654,-0.3080725187558,-0.1934579508137,-0.2922625604497,-0.1034372813195,-0.2017696361710,-0.0078053258376,-0.2798306322466,-0.3383792066899,-0.3820372012041,-0.0693690602905,0.0086774440258,-0.3067272116406,-0.3765622400841
0.0933614175113,-0.0805625211830,-0.1018296737698,0.2294424213877,0.4023233735514,0.0539172145578,0.0987654997159,0.1915470445721,-0.2609368815325,1.0000000000000,0.1061331726989,-0.2104791560770,0.3911591154156,-0.1222314150338,-0.0395518813036,0.1781107787832,0.1299994320798,-0.1377081894132,-0.1789397478104,-0.2301713355725,0.4180023890259,-0.0673021828674,0.2814117916375,-0.0412338707095,0.4114009004359,-0.2826367908367,-0.2468072232855,-0.1884609435534,0.2281657630000,0.0665565713495,0.0563718935953,0.0267458570858,-0.0165133762214,0.1773931397354,0.1116363273608,0.1840970621002,-0.0781351305428,0.0545072614326,0.1545378953523,0.4051307293527,-0.0252226047765,-0.0017441918113,0.3075011139753,-0.1356253431965,0.7872811693450,0.1676490606256,-0.0056920921958,0.4320610509504,-0.0733873312742,0.0073979302499,0.2742254451964,0.1465333295982,-0.0392589508871,-0.0444079348477,-0.1352057984593,0.4603278602245,0.1201744919036,0.2471563147669,0.0450575081615,0.5456180816685,-0.3505228577260,-0.1653773941049,-0.1263996593265,0.2216315091893,0.0948751201530,0.2346491837793,-0.0321915347077,0.0788552471630,0.1455674704187,0.0808503073445
0.4363317602473,-0.1938690923598,-0.1288224161672,-0.1612079413845,0.3250226653115,0.0357118435393,0.5938178610614,0.3812388015577,0.5066002779906,0.1061331726989,1.0000000000000,0.0114094935409,0.5551165861349,-0.0623711872622,0.5093986303847,0.1811183207497,-0.0307540254225,0.2078014571326,0.1056276354054,0.2427659007358,0.5078974481934,0.2214066276392,-0.1862955944792,0.1527356726392,0.1260397011169,-0.0141696425129,-0.0084969986660,-0.2987790896286,0.0609860934159,0.3383676358994,0.3453120354223,0.0420102955800,0.0784336307823,0.2104638876826,0.3057229261086,-0.2591881177161,-0.3001091812032,-0.1414259508820,-0.3910972649585,0.2224921117541,0.0948684378458,0.1326982394989,-0.2489152829340,0.0412225480868,-0.0255675197550,0.2842055258181,-0.3425602831767,0.1563689844567,-0.0919044607016,-0.3613831824117,-0.1040792359476,-0.0917673955167,-0.3287410663727,-0.3648711725335,-0.2346039476094,0.2094247074665,-0.2240195143240,-0.2710620462544,-0.2034650052104,0.0350521818587,-0.2213112665048,-0.2450145463590,-0.2105517466519,-0.0701979382027,-0.4117983599065,-0.2847411641477,0.0656354903691,-0.0554417757350,-0.3074820623025,-0.4351857422507
0.2546161846325,0.1547450313931,0.3836134475711,0.0585719350203,0.0054642885252,-0.1569937184964,-0.0755678805015,-0.0729917400997,0.2142501207150,-0.2104791560770,0.0114094935409,1.0000000000000,-0.0128087805650,0.7732368974202,0.3312056343401,-0.0567490915448,-0.1339681226197,0.3586619185622,0.7747752053756,0.3307165545402,-0.0038054830951,0.1656746910135,-0.1429954598962,0.3365326244384,-0.2595427713381,0.2101380054198,0.4041880993361,0.4718882639831,-0.0786324809648,0.4454604894758,0.1637174392992,-0.2116587944965,-0.0473407837726,0.1977529532855,0.3458004624116,-0.0976981642934,0.0762300787482,0.2012525792411,-0.2235323347348,-0.0951994587880,-0.2613229518479,-0.3609215311573,-0.3577651796621,-0.2302880535272,-0.3233381596237,-0.3898052485131,0.3816437575902,-0.2215366409436,0.4367422555228,-0.0559034730576,-0.2893305851014,-0.1587026358107,-0.2172789315353,0.0597532047264,-0.2676624504578,-0.1309379374536,-0.2077979498157,-0.2207543823498,-0.0003577603113,-0.4637956776815,0.0730666880029,-0.0121837592293,0.4235892269386,-0.2876900222356,-0.1002539957515,-0.3165611611346,-0.4369826370128,-0.1033403484960,-0.1530430053576,-0.2365530160007
0.2115809671081,-0.1806350692097,-0.1668470934115,-0.1109692176876,0.5002266999310,-0.0493516810457,0.4892653137453,0.1118301466173,0.0509480877122,0.3911591154156,0.5551165861349,-0.0128087805650,1.0000000000000,-0.0831170918881,0.2000810068231,0.3064398371196,-0.0274594782229,-0.0070305253654,-0.0362993310168,0.0003382524169,0.7418584828767,-0.0567753156210,-0.0015193874061,-0.0061438782729,0.0364634880662,-0.2567610871369,-0.2180982860573,-0.3040194182784,0.0060282191580,0.2487820512255,0.0945926294860,-0.0423300742543,0.0720467420950,0.1818906801175,0.1512875872194,-0.1021958589479,-0.2436968055581,0.0086338589149,-0.2900125720149,0.3990321789389,0.0356571262123,0.1583514493358,-0.0846034082126,0.0569800302587,0.3619193197532,0.2956115971802,-0.1051304121435,0.7274400394918,-0.0585709469932,-0.1015732103657,0.3339799548590,-0.0452079643328,-0.1329567873794,-0.1652709243185,-0.1528507998835,0.5688432755737,-0.0780219645347,-0.0634501194508,-0.0372417135922,0.0990732830574,-0.3540259917994,-0.1959544085393,-0.1853883980811,-0.0199602316868,-0.0837527006780,-0.0573812730946,0.0128208719853,0.0847386038268,-0.0946686881325,-0.1488596035756
0.1134366458547,0.0944322144294,0.1373950798042,-0.0407910324317,-0.1201133602626,-0.3018402443507,-0.2222286030598,-0.1406891820444,-0.0019506535483,-0.1222314150338,-0.0623711872622,0.7732368974202,-0.0831170918881,1.0000000000000,0.1208503391455,-0.2803013364668,-0.0847944912635,0.1961768933065,0.5980965193568,0.2195067346778,-0.0427155389025,-0.0237591019252,-0.1622966048798,0.0405863140526,-0.1751162072787,0.2544759880511,0.1523702291770,0.3913706244645,-0.1407741855691,0.2220958196770,-0.1013429227537,0.0210963624194,-0.3669522557426,0.0369367945858,0.0718824337895,0.1071773735833,0.0748330098723,0.2738189647986,-0.1291701962237,-0.0997555689709,-0.1872566399931,-0.2970811967080,-0.1033695862647,-0.2161422625695,-0.2864513488964,-0.2460443561236,0.6045268770695,-0.1307374982494,0.6548101402942,0.0140056402709,-0.2816749704909,-0.0661632361158,-0.0280280800220,0.2739996927020,-0.0398283520445,-0.0001069625021,-0.0192522592650,-0.1810149384126,0.1607224880933,-0.2806592485972,0.2424715640196,0.1864778140019,0.4656679735388,-0.0915038673186,0.0466455371618,-0.1130605463913,-0.4529609394255,-0.0074263421200,-0.0496355733562,-0.0837849112941
0.6357530771143,-0.1280098218942,-0.0614516952982,-0.0777599943870,0.2397815754178,0.0907496042011,0.4690313581202,0.4710333704514,0.6847345921086,-0.0395518813036,0.5093986303847,0.3312056343401,0.2000810068231,0.1208503391455,1.0000000000000,0.1725997246375,-0.1058458459104,0.3264709939040,0.2917834796223,0.3548810811676,0.2656389026066,0.1886768728129,-0.1821884600645,0.2626553015461,-0.0378372249909,0.2525314028052,0.2312258362125,-0.1116040392325,0.0581040606635,0.7762651854796,0.5485228032982,-0.0024422065294,0.2450764056523,0.2994736375916,0.4523536434503,-0.4549303603521,-0.1673345003328,-0.1459827022554,-0.3690076715822,-0.0124031971809,0.0782827922277,-0.2077598585961,-0.5184041585372,-0.2578185103749,-0.2727355017232,-0.4751685399768,-0.3532324304713,-0.2601569226850,-0.1021955947363,-0.2858975588883,-0.2567384944811,-0.2177093833284,-0.5252871739404,-0.4960882619120,-0.4944122993736,-0.2067625098279,-0.3711270580090,-0.3752744008195,-0.3863602967270,-0.2270494585990,-0.1487656199420,-0.2763493962986,-0.1268685497140,-0.2956066925463,-0.3837252401182,-0.4231110674050,0.1180134571909,0.1355273369435,-0.3843605780467,-0.5217271476052
0.0975660753873,-0.1816438479233,-0.0067463447207,-0.0144063976368,0.0380574581395,0.5407803367499,0.6333509163043,0.0443727565527,0.2819658338367,0.1781107787832,0.1811183207497,-0.0567490915448,0.3064398371196,-0.2803013364668,0.1725997246375,1.0000000000000,-0.0318807581698,-0.1249690652753,-0.0686446950551,-0.1445730078119,0.0508214182483,0.0214347411994,-0.0185030343093,0.0236328577204,-0.0505906106572,-0.1129303541302,-0.1113791679081,-0.1893390124918,-0.0468893161200,0.1299022086095,0.1508252729322,-0.1764454563150,0.4382362271274,0.1099136340030,0.1142440151905,-0.2989893128855,-0.1880715565266,-0.1086736544059,-0.1129372741256,-0.0472381150215,0.4490245781915,0.4060164344403,-0.2190055175065,0.3035370988458,0.2056388548491,0.0838053146412,-0.2417935709159,0.0164950453101,-0.2965002682770,0.0087004995508,0.5172408881876,-0.0799631293035,-0.3082151757886,-0.2476828433787,-0.3075177684333,-0.1812769709801,-0.1243954188341,0.0148866530924,-0.2036250692721,-0.0206117945999,-0.2790798942111,-0.4175905861040,-0.2525846642035,-0.1969400115919,-0.0330375490828,-0.1053149554095,0.0545584423065,0.1585978935896,-0.1629718460397,-0.1292172967492
-0.0019200292669,0.2519330377327,0.1131339870845,0.3271702318941,-0.1807091848625,0.0606260378984,-0.0105556268555,0.1177693971300,-0.0695855925635,0.1299994320798,-0.0307540254225,-0.1339681226197,-0.0274594782229,-0.0847944912635,-0.1058458459104,-0.0318807581698,1.0000000000000,-0.0342355806325,-0.0382740899550,-0.0602525183377,-0.0196639712429,0.4425935437569,0.4770875780864,0.2359333844365,0.2576063480250,0.0329170920963,0.0371588423107,-0.0154317646001,0.2966236168571,-0.1587911250091,0.1909166168044,-0.1124687047550,-0.0336568164493,-0.2234097668704,-0.0018014001305,0.0779485080579,0.1322645638458,-0.1205845558534,0.2225074073804,-0.1227962594797,-0.0467547157484,-0.0501229205585,0.1795461196533,-0.1366475082696,-0.0145472216588,0.0702347771145,-0.0993440711254,0.0016752837219,-0.1405742884057,-0.0469770573370,-0.0073993948749,0.9083162082669,0.1442958217125,-0.0437195780732,0.0339041913177,0.0434951714846,0.4038500238691,0.4972567618443,0.2541942288405,0.3012115181619,0.0418510672860,0.0035454770849,-0.2463970419764,0.3207167261317,-0.0825925242825,0.4202978867164,-0.0049706757107,-0.0595747833757,0.0129219383616,0.0696205277303
0.3839358643323,0.2701494245932,0.2222044613567,0.2059849075321,0.0815440969817,0.0191563575503,0.0722934011313,0.1742090595876,0.2407466148679,-0.1377081894132,0.2078014571326,0.3586619185622,-0.0070305253654,0.1961768933065,0.3264709939040,-0.1249690652753,-0.0342355806325,1.0000000000000,0.4731490294469,0.8201050366002,0.0413137007615,0.4292375760018,0.0326264786593,0.7119488441156,-0.0049520425218,0.4554343846618,0.5386648139843,0.1063953129563,-0.0029080744484,0.3921143129570,0.4661163703898,0.1234535846958,0.0316651060221,0.3744408978370,0.6808609076397,-0.1989871364230,0.2231905240712,-0.1901560569285,0.0619786215770,-0.0729780609846,-0.2256179196782,-0.3167480955448,-0.2747136441426,-0.2477918805087,-0.2584087894203,-0.2456207339360,-0.2988488180360,-0.1760053826077,-0.1504183843708,-0.1646003495551,-0.3537821604774,-0.1094149712728,-0.0093035650105,-0.3217792206404,-0.0833287522822,-0.1426327235172,-0.1874373724461,-0.0512079087143,-0.0325563860934,-0.2867244592476,0.2646125237869,-0.1010277085167,0.0273804966420,-0.1997750063142,-0.0942729932318,-0.2502662095348,-0.1122228347336,-0.2154849556860,-0.1579556576315,-0.2004151357648
0.3078476881945,0.1741564208988,0.3278398834688,0.0510667272725,-0.0280158949175,-0.0042746758942,0.0072851232601,-0.0713160760550,0.2690009875871,-0.1789397478104,0.1056276354054,0.7747752053756,-0.0362993310168,0.5980965193568,0.2917834796223,-0.0686446950551,-0.0382740899550,0.4731490294469,1.0000000000000,0.4609459826873,-0.0455431719648,0.2468074212905,-0.1042731065723,0.3792690188403,-0.1998036690253,0.2505473867198,0.3620146060758,0.4067112356052,-0.0187168397053,0.4415895822974,0.1861480394017,-0.3456951781316,-0.0326680545770,0.2877482646333,0.4868452150264,-0.0417946331264,0.0475660313382,0.1685237268832,-0.1551669955841,-0.1699408011029,-0.1430152931349,-0.2630873444187,-0.3457004574521,-0.1704410121178,-0.3214113938214,-0.3292015506651,0.1647327031244,-0.2259811994863,0.1192168232345,-0.0214505930220,-0.2771969613965,-0.0834472663896,-0.1797800915552,0.0735391270785,-0.2466385982495,-0.1671396290265,-0.0954462762717,-0.1963373623359,0.0829595583270,-0.4196045222478,0.0585324633467,-0.0650830791589,0.3344880859074,-0.2325142243072,-0.0044729091745,-0.2890667047926,-0.4314522752546,-0.0865150793108,-0.1161918786528,-0.1416166545764
0.4114707467348,0.1154963419702,0.0601852449123,0.0976931062336,0.0303642153064,0.1141698549052,0.0816707468101,0.1044223956246,0.2437119449244,-0.2301713355725,0.2427659007358,0.3307165545402,0.0003382524169,0.2195067346778,0.3548810811676,-0.1445730078119,-0.0602525183377,0.8201050366002,0.4609459826873,1.0000000000000,0.0228989880827,0.3139005158121,-0.1927316768435,0.5348168147891,-0.0680374523532,0.6463408066601,0.4833339117315,-0.0148399356127,-0.0545425022779,0.4544605273506,0.3515886332472,0.0314701603198,0.0152445865749,0.4660943674974,0.6624766477538,-0.2132401464373,-0.0091915896388,-0.2281758352349,-0.0629061851620,-0.1665872287579,-0.1250383037451,-0.1240212946730,-0.3572786586579,-0.0736332634493,-0.2912946336322,-0.2052698011095,-0.2549111436410,-0.1562910328178,-0.0721424058242,-0.0770818741235,-0.2576623892068,-0.1532941593772,-0.0656294850761,-0.1570203879837,0.0060559842622,-0.1468988077001,-0.2072789853921,-0.2585158158838,-0.0976020635547,-0.3827036231150,0.3023614072210,-0.1004668337291,-0.0784242521457,-0.2380948886871,-0.0477111858928,-0.3072880951402,-0.0217000096480,-0.1931501995499,-0.1049428493027,-0.1255029372559
0.3683153139201,-0.0884827341671,-0.1065168396137,0.0143601925580,0.7092131179782,-0.1431997170508,0.2491762655672,0.3044013885751,-0.0047934689522,0.4180023890259,0.5078974481934,-0.0038054830951,0.7418584828767,-0.0427155389025,0.2656389026066,0.0508214182483,-0.0196639712429,0.0413137007615,-0.0455431719648,0.0228989880827,1.0000000000000,-0.0620189853532,0.0337187118045,0.0457158219664,0.3136452451276,-0.1098760158190,-0.1182546749579,-0.2760279917852,0.1986168163507,0.2364881291340,0.1901031587346,-0.0250893135906,-0.0570493629560,0.1610147094195,0.1169077915324,-0.0346039676062,-0.1462170301255,-0.0999324826543,-0.1724463517334,0.6259723491958,-0.1527187594165,-0.0938662745496,0.0135765646108,-0.1695929431021,0.3541429060510,0.2789936162008,-0.1026636114509,0.6132090812797,0.0288679248429,-0.1474168987167,0.0414083652619,-0.0248032457317,-0.1428142107857,-0.1746299603385,-0.1341190105131,0.7624166855327,-0.1642332239363,-0.0853511326529,-0.1721706798927,0.2654718546780,-0.1833626695916,-0.1750107917634,-0.2120184845354,0.1210265213633,-0.1433773404554,-0.0665975769510,0.0703456016040,-0.0478506767881,-0.1021834481697,-0.2095507579331
0.2113060914680,0.3147443962525,0.4123109133963,0.1760371655897,-0.0816802252834,0.2169615079973,0.0098057116213,0.3220087306091,0.2330994379229,-0.0673021828674,0.2214066276392,0.1656746910135,-0.0567753156210,-0.0237591019252,0.1886768728129,0.0214347411994,0.4425935437569,0.4292375760018,0.2468074212905,0.3139005158121,-0.0620189853532,1.0000000000000,0.2311439468623,0.7409887516978,0.1283305861533,0.1208829349426,0.4103697240435,0.1501842261648,0.3051395123665,0.1845856883320,0.6249014674514,-0.0055655275063,0.1300971897509,0.1244261401526,0.4201058114060,-0.1355566304871,0.0252689027052,-0.3541493738192,-0.0227445579158,-0.1625148643745,-0.2688389101038,-0.2209716209246,-0.1953270626421,-0.0823860184403,-0.2395911717246,-0.1437636360382,-0.3083470462930,-0.2439526163371,-0.2120518761683,-0.0636940231264,-0.2877075097830,0.3259165240042,-0.0428037345117,-0.2006007324718,-0.0849088631712,-0.1694851891188,0.0556925338949,0.0564958706636,0.0470428800267,-0.1137766691126,-0.0361096811245,-0.3556738282688,-0.1472787491828,-0.0606155847338,-0.0939624456781,-0.1465518458819,-0.1880671334548,-0.3036496528517,-0.0912317337510,-0.1752138377495
-0.0994319653129,0.5344503419887,0.2056835732831,0.5705540164994,0.0690846949272,-0.0075113715503,-0.1245025313480,0.1134987201260,-0.2998399942997,0.2814117916375,-0.1862955944792,-0.1429954598962,-0.0015193874061,-0.1622966048798,-0.1821884600645,-0.0185030343093,0.4770875780864,0.0326264786593,-0.1042731065723,-0.1927316768435,0.0337187118045,0.2311439468623,1.0000000000000,0.2547471057230,0.2478014422923,-0.1297099754752,0.0704324749975,0.1082093953727,0.2520947396939,-0.1970969429530,0.3237357644241,0.0602502315899,0.0328477256309,-0.1387444491807,0.0001527742699,0.1599506712762,0.3579612832389,-0.0572154988533,0.4484678676195,0.0841484102780,-0.1515897454561,-0.3003838270475,0.2395240576665,-0.3167794919745,0.1818292271090,-0.0752272842680,-0.0379045183812,0.1033955662178,-0.1423545582240,-0.1162472297574,0.0034236860424,0.4482403808712,0.3528357484247,-0.0369879194692,0.1124659448247,0.0867532974109,0.3445945705469,0.7307476224593,0.2831966917359,0.3247314779044,-0.0379436473825,0.0291375945842,-0.0320265792908,0.1836047576624,0.0501283141174,0.4669948765280,0.0501405601668,-0.0912117147338,0.0815781160364,0.1643435484607
0.3507577091672,0.3844558199239,0.5906809430515,0.3242837228813,0.0712839430042,0.1201295295365,0.0712584465754,0.2137278663084,0.2403739963386,-0.0412338707095,0.1527356726392,0.3365326244384,-0.0061438782729,0.0405863140526,0.2626553015461,0.0236328577204,0.2359333844365,0.7119488441156,0.3792690188403,0.5348168147891,0.0457158219664,0.7409887516978,0.2547471057230,1.0000000000000,0.0098647876865,0.2097728541573,0.6328979094213,0.2370096460997,0.0898699863590,0.3709218328396,0.6503202426489,-0.0274067868234,0.1780552782118,0.3092707643519,0.6606158893528,-0.2078570649635,0.1817127157473,-0.2816683760943,0.0059979968712,-0.1330919932681,-0.3343007285379,-0.3176465809049,-0.3328237564173,-0.1979121965074,-0.1910892527872,-0.2505943988472,-0.2682748992999,-0.1824539168240,-0.1428667911412,-0.1086437801322,-0.3080042426814,0.1625120506379,-0.0241322192835,-0.2743882402245,-0.1352004019306,-0.1350230184954,-0.1965836070137,0.0772612655051,-0.0321070933646,-0.2849926728438,-0.0176848713948,-0.2777666242824,-0.0304833888222,-0.2768412589659,-0.0983787507011,-0.2749097213686,-0.1434198231954,-0.3054433628710,-0.1358593191051,-0.1870577471480
0.1266298585301,0.0345066723464,0.0249453522495,0.1051060738029,0.3571751322042,0.1034911054653,-0.0336639652630,0.4988890344497,-0.0969534805405,0.4114009004359,0.1260397011169,-0.2595427713381,0.0364634880662,-0.1751162072787,-0.0378372249909,-0.0505906106572,0.2576063480250,-0.0049520425218,-0.1998036690253,-0.0680374523532,0.3136452451276,0.1283305861533,0.2478014422923,0.0098647876865,1.0000000000000,0.0475093104618,0.0595989307821,-0.1175704069298,0.7669713444087,-0.1554025157349,0.1708512360466,0.1285134704326,-0.1052579770305,-0.0190343912867,-0.1144236205896,0.1466161030913,-0.0188637758302,-0.3042817189038,0.1376643882121,0.4239189698848,-0.1816327647356,-0.2584159146607,0.5921030384802,-0.2907272424016,0.3171980837444,0.1556166323331,-0.2681596341331,0.1725417883265,-0.1060900231135,-0.0764889600844,-0.1621057503026,0.2466526283565,-0.0212522893573,-0.1798088581638,0.0300524961117,0.3027282306192,0.1046027599009,0.1709776508018,-0.1803167436150,0.7252210567685,0.0065214333702,-0.2544651387831,-0.2273956742567,0.6977012594156,-0.0821241059348,0.3376418932145,0.1185919370593,-0.1960873625955,-0.0049142486542,-0.1443444255558
0.2782294989863,0.1338793313020,-0.0147243960459,0.2934738302261,-0.1121495714236,0.1631420230185,-0.0540301559072,0.1032517491075,0.1304337897247,-0.2826367908367,-0.0141696425129,0.2101380054198,-0.2567610871369,0.2544759880511,0.2525314028052,-0.1129303541302,0.0329170920963,0.4554343846618,0.2505473867198,0.6463408066601,-0.1098760158190,0.1208829349426,-0.1297099754752,0.2097728541573,0.0475093104618,1.0000000000000,0.3828748605010,0.0041061428763,0.0469114844174,0.1581765465664,0.2229841467216,-0.1010562252958,-0.1174584221636,0.1114406811715,0.2371888944066,-0.0363713036326,0.0687097329382,-0.2168698030291,0.2336617458171,-0.2134569223543,-0.0712919907643,-0.1624011466163,-0.1592488691521,-0.1502849502010,-0.3335874681420,-0.2040645051392,-0.1799571764977,-0.2783570578800,0.0153544371180,0.0269402973443,-0.1979114002952,-0.0391366776966,-0.0047212486839,-0.1002643073851,0.1625427582524,-0.2361379441364,-0.1402239646140,-0.1984789474265,-0.1898366684815,-0.2040837558366,0.6821855457835,0.0309191817467,-0.0820452655507,-0.0796582633299,0.0033075288020,-0.1071310450924,0.1216576739259,-0.1346286866530,-0.0412397848868,-0.0075065486338
0.2444089878808,0.4643769999036,0.6139321581017,0.2309465157486,-0.0224172931837,0.0328655508495,-0.0600578332559,0.1260494770027,0.2495283344168,-0.2468072232855,-0.0084969986660,0.4041880993361,-0.2180982860573,0.1523702291770,0.2312258362125,-0.1113791679081,0.0371588423107,0.5386648139843,0.3620146060758,0.4833339117315,-0.1182546749579,0.4103697240435,0.0704324749975,0.6328979094213,0.0595989307821,0.3828748605010,1.0000000000000,0.4752313212397,0.1668868019325,0.2592625879103,0.3670108633830,0.0587139987517,0.1684305228700,0.1547978177064,0.3746900951189,-0.1896911516052,0.2391573266447,-0.3482176375099,-0.0232686628766,-0.1981040429617,-0.4315968457194,-0.4765755855315,-0.1874055529452,-0.2443545562924,-0.3134222384631,-0.2518646628388,-0.1915083987979,-0.2405870583097,-0.0565490209568,-0.0066841915011,-0.3883531479722,-0.0484506974113,0.0314779906575,-0.1651479944869,-0.0242486117872,-0.2216214822199,-0.3193188050771,-0.0870451764715,-0.1968012965364,-0.3542978509615,0.1718740459895,-0.0124839284360,0.1264338135181,-0.1579305130782,-0.0933505629646,-0.3243054130779,-0.0868533269134,-0.3145434873390,-0.1680479551905,-0.1749642242273
-0.1419752360128,0.5136901491808,0.7236755350692,0.1444874525072,-0.1115622109797,-0.1961730816433,-0.3854942815406,-0.1563855377966,0.0230590563106,-0.1884609435534,-0.2987790896286,0.4718882639831,-0.3040194182784,0.3913706244645,-0.1116040392325,-0.1893390124918,-0.0154317646001,0.1063953129563,0.4067112356052,-0.0148399356127,-0.2760279917852,0.1501842261648,0.1082093953727,0.2370096460997,-0.1175704069298,0.0041061428763,0.4752313212397,1.0000000000000,0.0532461383616,-0.0603798487472,-0.1136811806617,-0.2370422660047,-0.0482827575972,-0.0920719569668,-0.0815463102491,-0.0002990859013,0.4343841312227,0.3082585872848,0.0982403721147,-0.0596154487872,-0.2681708830230,-0.3411720558604,-0.0292560968086,-0.1008245047655,-0.2250665048893,-0.2322086518400,0.3337398797815,-0.1789378789742,0.1452793284493,0.0738753398431,-0.2175051454299,0.0212864890578,0.0975484674515,0.2283474634028,-0.0217564675158,-0.1630202887452,-0.0540528667067,0.0317646478700,0.0917040502280,-0.2597809280632,0.1841381469057,0.2680920170917,0.7366268231055,-0.0082061086785,0.0432261162253,-0.1659344931225,-0.4269600496842,-0.1096365518877,-0.0266342834112,-0.0057507949246
0.0256314200569,0.1013279418750,0.1261177859838,0.0705825163300,0.3641081264861,0.1519786069267,-0.1447686699219,0.5370279820391,-0.0803571250244,0.2281657630000,0.0609860934159,-0.0786324809648,0.0060282191580,-0.1407741855691,0.0581040606635,-0.0468893161200,0.2966236168571,-0.0029080744484,-0.0187168397053,-0.0545425022779,0.1986168163507,0.3051395123665,0.2520947396939,0.0898699863590,0.7669713444087,0.0469114844174,0.1668868019325,0.0532461383616,1.0000000000000,-0.0121149951583,0.2902254292695,-0.1151408513614,0.0176931584879,-0.0485456802021,-0.0716322237810,-0.0025249563390,0.0285625053577,-0.2250221403029,0.0570103885559,0.3777005946671,-0.2035184780157,-0.3422069664565,0.4428884734865,-0.3123996861360,0.1687536413464,-0.0159303319615,-0.2597568011904,0.0890387986944,-0.1756278487346,-0.0691511886049,-0.1121353938020,0.2117108508675,-0.0640784487003,-0.1926595311202,-0.0363046447023,0.1601787312587,0.1102544895217,0.1258127517949,-0.1457029047922,0.5072227951598,-0.0891272337922,-0.2387325366556,-0.1371554107700,0.6928181297415,-0.1072815397182,0.2458697342423,0.0826936566122,-0.1437750285457,-0.1033087670821,-0.1990766783899
0.6534929304026,-0.1273823345321,0.0036078756907,-0.0946003963435,0.2717402501437,0.1280266851164,0.3636539939415,0.2633283866769,0.4111276164725,0.0665565713495,0.3383676358994,0.4454604894758,0.2487820512255,0.2220958196770,0.7762651854796,0.1299022086095,-0.1587911250091,0.3921143129570,0.4415895822974,0.4544605273506,0.2364881291340,0.1845856883320,-0.1970969429530,0.3709218328396,-0.1554025157349,0.1581765465664,0.2592625879103,-0.0603798487472,-0.0121149951583,1.0000000000000,0.4446476305633,-0.0378121489086,0.2259085551344,0.6488939348820,0.6794779310287,-0.3539551813791,-0.2052191558073,-0.0906499961168,-0.3722660256297,-0.0507565068260,-0.0220242812510,-0.1922628189756,-0.5449603630811,-0.2679264729613,-0.1170388848897,-0.4916447799153,-0.1776128755694,-0.1368221574439,-0.0136671850694,-0.1440592799185,-0.1376056704066,-0.2637328918097,-0.4184663650488,-0.2871199917199,-0.4308191391444,-0.1395114528136,-0.3546478620762,-0.4003515347660,-0.2690150319682,-0.3655787510234,-0.2786596650493,-0.2791570143509,-0.0459533851444,-0.3858640945012,-0.1098271597863,-0.4543468042937,0.0173553694867,0.1357467979711,-0.2265563353679,-0.2867158619218
0.5014358461881,0.1411741942277,0.1360627318056,0.2987991540665,0.2430911870752,0.1818345840231,0.2269019507013,0.6626463682337,0.2944039787932,0.0563718935953,0.3453120354223,0.1637174392992,0.0945926294860,-0.1013429227537,0.5485228032982,0.1508252729322,0.1909166168044,0.4661163703898,0.1861480394017,0.3515886332472,0.1901031587346,0.6249014674514,0.3237357644241,0.6503202426489,0.1708512360466,0.2229841467216,0.3670108633830,-0.1136811806617,0.2902254292695,0.4446476305633,1.0000000000000,0.0906079169210,0.1773956052053,0.2696526712549,0.5324537900622,-0.2699171754638,0.0243831288775,-0.3502810569836,-0.0252186395790,0.0288190539189,-0.1689734244599,-0.3431793004708,-0.3118979660815,-0.2985721055415,-0.1796190166670,-0.3730378208282,-0.4129017671765,-0.2440568101278,-0.2303226758718,-0.2657347849096,-0.2978991167626,0.0126836712942,-0.2180107624553,-0.4557781105414,-0.2756992698236,-0.1608515068679,-0.1867748186581,0.0388751804524,-0.2153828385655,-0.0084080706164,-0.1038581048398,-0.3149078579998,-0.2516873842823,-0.1677685974086,-0.2722625352980,-0.1646198357222,0.1795801975257,-0.2086154772592,-0.2291205007021,-0.3273968685857
0.0903769387591,-0.0828410534556,-0.2826147680996,-0.2318629967739,-0.0958370203025,-0.1256954890452,0.0111782511389,0.1677839199233,-0.0617232598363,0.0267458570858,0.0420102955800,-0.2116587944965,-0.0423300742543,0.0210963624194,-0.0024422065294,-0.1764454563150,-0.1124687047550,0.1234535846958,-0.3456951781316,0.0314701603198,-0.0250893135906,-0.0055655275063,0.0602502315899,-0.0274067868234,0.1285134704326,-0.1010562252958,0.0587139987517,-0.2370422660047,-0.1151408513614,-0.0378121489086,0.0906079169210,1.0000000000000,-0.1497395610118,0.0078190343050,-0.0382468785684,0.0443910624221,-0.1190467196843,-0.2783450021761,-0.1108887210553,-0.0705089330542,-0.1415013436604,-0.1719088238018,0.1540938060544,-0.2049526156980,-0.0890885039534,-0.0461891650558,-0.0913645923903,-0.0806311393943,0.1760080949770,-0.1101785041609,-0.2713430860202,-0.1044062040693,0.0954119365979,-0.1210157565217,0.0951270206748,0.0170343450336,-0.0425068041157,-0.0412603076398,-0.0318155194076,0.1210834019195,-0.0447451771264,0.0308318830368,-0.0908645348148,-0.0182032311260,-0.0404146360457,0.0137202004929,0.2227071613245,-0.0632016261009,-0.0510010314214,-0.0630355906231
0.0184453756033,0.0409416336574,0.2000845790621,0.0073254775693,0.0413529379021,0.5593923978961,0.3241411575450,0.0236515206891,0.2666828563087,-0.0165133762214,0.0784336307823,-0.0473407837726,0.0720467420950,-0.3669522557426,0.2450764056523,0.4382362271274,-0.0336568164493,0.0316651060221,-0.0326680545770,0.0152445865749,-0.0570493629560,0.1300971897509,0.0328477256309,0.1780552782118,-0.1052579770305,-0.1174584221636,0.1684305228700,-0.0482827575972,0.0176931584879,0.2259085551344,0.1773956052053,-0.1497395610118,1.0000000000000,-0.0106164684557,0.1792613507245,-0.2976600616859,-0.0552668182831,-0.1908151967648,-0.1443303841240,-0.0889611894791,0.1332798829785,0.1224316203714,-0.1947478555225,0.1139569922358,0.0531112698113,-0.0543752810918,-0.3509760244342,-0.0585143786776,-0.3628907040494,0.0758732063967,0.2380294119724,-0.0746252447242,-0.1100284070830,-0.2354477981635,-0.1923893699736,-0.1573086831199,-0.1780956368854,-0.0373210367802,-0.2112879657141,-0.1544580993709,-0.2655171505739,-0.2877623785733,-0.2203054109436,-0.1945386741846,-0.0301853549874,-0.1607744060294,0.1797115337341,0.2210224994174,-0.1129502058467,-0.0387814844070
0.6177794340144,-0.1242809013794,-0.0273347537369,-0.0413181353808,0.2770810981323,0.1302470912668,0.2162247739036,0.1013918285113,0.1386092653638,0.1773931397354,0.2104638876826,0.1977529532855,0.1818906801175,0.0369367945858,0.2994736375916,0.1099136340030,-0.2234097668704,0.3744408978370,0.2877482646333,0.4660943674974,0.1610147094195,0.1244261401526,-0.1387444491807,0.3092707643519,-0.0190343912867,0.1114406811715,0.1547978177064,-0.0920719569668,-0.0485456802021,0.6488939348820,0.2696526712549,0.0078190343050,-0.0106164684557,1.0000000000000,0.6522698439799,-0.0355024869205,-0.2190602209535,-0.1039076811885,-0.1267472743258,0.0595607162031,-0.0278227969493,-0.0607046456314,-0.2810472871915,-0.0587397021146,0.1425091561607,-0.2119465084372,-0.1213209910312,0.0009339801480,-0.1189552769096,0.0273950161971,-0.0433570295501,-0.2903779680872,-0.1679051620006,-0.0607996562165,-0.1585837848688,-0.0839363089329,-0.1762479736750,-0.2534742652133,-0.0972262290877,-0.2368009816670,-0.1535174512336,-0.2596364479224,-0.0664953953045,-0.2788176836694,0.1705708797110,-0.2841751116123,-0.0600934883317,-0.1251257348173,0.1996509030608,0.0813928524594
