1.0000000000000,0.1376312951989,0.2007033048060,0.4370627717660,0.6069075440356,-0.0364135900144,0.2376276199324,0.2916588131021,0.2391395083184,0.4159854403549,0.3066610087700,0.1802101752254,0.4798431010043,0.2474163081754,0.4764130965527,0.1901015872815,0.4014690729245,0.3262311201205,0.2961168513004,0.2812227715876,0.5609328199189,0.6733267934235,0.4217005017767,0.5467873220052,0.4826619512289,0.2335775638938,0.1884495135840,-0.0410034935072,0.5825834253019,0.5511387504273,0.5290491319963,0.0537455678083,-0.0468442728032,0.3679761316615,0.3336938869329,0.6123095225037,-0.0831475358386,-0.0548075398323,0.1713902974258,0.5588796945951,-0.1977262822485,0.0393106190270,0.1466079426811,-0.0208933671622,0.3738963093419,0.2627045098182,0.0357743734034,0.4631953418821,-0.0642154070607,0.2363500538810,0.2079350626042,0.4967340621837,-0.0201580845454,-0.2013536904428,0.0248875153404,0.6006433963894,0.3332890883940,0.3543051311177,0.1960941783775,0.5578837958041,0.0826626696128,-0.3150509643989,0.0456640744973,0.5248876061921,0.3976438632291,0.1183625484674,-0.3521534529788,-0.0138304124226,0.2718834181333,0.2250160724476
0.1376312951989,1.0000000000000,0.2809455014631,0.6033828042927,0.1524449113746,-0.0648720591852,0.0240680444696,0.3039675979206,0.0141111339431,0.2355205649822,-0.0465218937246,0.1204486135322,0.1659694388304,0.1559928532354,-0.0068180832309,0.1673359036063,0.3640447884375,0.4884292848075,0.0480706506999,0.4103282819245,0.1258529573317,0.4911592592807,0.4888322614552,0.4815548402222,0.4482430982761,0.5162748444961,0.5668085458609,0.1742843574515,0.4602167272482,0.0365922404915,0.5055675186829,0.2042928537406,0.0453722945897,0.0781433691691,0.3990940994990,-0.0280121711546,0.7285074933318,0.0419987410126,0.3352434823635,0.0582064216085,-0.2547251497652,-0.1500090081941,0.2917248397439,-0.2372217438052,0.2248082943485,0.0036455112182,-0.0241577958816,0.1256532691731,0.0660611808689,-0.1982960373897,0.1944170623932,0.3581050033380,0.1940904887245,-0.2122193285486,0.1579170438163,0.1328436119189,0.1501932941852,0.3928213071137,0.1765280998185,0.4230670076057,0.1463321462331,0.0274662124836,0.2542970267892,0.3405604971780,-0.2002730938740,0.1072803747350,-0.2587893609987,-0.0488503667231,-0.3185769745182,0.2796790207461
0.2007033048060,0.2809455014631,1.0000000000000,0.3147120581153,0.1229629577181,-0.1341911102383,-0.0469155235593,0.2692132781131,0.0343224393393,0.2941161071598,0.0528392454169,0.1043756451578,0.0420183982955,-0.1523691882401,0.1558252686201,0.1074483762066,0.4576178835176,0.3276954874967,0.2561013077285,0.2730938900045,0.3091244739933,0.4087664710731,0.3304996852367,0.6440612871921,0.3880199468397,0.1115025351897,0.6656540405556,0.5744622139842,0.3157625384810,-0.0765444258180,0.3021335521155,-0.0689318239310,0.0849626764791,-0.0920091140016,0.1031320392101,0.0426563251788,0.2002812892569,0.5942684516930,0.1960039326299,0.1391767628411,-0.0432037176597,-0.2443795520222,0.2998762402020,-0.2084732648955,0.1490252258473,-0.0585565859862,0.2183632216067,-0.0052013674992,0.1233264082709,-0.1496549878173,0.1451064919642,0.4405988185961,0.4061967893935,0.0917392910258,0.4381023628265,0.3104612355135,0.3514247321283,0.3017623468311,0.5696149419742,0.3391892921164,0.0729472387232,0.3063414991519,0.6443133580870,0.2546498487456,-0.2739955778095,0.2187146648976,-0.2132196187957,-0.0567361066930,-0.0786508651519,0.0692313303211
0.4370627717660,0.6033828042927,0.3147120581153,1.0000000000000,0.3281586344413,0.2387784454771,0.1938122990159,0.6556218716047,0.3093501241731,0.3949908130000,0.1793282732714,0.3121422431158,0.1863802806644,0.5297283863949,0.3983497476011,0.2391619134248,0.2561007739788,0.6547824308047,0.2186984391468,0.6193305176394,0.2452562553990,0.6031106933937,0.7676459428587,0.5513262662155,0.6857316368728,0.8276856460747,0.6378325950669,0.0193020771235,0.5847191148934,0.4912970052369,0.5934408425518,0.4238727999208,-0.0109712592391,0.5143932001018,0.6895606136374,0.2629399276967,0.3008128417773,-0.1098999046920,0.6069882296385,0.2113771969188,-0.2544068958530,-0.0505271255785,0.3775237751503,-0.0564941342409,0.3155852273994,0.1854877316164,0.0916149520582,0.1143322495358,0.1820898464811,0.1011605506137,0.2095459620753,0.4762886036827,0.0193637742351,-0.3024278939605,0.0431922377918,0.2664006550650,-0.1288553460808,0.5602411707923,-0.0541535905069,0.6450926587026,0.3991447491280,-0.2673982749406,0.2100280470305,0.2920120626388,-0.0397679356227,-0.1533477991006,-0.4201953222641,0.0136879191814,0.0432879149541,0.4141411435420
0.6069075440356,0.1524449113746,0.1229629577181,0.3281586344413,1.0000000000000,-0.0757915934028,0.3398618852164,0.2211250453498,0.2443497018177,0.4723481218919,0.5333011272525,0.1569533717656,0.7803290775653,0.1795218190492,0.2508843320866,0.2405473492446,0.3259862398115,0.0764495314376,0.3725413852636,0.1541753057139,0.8072069503768,0.5740813346340,0.3666964882418,0.3321978002398,0.5517383269258,0.1817048737333,0.1396822109820,-0.0278527726263,0.6845822976432,0.4051730513989,0.4408288669247,0.0987643580290,-0.2004009421139,0.4015343706058,0.2309150403725,0.4192102848979,-0.0757426091598,-0.0735186508687,0.2754885294207,0.9125630400706,-0.1414633800887,0.2638495092867,0.1974395962425,0.1455278844763,0.5013298403727,0.6301368315262,0.1097703390756,0.7775951975973,-0.1364324923280,0.1944453277195,0.1723100975376,0.3108176822643,0.0462715892278,-0.0824226124283,0.1393409010467,0.8220105730054,0.3212365572468,0.3015143331930,0.1748761575022,0.5693031147267,0.2184274512293,-0.1092137079436,0.0761952371424,0.6831240124351,0.2672280892761,0.0896430774971,-0.4928311518859,-0.1378661044809,0.3735053680652,0.2265457650045
-0.0364135900144,-0.0648720591852,-0.1341911102383,0.2387784454771,-0.0757915934028,1.0000000000000,0.5909836171849,0.3037183852190,0.6806649023169,-0.1490057410750,0.3790635606802,0.2266124324562,-0.1321894237716,0.4717908629688,0.5203116392662,0.4964024612307,-0.1344115386881,0.0854665203291,0.0049636370330,-0.0505581547405,-0.2442400450577,-0.0674164100060,0.1385656089466,-0.1069482231345,0.0502249656143,0.3000737028171,0.0330535685412,-0.2346202323502,0.0542458006882,0.3174654654736,-0.0299689242000,0.2619046585932,0.2596066935269,0.3016522720239,0.3153699467217,-0.0509015947292,-0.1286985430702,-0.2894820139986,0.1402256607136,-0.1698435355327,0.6367677716929,0.5380447098707,-0.0124885990770,0.6017251253197,-0.1148497994879,0.2392379919982,0.0028461648570,-0.1612888989657,0.0195017771769,0.2705546524396,0.3821561522038,0.0348339514875,-0.4475115222672,-0.2287651671718,-0.4630408034359,-0.2860751139798,-0.4864504916188,-0.0569125897827,-0.4597742817157,0.0330452573882,0.0853478709128,-0.2442466673119,-0.1439347776792,-0.1980971115777,-0.0944394200828,-0.3894830718708,-0.1109397572782,0.1800060929727,-0.0232971663641,0.0200397687922
0.2376276199324,0.0240680444696,-0.0469155235593,0.1938122990159,0.3398618852164,0.5909836171849,1.0000000000000,0.1711681747421,0.8205105811568,0.1461160986445,0.7144847642665,0.1697091282136,0.5138857463494,0.3076976795457,0.5761888192964,0.7313035577557,0.0377720646809,0.0031687472936,0.2453662401551,-0.1115061270510,0.2521748216374,0.1395355617927,0.0421340766456,0.0176967359298,0.1645866401312,0.1617727778490,0.0631900050962,-0.0842901855777,0.3725749118120,0.3796151379113,0.0628328195393,0.0975373532473,0.3980886394657,0.1643603647601,0.1320789410901,-0.1329263753932,-0.0751100352322,-0.1259388371108,0.0448978188929,0.2143500144245,0.4623055028780,0.7759893361530,-0.0906453536748,0.5487061012605,0.1672714135132,0.6024579420495,0.0394341050101,0.4605885352488,-0.1475775527266,0.1555445052696,0.5424136364636,0.1144592318402,-0.2783648410106,-0.2501622249625,-0.2771165107503,0.1494626116617,-0.1378438238224,-0.1128871975080,-0.2084918910355,0.1454510062721,-0.0787437809022,-0.1565043165169,0.0127839091629,0.2309723470513,-0.1442511216430,-0.2894560676639,-0.3371436638969,0.3095815861931,-0.1417938278346,-0.0435295194345
0.2916588131021,0.3039675979206,0.2692132781131,0.6556218716047,0.2211250453498,0.3037183852190,0.1711681747421,1.0000000000000,0.3300175452222,0.2997533381701,0.1898203082374,0.3758072465450,0.0331442237547,0.6071752161513,0.5045203962646,0.3130003564147,0.0850491375041,0.5624114783417,0.2493262632641,0.5935750329658,0.0385988354164,0.4263203558886,0.5253780578115,0.3712677421647,0.6749673964097,0.6914955657089,0.5198934796951,-0.0579991470378,0.4259943002931,0.3677105488829,0.4633538559978,0.3311765831217,-0.0901861549470,0.5041129597558,0.5018961333226,0.2920136228472,-0.0382517042348,-0.2234508288438,0.4162522310922,0.1346171935150,-0.1406779783626,-0.0559652987074,0.5205092269726,-0.0332835184213,0.2400308916176,0.1182798171724,0.0021498456140,-0.0204534013662,0.2278279100626,0.1086132829730,0.2562362361120,0.2333766682412,-0.2538492445730,-0.2606837009636,-0.1383905437751,0.0429489209592,-0.2807386892604,0.2152760954652,-0.2496758726782,0.4768726508334,0.3834264061523,-0.2404121781648,0.0424624840795,0.1257115659836,-0.1447197566609,-0.3020888394508,-0.2093156016602,-0.1515836557363,0.0181976037309,0.1580021042484
0.2391395083184,0.0141111339431,0.0343224393393,0.3093501241731,0.2443497018177,0.6806649023169,0.8205105811568,0.3300175452222,1.0000000000000,0.1036442567674,0.6794224991017,0.2352844829026,0.2976168164771,0.3913086505117,0.7626744839685,0.6140727608246,0.0304325856030,0.1215727972423,0.2890538723530,0.0016350663736,0.1550336448717,0.1526690907726,0.1373965226378,0.0952818907046,0.2210870999598,0.2990260097733,0.1236681021971,-0.1016051965635,0.4023382810276,0.4223706993055,0.1574600692972,0.1992074010448,0.3304131198374,0.2432906774524,0.2275324519750,-0.0895857050546,-0.0659456932642,-0.1016488487690,0.1789435047383,0.1505119646676,0.4690549555011,0.5951723129077,0.0368963393097,0.5208043071651,0.1616257945538,0.4333923624822,0.0721340805380,0.2537184613326,-0.1531226393388,0.1333523381691,0.4691388771273,0.2143780979247,-0.2979318287138,-0.3606368657711,-0.2853272179974,0.1029876409419,-0.2066885377904,-0.0096681595988,-0.2181893016315,0.2306654636311,0.0214180962189,-0.1318561161268,0.0335414611434,0.1842511673018,-0.2141300454793,-0.2648427095058,-0.4682015505976,0.2887981695939,-0.1091333672268,0.0151330535120
0.4159854403549,0.2355205649822,0.2941161071598,0.3949908130000,0.4723481218919,-0.1490057410750,0.1461160986445,0.2997533381701,0.1036442567674,1.0000000000000,0.1715408867716,-0.0527932316312,0.4214931930091,0.1931345578420,0.2405072781458,0.1889022354623,0.3603574736840,0.2315431308834,0.0665665919036,0.2925062460680,0.4389575648772,0.4651978024397,0.3415244412000,0.3751886833803,0.6753620819488,0.2850394519760,0.3281508858719,0.1582218599568,0.4738694738866,0.1374121530423,0.2998826238722,0.0838620855842,0.0338317311865,0.0507447156161,0.1101571368636,0.1207707378112,0.0220678266293,0.0477348000345,0.1449261545640,0.4310994997099,-0.2568307452301,-0.0088658079240,0.2383869271596,-0.1655019473293,0.7803929799385,0.1893493235841,-0.0644046032750,0.4261987544660,0.2293145943804,-0.0326628053166,0.2411784951995,0.3676203091313,0.1198298919278,-0.2540528823093,0.1389348768261,0.4897867630390,0.3075164846625,0.2825871803750,0.2320914191960,0.5737517714610,0.0501839771599,-0.0837186505482,0.1700143217102,0.3991329018022,0.0385759906664,0.0206563260002,-0.3734792843272,0.0490956681004,-0.0307015296857,0.0198978753815
0.3066610087700,-0.0465218937246,0.0528392454169,0.1793282732714,0.5333011272525,0.3790635606802,0.7144847642665,0.1898203082374,0.6794224991017,0.1715408867716,1.0000000000000,0.1415683702351,0.5436116102528,0.1861132591177,0.4915791184583,0.4123784868886,0.0252825443385,-0.0935716353259,0.3321025624036,-0.0831862907720,0.4655383230682,0.2225332389009,0.1529847645915,0.0582941730395,0.2594436360067,0.1104645695641,0.0588245948834,-0.0656585948603,0.4863894765059,0.4296570982458,0.1543739002059,0.1265216272288,0.0583851308582,0.3416667471937,0.1887771110564,0.0320184360404,-0.0444812563019,-0.0532504336896,0.1552813824063,0.4867315891912,0.4222087297649,0.6601110639506,-0.0303406560357,0.5500973892230,0.2227695420048,0.8236601126525,0.1503876565398,0.5219161790661,-0.1766349495557,0.1698903896842,0.2652059405786,0.1132438767614,-0.1142205255696,-0.0982228364052,-0.0594315358839,0.3311236838039,-0.0353065063236,0.0631647361752,-0.0571341103385,0.2391003680848,0.1442440575082,0.0815758147689,0.1131880818412,0.4241343868025,-0.0673890942173,-0.1712594874849,-0.4349414450603,0.0986232521058,0.1825538281339,0.1517704247477
0.1802101752254,0.1204486135322,0.1043756451578,0.3121422431158,0.1569533717656,0.2266124324562,0.1697091282136,0.3758072465450,0.2352844829026,-0.0527932316312,0.1415683702351,1.0000000000000,-0.0025428116178,0.3885583148214,0.3194495724594,0.3975716476690,-0.1932393964858,0.0514576205624,0.7029578657145,0.3648512335214,0.1113817800249,0.0543905712113,0.2291656313694,-0.0185772920339,0.1407636710741,0.4141380953533,0.3090653608493,0.1563729820914,0.0329507978160,0.2558376414987,0.0948800380073,-0.2569021589876,-0.1211724556859,0.4328192337470,0.4046637843113,0.1398733496294,-0.0182519642985,-0.0176112411012,0.4128561937096,0.1342926008991,0.1843859964714,0.0395628145217,0.0663548682152,0.1633893473578,-0.0642245532156,0.0929307528978,0.5256168119220,-0.0405103117151,0.4033154901189,0.2027329343392,0.1700690980374,-0.0610929655761,-0.3334438679087,0.3654803101953,-0.1136023984375,0.0781079551556,-0.2430566445391,0.0972364253088,-0.2387634594536,0.0855522743626,0.4668981300889,-0.0723814196764,0.2113183813180,-0.0722968087946,-0.0129889353720,-0.2192551239208,-0.1252830932227,-0.2888298726120,0.3123926736496,0.2964513920510
0.4798431010043,0.1659694388304,0.0420183982955,0.1863802806644,0.7803290775653,-0.1321894237716,0.5138857463494,0.0331442237547,0.2976168164771,0.4214931930091,0.5436116102528,-0.0025428116178,1.0000000000000,0.0540285580818,0.2315687129610,0.2553977264200,0.2084637829112,0.0325086467314,0.3297817793637,-0.0375569596315,0.7905503484691,0.3884268442322,0.0339179135661,0.1949638011270,0.3130023061983,-0.0071253852712,0.0489808542750,0.0222914628966,0.5866401397591,0.3522992660551,0.2672751025078,-0.0010975629285,0.1645035202244,0.1174984740657,0.0266941973670,0.1363749552026,0.0096671206284,-0.0418540866914,-0.0273326370129,0.6768974591385,-0.1147602400599,0.4384249412917,-0.0142326085193,0.1636608812897,0.4013074793485,0.6570923803664,0.0717974648500,0.9111629717299,-0.2268838153885,0.1650078985848,0.2852750081463,0.1598397592557,0.0736825209140,-0.1000269326559,0.0926518792885,0.7227522597239,0.2680839257441,-0.0104432877032,0.1394041779605,0.3079193332649,-0.1462752656113,-0.1041326646857,0.0887419947576,0.6219058943907,0.1820633891531,-0.0132309261097,-0.3533614763982,0.2074567343492,0.0332785512345,0.0744043925947
0.2474163081754,0.1559928532354,-0.1523691882401,0.5297283863949,0.1795218190492,0.4717908629688,0.3076976795457,0.6071752161513,0.3913086505117,0.1931345578420,0.1861132591177,0.3885583148214,0.0540285580818,1.0000000000000,0.4735384847617,0.3697547279555,-0.0350703878090,0.2911798846577,0.1782463027603,0.3423781254031,-0.0788555493979,0.1702203369215,0.3393971515344,0.0290417283544,0.3711811053673,0.6869705822418,0.2524258231708,-0.1432891713000,0.1894195102021,0.5362519434187,0.1060217926769,0.4754354135542,-0.0034174392719,0.5141937224009,0.4039533588516,0.2154564940265,-0.1969485433665,-0.4930184114786,0.2503345095248,0.0411957180105,-0.0519418360014,0.1628576944621,0.0391211177017,0.1809087850023,0.1441077253030,0.1822644083406,0.0296498754474,0.0136503490576,0.3509126526838,0.3116253191329,0.2375422544974,0.1132083485088,-0.5369854990680,-0.3099988743600,-0.4729971677421,-0.0593387532909,-0.4765539159361,0.0241648411140,-0.5360875669101,0.2438619797724,0.2900817019874,-0.4751071512392,-0.1012978473879,-0.1026947995894,0.1748591875670,-0.5698361626754,-0.1823696979652,0.0517190929831,0.1386752582614,0.0639255158841
0.4764130965527,-0.0068180832309,0.1558252686201,0.3983497476011,0.2508843320866,0.5203116392662,0.5761888192964,0.5045203962646,0.7626744839685,0.2405072781458,0.4915791184583,0.3194495724594,0.2315687129610,0.4735384847617,1.0000000000000,0.4937053426486,0.1151261785291,0.2403234453714,0.4067626380231,0.1705943990114,0.2336011998611,0.3257707055221,0.2422274390918,0.2985013559125,0.3108582580992,0.3537715282088,0.2263223022280,0.0029455017252,0.3203320105462,0.6124311223475,0.2294468070471,0.1234227437704,0.2991494443087,0.3283738834723,0.3397152245631,0.2340289228036,-0.0943524269775,-0.0852432302712,0.1650058350736,0.1694481225885,0.2825103233541,0.2911925752484,0.1051501737343,0.2725036576571,0.2285399798651,0.2312091516543,0.1317253827753,0.1853958175156,0.0200123425772,0.2476763919578,0.4367421430955,0.2793774081041,-0.3035123646953,-0.2777180566261,-0.2447885248574,0.2092686430478,-0.1011636377251,0.0517645197297,-0.1136082825981,0.2917237302396,0.0665317237298,-0.1993177608507,0.0898156336824,0.0878331853094,0.0161543569240,-0.2557364551696,-0.3455449740258,0.2829289304515,0.0189558253876,0.1368572516683
0.1901015872815,0.1673359036063,0.1074483762066,0.2391619134248,0.2405473492446,0.4964024612307,0.7313035577557,0.3130003564147,0.6140727608246,0.1889022354623,0.4123784868886,0.3975716476690,0.2553977264200,0.3697547279555,0.4937053426486,1.0000000000000,0.0971728632378,0.0475240138116,0.3320761351163,0.0604590779881,0.1419231334113,0.1830379218142,0.1663488269487,0.1520338981121,0.2535306217790,0.2829283401269,0.2682369201919,0.1277525627394,0.2700063993957,0.1826362750475,0.1192690739630,0.0235711088851,0.2029634886188,0.1638649360730,0.2322928621379,-0.0653116385461,0.0001976516867,0.0183148521449,0.2265929179057,0.1393481950488,0.3913800483803,0.4446261951984,0.0530750941549,0.3144821171747,0.2109401738581,0.3128031042117,0.1322009029927,0.2290501964824,0.0983521046737,0.0441509282485,0.6042411911169,0.1170456662670,-0.2697248292790,-0.1240414918418,-0.1857890662577,0.0830410079910,-0.0392297757782,-0.0314838651146,-0.0762832166152,0.1984884310272,0.0961992094745,-0.0734867385483,0.1661172395298,0.1167492590917,-0.2508907253654,-0.1728347951604,-0.3335576813806,-0.0116738788391,-0.1504719607846,0.0482195469627
0.4014690729245,0.3640447884375,0.4576178835176,0.2561007739788,0.3259862398115,-0.1344115386881,0.0377720646809,0.0850491375041,0.0304325856030,0.3603574736840,0.0252825443385,-0.1932393964858,0.2084637829112,-0.0350703878090,0.1151261785291,0.0971728632378,1.0000000000000,0.2579272734684,-0.0900784827473,0.1251857922509,0.2467432317317,0.6892259837629,0.4411213355406,0.7034441499240,0.4469206656037,0.1394041670119,0.3322266473989,0.1686667371157,0.5240616895113,0.0383449994867,0.4203916864033,0.0198880246365,0.0103750904271,-0.0232873546260,0.0819579084202,0.2425122353714,0.2073198564779,0.2612527175721,0.0314379573149,0.3047265591418,-0.1940115955011,-0.0992509567076,0.3175018324676,-0.1568910581052,0.3554730691535,0.0414874300883,-0.1899403048426,0.2488879633478,-0.1476686766557,-0.1021250300615,0.2022474608259,0.8187521632733,0.2556967047346,-0.2750045837025,0.1923612262353,0.3636612956692,0.6541243699788,0.4943052958157,0.5880245237968,0.5323127241963,-0.0671205192565,0.0319206713005,0.2380877165533,0.5429463179670,0.0879259721745,0.4258267204824,-0.3830361622211,-0.0074254487863,-0.0928832019008,0.0510744699125
0.3262311201205,0.4884292848075,0.3276954874967,0.6547824308047,0.0764495314376,0.0854665203291,0.0031687472936,0.5624114783417,0.1215727972423,0.2315431308834,-0.0935716353259,0.0514576205624,0.0325086467314,0.2911798846577,0.2403234453714,0.0475240138116,0.2579272734684,1.0000000000000,-0.0254787133251,0.6946916182734,-0.0153852877071,0.5444908660677,0.4757031878125,0.6274961284279,0.4782229947232,0.5414951962324,0.4667776696313,-0.1319662937199,0.4623214485893,0.2938364052525,0.6669350933277,0.2892092450817,0.0934711042302,0.2697300367594,0.5368408601101,0.1939369403246,0.2416711855396,-0.1506902619633,0.1706479997258,-0.0366540048075,-0.3565086190592,-0.2188299282497,0.3500336792584,-0.2609222171628,0.1437530629094,-0.1237607664144,-0.2681353079868,0.0179967626254,-0.1319166085307,-0.0706382130201,0.1715245004219,0.4503932403674,0.1332760780408,-0.4366841378799,0.0423431815095,0.0541578363132,-0.0363390080257,0.2736463721105,-0.0032374975031,0.4029518095958,-0.0094100072291,-0.3359589382978,-0.0539379444380,0.2043373220598,-0.0045759361432,0.0191264065892,-0.1422233639448,0.0682698091396,-0.2240986979626,0.2184294874861
0.2961168513004,0.0480706506999,0.2561013077285,0.2186984391468,0.3725413852636,0.0049636370330,0.2453662401551,0.2493262632641,0.2890538723530,0.0665665919036,0.3321025624036,0.7029578657145,0.3297817793637,0.1782463027603,0.4067626380231,0.3320761351163,-0.0900784827473,-0.0254787133251,1.0000000000000,0.2298066648200,0.4801866967892,0.1469553633561,0.0786269561737,0.1280630572318,0.1383777623550,0.1524665542146,0.3373837496553,0.3651495491310,0.1912365037650,0.3027523651178,0.1716690104353,-0.1908656555079,-0.0354161796192,0.2693077738523,0.2541530959249,0.1621828572249,-0.0111361530910,0.2032421900201,0.2683893369966,0.3465967785194,0.0834783254452,0.0200052211106,0.0123627950228,0.0184991051147,0.0395595362216,0.2347226725836,0.5589181600838,0.2555740768229,0.2261789417708,0.0594877070419,0.1248234793183,-0.0813173822268,-0.0035535044308,0.3945885426903,0.2303810665760,0.3904390169817,0.0130999577745,-0.0089160784665,0.0843469080415,0.0992476691013,0.2516235799172,0.1789705871953,0.3821558338536,0.1747056359505,-0.0969888713998,-0.0628400033137,-0.1916037445867,-0.1426383867787,0.2291287819811,0.3428490836647
0.2812227715876,0.4103282819245,0.2730938900045,0.6193305176394,0.1541753057139,-0.0505581547405,-0.1115061270510,0.5935750329658,0.0016350663736,0.2925062460680,-0.0831862907720,0.3648512335214,-0.0375569596315,0.3423781254031,0.1705943990114,0.0604590779881,0.1251857922509,0.6946916182734,0.2298066648200,1.0000000000000,0.0026168842158,0.4681335298232,0.5031136610510,0.4663236438974,0.4898164827015,0.6610917506073,0.5152055443131,-0.0310708827292,0.4028077274173,0.2447613682449,0.5476308737673,0.1698268432604,-0.1757392002201,0.4251182323009,0.5545420014600,0.2526603177046,0.1657177951699,-0.1699718181351,0.4296047809764,0.0975397647597,-0.4102572263183,-0.2945459235267,0.2822897890574,-0.3028410569714,0.1568472124405,-0.0965336475781,-0.0971741995734,-0.0187409072952,0.1818201160133,-0.1471278080235,0.0310202728745,0.2971272478642,0.0828490573335,-0.1887243709747,0.1709502554581,0.0453372392967,-0.0504835004247,0.3316709959037,-0.0346969665274,0.3155603415857,0.3617553786484,-0.2426326847831,-0.0289722956091,0.2065536113397,0.0380994359362,-0.0363837362919,-0.2204778377922,-0.2047078788930,0.0497819840414,0.3186704295429
0.5609328199189,0.1258529573317,0.3091244739933,0.2452562553990,0.8072069503768,-0.2442400450577,0.2521748216374,0.0385988354164,0.1550336448717,0.4389575648772,0.4655383230682,0.1113817800249,0.7905503484691,-0.0788555493979,0.2336011998611,0.1419231334113,0.2467432317317,-0.0153852877071,0.4801866967892,0.0026168842158,1.0000000000000,0.4688078954559,0.1895053581593,0.3676141344849,0.3668732399231,-0.0323986633727,0.1918414121907,0.2103705778707,0.5291806701519,0.3121378490207,0.3260977550827,-0.0574716837011,-0.0241416907567,0.1298343357208,0.1139150985029,0.3220347300757,0.0493841432451,0.2384350667975,0.1927555526786,0.7648266057907,-0.1220113541138,0.1331708467736,0.0941338328213,0.0178682069407,0.3905826265263,0.5015401010977,0.3373242671368,0.7148464731946,-0.0586893842732,0.1439274606250,0.1576844704140,0.2182848236844,0.2876784148007,0.1003697099530,0.3651466850892,0.9188714944673,0.4359490317481,0.2238412425397,0.4241964264604,0.4174400433656,0.0866910784657,0.1030421661371,0.2932692819379,0.5767127370100,0.1688516081311,0.1951087069093,-0.3711959045498,0.0145590903235,0.2785337137970,0.2724682503327
0.6733267934235,0.4911592592807,0.4087664710731,0.6031106933937,0.5740813346340,-0.0674164100060,0.1395355617927,0.4263203558886,0.1526690907726,0.4651978024397,0.2225332389009,0.0543905712113,0.3884268442322,0.1702203369215,0.3257707055221,0.1830379218142,0.6892259837629,0.5444908660677,0.1469553633561,0.4681335298232,0.4688078954559,1.0000000000000,0.6603429568480,0.8801039344626,0.6595363523412,0.4187292436223,0.4778295813731,-0.0006825612878,0.7653472793578,0.3727346667186,0.8008796868095,0.1585783790464,-0.1266764548803,0.3388809848531,0.4589552524405,0.4502627171422,0.2496084738738,0.0057310670791,0.2928551893877,0.4948769330567,-0.3214733416195,-0.1137737423957,0.3821287672889,-0.1609566184190,0.4097370279161,0.2348864147003,-0.1293321281565,0.4161157780083,-0.1531280554645,-0.0097626595637,0.2128406092131,0.7031369480972,0.1873482092883,-0.3121445936892,0.2258159701288,0.5447376014095,0.5315319938470,0.5529952797861,0.4312217130996,0.6811300152910,0.1637894261541,-0.1658791456448,0.1310232827628,0.6628078225659,0.1567299390081,0.3187930222909,-0.4500017121589,-0.1157590928332,0.0571267106862,0.3360713986933
0.4217005017767,0.4888322614552,0.3304996852367,0.7676459428587,0.3666964882418,0.1385656089466,0.0421340766456,0.5253780578115,0.1373965226378,0.3415244412000,0.1529847645915,0.2291656313694,0.0339179135661,0.3393971515344,0.2422274390918,0.1663488269487,0.4411213355406,0.4757031878125,0.0786269561737,0.5031136610510,0.1895053581593,0.6603429568480,1.0000000000000,0.5758668946219,0.6866213650629,0.6620666638107,0.4712848212081,-0.0702347878591,0.5382016420686,0.3253485823340,0.6010004310766,0.3872901430013,-0.2663944387644,0.5218263431093,0.6339914767582,0.3631825016979,0.2715527583648,-0.0574984306760,0.6728611601016,0.3292626501219,-0.2005815514439,-0.1492294622939,0.4517557092752,-0.0929856675240,0.3566785915801,0.1719998800118,0.0513121201528,0.0443307205360,0.0923339866691,0.0152562407997,0.0762076537688,0.5561043443889,0.0743892451255,-0.2148320538031,0.1401664486226,0.2489983788397,0.1001091464453,0.8132088229865,0.1195929102967,0.7093676553178,0.5449812020094,-0.1284578242301,0.1132002584659,0.3542889352412,0.0145146651490,0.1385734666629,-0.4490820535624,-0.2194670148701,0.2115899563534,0.4607777469189
0.5467873220052,0.4815548402222,0.6440612871921,0.5513262662155,0.3321978002398,-0.1069482231345,0.0176967359298,0.3712677421647,0.0952818907046,0.3751886833803,0.0582941730395,-0.0185772920339,0.1949638011270,0.0290417283544,0.2985013559125,0.1520338981121,0.7034441499240,0.6274961284279,0.1280630572318,0.4663236438974,0.3676141344849,0.8801039344626,0.5758668946219,1.0000000000000,0.5482096696021,0.3389402118018,0.5837723675319,0.1757488708765,0.6403972886164,0.2150239905387,0.7552656024871,0.1134803759893,-0.0007315004658,0.1306774774535,0.3929993579268,0.3511960749406,0.3089115388931,0.2609381200572,0.2363300167932,0.2846738614679,-0.3012443520848,-0.2769662770158,0.3836642365257,-0.3032790395701,0.2996667283958,-0.0091317755592,-0.0970656412943,0.2126176336931,-0.1273579129542,-0.1543589043539,0.2122633592965,0.7160261388429,0.3749398465511,-0.2809956103740,0.3835697847744,0.4441461391152,0.5522654965268,0.4963340054959,0.5927438263476,0.5779509385310,0.0624260754822,-0.0075851733771,0.2803092422032,0.5264127545659,-0.0233779537279,0.4086082160589,-0.3819717297353,-0.0567303282150,-0.1151176739633,0.2950991907278
0.4826619512289,0.4482430982761,0.3880199468397,0.6857316368728,0.5517383269258,0.0502249656143,0.1645866401312,0.6749673964097,0.2210870999598,0.6753620819488,0.2594436360067,0.1407636710741,0.3130023061983,0.3711811053673,0.3108582580992,0.2535306217790,0.4469206656037,0.4782229947232,0.1383777623550,0.4898164827015,0.3668732399231,0.6595363523412,0.6866213650629,0.5482096696021,1.0000000000000,0.5785761157142,0.5071823661128,-0.0137277672934,0.7365023197295,0.2736486619006,0.6149843457546,0.3017857164231,-0.1391574130472,0.3660287258257,0.4399770307526,0.3138044547258,0.1351161681152,-0.0368525142595,0.4322532587422,0.4845164240253,-0.2320169643212,-0.0382521415224,0.6199299776768,-0.1286453185723,0.6311963760645,0.2385261671958,-0.0230452091413,0.2977727414696,0.1932157280113,-0.0091701618138,0.2680062053089,0.5195193652632,0.0451373628131,-0.3236666105424,0.1197565218037,0.4072050160090,0.1677842673196,0.5434287270968,0.1363723936030,0.8906715710962,0.3189564610718,-0.0960535595851,0.1532446406291,0.5599311060346,-0.0421837599161,0.0704006187113,-0.4156292892850,-0.1339472246057,0.0424088956200,0.2001995642245
0.2335775638938,0.5162748444961,0.1115025351897,0.8276856460747,0.1817048737333,0.3000737028171,0.1617727778490,0.6914955657089,0.2990260097733,0.2850394519760,0.1104645695641,0.4141380953533,-0.0071253852712,0.6869705822418,0.3537715282088,0.2829283401269,0.1394041670119,0.5414951962324,0.1524665542146,0.6610917506073,-0.0323986633727,0.4187292436223,0.6620666638107,0.3389402118018,0.5785761157142,1.0000000000000,0.5400649010418,-0.1070862224817,0.4346358969224,0.3654796220013,0.4103603310987,0.4040865577201,-0.1344340689893,0.5397857919033,0.6323136683375,0.1741576114560,0.1988169337563,-0.2773895074257,0.6133203183167,0.0811158942198,-0.2425273973988,-0.0806221588760,0.3606265117881,-0.0784777419136,0.2630439114916,0.0991727521715,-0.0228052503956,-0.0448480016494,0.2897919520709,0.0142052951081,0.1528116955363,0.3862302411797,-0.2204107746251,-0.3582576789936,-0.1594684540030,0.0169926466976,-0.2990641281433,0.4264262022877,-0.2866623868864,0.4912548952943,0.5834528234519,-0.2916599633097,0.0525505033560,0.1373906013339,-0.1029942853415,-0.2875185779207,-0.4445513104727,-0.1031925617766,0.0147986798152,0.3078613407214
0.1884495135840,0.5668085458609,0.6656540405556,0.6378325950669,0.1396822109820,0.0330535685412,0.0631900050962,0.5198934796951,0.1236681021971,0.3281508858719,0.0588245948834,0.3090653608493,0.0489808542750,0.2524258231708,0.2263223022280,0.2682369201919,0.3322266473989,0.4667776696313,0.3373837496553,0.5152055443131,0.1918414121907,0.4778295813731,0.4712848212081,0.5837723675319,0.5071823661128,0.5400649010418,1.0000000000000,0.5385521384464,0.3996628716775,0.0894411904998,0.4205385130781,0.1452385873548,0.0273882427389,0.1119441107471,0.3563704935343,-0.0117496759029,0.2931825345536,0.2778270304617,0.3814986026513,0.0660015766946,-0.1431962985027,-0.2265804565438,0.3209043316057,-0.1998483725158,0.1852928764249,-0.0091938324546,0.1506097327631,-0.0099113997665,0.2977991806612,-0.1091418437991,0.2365107118912,0.3592925420887,0.2555293864295,-0.0398491300299,0.3056527130283,0.1694049965491,0.0856327820683,0.3158724326222,0.2587805421481,0.3818784442245,0.2899391392827,0.2238431986784,0.6095581925957,0.2183024976525,-0.3118260097207,-0.0312617280511,-0.2509487384861,-0.1075361792332,-0.1736753025074,0.1726425267908
-0.0410034935072,0.1742843574515,0.5744622139842,0.0193020771235,-0.0278527726263,-0.2346202323502,-0.0842901855777,-0.0579991470378,-0.1016051965635,0.1582218599568,-0.0656585948603,0.1563729820914,0.0222914628966,-0.1432891713000,0.0029455017252,0.1277525627394,0.1686667371157,-0.1319662937199,0.3651495491310,-0.0310708827292,0.2103705778707,-0.0006825612878,-0.0702347878591,0.1757488708765,-0.0137277672934,-0.1070862224817,0.5385521384464,1.0000000000000,-0.0858315375475,-0.2260818128253,-0.1524896106223,-0.2033385358381,0.1309204533105,-0.3054862030923,-0.2387867475383,-0.1767206046335,0.2166426354040,0.6337912016837,0.0410286152546,0.0037484536193,0.0528766653154,-0.2272951235440,-0.0811592892729,-0.2063034731154,0.0222242557992,-0.1536858265815,0.3456306333799,-0.0475677000951,0.3198572693249,-0.2033544788042,0.0962264515968,-0.0134534191481,0.2816524139369,0.3221072851411,0.3651904544788,0.1740614411625,0.2756331313468,-0.0312299721184,0.4504996488295,-0.0538090878088,-0.0117031796414,0.4573977089191,0.8771255961592,-0.0183404986848,-0.3143483309520,0.0467593428739,0.0495115575839,-0.0151237397673,-0.1189696699764,-0.0938333889579
0.5825834253019,0.4602167272482,0.3157625384810,0.5847191148934,0.6845822976432,0.0542458006882,0.3725749118120,0.4259943002931,0.4023382810276,0.4738694738866,0.4863894765059,0.0329507978160,0.5866401397591,0.1894195102021,0.3203320105462,0.2700063993957,0.5240616895113,0.4623214485893,0.1912365037650,0.4028077274173,0.5291806701519,0.7653472793578,0.5382016420686,0.6403972886164,0.7365023197295,0.4346358969224,0.3996628716775,-0.0858315375475,1.0000000000000,0.3001545021852,0.7600682448277,0.2334534196400,-0.0323530995305,0.2736275362515,0.3437157272814,0.2182366250272,0.2101962519860,-0.0507215094133,0.3159695825852,0.6008511169812,-0.1791164652363,0.1926524167991,0.3859522342884,0.0163507128737,0.4762046505694,0.4468121321457,-0.1332359826815,0.6125837760262,-0.1811620421542,-0.1053765144995,0.3135916286312,0.5981834284797,0.1383907015380,-0.4277075655400,0.1643252281549,0.5386245732977,0.3364754692001,0.4517150482440,0.2464937688032,0.7134976908757,0.1341285558905,-0.1364958337333,0.0709272670042,0.8864484764128,-0.0326366524171,0.2077877905929,-0.5666110895252,-0.0151324586125,-0.0739117247968,0.1747051844495
0.5511387504273,0.0365922404915,-0.0765444258180,0.4912970052369,0.4051730513989,0.3174654654736,0.3796151379113,0.3677105488829,0.4223706993055,0.1374121530423,0.4296570982458,0.2558376414987,0.3522992660551,0.5362519434187,0.6124311223475,0.1826362750475,0.0383449994867,0.2938364052525,0.3027523651178,0.2447613682449,0.3121378490207,0.3727346667186,0.3253485823340,0.2150239905387,0.2736486619006,0.3654796220013,0.0894411904998,-0.2260818128253,0.3001545021852,1.0000000000000,0.2860843830223,0.2432752466450,0.2034108054042,0.6940847668024,0.5908343353226,0.4197800701106,-0.0744916527194,-0.3599620670982,0.1120720774565,0.2780124335955,0.0108089076961,0.2640584083592,-0.0402294104030,0.2826877084885,0.0875068443478,0.3898651237397,0.1120334551145,0.2901884916982,0.0040635907012,0.4915769673202,0.1783725595545,0.1952653601784,-0.2529466317216,-0.1680063859761,-0.2343951557645,0.2868388894141,-0.2254543002737,0.1498079968470,-0.2612576248019,0.2738822929885,0.0957227633488,-0.4121413374095,-0.0841719611410,0.1138812810174,0.5194306150943,-0.3182861516556,-0.1869707639423,0.3583884590436,0.4128380052510,0.4273732608857
0.5290491319963,0.5055675186829,0.3021335521155,0.5934408425518,0.4408288669247,-0.0299689242000,0.0628328195393,0.4633538559978,0.1574600692972,0.2998826238722,0.1543739002059,0.0948800380073,0.2672751025078,0.1060217926769,0.2294468070471,0.1192690739630,0.4203916864033,0.6669350933277,0.1716690104353,0.5476308737673,0.3260977550827,0.8008796868095,0.6010004310766,0.7552656024871,0.6149843457546,0.4103603310987,0.4205385130781,-0.1524896106223,0.7600682448277,0.2860843830223,1.0000000000000,0.2248561358832,-0.1634979345255,0.3166762779123,0.5275952950165,0.3312629534386,0.3013935679764,-0.0671127171070,0.3286606429488,0.3646604354592,-0.2784494960509,-0.1522871494251,0.4314267962679,-0.2048551237741,0.3206027507075,0.1090851846604,-0.1326193054939,0.3022946355317,-0.1928149959805,-0.1322741672296,0.1579274468713,0.4878937997477,0.2190132659710,-0.2905824256449,0.2863259741885,0.3664087570930,0.3118322829260,0.4792468164792,0.2633643031388,0.6167715589406,0.1745760548017,-0.1092968864654,-0.0258749091425,0.6394074688335,0.0112322250092,0.3998643073094,-0.3516000557064,-0.1521204033367,-0.0588765124233,0.3721497790464
0.0537455678083,0.2042928537406,-0.0689318239310,0.4238727999208,0.0987643580290,0.2619046585932,0.0975373532473,0.3311765831217,0.1992074010448,0.0838620855842,0.1265216272288,-0.2569021589876,-0.0010975629285,0.4754354135542,0.1234227437704,0.0235711088851,0.0198880246365,0.2892092450817,-0.1908656555079,0.1698268432604,-0.0574716837011,0.1585783790464,0.3872901430013,0.1134803759893,0.3017857164231,0.4040865577201,0.1452385873548,-0.2033385358381,0.2334534196400,0.2432752466450,0.2248561358832,1.0000000000000,-0.1500070482107,0.2426365448825,0.2687104720321,0.1269290585639,0.0388968390102,-0.3548357311943,0.3672625653387,0.0216025616680,-0.1828058481285,-0.0121745295484,0.1625186532479,-0.0291618552668,0.1177922787900,0.1664754327531,-0.1622287466431,-0.0207519068952,-0.1009182414856,0.0156107080410,-0.0872370112474,0.0869271137370,0.0072342038512,-0.3943342289713,-0.0189115237942,-0.0547992463103,-0.2729437975994,0.1718311510843,-0.2079787372985,0.2366663237743,0.2096320005594,-0.1370660693388,-0.1683901834455,0.0410290752570,-0.0532108874343,-0.1812245547731,-0.1799347551919,0.0600092617921,-0.0540157096279,0.0975978951323
-0.0468442728032,0.0453722945897,0.0849626764791,-0.0109712592391,-0.2004009421139,0.2596066935269,0.3980886394657,-0.0901861549470,0.3304131198374,0.0338317311865,0.0583851308582,-0.1211724556859,0.1645035202244,-0.0034174392719,0.2991494443087,0.2029634886188,0.0103750904271,0.0934711042302,-0.0354161796192,-0.1757392002201,-0.0241416907567,-0.1266764548803,-0.2663944387644,-0.0007315004658,-0.1391574130472,-0.1344340689893,0.0273882427389,0.1309204533105,-0.0323530995305,0.2034108054042,-0.1634979345255,-0.1500070482107,1.0000000000000,-0.3103798839998,-0.1123443015925,-0.3258100100299,0.0997802712853,0.0837167971658,-0.4544398505450,-0.2871012109153,0.2767158106554,0.3332689194766,-0.2464773874873,0.1768522011821,-0.0461051754125,-0.0902379030134,-0.0545441926193,0.0821407057972,0.0147709894732,0.0497659554923,0.4779478504246,0.0345048649991,-0.0502093146354,-0.1997027050523,-0.1980166562721,-0.0883324363606,-0.1311176164476,-0.2967394090190,-0.0746055901257,-0.1406015157853,-0.5583243535162,-0.1209408103935,0.1246697172661,-0.1108710951784,-0.0677147152591,-0.2724635138881,0.1045553579115,0.8153703621050,-0.4638329578172,-0.2486014426352
0.3679761316615,0.0781433691691,-0.0920091140016,0.5143932001018,0.4015343706058,0.3016522720239,0.1643603647601,0.5041129597558,0.2432906774524,0.0507447156161,0.3416667471937,0.4328192337470,0.1174984740657,0.5141937224009,0.3283738834723,0.1638649360730,-0.0232873546260,0.2697300367594,0.2693077738523,0.4251182323009,0.1298343357208,0.3388809848531,0.5218263431093,0.1306774774535,0.3660287258257,0.5397857919033,0.1119441107471,-0.3054862030923,0.2736275362515,0.6940847668024,0.3166762779123,0.2426365448825,-0.3103798839998,1.0000000000000,0.7078646042409,0.4837934854410,-0.0979159626213,-0.3864231561854,0.4598847797890,0.3321367316293,-0.0387367420303,0.1130381292225,0.1799585150699,0.2052350287721,0.0307420111097,0.3910737378662,0.0775366225771,0.0783255533918,0.0795707471472,0.3132171326388,-0.0529284657524,0.1542339548264,-0.2912544401338,-0.0129208463877,-0.1750825692703,0.1422806237404,-0.2827954932239,0.3424055844282,-0.3251192370132,0.3187854970171,0.5146450078175,-0.3649119522041,-0.1372240971964,0.1027571081502,0.3496188227968,-0.1929940223475,-0.2409562441927,-0.2124350898578,0.6464426089721,0.5312342711755
0.3336938869329,0.3990940994990,0.1031320392101,0.6895606136374,0.2309150403725,0.3153699467217,0.1320789410901,0.5018961333226,0.2275324519750,0.1101571368636,0.1887771110564,0.4046637843113,0.0266941973670,0.4039533588516,0.3397152245631,0.2322928621379,0.0819579084202,0.5368408601101,0.2541530959249,0.5545420014600,0.1139150985029,0.4589552524405,0.6339914767582,0.3929993579268,0.4399770307526,0.6323136683375,0.3563704935343,-0.2387867475383,0.3437157272814,0.5908343353226,0.5275952950165,0.2687104720321,-0.1123443015925,0.7078646042409,1.0000000000000,0.3781519607984,0.2611265710810,-0.2223398556221,0.5180083114713,0.1461196136471,-0.0230792270011,-0.0254461785064,0.2817309397371,0.0414706253526,0.0719219964234,0.1803715437839,0.1501278385444,-0.0143606057032,0.1224142269467,0.1980652743615,0.1636113181908,0.2712767105213,-0.0306132073667,-0.0508612046652,0.0430292888712,0.1141851081339,-0.1887575858896,0.4448657492021,-0.1203571831518,0.4137514821703,0.4462850985510,-0.2085102255901,-0.0492367444383,0.1122916580647,0.1775182929123,-0.0254349285008,-0.2473568255296,-0.0993710434032,0.2970834060612,0.7590415057582
