1.0000000000000,0.4427201612713,0.2977532242512,0.5215175406608,0.4049904958654,-0.1762888639541,0.1147417501146,0.1389887757602,0.1345986222948,0.2603359130107,-0.0170287396729,0.2668385842495,0.3542775401176,0.2510654431547,0.6432797939001,0.1383638579296,0.2946156405962,0.4564842017210,0.3684280410686,0.4011667421180,0.5284357168003,0.4269594156490,0.4465194217566,0.4000231080412,0.3407594721406,0.5383331801905,0.1738752227056,0.0354889500012,0.2604169833676,0.5894623808794,0.3504945518330,0.0486878088998,0.0221339063327,0.4411165170221,0.3752339402881,0.4844208337020,0.2847364058817,-0.2941715291085,0.2747432706649,-0.0136688903792,0.0024638688256,-0.0497407648402,-0.0288439521904,0.0081222974251,0.1563585781498,0.0031306693323,0.1537954743858,0.2091553448867,0.0789902496647,0.4998541380203,0.1385575646806,0.3296388806599,0.1760326194934,0.2774005128359,0.0060198479444,0.3816329597657,0.3240998409338,0.3025493576704,0.3023423986290,0.3004108033798,0.1682957289810,-0.2680938779846,-0.0345629885467,0.1381774175131,0.3109096668408,0.1492344851632,-0.0956797458260,-0.0744400707971,0.3172111460885,0.3497949391132
0.4427201612713,1.0000000000000,0.5843932295440,0.7778268105094,0.4430264193146,-0.0104675680524,0.3810664585285,0.1862849835648,0.1935727454550,0.3964202191405,0.1288825529614,0.2039361914503,0.4878693327417,0.0573654382089,0.3179031247288,0.3445940455824,0.1366116573001,0.6992955249389,0.4144008464732,0.3632418174698,0.4989130130075,0.5820131941884,0.6752541702177,0.5162327669920,0.4291898904723,0.5223615454986,0.3547435812078,0.2436146099378,0.5094315506750,0.4318002783205,0.5553131372423,0.0533748872252,-0.0638142122910,0.5138158802855,0.5593237015398,0.1450823262423,0.3342215463364,-0.2622400155980,0.5044776075112,0.0503779426808,0.1821200652094,0.2419500358857,0.1620423378790,0.0060008480712,0.2180762209688,0.2490192472233,0.1129549637025,0.3793035313698,-0.1561290313675,0.1522211016115,0.3982314638172,0.1994964331965,0.1522891670644,0.4071428070854,-0.1752632179641,0.5884142334040,0.3059072009129,0.5266545373830,0.2862883112229,0.4394734569052,-0.0944732213126,-0.3942288189955,0.1530405637636,0.3872244141986,-0.0474142997626,0.2597865275709,-0.2183119479039,-0.0560024539385,0.2866655506215,0.5569168784759
0.2977532242512,0.5843932295440,1.0000000000000,0.4959929947529,0.3808942137826,-0.1501873805347,0.2244723985955,0.2284634969133,0.1005922445306,0.4251444652187,-0.0228170312940,-0.0707657808137,0.2948300221160,0.1855461371227,0.0927364923280,0.2403082631378,0.1489016627033,0.5736045466087,0.1889157399887,0.2077229314614,0.4458088844143,0.4489473126376,0.4745069005114,0.5971213943805,0.3921733692248,0.2271028503782,0.2275081398899,0.4590171106155,0.2447215669457,0.1083300897115,0.3931230333505,-0.1244167319926,-0.2360167173366,0.1567861481336,0.0848622096052,0.1914606478746,0.1734091100747,0.2731264543378,0.3061646703550,0.0595343946019,-0.0239171913807,0.0842194815427,0.0447963337119,-0.1507151448309,0.2477972449054,0.0216005468795,0.0563327172813,0.3083106147690,-0.1293017583121,0.0397530385635,0.2750523594081,0.2224641767230,0.2387435734087,0.1845972608430,-0.0097138195616,0.5345003043179,0.3396816808769,0.3488055199489,0.4201619536390,0.3574638387887,-0.1246409149533,-0.2477513177664,0.4598553782565,0.1311611792763,-0.2104341533226,0.1036048399618,-0.2925857253973,-0.1642257617077,-0.0032394103586,0.2205561440188
0.5215175406608,0.7778268105094,0.4959929947529,1.0000000000000,0.4841111093806,0.0276489357452,0.3570462995080,0.2029894464756,0.1899115373845,0.5987932201360,0.0324901626961,0.1662866393353,0.5487182416641,0.1592195429481,0.4563742789013,0.4513138408999,0.2087040823788,0.6889188000319,0.5002641215404,0.5111775266143,0.5073804082371,0.5277749357424,0.8006518116443,0.4536235332256,0.5122107715530,0.5641519574187,0.3020080543452,0.2410169577661,0.4777145958067,0.5648661538494,0.4039146743086,0.2274422171903,0.0050992710611,0.6345930674736,0.6080667537849,0.2859817951286,0.2561819824182,-0.3815207763684,0.6155616555999,0.0089581021749,0.2878160344739,0.2791476844063,0.2198669763895,0.0755826684798,0.4525329660436,0.2311609949312,0.0903695320152,0.4461303879538,-0.1075690507108,0.3402058767420,0.5214557720852,0.2707204122071,0.1420113943397,0.4262445310789,-0.1330087225747,0.6203893141079,0.2664794782720,0.6121699258130,0.1481047328897,0.5633011632663,-0.1798104657106,-0.4337292561191,0.0608735699498,0.3663690632072,0.1139517434777,0.1588673159759,-0.0130151621342,0.0473381975593,0.4833050157602,0.6304925117896
0.4049904958654,0.4430264193146,0.3808942137826,0.4841111093806,1.0000000000000,-0.0270405942565,0.4257059201054,0.2176454375858,0.1887977003347,0.4608084256642,0.0230865305576,0.1301072375111,0.6132399015910,0.3084153039899,0.3063378308650,0.4031115428555,-0.0181134269106,0.4735080557415,0.2641831813313,0.3057951562266,0.6682360668148,0.4684124664309,0.4376884146059,0.3805033223136,0.5287512153742,0.4364982917342,0.3145321461577,0.1678890826665,0.4745627228501,0.4069455952129,0.2442100646384,0.0654263335124,0.0387259954339,0.3560707666220,0.2896367574795,0.1334269427706,-0.0374502229558,-0.2139843217924,0.2494325059569,0.5123080778261,0.2045938312386,0.2826715113820,0.3399713505866,0.0309527958344,0.3475884519458,0.1200015179091,0.1588770298685,0.5276268315131,-0.1319669398259,0.1448683872303,0.4804347615914,0.0285751986757,0.0403805184266,0.1273303964953,-0.1542617205867,0.6697852544369,0.3103600357970,0.2685870706931,0.1672687494943,0.5492601871250,-0.2231676683717,-0.3086907136006,0.0661800213356,0.4091394595526,0.0049594088221,0.1751542302361,-0.1436745392620,0.1085783414543,0.2058000641457,0.3385475169925
-0.1762888639541,-0.0104675680524,-0.1501873805347,0.0276489357452,-0.0270405942565,1.0000000000000,0.4673767813292,0.0886213881943,0.3850680364754,0.1028995956159,0.1510957422280,0.0539807741014,-0.0266343081262,-0.1795825659679,0.1556931887348,0.4935453908092,-0.0714204694455,-0.1090264515305,-0.1429791693397,-0.2642015078849,-0.3182368175870,-0.0589680962120,0.0102137956691,-0.1940307688989,0.1035475246032,-0.1906576987328,-0.1123994710090,-0.0985770031324,0.1182944817305,0.1321371409921,-0.0213412452602,-0.0523070122595,0.6484448998216,0.2084800267027,0.2303693966478,-0.0423696666758,-0.3779014263729,-0.1809875285846,0.0047181090727,0.0164998803659,0.6815555422522,0.5650019613596,0.0305662361125,0.4704685590958,0.1914041983556,0.2095968918916,-0.0187374709063,0.0467119651493,-0.2280774906026,0.1364314019918,0.4565365509377,-0.1192180750059,-0.4568028683884,-0.1269730690028,-0.4325971369433,-0.0270344840362,-0.2920269050508,-0.0396686257614,-0.2909062015146,0.1856767505218,-0.3731924187617,-0.1710895950277,-0.1419760893141,0.0879239386333,-0.0224809123693,-0.1675790608355,0.0034134115725,0.5517348566508,0.0425998588145,0.1288623081594
0.1147417501146,0.3810664585285,0.2244723985955,0.3570462995080,0.4257059201054,0.4673767813292,1.0000000000000,0.2375644937429,0.7426727953632,0.3915695600503,0.4297070356279,0.0191790746312,0.6040158013879,-0.0002620477194,0.3067543415061,0.6479920520471,0.0114073700830,0.3384991690579,0.0512627148646,0.0209286225011,0.1257114747629,0.3209228309665,0.3362032159468,0.1693576494285,0.3328246285676,0.0866988243255,0.0972639445880,-0.0493850822504,0.3183063665419,0.3827039754094,0.3057287037986,-0.0352293230481,0.2889068287503,0.3472706845772,0.3019400593314,0.0545701021284,-0.3023536654712,-0.2574066687116,0.2007224519128,0.2830567347853,0.5090329009938,0.6827473451840,0.1279196090889,0.3509347680762,0.3216306844807,0.4260801731984,-0.0485211912640,0.4083641977196,-0.3966900652557,0.0933766014022,0.6072924401087,0.0346471702428,-0.2898681213302,0.0097196384381,-0.5086917766929,0.3879068254738,-0.0198236819693,0.1549537603804,-0.0950964259833,0.4084382629957,-0.5142665067344,-0.3558359688294,-0.1247904412074,0.2672432956153,-0.0702843474516,0.0504819882412,-0.2796551676488,0.3313416484200,0.0616099855108,0.2879606938029
0.1389887757602,0.1862849835648,0.2284634969133,0.2029894464756,0.2176454375858,0.0886213881943,0.2375644937429,1.0000000000000,0.1275544268736,0.2684958772095,0.2703807014318,-0.0123052292477,0.2312920514649,-0.2012924803582,0.3184106520588,0.3258482162743,-0.1314620810087,0.3050104233692,0.0604919681358,0.0170019045789,0.0730761290613,0.3270838953252,0.1659531807251,0.1274084063458,0.5983560644301,0.1710262128002,0.0309357562621,-0.2069515868462,0.5250691237871,0.0879533219854,0.4795895749309,-0.0225631111504,0.1021703048903,0.2602646784123,-0.0311849789040,0.2072727253481,-0.1637546178897,-0.2171056348926,0.1518572703761,0.2606045408040,0.2174660803870,-0.0458703545254,0.6026699778402,-0.0304424588771,0.2393692208675,0.0645829420742,-0.0953604045798,0.0086001485959,-0.2334341236055,0.2048676222817,0.1847870038093,-0.1762910811095,-0.1397678625800,0.1275093935720,-0.3236726315419,0.1366197711730,-0.0284675583031,-0.0552155558401,-0.1332089130233,0.4671770164034,-0.0250538577041,-0.3412212431161,-0.1980270915902,0.4273461663065,-0.1244671843912,0.1439399459117,-0.2036885353026,0.1196715039312,-0.0860183316035,-0.1092554765739
0.1345986222948,0.1935727454550,0.1005922445306,0.1899115373845,0.1887977003347,0.3850680364754,0.7426727953632,0.1275544268736,1.0000000000000,0.0845562219533,0.4481283677247,0.1853728681664,0.2988343422321,0.1642651946262,0.5170844658727,0.3771406441264,-0.0100700285047,0.2150762597589,0.0725661447308,0.0814695273632,-0.0837163867115,0.1100439623805,0.0867624356303,-0.0260851960381,0.1067752906438,0.1490755923991,0.2831795339983,0.1015256331892,0.1610413239266,0.4397123429572,0.0891247733603,0.0893139875642,0.3571967618006,0.2481601209602,0.1990559621547,0.0953736456549,-0.2489100512431,-0.1387855356770,-0.0619432832964,-0.0550061567016,0.2854985773945,0.4691579240996,-0.0598647065107,0.5953228351754,0.0211218529951,0.3564635968732,0.0071684465786,0.0818140364287,-0.2123279256257,0.2811279400023,0.3048468478121,-0.0417835915721,-0.2312908541689,0.0342995232717,-0.3116736938762,0.0696635531210,-0.1716513072874,-0.0872873406125,-0.2067682335117,0.0908277202008,-0.3358453099857,0.0107681916171,0.0302920153137,0.0501591581174,0.0591390793754,-0.1050707664290,-0.0999472830171,0.1092323595872,0.0210132189556,0.1620195210825
0.2603359130107,0.3964202191405,0.4251444652187,0.5987932201360,0.4608084256642,0.1028995956159,0.3915695600503,0.2684958772095,0.0845562219533,1.0000000000000,-0.0084930127760,-0.2178826897640,0.5204295006617,0.0074013446129,0.1822850764531,0.6629249631176,0.0203205687210,0.3131939396459,0.0866123496729,0.0487322894907,0.3397886887449,0.2822771099615,0.5638142092027,0.2280135909510,0.6756508971687,0.1214647471694,0.0161437135022,0.1932732196328,0.2113687337151,0.2244139872841,0.0482034855203,0.1808806561062,0.0438352426261,0.3029696235844,0.2162875077596,0.4062032523626,-0.0482056363919,-0.1448143337522,0.5905225842640,0.4085553123805,0.2110336539258,0.3149028850057,0.2495601460213,-0.0402556895076,0.8817111468791,0.1522728889368,-0.0994942641939,0.6049599090970,-0.1461426986023,0.1981591078015,0.6276847603508,0.1006037606821,-0.0589834741761,0.1486866875123,-0.2176197930658,0.6632883807637,0.1742597520146,0.4481645076008,0.1125705684129,0.7481403614502,-0.2512267479320,-0.3515685347461,0.1355722556307,0.2051080200324,0.0040170338074,-0.0692226848024,-0.0711451389950,0.0784689955944,0.2096213530677,0.3491805929442
-0.0170287396729,0.1288825529614,-0.0228170312940,0.0324901626961,0.0230865305576,0.1510957422280,0.4297070356279,0.2703807014318,0.4481283677247,-0.0084930127760,1.0000000000000,0.0458639562265,0.2712508932694,-0.0561455480847,0.0975260624620,0.1422458260362,0.1353061629134,0.0342375820171,0.0278325739377,-0.1140933271850,-0.0578777953458,0.0170067333507,-0.1176402446823,-0.0213370962977,-0.0331554573075,0.0615580859449,0.0704261572561,-0.0628955795854,0.0884057064115,0.0693419840025,0.1576182192720,-0.0386329863924,-0.0673037161422,0.1344535216714,-0.0036478033564,0.0172347340047,-0.1058974064956,-0.0565324429777,-0.0215910211600,0.1981260458451,0.0904518601241,0.1210117500976,-0.1005089961578,0.1394592638662,-0.0658604969217,0.7309128407266,-0.0458173776014,0.1100424432218,-0.0662704659938,-0.0900768921076,-0.0005831063078,0.0327619279967,-0.3093354080753,-0.0652516486472,-0.2770814306681,0.0882220697705,-0.2226103852490,-0.2031850994831,-0.1554102589008,-0.0535365851010,0.0025253261969,-0.0009746972514,-0.0680985030331,-0.0507797474374,-0.1186937958099,-0.2057448324001,-0.2128745500042,-0.1645235616219,-0.1570969982182,-0.1074488519490
0.2668385842495,0.2039361914503,-0.0707657808137,0.1662866393353,0.1301072375111,0.0539807741014,0.0191790746312,-0.0123052292477,0.1853728681664,-0.2178826897640,0.0458639562265,1.0000000000000,-0.0705882982767,0.4700841679734,0.3468927404826,-0.0669745067099,-0.0209272941071,0.1570408338506,0.6429117722572,0.3548378953773,0.2442017842811,0.1626338416241,0.0507900370933,-0.0002237184742,0.0197964595452,0.5113995247195,0.5216906611998,0.1794751006007,0.3141850436084,0.3312471923040,0.1515582747359,0.2654166629119,0.1804447290122,0.1242006745503,0.3302180699851,-0.1861314685099,0.0768926341264,-0.3405408107779,-0.0267608408711,-0.2542119229957,0.1116133081595,0.0798140952638,-0.0085254413043,0.2474240569125,-0.3464266702799,-0.0613879764247,0.6705916397227,-0.1772143873369,0.5245940066257,0.2560753160763,-0.0390330030275,-0.0550096521418,-0.0625700824598,0.4254279757674,0.0653708230329,0.0021163362595,-0.0792734638344,-0.1192887017820,-0.1662877966837,-0.0548571408549,0.1970547863048,0.1310428533638,0.0547729841903,0.2182893964891,0.1482795769267,0.0193386434497,0.3653020872871,0.0794136667339,0.1085214942132,0.1842284079807
0.3542775401176,0.4878693327417,0.2948300221160,0.5487182416641,0.6132399015910,-0.0266343081262,0.6040158013879,0.2312920514649,0.2988343422321,0.5204295006617,0.2712508932694,-0.0705882982767,1.0000000000000,0.0289102591818,0.3108885784371,0.5051198417278,0.0341278309650,0.4562835967382,0.1968024966350,0.1538269168602,0.5540741572481,0.4825393016816,0.4738142879557,0.3601246377961,0.4565412761549,0.2162718287881,0.0692221504849,-0.0952434291386,0.4095266568554,0.4681760011952,0.3064418142707,0.0425412095997,-0.0469186369652,0.4040978218777,0.2589424661508,0.1176740735786,-0.0765388074701,-0.3310994338678,0.3742511571998,0.4288548146320,0.2430754477852,0.4087548465002,0.2116141345510,0.0246207300266,0.4388244814177,0.4096786511847,-0.0387724671166,0.7750559131904,-0.3275483274192,0.1348211838826,0.5280896511173,0.1072143257291,-0.0807613197579,0.2352388695869,-0.3340891291178,0.6525328791024,0.2454642725815,0.3211707603656,0.1146233906590,0.5062739958814,-0.3336744713725,-0.4723103646894,-0.1465954239300,0.3965565076152,0.1722716344833,0.1888906023613,-0.2639464857412,0.0581783117833,0.2806996508831,0.3171160016672
0.2510654431547,0.0573654382089,0.1855461371227,0.1592195429481,0.3084153039899,-0.1795825659679,-0.0002620477194,-0.2012924803582,0.1642651946262,0.0074013446129,-0.0561455480847,0.4700841679734,0.0289102591818,1.0000000000000,0.1665830758553,-0.0420117896261,0.1270165627144,0.1820208439494,0.4170856091691,0.4485922521530,0.3319006097821,0.1353505829539,-0.0660848382026,0.2145616880136,-0.0789237463901,0.4823976030029,0.4491180872327,0.4473834205929,-0.1178826892517,0.2860867916089,-0.1131332664767,0.1909916518481,-0.0948040691600,-0.0441644848102,-0.0239325842652,-0.0018548505731,-0.0122383397278,0.0693547274171,-0.2561716279844,-0.1822352346751,-0.1172573734519,-0.0856213949606,-0.3178741857322,-0.0413087674741,-0.1240931047000,-0.1587931515269,0.6181994077507,-0.0073911428427,0.6380072963818,0.1717239202411,-0.0453230106453,0.1270384469790,0.0400332061207,0.1254331938604,0.2541304418455,0.1616181732887,0.1313330835730,-0.1788800393086,0.0990209727712,-0.1279258399846,0.0586355774909,0.2727403715215,0.3717258894911,-0.2185048915217,-0.0172564424672,-0.2480729051098,0.3670330009254,-0.0168018034733,-0.0478227415275,0.0823676171030
0.6432797939001,0.3179031247288,0.0927364923280,0.4563742789013,0.3063378308650,0.1556931887348,0.3067543415061,0.3184106520588,0.5170844658727,0.1822850764531,0.0975260624620,0.3468927404826,0.3108885784371,0.1665830758553,1.0000000000000,0.3698341120718,0.0184809060755,0.3724226780095,0.3607380061013,0.3191744830360,0.2166718393903,0.2770489302661,0.3249887405088,0.0686306097354,0.3881227154138,0.4784627485274,0.2431028358029,-0.0141275884323,0.3890850047961,0.7130502295926,0.1799232073243,0.1628326870489,0.4625374130644,0.5496653085639,0.4608935135908,0.3630909685790,-0.0763845518941,-0.4309046234681,0.1670747059919,-0.1409064842759,0.2908828950785,0.1835424776481,0.1879908837660,0.4902791431897,0.1248547051511,0.1669154583852,0.0695883092539,0.0633290061168,-0.1102120071412,0.7317954951093,0.3416307578307,-0.0041977474201,-0.0580971047596,0.3502780447550,-0.2106499861500,0.1667554923170,0.0240302609635,0.0811399091213,-0.0706925694285,0.3082168458309,-0.0418154973837,-0.2752862411727,-0.1234549478872,0.2440842331565,0.3323125496342,0.0564816642583,-0.0558261319749,0.1973847709431,0.3818139343697,0.3700639563507
0.1383638579296,0.3445940455824,0.2403082631378,0.4513138408999,0.4031115428555,0.4935453908092,0.6479920520471,0.3258482162743,0.3771406441264,0.6629249631176,0.1422458260362,-0.0669745067099,0.5051198417278,-0.0420117896261,0.3698341120718,1.0000000000000,-0.0638454414370,0.2295222681589,0.0635411919802,-0.0729087377567,0.1802473084814,0.2545713462391,0.3733805270055,0.1091743984063,0.5093789041603,0.0504014751747,-0.0563484033588,0.0326357883452,0.3077177658402,0.3614183959878,0.1143500767145,0.1035647423514,0.4132228381203,0.4793466626252,0.3950802091711,0.2836303625344,-0.3154225149678,-0.2418636443744,0.3916472271314,0.3475999156176,0.6052187521278,0.5975069838020,0.2581609737270,0.2598298445380,0.6419449767597,0.2647818321252,-0.0027831971659,0.5111375541484,-0.2998937147540,0.2861438603390,0.8687802262111,-0.0290246602250,-0.2904209711203,0.1444286333855,-0.4126802977999,0.5261634296844,-0.0207398575840,0.2172588465278,-0.0686751650323,0.6225956635982,-0.4586993982467,-0.3989770576553,-0.0138477675668,0.2664555808449,0.0182684516532,-0.1089832513391,-0.0736719203494,0.4869115276479,0.2002239189677,0.4561827788248
0.2946156405962,0.1366116573001,0.1489016627033,0.2087040823788,-0.0181134269106,-0.0714204694455,0.0114073700830,-0.1314620810087,-0.0100700285047,0.0203205687210,0.1353061629134,-0.0209272941071,0.0341278309650,0.1270165627144,0.0184809060755,-0.0638454414370,1.0000000000000,0.2004514338039,-0.0088221047852,0.1053633404298,0.1992909215405,0.3346965912805,0.2711814441976,0.5233957469110,-0.0607440335678,0.1685052762958,-0.1215699364575,-0.0667970856884,-0.0047278194380,0.0557029502504,0.2486711209204,-0.2053314499001,-0.1676393125299,0.0670742125214,0.0565253124376,0.2093299115849,0.3231410671833,-0.0006009500167,0.1400002031202,-0.1143649904258,-0.0157913107088,-0.0391310249708,-0.1700235089697,-0.0947453372876,0.0268621467987,0.1144922358363,0.0591434194948,0.0627046912199,0.0962348284177,0.0071209122705,-0.0360072035834,0.9139731778917,0.1291051939027,-0.1789388477107,0.0304247293557,0.1173052651783,0.3915206829533,0.3491391676800,0.4716821315363,-0.0010572620296,0.1717720397917,-0.1416036349487,-0.1172416512267,-0.1061403317422,-0.0404697136097,0.1054898190605,-0.1653879154965,-0.0312568658870,0.0309213784625,0.0119108089689
0.4564842017210,0.6992955249389,0.5736045466087,0.6889188000319,0.4735080557415,-0.1090264515305,0.3384991690579,0.3050104233692,0.2150762597589,0.3131939396459,0.0342375820171,0.1570408338506,0.4562835967382,0.1820208439494,0.3724226780095,0.2295222681589,0.2004514338039,1.0000000000000,0.4288925513613,0.6649719149639,0.5144716107025,0.6491221512216,0.5934924544837,0.6538754491664,0.3764730182214,0.5265445559238,0.3036643966030,0.0626188405248,0.4968032640477,0.5152996150217,0.6856850476030,-0.0601273325599,-0.0952431914368,0.4868682157806,0.5273213825680,0.1266333189202,0.2204859465055,-0.2378725541294,0.3272320545774,-0.0633746071510,0.1221442973676,0.1008706000375,0.2522237206225,-0.0409732002933,0.1388026404082,0.0436395408230,0.0737486418934,0.2179107702821,-0.2057473785204,0.1826174925416,0.2838825666540,0.2304029691329,0.4112322398232,0.3269558857187,-0.0144426814318,0.4462782043473,0.3656536020170,0.3786789042268,0.3012415254026,0.3400479300380,-0.1198198909468,-0.4532185166434,-0.0487029036184,0.3466607745458,0.0276970428833,0.3991648473274,-0.3163338364915,-0.0274855498709,0.3096221646526,0.4332336532368
0.3684280410686,0.4144008464732,0.1889157399887,0.5002641215404,0.2641831813313,-0.1429791693397,0.0512627148646,0.0604919681358,0.0725661447308,0.0866123496729,0.0278325739377,0.6429117722572,0.1968024966350,0.4170856091691,0.3607380061013,0.0635411919802,-0.0088221047852,0.4288925513613,1.0000000000000,0.6875967766678,0.3546018835448,0.2541168838513,0.2834525034465,0.1306712846764,0.1255751888432,0.6488965550121,0.6460365427313,0.3342644184301,0.3544654558761,0.4596035299413,0.1949093656716,0.5865831789887,-0.0764413948814,0.2895571480091,0.4569030412310,-0.1880936929727,0.0709207592195,-0.4505962220774,0.1013424253035,-0.2150608339365,0.0930390675919,0.0085005996279,0.0478882698146,-0.0122911170189,-0.0662678733466,0.0218111534540,0.3962368754284,0.0118567377250,0.3928283949855,0.2467247753390,0.1168386545679,-0.0209168307970,0.0401947271300,0.6999797604328,0.1893915587342,0.2550184842427,-0.0295576177093,0.0605178233081,-0.1397018095228,0.1098064873114,0.0234939386061,0.0257498806494,0.1547556988221,0.2268769735812,0.1165171346334,-0.0332044179821,0.4271687274389,-0.0693297173641,0.1778720533641,0.3734625610484
0.4011667421180,0.3632418174698,0.2077229314614,0.5111775266143,0.3057951562266,-0.2642015078849,0.0209286225011,0.0170019045789,0.0814695273632,0.0487322894907,-0.1140933271850,0.3548378953773,0.1538269168602,0.4485922521530,0.3191744830360,-0.0729087377567,0.1053633404298,0.6649719149639,0.6875967766678,1.0000000000000,0.3316634834127,0.3233524670706,0.3086744985709,0.3016853679217,0.0302284545847,0.6946719609046,0.5677169310495,0.2527676961350,0.2106359140423,0.4994599817273,0.2884143743957,0.3443060314082,-0.1149206591983,0.3075779560545,0.4622362147349,-0.0594305294679,0.2205402023578,-0.3236727977088,0.0316077040637,-0.2923748056614,-0.0773929779935,-0.1689948650778,-0.0264419078218,-0.1248072629480,-0.1138086334296,-0.1568957096571,0.1569790779895,-0.0994894463083,0.2358931060841,0.1552034447601,-0.0419447711915,0.1098745697309,0.3989918529044,0.4183268217741,0.3806562224568,0.1461123576510,0.1813230090209,0.1218753936371,0.0590455401493,-0.0128062812878,0.0727467896539,0.0017938694536,0.0621209715690,0.0608125619486,0.1065289531035,0.1191353895773,0.2220061743900,-0.1330393087563,0.2099695562067,0.3760414585132
0.5284357168003,0.4989130130075,0.4458088844143,0.5073804082371,0.6682360668148,-0.3182368175870,0.1257114747629,0.0730761290613,-0.0837163867115,0.3397886887449,-0.0578777953458,0.2442017842811,0.5540741572481,0.3319006097821,0.2166718393903,0.1802473084814,0.1992909215405,0.5144716107025,0.3546018835448,0.3316634834127,1.0000000000000,0.5281913300931,0.4550131588269,0.5694275271479,0.3396011636362,0.4431508661614,0.1472300080458,0.0755687219902,0.3296320431096,0.3532334035459,0.3495674909704,-0.0521930653700,-0.2141297777724,0.3612477419740,0.3193365236954,0.1985118867727,0.2864508589018,-0.1222850097418,0.3967322957446,0.3015570711910,0.0224434611727,0.0632719123707,0.1763337650623,-0.1840479999989,0.1896561802829,0.0092965494662,0.3257741910926,0.5537509129451,0.0866836809179,0.1686970476757,0.2560423277726,0.2909876443232,0.3136815778168,0.2873641117413,0.1094350965905,0.7581314397609,0.4600004373525,0.3617589158581,0.4192911046624,0.3487364983705,0.0902483542315,-0.3075021245467,0.0392924093575,0.2879220142350,0.1099867775170,0.2692252426109,-0.1516316553938,-0.0417188163177,0.3479795309118,0.4330521684853
0.4269594156490,0.5820131941884,0.4489473126376,0.5277749357424,0.4684124664309,-0.0589680962120,0.3209228309665,0.3270838953252,0.1100439623805,0.2822771099615,0.0170067333507,0.1626338416241,0.4825393016816,0.1353505829539,0.2770489302661,0.2545713462391,0.3346965912805,0.6491221512216,0.2541168838513,0.3233524670706,0.5281913300931,1.0000000000000,0.5627475612917,0.8438270170499,0.5664273611169,0.4579648475242,0.1851290142659,-0.0108911878807,0.6923045716740,0.4516062297994,0.6840487798394,-0.1048771165056,-0.0312630864500,0.4416007991136,0.3351404418968,-0.0032208747614,0.1178803498393,-0.3057024969109,0.2576135885576,0.1105067420741,0.2525067403834,0.1550654708739,0.3133461512806,-0.0113821147389,0.1479908862667,0.0093543252554,0.1413224110071,0.2550232849675,-0.1482524352729,0.0773495023673,0.3456538022260,0.3532558654795,0.0764055793134,0.1607984651480,-0.2955998344516,0.4098805760277,0.7022112291170,0.3928969136971,0.5206482405582,0.5310968674728,-0.0904459129908,-0.5345727943813,-0.0908332600583,0.6085082480511,0.0290735019487,0.4846608674750,-0.3093865054881,0.1120470957834,0.3074831386448,0.3121661438576
0.4465194217566,0.6752541702177,0.4745069005114,0.8006518116443,0.4376884146059,0.0102137956691,0.3362032159468,0.1659531807251,0.0867624356303,0.5638142092027,-0.1176402446823,0.0507900370933,0.4738142879557,-0.0660848382026,0.3249887405088,0.3733805270055,0.2711814441976,0.5934924544837,0.2834525034465,0.3086744985709,0.4550131588269,0.5627475612917,1.0000000000000,0.4919451732805,0.5611492082398,0.3015247019785,0.1172253262520,0.0626797313028,0.5002358686772,0.4428359044432,0.4892614570613,0.0162113571364,0.0316867999771,0.4981694439225,0.5173276550019,0.2538018279156,0.2750088798279,-0.3339007103013,0.6724022299964,0.1477308477019,0.2627575802580,0.2852651079756,0.3071987655658,0.0200936536050,0.4698577960424,0.0865131940038,-0.0168408142863,0.4320977252260,-0.2834192432251,0.2099075893746,0.4804179032554,0.3757778216558,0.2062715344349,0.2829339705438,-0.2157984507302,0.5413411146640,0.3920939717846,0.8700408921398,0.2892916952950,0.6470915591431,-0.2174584756374,-0.5430525076303,-0.0918504559943,0.4836324640666,0.1456576418914,0.3962321585900,-0.2079389965250,0.0692425141067,0.4678246659731,0.5622874281237
0.4000231080412,0.5162327669920,0.5971213943805,0.4536235332256,0.3805033223136,-0.1940307688989,0.1693576494285,0.1274084063458,-0.0260851960381,0.2280135909510,-0.0213370962977,-0.0002237184742,0.3601246377961,0.2145616880136,0.0686306097354,0.1091743984063,0.5233957469110,0.6538754491664,0.1306712846764,0.3016853679217,0.5694275271479,0.8438270170499,0.4919451732805,1.0000000000000,0.3131642406642,0.3355664759440,0.0475043876182,0.0759837666118,0.3631057002658,0.2615331387305,0.6173763351023,-0.2656683167717,-0.2526627832873,0.2924767481882,0.2242856782973,0.0828787994504,0.3077550502519,0.0440244062661,0.2331252945534,0.0601357333702,0.0543711624723,-0.0001214231075,0.0769083523322,-0.2110629299052,0.0992843726964,-0.0393853783721,0.1202084619658,0.2531309334787,-0.0856811387422,-0.0729389780634,0.1880940168962,0.5521107034009,0.2867108549177,-0.0064819268189,-0.0786199174861,0.4292406967042,0.7423548248997,0.4205353833116,0.7268889221963,0.3013184886651,-0.0096348176474,-0.4303706080353,0.0561960380504,0.2727306314874,-0.0569407186025,0.4124000961555,-0.3691633017082,-0.0134455749062,0.2140103370423,0.2558595603459
0.3407594721406,0.4291898904723,0.3921733692248,0.5122107715530,0.5287512153742,0.1035475246032,0.3328246285676,0.5983560644301,0.1067752906438,0.6756508971687,-0.0331554573075,0.0197964595452,0.4565412761549,-0.0789237463901,0.3881227154138,0.5093789041603,-0.0607440335678,0.3764730182214,0.1255751888432,0.0302284545847,0.3396011636362,0.5664273611169,0.5611492082398,0.3131642406642,1.0000000000000,0.2831931611886,0.1256275169954,0.0335478704685,0.7042184695448,0.3239300793416,0.3182327913684,0.0905802528598,0.1781937860483,0.3872936098003,0.1775607571774,0.2566262561031,-0.1184241920199,-0.2792624017585,0.4660955759026,0.4056356443618,0.3488004271019,0.2646171519324,0.6278678170647,0.1153749750208,0.6072100321431,0.0385352695668,-0.0309774077620,0.3541206156333,-0.2279486569829,0.3145541065341,0.5472424602510,-0.0243330029648,-0.1509691437666,0.1916340203294,-0.4475303261078,0.4415288173768,0.3200806777836,0.3590752407798,0.1306113734996,0.9285823797784,-0.1358021831472,-0.5221277503144,-0.0058556333389,0.7035534741195,0.0434610049400,0.2494779816120,-0.2165924083683,0.1777323747320,0.2206682220087,0.2004896052147
0.5383331801905,0.5223615454986,0.2271028503782,0.5641519574187,0.4364982917342,-0.1906576987328,0.0866988243255,0.1710262128002,0.1490755923991,0.1214647471694,0.0615580859449,0.5113995247195,0.2162718287881,0.4823976030029,0.4784627485274,0.0504014751747,0.1685052762958,0.5265445559238,0.6488965550121,0.6946719609046,0.4431508661614,0.4579648475242,0.3015247019785,0.3355664759440,0.2831931611886,1.0000000000000,0.6139835320550,0.3158713040625,0.4303756566591,0.4308373903744,0.3108443001011,0.3463825919348,-0.0782277990354,0.3887057637733,0.3869718842913,0.0352999191495,0.2400251385583,-0.4116182732584,0.0941242072028,-0.2035060908270,0.0871517180026,-0.0280180574720,0.1210008459695,0.0643212311844,-0.0871156251955,0.0478624817468,0.2848185957267,-0.0460440647658,0.3438856437445,0.2847412772318,0.1103554354398,0.1187998138412,0.0528503858362,0.3162566220119,0.0439105083247,0.2296946569015,0.2300920150962,0.0612203202575,0.0400492973890,0.1901260023057,0.3328027999187,-0.1061178640315,0.1151185703141,0.2211689531034,-0.0439333433526,0.0480519936719,0.1541899833303,-0.0346850690920,0.1419111987589,0.2981103667163
0.1738752227056,0.3547435812078,0.2275081398899,0.3020080543452,0.3145321461577,-0.1123994710090,0.0972639445880,0.0309357562621,0.2831795339983,0.0161437135022,0.0704261572561,0.5216906611998,0.0692221504849,0.4491180872327,0.2431028358029,-0.0563484033588,-0.1215699364575,0.3036643966030,0.6460365427313,0.5677169310495,0.1472300080458,0.1851290142659,0.1172253262520,0.0475043876182,0.1256275169954,0.6139835320550,1.0000000000000,0.6201120645434,0.3324589889958,0.2779140414832,0.0931179294880,0.5909127394453,-0.0313955453936,0.0473306492493,0.1889309067181,-0.2638988754756,0.0850939647993,-0.2741364459866,-0.1217839974777,-0.2213348160671,-0.0202001003209,0.0609367590225,0.0011776942393,0.1877712625351,-0.1704056287261,-0.0091700870849,0.3018619688492,-0.1291743393512,0.3492222458520,0.1138427744505,0.0124786425335,-0.1763541171160,-0.0295755173823,0.3667061281127,0.1505598313645,0.0584598613422,-0.0331966775713,-0.0796535854214,-0.1514466727132,0.0234271324567,0.0716964379612,0.3765806702713,0.4334804117582,0.1419323086752,-0.0610819422914,-0.1170356668724,0.3962584409591,-0.1668664797698,-0.0593497190426,0.1267480984208
0.0354889500012,0.2436146099378,0.4590171106155,0.2410169577661,0.1678890826665,-0.0985770031324,-0.0493850822504,-0.2069515868462,0.1015256331892,0.1932732196328,-0.0628955795854,0.1794751006007,-0.0952434291386,0.4473834205929,-0.0141275884323,0.0326357883452,-0.0667970856884,0.0626188405248,0.3342644184301,0.2527676961350,0.0755687219902,-0.0108911878807,0.0626797313028,0.0759837666118,0.0335478704685,0.3158713040625,0.6201120645434,1.0000000000000,-0.0181210341784,0.0242513246550,-0.2078123604001,0.4069378886681,-0.1194208485078,-0.0765250910991,-0.0383740095003,-0.0934693510245,0.1730270580164,0.2376295241244,-0.0647085216669,-0.1700656918559,-0.1621045884203,-0.0052255175093,-0.2917930151486,0.0001868110621,0.0362853600459,-0.1123688538752,0.2450231424160,-0.0200655238676,0.3815741949856,-0.0229491835212,0.0402475046848,-0.0645559110699,-0.0063198297330,0.1461580587302,0.2400537615575,0.1559604357700,0.0048149557716,-0.0276858116879,0.0296906156058,-0.0038995587051,0.0132555897592,0.4382873569942,0.8879662653546,-0.1295942025595,-0.1843360524471,-0.3978124757569,0.4438275303327,-0.2010369361669,-0.1553470535633,0.0894735819818
0.2604169833676,0.5094315506750,0.2447215669457,0.4777145958067,0.4745627228501,0.1182944817305,0.3183063665419,0.5250691237871,0.1610413239266,0.2113687337151,0.0884057064115,0.3141850436084,0.4095266568554,-0.1178826892517,0.3890850047961,0.3077177658402,-0.0047278194380,0.4968032640477,0.3544654558761,0.2106359140423,0.3296320431096,0.6923045716740,0.5002358686772,0.3631057002658,0.7042184695448,0.4303756566591,0.3324589889958,-0.0181210341784,1.0000000000000,0.3987089579909,0.5770906143944,0.1015315839834,0.1814865929672,0.4523712861633,0.3500049475588,-0.1486731136520,-0.0530119561258,-0.5129479349306,0.2748291239525,0.1824802531172,0.4334156885538,0.2859200097649,0.6211524266747,0.2127548111093,0.1288250118858,0.1128959233682,0.1301455200194,0.1732167753405,-0.2558282684767,0.1635668940927,0.4164359234306,-0.0399941229072,-0.1425582973327,0.3178823090612,-0.4363939320988,0.2670322382521,0.2660428925164,0.2700118957079,0.0322800849950,0.6383297811323,-0.1378848100326,-0.5055341682230,-0.1461047310892,0.8924005025607,0.0357340052814,0.4040028468333,-0.1775065484623,0.2035697928394,0.2716466964056,0.2238540252137
0.5894623808794,0.4318002783205,0.1083300897115,0.5648661538494,0.4069455952129,0.1321371409921,0.3827039754094,0.0879533219854,0.4397123429572,0.2244139872841,0.0693419840025,0.3312471923040,0.4681760011952,0.2860867916089,0.7130502295926,0.3614183959878,0.0557029502504,0.5152996150217,0.4596035299413,0.4994599817273,0.3532334035459,0.4516062297994,0.4428359044432,0.2615331387305,0.3239300793416,0.4308373903744,0.2779140414832,0.0242513246550,0.3987089579909,1.0000000000000,0.2829695564546,0.2401764480477,0.3640433510259,0.6559441227955,0.6099032324883,0.1771876237063,-0.0217576131102,-0.4384361641882,0.1177049382741,0.0082974587377,0.2557351315481,0.2257680462049,0.0228039334733,0.2938027103063,0.1911266986416,0.0868908374302,0.1565227012429,0.2568051712953,-0.0546905294708,0.5214504749447,0.3769578276192,0.1151972959327,0.0689240721431,0.4434879526752,-0.1075514566004,0.3380372931774,0.1630612567058,0.2492936948913,0.0691536186184,0.3335566771404,-0.2476260818485,-0.2621408748763,-0.0937374578371,0.3093844231084,0.5999936474080,0.1472800404671,0.0686797273393,0.1790027652203,0.5749501349924,0.5872298637435
0.3504945518330,0.5553131372423,0.3931230333505,0.4039146743086,0.2442100646384,-0.0213412452602,0.3057287037986,0.4795895749309,0.0891247733603,0.0482034855203,0.1576182192720,0.1515582747359,0.3064418142707,-0.1131332664767,0.1799232073243,0.1143500767145,0.2486711209204,0.6856850476030,0.1949093656716,0.2884143743957,0.3495674909704,0.6840487798394,0.4892614570613,0.6173763351023,0.3182327913684,0.3108443001011,0.0931179294880,-0.2078123604001,0.5770906143944,0.2829695564546,1.0000000000000,-0.2730273900614,-0.0509620170410,0.3666786060845,0.3525133180944,0.0446051950562,0.2338613135968,-0.2045938473288,0.2352761650822,0.0113525507549,0.2039393453072,0.0825355003122,0.3338592517030,-0.1072228247287,-0.0629281113797,0.0066859791381,0.0992159684408,0.0532236060037,-0.2842766625501,-0.0336222065619,0.1501593348649,0.2398954522397,0.2134779152783,0.1667442140545,-0.2162891034480,0.2223688554418,0.3326083503151,0.3259942886589,0.2672614030767,0.2804078763452,-0.0087388968701,-0.4734163693686,-0.2598303083804,0.4653931119753,-0.0298731587009,0.6031097465840,-0.4265126810284,0.0844824831628,0.1755075567318,0.2270820265414
0.0486878088998,0.0533748872252,-0.1244167319926,0.2274422171903,0.0654263335124,-0.0523070122595,-0.0352293230481,-0.0225631111504,0.0893139875642,0.1808806561062,-0.0386329863924,0.2654166629119,0.0425412095997,0.1909916518481,0.1628326870489,0.1035647423514,-0.2053314499001,-0.0601273325599,0.5865831789887,0.3443060314082,-0.0521930653700,-0.1048771165056,0.0162113571364,-0.2656683167717,0.0905802528598,0.3463825919348,0.5909127394453,0.4069378886681,0.1015315839834,0.2401764480477,-0.2730273900614,1.0000000000000,0.0339940526604,0.0442017142126,0.1333556030506,-0.1276034245994,-0.0530034496841,-0.3486047809362,-0.0641491183189,-0.1011804236160,-0.0169412452461,0.0247009631433,0.0154815352688,0.1007211830575,0.1529997530389,-0.0251436844597,0.0649384416403,-0.0326409557427,0.3566071178387,0.1708473753559,0.0900370592718,-0.2336997094223,-0.1905554141919,0.4479088673903,0.1674046025180,0.0480053720812,-0.2181908925605,-0.0635249090573,-0.3414421331867,0.0929875496035,-0.0299910707603,0.3898499539219,0.2876913118423,0.0220997761258,0.1440819924876,-0.3258156249289,0.7085558570576,-0.0797739879869,-0.0090798333337,0.1315746070623
0.0221339063327,-0.0638142122910,-0.2360167173366,0.0050992710611,0.0387259954339,0.6484448998216,0.2889068287503,0.1021703048903,0.3571967618006,0.0438352426261,-0.0673037161422,0.1804447290122,-0.0469186369652,-0.0948040691600,0.4625374130644,0.4132228381203,-0.1676393125299,-0.0952431914368,-0.0764413948814,-0.1149206591983,-0.2141297777724,-0.0312630864500,0.0316867999771,-0.2526627832873,0.1781937860483,-0.0782277990354,-0.0313955453936,-0.1194208485078,0.1814865929672,0.3640433510259,-0.0509620170410,0.0339940526604,1.0000000000000,0.1915119892663,0.2745737489653,0.1107164511016,-0.3460986496051,-0.2397181770886,-0.0621840689448,-0.0165308617141,0.4699265297903,0.4121357568608,0.1131395842821,0.5334683708701,0.1357111944045,-0.0287874850184,0.0377460420733,-0.0676779673319,-0.1773734819062,0.4375548619456,0.3787053121025,-0.1901849105667,-0.2540910193375,0.1057028811262,-0.2381310893146,-0.1213786717424,-0.2299127759993,-0.0708220395838,-0.2706638405181,0.2022655785218,-0.2228036359668,-0.1128345763828,-0.1711276403443,0.1666451660770,0.2602523747505,-0.0813481341284,0.0506079713927,0.5672642814097,0.2038529095627,0.2488006147256
0.4411165170221,0.5138158802855,0.1567861481336,0.6345930674736,0.3560707666220,0.2084800267027,0.3472706845772,0.2602646784123,0.2481601209602,0.3029696235844,0.1344535216714,0.1242006745503,0.4040978218777,-0.0441644848102,0.5496653085639,0.4793466626252,0.0670742125214,0.4868682157806,0.2895571480091,0.3075779560545,0.3612477419740,0.4416007991136,0.4981694439225,0.2924767481882,0.3872936098003,0.3887057637733,0.0473306492493,-0.0765250910991,0.4523712861633,0.6559441227955,0.3666786060845,0.0442017142126,0.1915119892663,1.0000000000000,0.6770762527485,0.2300579333522,0.0553364683362,-0.3764586855109,0.3892764819721,0.0646210655380,0.4490159818780,0.2212889657510,0.2609824485039,0.1909349975708,0.2734187519206,0.2723974180995,-0.0498519023871,0.2979762940644,-0.2918830076305,0.3378938583024,0.4854390071759,0.0760998933696,0.0492941451147,0.2401057135255,-0.2295005747433,0.4340273392733,0.1674389287507,0.3681387383301,0.0827853418939,0.4251951058972,-0.2102793516996,-0.4580025816615,-0.1671152555389,0.3561275081660,0.2751701167488,0.1922242107775,-0.1411097412261,0.1988477447594,0.6297534118378,0.6268057413618
0.3752339402881,0.5593237015398,0.0848622096052,0.6080667537849,0.2896367574795,0.2303693966478,0.3019400593314,-0.0311849789040,0.1990559621547,0.2162875077596,-0.0036478033564,0.3302180699851,0.2589424661508,-0.0239325842652,0.4608935135908,0.3950802091711,0.0565253124376,0.5273213825680,0.4569030412310,0.4622362147349,0.3193365236954,0.3351404418968,0.5173276550019,0.2242856782973,0.1775607571774,0.3869718842913,0.1889309067181,-0.0383740095003,0.3500049475588,0.6099032324883,0.3525133180944,0.1333556030506,0.2745737489653,0.6770762527485,1.0000000000000,0.1311036765766,0.1868788082940,-0.4532780420160,0.4521217178733,-0.0509702913313,0.3962422213411,0.3134574674182,0.1622809360577,0.2603786513714,0.1324755517606,0.2019010794677,0.0522822034721,0.1998553450329,-0.1761713027502,0.2986890220931,0.4798249753760,0.0901330726360,0.1836108939099,0.3626306271264,-0.0392729485026,0.3635808133047,0.1139818485852,0.4164679978169,0.0684759845351,0.2649901123343,-0.1405031719350,-0.3398001498263,-0.1827929726489,0.2683572037616,0.2605887241372,0.2579027456927,-0.0385284808780,0.2560959254656,0.6031441943817,0.8275518307110
