1.0000000000000,0.5745465090609,0.2889859044382,0.5582410224705,0.4143280643733,-0.0317714797520,0.1388676607398,0.4971820717418,0.1043172398617,0.4605827652526,0.3513517743266,0.0137891981080,0.3901306697985,0.0803370327586,0.5551182349229,0.0127251374011,0.3595957425870,0.6052905313340,0.1116321563275,0.5407401912127,0.6631659708158,0.3179796957670,0.4140943890419,0.3559143320466,0.4314487241130,0.3926920010813,0.4761772368983,0.1506910484874,0.2925137066700,0.6346825583664,0.5204138556238,-0.0339573224692,0.1015033795086,0.4434946684426,0.4809660694085,0.5543231321517,0.1942036047021,-0.2200284079370,0.4519961198429,0.3581017382010,-0.1525500188311,-0.0771272360293,-0.1223344874555,-0.2430628803032,0.3616867773790,0.1759802950596,-0.2565130178481,0.3305396275673,-0.2174534063357,-0.0499110312919,-0.1143350445593,0.3970062187655,0.2480223491922,-0.3020656493141,0.0840530626230,0.5025798020995,-0.1654779516296,0.2842137149491,-0.0185173449755,0.4102959827693,0.1055309411037,0.0473301482254,0.0108994249699,0.0651657903284,-0.0057600662933,-0.2434618900688,-0.1283763772350,-0.1116423263910,0.2694847801579,0.4323034876585
0.5745465090609,1.0000000000000,0.4707720785193,0.8492089247148,0.5597528281777,-0.2015824948605,-0.0531682051159,0.5910593020793,-0.1085988414837,0.6121261559882,0.2362447546047,-0.0055711047305,0.3476048017406,-0.0376279347106,0.2604667573337,-0.1674235286333,0.4550086286237,0.6170899934446,-0.1209076038443,0.3981965121361,0.5950984594490,0.5250470805871,0.6840474397872,0.5913132723946,0.6054194361387,0.4956667539021,0.5338239142921,0.2781839012685,0.4920678087497,0.4725733725241,0.6622948091055,0.1163004132189,-0.0955774988166,0.5146462225200,0.4390099934773,0.4848482514109,0.7104117348177,-0.0325291011423,0.7751398115140,0.5164257284543,-0.2888474854242,-0.3664176200901,0.0647611928760,-0.4994791345880,0.4709484622451,0.0909720586409,-0.3326020579310,0.2841781232172,-0.3366045934561,-0.4330238648510,-0.3037874791990,0.5390649460791,0.3256340906736,-0.5721665536967,-0.0067455368618,0.5501293728147,0.1148979839964,0.5811268332143,0.2163916980944,0.5442575847670,0.1850599597423,0.0992367307867,0.3154753968366,0.2475966808492,-0.3072911194687,0.0065249264810,0.0303981199454,-0.2872252950495,0.1474787503235,0.4615674962930
0.2889859044382,0.4707720785193,1.0000000000000,0.4826036572595,0.2972299281894,-0.0411550484349,-0.0198383550001,0.6295285214882,0.0581777228100,0.4071899057006,0.1106764408757,0.1723710067727,0.0788497100969,0.0380179185556,0.3306710807239,-0.0699462687151,0.4847343832184,0.3207364794704,0.2169731096609,0.2257130103599,0.2679797530703,0.7182140535124,0.5022904410987,0.6621132460048,0.4457597121148,0.2009097565321,0.5554461012332,0.6256187750372,0.4557469689097,0.2690272865853,0.6244900654596,0.0332413978661,-0.0394539834473,0.2294462906638,0.2674422778729,0.0643724137939,0.3258590175517,0.4954380395170,0.4543202441179,0.3052271432136,-0.0957961795245,-0.1934239417139,0.1460481334553,-0.1967078460663,0.2953238523414,-0.2070620592598,-0.0258832698767,0.0234865739017,0.0131883258694,-0.1851298163284,-0.1465857976134,0.4488045764645,0.0888825436127,-0.1442959811731,-0.0067496396905,0.2729194607972,0.2015419863129,0.4469242065101,0.2381211262777,0.4484424397949,0.1249566006465,0.2558130335701,0.5789474550894,0.1840757144837,-0.2650702594136,-0.0020557191898,0.0667524014473,-0.1012015800386,-0.0051012238295,0.0923113782618
0.5582410224705,0.8492089247148,0.4826036572595,1.0000000000000,0.5843422922992,-0.0457514339355,0.1422967532073,0.6295955585847,0.0931556183421,0.6940532940903,0.2905208163410,0.0575754280081,0.3815757604518,0.0938304799686,0.4012998913023,0.0427564854783,0.4018179294857,0.5476576603676,-0.0315122636680,0.3471028395048,0.5806414319253,0.4468081948477,0.6852250446768,0.4964880458002,0.6349654811066,0.5026916496084,0.4288891511735,0.1591578845990,0.5225038068750,0.5237976981219,0.6502122683795,0.1437350643205,-0.0226150408600,0.5401733428150,0.4950249442952,0.4297111929875,0.5801687989929,-0.0497207555447,0.8417761959864,0.5273698850330,-0.1255173500540,-0.1597131011027,0.0911685306928,-0.3301188504798,0.5638430812706,0.0974117484604,-0.1865501200681,0.3259874997624,-0.2008698298820,-0.2865402178649,-0.0767362209737,0.4486795738124,0.2737698950646,-0.4916346811570,-0.0429666423252,0.5177436149420,0.0542696371471,0.5379873800525,0.1578645148190,0.5870919975045,0.2035936518043,0.0506191295910,0.2251130054579,0.2689179905077,-0.2344163194366,-0.0334779264090,0.0869666106103,-0.1228650633601,0.2157304630890,0.4599740946479
0.4143280643733,0.5597528281777,0.2972299281894,0.5843422922992,1.0000000000000,-0.2479886210046,-0.1589416692485,0.7072567049808,-0.2602182036306,0.6973082764499,0.3740574944204,-0.2068489742199,0.4570558815870,-0.1749551834371,0.1212766266138,-0.1414385163879,0.2703494238325,0.5850739348356,-0.2567686247559,0.2547920459455,0.7614297940253,0.3763411585547,0.5095253041509,0.4197284158364,0.6774616697081,0.1375196336071,0.1940483378175,-0.0451534388076,0.6306701242080,0.3750585207079,0.6069053743226,0.3187819684225,-0.1527343194310,0.5778422922792,0.1817522387706,0.5603943111003,0.5550584691375,-0.1101620477338,0.5443675650157,0.9090758401587,-0.2727321832819,-0.2680744622133,0.4130727628852,-0.4202086905842,0.6559219063724,0.4971671877822,-0.3818181427393,0.5471700978365,-0.3617319627846,-0.2312777680431,-0.1957254054296,0.2929572764221,0.4819068120742,-0.4458543270979,0.0528818312756,0.7079733348496,0.2474381533345,0.4833143873416,0.2892671657946,0.6239534417198,-0.0696720967337,0.0280237162826,0.0203806279225,0.4399966534510,-0.0269912643616,0.1432270420450,0.2526977446695,-0.2485147688272,0.2438743582157,0.2934189373356
-0.0317714797520,-0.2015824948605,-0.0411550484349,-0.0457514339355,-0.2479886210046,1.0000000000000,0.6182168570527,-0.1620206044240,0.7207199949214,-0.1802008322411,-0.0776922494834,0.0383611077347,-0.1815369666092,0.1973960312183,0.2126517116662,0.4957261153200,-0.0537829872568,-0.1629405418283,0.1177340902852,-0.0507580022652,-0.2087533383134,-0.0423286465423,-0.0822582867002,-0.0966108648246,-0.1758859581682,0.0206205074812,-0.0058361226341,-0.0557450279108,-0.1511970998337,0.1491206744184,0.0067804036905,-0.2899000293193,0.6069229219747,-0.0381858313166,0.2276749156716,-0.1510558317102,-0.2905619219981,-0.1389394890628,-0.0912098293946,-0.2542855752654,0.8951222709908,0.5537536782677,-0.3672070605344,0.5817980616774,-0.2133574211235,-0.3118283747589,0.2521818489344,-0.2529584326503,0.2869384844345,0.1605503460880,0.5215245516259,-0.0802115402975,-0.1559641272548,0.2269056080781,-0.1247669439776,-0.1977621482795,-0.2356407633068,-0.1237332286102,-0.1566363088395,-0.1473856877548,0.0250206163702,-0.1047149463105,-0.1010577385469,-0.2395030871377,0.0502595243806,-0.1403188645405,-0.3070330641201,0.6377596320107,0.0792400774401,0.0162888559722
0.1388676607398,-0.0531682051159,-0.0198383550001,0.1422967532073,-0.1589416692485,0.6182168570527,1.0000000000000,-0.1011748342601,0.8380019662860,0.0163801186210,0.3211623486521,0.1258994141616,0.2929092982999,0.4225880148616,0.5413433931301,0.7790253348842,-0.0951875302634,-0.0669383086678,0.2210765076067,0.2052867222614,-0.0394762759916,-0.0081001563121,-0.0802967598946,0.0030519877611,-0.1108838556323,0.1720579534027,0.0668454397992,-0.0210428772929,-0.2010522554545,0.4592054080366,-0.0227582628282,-0.4138441200588,0.2622848399796,0.0731679866871,0.2416437488179,-0.1115485630251,-0.3885086253531,-0.2665094428113,-0.0346258840443,-0.1953635653817,0.5873251868285,0.7459755462590,-0.6188131511364,0.5723436073952,-0.0923712364611,-0.0580717021360,0.2802381984245,0.0975042624046,0.3674332930161,0.3450182685470,0.6951603230121,-0.0556740739416,-0.2761981852158,0.2297509219530,-0.1019279721699,-0.1302638013639,-0.5215802662173,-0.3014023426616,-0.4104690012010,-0.1528123485299,-0.1057344391719,-0.2329068145754,-0.0914169120316,-0.3691396593663,0.0364804640339,-0.4665032289739,-0.4385454647544,0.3777299547971,-0.0538755789247,0.0755932733105
0.4971820717418,0.5910593020793,0.6295285214882,0.6295955585847,0.7072567049808,-0.1620206044240,-0.1011748342601,1.0000000000000,-0.0814397643457,0.6976235291254,0.3567542899465,-0.0263897797335,0.3049415255735,-0.0640383333541,0.3824381668185,-0.0864512646105,0.4346942473219,0.4853258627740,-0.0431858738189,0.3158447425467,0.5860762143010,0.5861292077018,0.6840670682016,0.4727633435570,0.7649913741867,0.2226447051838,0.3474336513232,0.2300567779965,0.7525927801840,0.4020158368339,0.7878023058202,0.2385798837618,-0.0965944908560,0.4312303087365,0.2007016027182,0.3055677797211,0.4050238562404,0.0049118267844,0.5032132904873,0.7538899302313,-0.1854293845789,-0.2472113067951,0.3418246281108,-0.3513358640352,0.5883200877881,0.1787767708054,-0.3094328996237,0.2922451793885,-0.2969257396001,-0.2074703636264,-0.1908413822767,0.4420761939652,0.2112937584393,-0.4533286081929,-0.0709716157569,0.5353001521717,0.0602351038091,0.5806784574776,0.0557292823307,0.7714864437685,-0.0665994192854,-0.0136062537651,0.1541147174496,0.4670126859078,-0.2829283854742,-0.0879537290397,0.1573951713538,-0.1818159858585,0.0647050692734,0.1867240626792
0.1043172398617,-0.1085988414837,0.0581777228100,0.0931556183421,-0.2602182036306,0.7207199949214,0.8380019662860,-0.0814397643457,1.0000000000000,-0.1110279728737,0.2733643769633,0.1989845036128,0.0703070841217,0.4511891841757,0.5294055562017,0.7514147256480,0.0235184118856,-0.1937176387342,0.2243827736226,0.0112296553529,-0.1695593522720,0.0568241136093,-0.0522786828258,-0.0018707106911,-0.1258840887359,0.0678675270123,0.0349535910478,0.0113927276722,-0.1192510543424,0.3564373989180,0.0217117793951,-0.3682538266711,0.3501318367617,0.0525130811286,0.1892566721281,-0.1891133748654,-0.4569748131223,-0.1610955862355,-0.0820737200986,-0.2764078148529,0.6864772144765,0.7294288001821,-0.5514666630638,0.7395225304859,-0.2015386608914,-0.1918138275439,0.3536840274854,-0.0861108457290,0.3995696523040,0.3633708931814,0.6711208754042,0.0218513295876,-0.3962000934402,0.2440139202349,-0.2224976145337,-0.2646788177259,-0.4470335525153,-0.2385055865816,-0.3838499667224,-0.1403342165799,-0.1432628707407,-0.2593878929595,-0.0514321373266,-0.2292706190708,-0.0087710156683,-0.3644260758144,-0.3592023031273,0.5492100792068,0.0351225260959,-0.0619528496472
0.4605827652526,0.6121261559882,0.4071899057006,0.6940532940903,0.6973082764499,-0.1802008322411,0.0163801186210,0.6976235291254,-0.1110279728737,1.0000000000000,0.3803161964959,-0.2408382803750,0.5523310096766,-0.1588192318495,0.3253962214594,0.0026109913071,0.2405152587970,0.5613231328842,-0.2810557130821,0.2601794313080,0.6562435409412,0.3738614728753,0.5464502795537,0.3863771635695,0.6881179086657,0.2690584428557,0.2468566712606,0.0549782790269,0.4506508920395,0.4325909626633,0.5188754739495,0.1742994923966,-0.1459994413429,0.5154249436725,0.2835695479057,0.3701833920816,0.4049580121193,-0.0721892411767,0.5909767066283,0.7130468089037,-0.2059504647273,-0.0874477050296,0.1272719961393,-0.3566685397680,0.8579987973944,0.2797162663165,-0.4075409050371,0.5866521900306,-0.2841245111427,-0.1148893743008,-0.0895210586531,0.2773922816455,0.3605394607419,-0.4583279192297,0.0341372646834,0.5624188421023,0.0397512910273,0.4707866465610,0.1139289963681,0.6384029264143,0.0388921089364,-0.0039866471992,0.0286021854543,0.1919099967659,-0.0737964136580,-0.1636356626222,0.1196533267419,-0.2055585623213,0.2518816844845,0.3998997955271
0.3513517743266,0.2362447546047,0.1106764408757,0.2905208163410,0.3740574944204,-0.0776922494834,0.3211623486521,0.3567542899465,0.2733643769633,0.3803161964959,1.0000000000000,-0.1517645232541,0.7038966505532,0.0336539736144,0.5671312062651,0.4443400490425,0.0517828313121,0.3946560844994,-0.0121979626252,0.3858495564600,0.4418360682944,0.2316264888018,0.0538794790569,0.3045272592784,0.2463038962673,0.0964674154478,0.2325139495938,0.0456547527518,0.2410182304665,0.6564305749424,0.2492147525739,0.1372011341455,-0.1137681468385,0.6139975923997,0.2134334193288,0.3004637995167,-0.0644018641371,-0.1921096234051,0.2022138343104,0.3248941923750,-0.0878395284541,0.2229715687134,-0.2275379542359,0.1200736772096,0.2993117146423,0.6719545339093,-0.1707514287811,0.6746866924923,-0.1075791365306,0.1933561290935,0.3306995589726,0.1185104522731,0.0988976554537,-0.0701466957030,0.1442657483136,0.1544803225738,-0.1547966887288,-0.0862803469513,-0.1247501424491,0.1537449049394,-0.1354430611938,-0.0679802036811,0.0297815036172,0.1547976870860,0.2221443210765,-0.3418763022773,0.1260629932897,-0.1687037088866,0.3623291278902,0.1974471774611
0.0137891981080,-0.0055711047305,0.1723710067727,0.0575754280081,-0.2068489742199,0.0383611077347,0.1258994141616,-0.0263897797335,0.1989845036128,-0.2408382803750,-0.1517645232541,1.0000000000000,-0.2806041791640,0.6598965490464,0.1900036198967,-0.0011152266564,0.0600197653778,-0.2446126947209,0.6198561563526,0.0138647029912,-0.1295098749685,0.0040435453085,-0.0052967748323,-0.0303076855172,-0.1507260596640,0.3190526839209,0.1706177939035,0.3769158852498,-0.1231090187582,-0.0532214071689,0.0155887408766,-0.1702440275325,0.2713449722368,-0.1305927287272,0.0252442964134,-0.1375655314818,-0.0605157608785,0.1653394679083,0.1021022974167,-0.1993836181743,0.0436862609525,0.0086569444922,-0.0890010221713,0.0621445599335,-0.3139910076407,-0.3320762473648,0.6888149341781,-0.3500101824642,0.4973574603721,-0.0453948671333,-0.0998819929377,-0.0378787322271,-0.3524477903732,0.1066315508027,-0.1888164700741,-0.0826456403247,-0.0754873100755,-0.0833785812052,-0.0799215882923,-0.1367654592817,0.2358134544486,0.0205526602117,0.2744325318159,-0.1045303619079,-0.2317075624797,-0.0212672601028,-0.0785157149418,0.2665720473417,-0.1804759236922,-0.1852286270494
0.3901306697985,0.3476048017406,0.0788497100969,0.3815757604518,0.4570558815870,-0.1815369666092,0.2929092982999,0.3049415255735,0.0703070841217,0.5523310096766,0.7038966505532,-0.2806041791640,1.0000000000000,-0.0843200838677,0.5164426808033,0.3075072611731,-0.0154563814388,0.5554186688196,-0.0635234371860,0.5146188158454,0.6240549569094,0.2041659965406,0.1759396059668,0.3477236465257,0.2453550669059,0.2028591420320,0.2959535632473,-0.0940281508174,0.1954588122899,0.6771933697148,0.2513525596621,0.0864909840130,-0.2040010125044,0.4714876757185,0.3389640205685,0.3763215335604,0.0762153765582,-0.2220996658696,0.3388342446821,0.3949562830393,-0.1973648616894,0.1353576336872,-0.1523849613164,-0.1511949540772,0.4725840455570,0.6188221546348,-0.2660852672636,0.8691728603881,-0.1908028791497,0.1306256872568,0.2319405698523,0.0808877947471,0.3490810435539,-0.1354115990848,0.3273056695123,0.3709965025364,-0.1484269407454,0.0401183114358,0.0138059460309,0.1839053900216,-0.0446778507064,0.0935671735028,-0.0477053613728,0.0426472553283,0.2661290182110,-0.2556386144508,0.0753341150458,-0.3122185147626,0.1830184516127,0.4510555130704
0.0803370327586,-0.0376279347106,0.0380179185556,0.0938304799686,-0.1749551834371,0.1973960312183,0.4225880148616,-0.0640383333541,0.4511891841757,-0.1588192318495,0.0336539736144,0.6598965490464,-0.0843200838677,1.0000000000000,0.3761913325602,0.3666582593687,0.0010345954611,-0.2872388643530,0.4005907878356,-0.0027462232748,-0.0726643222486,-0.0738866189405,-0.1134100918339,-0.1064317674179,-0.0640183343227,0.4538420758511,0.0842350383255,0.2154282728338,-0.1471398959599,0.2134179152306,-0.1066264783394,-0.1481708458039,0.2073099216075,0.0284738998749,0.1272814031232,-0.2244969433089,-0.2448361620316,-0.0132967191707,0.0543189880004,-0.2379737002364,0.1477838473670,0.2514225784766,-0.2256450773168,0.2880722202042,-0.2062558221360,-0.2063923947539,0.5919870154405,-0.2052840628532,0.6298077696945,0.0986265162370,0.2653702284654,-0.0430992128671,-0.4457193974759,0.2237345368821,-0.2667862516914,-0.0720249027037,-0.2654761384314,-0.2514479637391,-0.2717063742200,-0.1322952787613,0.1863797732140,-0.0970664210890,0.1999153157254,-0.1731933753616,-0.1265644447163,-0.1966713528718,-0.1688098757181,0.2996141188165,-0.0651410091338,-0.0987052786943
0.5551182349229,0.2604667573337,0.3306710807239,0.4012998913023,0.1212766266138,0.2126517116662,0.5413433931301,0.3824381668185,0.5294055562017,0.3253962214594,0.5671312062651,0.1900036198967,0.5164426808033,0.3761913325602,1.0000000000000,0.4452819054855,0.1334553288288,0.3891581240637,0.4574629871424,0.5832387749070,0.3335779540776,0.3064127582214,0.2064839794407,0.3498252781394,0.1479360958190,0.3506232126871,0.4238472566720,0.1906161540043,0.1460908248522,0.8071966013921,0.3437399987558,0.0606117075360,0.1841051605096,0.3316754193252,0.4896390175371,0.1188607875851,-0.1238420499798,-0.0949696329466,0.3129865594557,0.0936559327465,0.1381089332357,0.2537201424399,-0.2926139560755,0.0826450303607,0.2125489094425,0.1013597736129,0.0892024656709,0.3134683070461,0.1256762555660,0.1534200222018,0.3007880619557,0.1114848564522,0.0436215236235,0.0110428412499,0.1812548242371,0.0851574718993,-0.2727557495190,0.0005671909881,-0.1066188477003,0.1004612160879,0.0652351580453,0.0799829678694,0.1456563840122,-0.0191333068023,0.0584206009252,-0.3892395288633,0.0581259879653,0.0139627184133,0.0913043011515,0.3193419032012
0.0127251374011,-0.1674235286333,-0.0699462687151,0.0427564854783,-0.1414385163879,0.4957261153200,0.7790253348842,-0.0864512646105,0.7514147256480,0.0026109913071,0.4443400490425,-0.0011152266564,0.3075072611731,0.3666582593687,0.4452819054855,1.0000000000000,-0.1369469783866,-0.1342681298558,0.0731429127872,0.0393564041780,-0.1111212116942,-0.0559013298306,-0.1813318618990,-0.0450979624972,-0.0374270510844,0.0655995685874,-0.0080840222705,-0.0531087652036,-0.1203643369307,0.4321824661145,-0.1186870050215,-0.3686689454886,0.0864865422944,0.1974379947341,0.2336682588298,-0.1969873722050,-0.4378816176183,-0.2145423333424,-0.1157043765114,-0.1842496575078,0.5093392687683,0.6661927104157,-0.5011141610811,0.6619282824934,0.0049169555821,0.0756452856664,0.2527067627814,0.1437356765894,0.4216456063539,0.4492222564280,0.9224657745507,-0.0838858873064,-0.3030033109895,0.3454001005642,-0.0938014976713,-0.2521658728533,-0.4559621582672,-0.3567288542127,-0.4121325082147,-0.0974643732769,-0.0738411964994,-0.2356494716760,-0.0898323128977,-0.2315712423216,0.2429947558434,-0.4668008719918,-0.3465738959062,0.2772051342242,0.1005154251310,0.0307943015291
0.3595957425870,0.4550086286237,0.4847343832184,0.4018179294857,0.2703494238325,-0.0537829872568,-0.0951875302634,0.4346942473219,0.0235184118856,0.2405152587970,0.0517828313121,0.0600197653778,-0.0154563814388,0.0010345954611,0.1334553288288,-0.1369469783866,1.0000000000000,0.2189839932120,0.0135891375673,0.1349486159397,0.3849418751895,0.6307885245490,0.6345282763951,0.4488953344202,0.4999558623768,0.1364210218439,0.1822258238981,0.2025463998649,0.5122692954711,0.1692098633616,0.5815539413739,0.0427137397421,-0.0696992487029,0.1796671439002,0.2137699791312,0.2468087164534,0.2842754391897,0.2072889503924,0.3508673456602,0.2841359530966,-0.1238929560457,-0.2034197057720,0.1331290095869,-0.2005134999773,0.1464724784269,-0.1012116841979,-0.1777943616173,-0.0172418831488,-0.2087787965878,-0.2846757797587,-0.1880543513726,0.9259991954726,0.0892542755940,-0.3324950928967,-0.0948397053539,0.4035115323276,0.3298847900779,0.5873748423489,0.2943405407610,0.5877293863193,-0.0009289441925,-0.0585417250477,0.1426912987554,0.3250918472104,-0.2542987414497,0.2354331151916,0.0024519387814,-0.0618756541737,0.0083160920911,0.1767010162525
0.6052905313340,0.6170899934446,0.3207364794704,0.5476576603676,0.5850739348356,-0.1629405418283,-0.0669383086678,0.4853258627740,-0.1937176387342,0.5613231328842,0.3946560844994,-0.2446126947209,0.5554186688196,-0.2872388643530,0.3891581240637,-0.1342681298558,0.2189839932120,1.0000000000000,-0.0287254994737,0.7137571559631,0.6881640220007,0.4311190722001,0.3769713704104,0.6483604365853,0.3648189026256,0.2668671946551,0.5597529190173,0.0871090096248,0.3641141070856,0.6206708596309,0.5503200248096,0.3198179778762,-0.0112537854857,0.5964581528559,0.5401851375681,0.5310408569935,0.4724467377999,-0.1209004296816,0.5862945150464,0.4807875615565,-0.2662948562101,-0.2892743686532,0.0463187576821,-0.5117806307546,0.4697555156570,0.3372031133214,-0.4493244393470,0.5564590167760,-0.4585873072490,-0.2761571145543,-0.2097615257607,0.2437931426893,0.7082514968536,-0.4129955199719,0.4085950228179,0.5328452381778,0.1322216431245,0.3060588546489,0.3281172294215,0.2960440089231,0.1767715811640,0.2833433215727,0.1179124365530,0.1640908726607,0.0846125807869,-0.0914535580814,0.2429671855788,-0.3268091052448,0.2971935591298,0.5855936654643
0.1116321563275,-0.1209076038443,0.2169731096609,-0.0315122636680,-0.2567686247559,0.1177340902852,0.2210765076067,-0.0431858738189,0.2243827736226,-0.2810557130821,-0.0121979626252,0.6198561563526,-0.0635234371860,0.4005907878356,0.4574629871424,0.0731429127872,0.0135891375673,-0.0287254994737,1.0000000000000,0.3826036560901,-0.0923945986971,0.0705079523263,-0.0114264871163,0.0867789957083,-0.2921760257020,0.1366058484293,0.2696090183824,0.2574003957086,-0.1466469383660,0.2205114056188,0.0546265908410,-0.0640970030818,0.2033352531310,-0.1608996891372,0.1671216816179,-0.0740070764992,-0.1751693611000,0.1341998388099,-0.0126431412283,-0.2570344132215,0.0956933079782,0.0168823610008,-0.1098770528032,0.0406088167396,-0.3621662554255,-0.2196330739959,0.5014858053717,-0.1911013749429,0.3029740759721,0.0752626163668,0.0058592740299,-0.0945148348696,-0.1614654190705,0.3122732087473,0.1703980956215,-0.1358221863393,-0.0728167311977,-0.1256749774053,0.0005219539366,-0.2366410866740,0.1242252733862,0.1804649350670,0.1842178648010,-0.1104159602965,-0.0148911087458,-0.0223991922669,0.0390374158316,0.0544971637020,-0.2534808238770,-0.0149802968272
0.5407401912127,0.3981965121361,0.2257130103599,0.3471028395048,0.2547920459455,-0.0507580022652,0.2052867222614,0.3158447425467,0.0112296553529,0.2601794313080,0.3858495564600,0.0138647029912,0.5146188158454,-0.0027462232748,0.5832387749070,0.0393564041780,0.1349486159397,0.7137571559631,0.3826036560901,1.0000000000000,0.5140042820611,0.3255133698923,0.2663332179989,0.4652520661077,0.1043182225869,0.3390195066273,0.5527771970022,0.1175268597473,0.1550384126149,0.6615111500037,0.4115794829666,0.0829218227110,0.0375065317214,0.2809109671408,0.5357693854064,0.3411254946009,0.1413405323245,-0.1722124005068,0.3435658270350,0.2205871197881,-0.1202234366727,-0.1226078772594,-0.1615627844021,-0.3233668777217,0.1403243409060,0.1951334577471,-0.1263504557008,0.3334351860151,-0.1710525823922,-0.1510902175350,-0.0464964606285,0.1438249442635,0.4018421977215,-0.0806485774204,0.5366976656025,0.3597315803122,-0.0853175475908,0.1183254394448,0.1177956142770,0.0953828316234,0.2180382115662,0.2680917494173,0.0549245674112,-0.0049011842779,0.0866656684138,-0.1930567824021,0.0437814935674,-0.2551424618572,-0.0100684541018,0.5466102475271
0.6631659708158,0.5950984594490,0.2679797530703,0.5806414319253,0.7614297940253,-0.2087533383134,-0.0394762759916,0.5860762143010,-0.1695593522720,0.6562435409412,0.4418360682944,-0.1295098749685,0.6240549569094,-0.0726643222486,0.3335779540776,-0.1111212116942,0.3849418751895,0.6881640220007,-0.0923945986971,0.5140042820611,1.0000000000000,0.4066594452931,0.5090371613740,0.4679299939354,0.5656415802864,0.3531925617816,0.3792050351734,-0.0380638427024,0.4661262437517,0.5519735895678,0.6153023248895,0.1903539390361,-0.1300150017706,0.5103209854227,0.4116006874832,0.6355309065213,0.3933807526433,-0.1246320379525,0.5969490357623,0.7015490373384,-0.2961304310324,-0.2043152451720,0.1707392522515,-0.4541985466371,0.5722715005906,0.4870181764505,-0.3397591897628,0.6576709908152,-0.3422180597616,-0.2326588669045,-0.2036552493892,0.4290135581384,0.5129302293634,-0.3946265606155,0.2442237042975,0.8720172524155,0.1160940360072,0.4305845935154,0.2746573211141,0.5648309178639,0.1443863510174,0.1629148702575,-0.0278742644275,0.2540412311660,0.0407426073803,0.0214211104048,0.1043457544977,-0.2839089960196,0.2253550177144,0.4954962946924
0.3179796957670,0.5250470805871,0.7182140535124,0.4468081948477,0.3763411585547,-0.0423286465423,-0.0081001563121,0.5861292077018,0.0568241136093,0.3738614728753,0.2316264888018,0.0040435453085,0.2041659965406,-0.0738866189405,0.3064127582214,-0.0559013298306,0.6307885245490,0.4311190722001,0.0705079523263,0.3255133698923,0.4066594452931,1.0000000000000,0.5458427228977,0.8596535301641,0.4562501193150,0.1266736237992,0.4785056194201,0.3505277283041,0.6064739889490,0.3799292688355,0.7447183413055,0.0935430463072,-0.0579220637823,0.3239247245806,0.3372262693483,0.2247873105266,0.3708600967991,0.2826691994168,0.4776445014761,0.4046514811264,-0.0838286793908,-0.1815074114248,0.0863599905349,-0.2180156138017,0.2524245446793,-0.0613551807712,-0.1871871040137,0.1518017883096,-0.1716313349217,-0.2900347442650,-0.1472428618226,0.5984107311845,0.2165827690394,-0.2414713609951,0.0891633280207,0.3585000959662,0.4078444306361,0.4926623415198,0.3804055025973,0.4757862165753,0.0155918468758,0.1908259624269,0.3753881961946,0.4173876993875,-0.2393197426324,0.1247350886953,0.0647106950737,-0.1523588002966,-0.0101571492474,0.2059008489335
0.4140943890419,0.6840474397872,0.5022904410987,0.6852250446768,0.5095253041509,-0.0822582867002,-0.0802967598946,0.6840670682016,-0.0522786828258,0.5464502795537,0.0538794790569,-0.0052967748323,0.1759396059668,-0.1134100918339,0.2064839794407,-0.1813318618990,0.6345282763951,0.3769713704104,-0.0114264871163,0.2663332179989,0.5090371613740,0.5458427228977,1.0000000000000,0.4441824149686,0.6174994415539,0.2127304367842,0.2383414614136,0.0658079203336,0.6042366214273,0.2676035547300,0.7882514997163,0.1060459980571,-0.1215903129556,0.1781057347079,0.2771702703354,0.3711348598198,0.5124103189871,0.0096852861714,0.5400095546023,0.5849340459971,-0.1050484511858,-0.2424808425800,0.2356325985359,-0.3498499557719,0.4077011181729,-0.0482203356489,-0.2506797170936,0.1150880777782,-0.3360912465950,-0.3246168978401,-0.2606517105246,0.6310488135806,0.2163626135877,-0.4622488353114,-0.0462863661421,0.5244065002744,0.1350843001504,0.8798201826772,0.2246380121853,0.7095352994253,-0.0512800062295,-0.0541957999291,0.0712406916262,0.3697554950728,-0.3320420686620,0.1979799161718,0.0397266697340,-0.1162530016845,-0.1065513855106,0.3314589429625
0.3559143320466,0.5913132723946,0.6621132460048,0.4964880458002,0.4197284158364,-0.0966108648246,0.0030519877611,0.4727633435570,-0.0018707106911,0.3863771635695,0.3045272592784,-0.0303076855172,0.3477236465257,-0.1064317674179,0.3498252781394,-0.0450979624972,0.4488953344202,0.6483604365853,0.0867789957083,0.4652520661077,0.4679299939354,0.8596535301641,0.4441824149686,1.0000000000000,0.3587486082246,0.1757892106755,0.6057866942617,0.3424161931350,0.4878886229571,0.4841758791031,0.6668765946013,0.1693001536352,-0.0915221784505,0.4312813143378,0.4676018000138,0.2852815656846,0.4475854502183,0.2743960533338,0.5700995121611,0.3726530765321,-0.1707048583820,-0.2316295005343,0.0409312863472,-0.3250527648408,0.2878189212022,0.0512482430272,-0.1909793249352,0.2933194525404,-0.1861213134295,-0.3680823934638,-0.1410389817292,0.4329629100636,0.4306482660304,-0.2291356867810,0.2788209695965,0.3765066387833,0.3700179780896,0.3858668907580,0.5042076896947,0.2979224567187,0.1224641399779,0.3553014132782,0.4666059096431,0.3157331294184,-0.1552525772343,0.0772191946262,0.1614018311634,-0.2676963304972,0.0987193323917,0.3730030383813
0.4314487241130,0.6054194361387,0.4457597121148,0.6349654811066,0.6774616697081,-0.1758859581682,-0.1108838556323,0.7649913741867,-0.1258840887359,0.6881179086657,0.2463038962673,-0.1507260596640,0.2453550669059,-0.0640183343227,0.1479360958190,-0.0374270510844,0.4999558623768,0.3648189026256,-0.2921760257020,0.1043182225869,0.5656415802864,0.4562501193150,0.6174994415539,0.3587486082246,1.0000000000000,0.2850945397615,0.2658453897413,0.1527135551713,0.7729488595796,0.2821514396592,0.5898870356682,0.2023243901004,-0.1766340283376,0.4165537369354,0.1693992125965,0.2495780175220,0.4277613973402,0.0236518382575,0.4961717119642,0.7138321033450,-0.2264918322672,-0.2152260536321,0.3535796789462,-0.3170823807174,0.6756467707983,0.2084207421336,-0.3892272727878,0.2816014710205,-0.2990804674691,-0.2687511642512,-0.1135978132539,0.5591178078183,0.1470220221155,-0.4919600707016,-0.2078918686466,0.5389316550007,0.1441606866846,0.5652652099207,0.0643431030496,0.9150378736520,-0.0303111804910,-0.0780489725784,0.1127902703186,0.5528158452448,-0.2661917160456,0.0304212532161,0.0734103637347,-0.2301553559457,0.1161794759592,0.1570589260475
0.3926920010813,0.4956667539021,0.2009097565321,0.5026916496084,0.1375196336071,0.0206205074812,0.1720579534027,0.2226447051838,0.0678675270123,0.2690584428557,0.0964674154478,0.3190526839209,0.2028591420320,0.4538420758511,0.3506232126871,0.0655995685874,0.1364210218439,0.2668671946551,0.1366058484293,0.3390195066273,0.3531925617816,0.1266736237992,0.2127304367842,0.1757892106755,0.2850945397615,1.0000000000000,0.4997932712884,0.3190710632847,0.0745389005200,0.4190410917068,0.1976268630573,0.0761284453735,0.0880133858923,0.2320371960595,0.5322426350316,0.0627706199467,0.2255020445338,-0.0417961045905,0.5315179945018,0.0741943262395,-0.1384578188670,-0.1690989181318,-0.0742852573372,-0.2683268863033,0.2101547156572,0.0078848354850,0.0090163866246,0.0409701350812,-0.0028620319492,-0.3249923334336,-0.0281607469783,0.2138407028747,-0.0043476638721,-0.3287678182923,-0.0724248888528,0.3073923872035,-0.1735378059313,0.0490474019113,-0.0682702428453,0.1969828561625,0.6025563612165,0.1261029027562,0.2753312853222,-0.0794088866838,-0.2590113480582,-0.1956731919002,-0.0458122477726,-0.1472006667041,0.0122905181413,0.3984961042292
0.4761772368983,0.5338239142921,0.5554461012332,0.4288891511735,0.1940483378175,-0.0058361226341,0.0668454397992,0.3474336513232,0.0349535910478,0.2468566712606,0.2325139495938,0.1706177939035,0.2959535632473,0.0842350383255,0.4238472566720,-0.0080840222705,0.1822258238981,0.5597529190173,0.2696090183824,0.5527771970022,0.3792050351734,0.4785056194201,0.2383414614136,0.6057866942617,0.2658453897413,0.4997932712884,1.0000000000000,0.5471362529603,0.2536469694597,0.5319602859037,0.4998450561859,0.0002600192901,0.0714297734201,0.3202845089254,0.5300224044291,0.2301753317866,0.3434737519479,0.2260887152381,0.5152170697481,0.1721537537116,-0.1549527242955,-0.2563278445088,-0.0473814900224,-0.3407299580874,0.1995568817432,-0.0220328589025,-0.0959160892386,0.1977701011783,-0.0446824473291,-0.3301182846925,-0.1155295991222,0.2332386609938,0.2972861697447,-0.1306441797540,0.2898177200914,0.3188660354852,0.0389631673200,0.1735911951639,0.2222116395423,0.2195444416796,0.3902099081386,0.5901351047361,0.4998172320844,0.0508966664321,-0.0981380111892,-0.0498556603850,-0.0025049166503,-0.2932821442811,0.0857669406224,0.3524151908134
0.1506910484874,0.2781839012685,0.6256187750372,0.1591578845990,-0.0451534388076,-0.0557450279108,-0.0210428772929,0.2300567779965,0.0113927276722,0.0549782790269,0.0456547527518,0.3769158852498,-0.0940281508174,0.2154282728338,0.1906161540043,-0.0531087652036,0.2025463998649,0.0871090096248,0.2574003957086,0.1175268597473,-0.0380638427024,0.3505277283041,0.0658079203336,0.3424161931350,0.1527135551713,0.3190710632847,0.5471362529603,1.0000000000000,0.0860492963938,0.1179046260497,0.1518764337443,-0.0661306022806,0.0531511608269,0.1288645584016,0.1459488041957,-0.1091842101939,0.1921103763715,0.4360749362121,0.1844483895007,-0.0497065043376,-0.1545244033900,-0.1906371966469,-0.0707269395368,-0.0922301148877,0.0129131042804,-0.1694755189629,0.0952015115571,-0.1585204926026,0.1714431413794,-0.1025916573155,-0.1469678944492,0.1679067380998,-0.1675801623945,0.0026845169554,-0.1312449235723,-0.0102402015272,0.1130182970584,0.0061871077351,0.0169978688230,0.0481514370083,0.2113225536691,0.2263478736519,0.8134804844214,-0.0148880328405,-0.2225975394852,-0.1506488018031,-0.0892418867871,-0.1034751433969,0.0178326927441,-0.0610458490072
0.2925137066700,0.4920678087497,0.4557469689097,0.5225038068750,0.6306701242080,-0.1511970998337,-0.2010522554545,0.7525927801840,-0.1192510543424,0.4506508920395,0.2410182304665,-0.1231090187582,0.1954588122899,-0.1471398959599,0.1460908248522,-0.1203643369307,0.5122692954711,0.3641141070856,-0.1466469383660,0.1550384126149,0.4661262437517,0.6064739889490,0.6042366214273,0.4878886229571,0.7729488595796,0.0745389005200,0.2536469694597,0.0860492963938,1.0000000000000,0.2344465069494,0.7060663000810,0.3297258868892,-0.1125782727706,0.3271065611274,0.1501874984243,0.2427267359409,0.4058947738988,0.0673951066888,0.4521445199489,0.6753865969002,-0.1669962602906,-0.2714673933984,0.4817952922762,-0.3109018489555,0.4492583531837,0.1973908159720,-0.2934689317114,0.2077634170957,-0.3193198591104,-0.3367623058707,-0.1715801647184,0.5127782632535,0.2387356652090,-0.3979474473334,-0.0366736403166,0.4216376403867,0.3214629751254,0.5886319930107,0.2569288048826,0.7812535250070,-0.1033243523247,0.0587098866874,0.1366444529442,0.8277441403555,-0.2258522090151,0.2425988377276,0.2717258357527,-0.2022231977299,0.0736533173555,0.1270579060131
0.6346825583664,0.4725733725241,0.2690272865853,0.5237976981219,0.3750585207079,0.1491206744184,0.4592054080366,0.4020158368339,0.3564373989180,0.4325909626633,0.6564305749424,-0.0532214071689,0.6771933697148,0.2134179152306,0.8071966013921,0.4321824661145,0.1692098633616,0.6206708596309,0.2205114056188,0.6615111500037,0.5519735895678,0.3799292688355,0.2676035547300,0.4841758791031,0.2821514396592,0.4190410917068,0.5319602859037,0.1179046260497,0.2344465069494,1.0000000000000,0.4581215133827,0.0671810564301,0.1341521838191,0.6016525786706,0.6387765840899,0.3451288985143,0.1214410952258,-0.2172527389620,0.4931425268754,0.2864931714620,0.0434073333964,0.1309282502283,-0.2868032657419,-0.0678920495305,0.3251995515147,0.2977077248208,-0.1342870473217,0.5330511349676,-0.0326570590897,0.0112563937821,0.3025312997255,0.2123049665726,0.2594929379933,-0.0951991362011,0.2442220662363,0.3118571748192,-0.1834585431206,0.0782489857369,-0.0006162880262,0.2133248821595,0.0962088076492,0.1142374088526,0.1320680311078,0.0292769359248,0.1951759273052,-0.3298773252723,0.0038153989262,-0.1185928302087,0.2211966083738,0.5107812848992
0.5204138556238,0.6622948091055,0.6244900654596,0.6502122683795,0.6069053743226,0.0067804036905,-0.0227582628282,0.7878023058202,0.0217117793951,0.5188754739495,0.2492147525739,0.0155887408766,0.2513525596621,-0.1066264783394,0.3437399987558,-0.1186870050215,0.5815539413739,0.5503200248096,0.0546265908410,0.4115794829666,0.6153023248895,0.7447183413055,0.7882514997163,0.6668765946013,0.5898870356682,0.1976268630573,0.4998450561859,0.1518764337443,0.7060663000810,0.4581215133827,1.0000000000000,0.1389304699147,0.0126747492680,0.3511241876322,0.3847395912721,0.4500014781289,0.5042396499186,0.0276393753384,0.5978531501178,0.6465865202695,-0.0431507682507,-0.2213202404335,0.1923866352865,-0.3441974881676,0.3968977913280,0.0189747260688,-0.2532184540099,0.2285688179611,-0.3202984986372,-0.3888701589509,-0.2254865886463,0.5697161034381,0.3620064710521,-0.4131912931043,0.0821831163661,0.5945144048521,0.1968030227208,0.7098435606231,0.3149199507302,0.6763612287730,-0.0101019228722,0.1470845603856,0.1587612169255,0.4245624051974,-0.2598614501390,0.1992900856163,0.0916973046312,-0.1204204162049,0.0300024028522,0.3370091647337
-0.0339573224692,0.1163004132189,0.0332413978661,0.1437350643205,0.3187819684225,-0.2899000293193,-0.4138441200588,0.2385798837618,-0.3682538266711,0.1742994923966,0.1372011341455,-0.1702440275325,0.0864909840130,-0.1481708458039,0.0606117075360,-0.3686689454886,0.0427137397421,0.3198179778762,-0.0640970030818,0.0829218227110,0.1903539390361,0.0935430463072,0.1060459980571,0.1693001536352,0.2023243901004,0.0761284453735,0.0002600192901,-0.0661306022806,0.3297258868892,0.0671810564301,0.1389304699147,1.0000000000000,-0.1197453233697,0.2729286978955,0.0875861221011,0.0755820752937,0.2903769607616,0.0460087795213,0.2571128480860,0.2717976169221,-0.3472632666756,-0.3688710706244,0.5077988801171,-0.4218365000784,0.2713829608864,0.3079676865806,-0.3782304846088,0.2061408086462,-0.4895205837942,-0.3536873009788,-0.3226773477087,-0.0268496780644,0.3380704109379,-0.4365321996196,0.1038260314077,0.1323575822668,0.3946674011669,0.1347180954508,0.3286764872250,0.1294448982132,0.0684940030811,0.1145975989635,0.1195220578353,0.4885990303886,-0.0507744335533,0.3112375073622,0.8862073152487,-0.2674749463133,0.2021710744498,0.1391843963316
0.1015033795086,-0.0955774988166,-0.0394539834473,-0.0226150408600,-0.1527343194310,0.6069229219747,0.2622848399796,-0.0965944908560,0.3501318367617,-0.1459994413429,-0.1137681468385,0.2713449722368,-0.2040010125044,0.2073099216075,0.1841051605096,0.0864865422944,-0.0696992487029,-0.0112537854857,0.2033352531310,0.0375065317214,-0.1300150017706,-0.0579220637823,-0.1215903129556,-0.0915221784505,-0.1766340283376,0.0880133858923,0.0714297734201,0.0531511608269,-0.1125782727706,0.1341521838191,0.0126747492680,-0.1197453233697,1.0000000000000,0.0645976988254,0.2058275313974,0.0255145256458,-0.1351954035475,-0.1290315539889,0.0641050144998,-0.1831765533221,0.5603453382689,0.2740216779287,-0.2193580766091,0.2484615279265,-0.2101745444833,-0.2439072131582,0.2388961607201,-0.1855013830053,0.2298557670696,0.0529320048021,0.0723945075744,-0.1422441988051,-0.0447966461880,0.0912263160864,-0.0693374964982,-0.1299285916045,-0.0643789346891,-0.0886050427630,-0.0271401095208,-0.1746656431053,0.1482271319183,-0.0113544196799,0.0039889723106,-0.1400534954172,0.1498268653614,-0.0781659618812,-0.1018459853450,0.6519525233227,0.2693779518518,0.0080290569658
0.4434946684426,0.5146462225200,0.2294462906638,0.5401733428150,0.5778422922792,-0.0381858313166,0.0731679866871,0.4312303087365,0.0525130811286,0.5154249436725,0.6139975923997,-0.1305927287272,0.4714876757185,0.0284738998749,0.3316754193252,0.1974379947341,0.1796671439002,0.5964581528559,-0.1608996891372,0.2809109671408,0.5103209854227,0.3239247245806,0.1781057347079,0.4312813143378,0.4165537369354,0.2320371960595,0.3202845089254,0.1288645584016,0.3271065611274,0.6016525786706,0.3511241876322,0.2729286978955,0.0645976988254,1.0000000000000,0.4017351043381,0.4869930771795,0.3512819280076,-0.1799865220039,0.5479745069624,0.4157067683140,-0.1349746098426,-0.1068634241004,-0.0309448193643,-0.1613193200826,0.4392358842217,0.4456618617924,-0.3021923261347,0.5629659328140,-0.1857283398017,-0.1135306246131,0.1128628906837,0.2192288669138,0.3332984843504,-0.3315251326062,0.0309988545441,0.3545155147040,0.1039116302909,0.1005822658015,0.1125121793061,0.2582561098464,0.1076563800279,-0.0156376206145,0.1741194894206,0.1962458018060,0.1427417551487,-0.1723138138487,0.1815504425640,-0.1091686814275,0.6884250412154,0.3579289111791
0.4809660694085,0.4390099934773,0.2674422778729,0.4950249442952,0.1817522387706,0.2276749156716,0.2416437488179,0.2007016027182,0.1892566721281,0.2835695479057,0.2134334193288,0.0252442964134,0.3389640205685,0.1272814031232,0.4896390175371,0.2336682588298,0.2137699791312,0.5401851375681,0.1671216816179,0.5357693854064,0.4116006874832,0.3372262693483,0.2771702703354,0.4676018000138,0.1693992125965,0.5322426350316,0.5300224044291,0.1459488041957,0.1501874984243,0.6387765840899,0.3847395912721,0.0875861221011,0.2058275313974,0.4017351043381,1.0000000000000,0.2692236290987,0.2188852578959,-0.0451521936975,0.6135594981534,0.1316038405450,0.1129908812833,-0.0559375972528,-0.1444031783010,-0.1858144052164,0.2448326233279,0.0355105593844,-0.1023925115367,0.1891724905925,-0.0067936970665,-0.2397376961787,0.2024385629502,0.2188501582600,0.3417160392081,-0.1005080979048,0.3439193037344,0.3085137124779,0.0072271788003,0.1649180487662,0.2353618472994,0.1532889168282,0.5363044535814,0.3088468764748,0.2032832375976,-0.0124814609779,0.1672114072612,-0.0629551632281,0.0502822983541,-0.0676338884353,0.2620343367533,0.7595966026015
