1.0000000000000,0.1589054554419,0.4536034562667,0.1865250044027,0.5251990997797,-0.1584187353319,0.4309882525578,0.6918425524191,0.2983921108184,0.2573040319290,0.5237629242445,0.1677584776553,0.5048058327155,0.0951612254866,0.6848574220672,0.2569899911383,0.6052244056074,0.4665527337381,0.3087289385124,0.2149874375809,0.4605267238454,0.6588921801051,0.3922135082377,0.6742813401729,0.4538364430504,0.1715456061139,0.3724604213243,0.3667170686228,0.6351954085640,0.6203261935450,0.5420130246473,0.0668932549136,-0.0843898660170,0.3486456135406,0.2138335347461,0.5474627975045,-0.0633933156077,-0.1742262748176,0.1584434766644,0.4752749561812,-0.1557644093382,0.3935848437831,0.1164949662890,-0.0744715159448,0.0516934691670,0.3606639360017,0.0122949727379,0.4769482582833,-0.0883789064937,0.0387146374287,0.0595458134800,0.5895960966919,-0.0685212114901,-0.2578274586690,-0.3208484951268,0.4151547646072,0.4068096133589,0.1054385862191,0.4624826099484,0.3627973415033,-0.1120327283114,-0.2404439964576,0.3100996715499,0.5677798968843,0.2353854375485,-0.0540577299714,-0.0782165893491,-0.0584717793237,-0.0244718052372,0.0834583507118
0.1589054554419,1.0000000000000,0.1755989599428,0.7401859262970,0.0725336355049,0.2988518223391,0.2415221666873,0.1650938945292,0.2842407692487,0.2774055406755,0.0360926234113,0.3411567604046,0.1532249788897,-0.0740761517328,0.1991526793047,0.4315557952601,-0.0144859212244,0.2801409970595,0.2689477766977,0.2260626056934,0.1799810857699,0.1188523249601,0.7132358531757,0.3222592312315,0.3298628732079,0.4469341434043,0.5354687151517,0.2543866239724,0.0202737492231,0.3851926844873,0.5488639963319,0.0042547591270,0.2971362941829,0.5024907784329,0.6920320300967,0.1422781661390,0.8455853763710,-0.0886238510301,0.7021276368892,0.1436093537904,0.0694410611173,0.1702675871899,0.0520362246463,-0.0229139300476,0.2824121443140,-0.0483891882149,0.4895217062796,0.0572302545079,-0.0529571976784,-0.1010207011533,0.4586425298212,-0.0642174895637,0.2280167503835,-0.0385844420640,0.1266699387243,0.1852597821232,-0.1054292667700,0.7266227400256,0.0472543465691,0.3936476183466,0.2101133814910,0.3429914204058,0.3542554657831,-0.0293830814623,0.2773128666656,0.4072509749317,-0.0718172623647,0.3103473736324,0.3191537157509,0.6676799880965
0.4536034562667,0.1755989599428,1.0000000000000,0.3796239257781,0.2290321328790,-0.1170261695676,-0.0217760011317,0.7393888143430,0.3087995977105,0.3143833495604,0.1201571489488,0.3281781962135,0.1165133704646,0.3641771619715,0.4811931980507,0.1667626772613,0.3258612808935,0.3809109744807,0.4523758339422,0.4453350836867,0.1693828284401,0.3438284466635,0.3261273811102,0.6380227643724,0.4053386280057,0.5208698027555,0.5346815854088,0.7144646737798,0.4465948194802,0.2029783722638,0.6076202330146,0.0838377124213,-0.0153323466431,0.1016458659356,0.2511434711983,0.0583018895410,0.1616042035132,0.4109509613267,0.3832006431644,0.1475422839548,-0.1571694466071,-0.0653974690906,0.2484817085015,-0.1830276851922,0.0847203872976,-0.0217442125670,0.2948856652144,0.1135133299765,0.2373595297985,-0.2284984978052,0.0096816025946,0.3132711607879,0.0100672240177,0.0296505655156,-0.2313135223609,0.2656260623210,0.0345910391698,0.1245172035269,0.1649056547024,0.2838464089871,0.3663197355037,0.2164543787543,0.6135491467259,0.2640381668793,-0.3076749337953,-0.0889206490862,0.0076994376856,-0.0340337609467,-0.3043319465504,-0.0183265009521
0.1865250044027,0.7401859262970,0.3796239257781,1.0000000000000,-0.0337642764602,0.2612361348868,0.2057738536579,0.2667899140146,0.4439234950820,0.4469914911399,-0.0390725178219,0.4770813945868,0.0409543923467,0.1084584413150,0.3749285462356,0.5534105604074,-0.1133979633553,0.3692737590033,0.4246701548073,0.4354647839765,0.0717814563831,-0.0133762610626,0.6025305303459,0.2944393490247,0.3831400510364,0.6210601051626,0.5689419186748,0.3031294275060,-0.0259928091445,0.4250143290104,0.5726590278737,-0.0936829756801,0.2461478275324,0.5002298121789,0.7398457243897,0.1411248464066,0.7215943500132,0.1619863110919,0.9105560012775,-0.0060582479180,0.2065411845440,0.1038076610975,0.1965713663619,-0.0318971162102,0.4842343493510,-0.1570317906045,0.5943463932402,0.0091557494232,0.1873139720324,-0.0579209139006,0.5880770641775,-0.1347174998052,0.2571464300262,0.0326045528051,0.1310567739095,0.1046382084977,-0.2898343467161,0.6406443875464,-0.1789405768566,0.4259819979195,0.4491691040940,0.4236418743943,0.4001290489358,-0.1625937538366,0.1267799560901,0.3049708623063,0.2381374046652,0.3051504331708,0.1632323418339,0.6132942191337
0.5251990997797,0.0725336355049,0.2290321328790,-0.0337642764602,1.0000000000000,-0.2406200506891,0.3168232826037,0.5870421177273,0.0575005255052,0.3746791421867,0.5479199217041,-0.0508839164113,0.7024895592994,0.0182645597867,0.3639197530801,0.1343791291615,0.6352892283169,0.2146677480951,0.0741096314895,0.0152037821769,0.6627578243193,0.7133759129131,0.3491786778130,0.5854810229167,0.6509789447006,-0.0439292013571,0.2364787639008,0.1220340571314,0.7576847124673,0.4609685297166,0.3610547420275,0.1267184213147,-0.1602786985686,0.3544603816722,0.0380284516717,0.4142571379859,-0.1262329408682,-0.2661126661996,-0.0864375488445,0.8896167838025,-0.2720632905658,0.3908099565779,0.1832517746613,-0.0657070687212,0.1238173888349,0.4309915736419,-0.1479197661314,0.6649306614083,-0.2101232024180,-0.1532484195709,-0.0929874709483,0.6352028195369,-0.1908278519387,-0.3450496944507,-0.3880455591045,0.5955711279641,0.5921560490249,0.1313049689732,0.6122081413786,0.5780242688379,-0.3428383603916,-0.2887445364708,0.1080723103487,0.7759153334521,0.2049603038371,-0.0083270826023,-0.1932722393744,-0.1646021397653,0.1120034489089,-0.0268851097892
-0.1584187353319,0.2988518223391,-0.1170261695676,0.2612361348868,-0.2406200506891,1.0000000000000,0.1616563129809,-0.2081518125968,0.4889236206564,0.0254067509990,-0.1207785645555,0.4498118898438,-0.0954268615190,0.1449303411902,0.2288111872052,0.4944928982352,-0.3106511451767,-0.0456644353976,0.1281223209953,0.0841171531644,-0.0731278178733,-0.2868533333142,0.0712776849630,-0.1979385329306,-0.1650562318439,0.2157037991642,0.1279407573350,0.1274694187619,-0.3490384035239,0.1364460726667,-0.0451954945634,-0.3012490289649,0.5940214465436,0.1250213077065,0.1574229830097,-0.0803994349566,0.1986633457592,0.0207333718156,0.2386114720575,-0.2467930291317,0.6126115457129,0.1046392228563,-0.1928225262164,0.4304796444974,0.0175083028199,-0.2110036077457,0.4715033915060,-0.1856559587878,0.1845264104563,0.3135971706822,0.4252571721315,-0.3061131518438,-0.0394028754683,0.2645848717942,0.1370132581168,-0.1223359171286,-0.3729713382258,0.0935813409012,-0.3559207325323,-0.1184780143285,0.1601824379088,0.0377269650869,0.1762202980352,-0.3526724663971,0.1276577987619,0.0332559486443,0.1259366300917,0.5637151984877,0.0797171846434,0.2053371919681
0.4309882525578,0.2415221666873,-0.0217760011317,0.2057738536579,0.3168232826037,0.1616563129809,1.0000000000000,0.2493780615123,0.5308037420923,0.1675948197660,0.6805112483672,0.3241179395131,0.7092780160566,-0.0346915305915,0.5315537089288,0.5243914015069,0.2983437383798,0.1965949120560,0.2321307381130,0.0516164973294,0.5945105769831,0.4176506955546,0.2772644307188,0.3491205196764,0.2281887872389,0.0203321386701,0.4010716307417,0.1421204908540,0.3398960295208,0.6071593145780,0.2569321360491,-0.1610755240030,0.0849321326547,0.3789285424236,0.2445088158230,0.2029171790605,-0.0132317567873,-0.4541163459240,0.2310434292913,0.3623662418284,0.1084066166828,0.8254777810244,-0.2454768810420,0.2847427873398,0.0789703129799,0.5607680640581,0.1863220695254,0.6086313411875,-0.1593894149244,0.1536002731236,0.3158290136892,0.2592199502653,-0.1396609030735,-0.1528619199971,-0.1487036639961,0.3317791352991,0.1712301112602,0.0896472054004,0.1915317104654,0.1685877517418,-0.2409767441128,-0.2110181899355,0.1932868371602,0.3815756189572,0.4201212257031,-0.1086873679385,-0.0990930971135,0.2394281161274,0.0919562657251,0.2520104628943
0.6918425524191,0.1650938945292,0.7393888143430,0.2667899140146,0.5870421177273,-0.2081518125968,0.2493780615123,1.0000000000000,0.2455174097181,0.4823290707991,0.4948723222979,0.1463298070770,0.4560117413576,0.1880994347767,0.5985484852615,0.2011506219032,0.5545306197960,0.3649751833039,0.3257804620684,0.2781176317931,0.4687649116025,0.5680631083116,0.4752325922846,0.7064370858108,0.6847801862155,0.2928954798761,0.5029901757037,0.4899742816471,0.7036914300021,0.4421029833820,0.6339035531203,0.1374296559610,-0.1081448632375,0.2848214984082,0.1680714604360,0.2854274090376,-0.0029045131295,0.0730503546877,0.2388290986735,0.5229773078534,-0.2772860412549,0.2563213574093,0.3691706084614,-0.1452017433179,0.2308692185911,0.3362094015291,0.0781349446089,0.4198014351113,0.0055668853001,-0.0640269243852,-0.0080648301331,0.5324665288216,-0.0905884740211,-0.2172448310638,-0.3735821472828,0.4864247144879,0.2557132621425,0.1845338951263,0.3725879144972,0.5552985068085,0.0232884640889,-0.0563270676219,0.4526005861040,0.6112873060684,0.0163588348253,-0.0705900926163,-0.0867287965092,-0.0953283166139,-0.1046524712736,0.0087881026382
0.2983921108184,0.2842407692487,0.3087995977105,0.4439234950820,0.0575005255052,0.4889236206564,0.5308037420923,0.2455174097181,1.0000000000000,0.0526984881735,0.3156595626458,0.7390172663132,0.2020397451296,0.3384068367323,0.7650633606248,0.7152791350073,0.1137789937303,0.3380144375299,0.5028823992731,0.3721256272741,0.1752997584364,0.1687773138743,0.1746953694417,0.3389726534571,0.0689239266997,0.4821296049409,0.4482601076310,0.4364707651057,0.1785066137233,0.5401472379783,0.3746388770543,-0.3788028438219,0.3954989706235,0.3446852006160,0.3672700688142,0.0883999575746,0.1323154789579,0.0124421370098,0.4326425723663,0.0065570764178,0.5279543632071,0.3154775046688,-0.1947678015456,0.3851026865694,-0.0695287693129,-0.0002310157969,0.5755350410790,0.1108604614822,0.2170602760257,-0.0411125906560,0.4269264968951,0.1184483956806,-0.1298758136822,0.0885031627557,-0.1274309707642,0.0663440014357,-0.1315619019188,0.0419731881059,-0.0786478296041,0.0258361926840,0.2071616428114,-0.0198566463149,0.4843297032822,0.0695740006874,-0.0363166601117,-0.0964116428505,0.0774037318991,0.4044962451993,-0.0800809620664,0.1763889786545
0.2573040319290,0.2774055406755,0.3143833495604,0.4469914911399,0.3746791421867,0.0254067509990,0.1675948197660,0.4823290707991,0.0526984881735,1.0000000000000,0.1528363508185,0.1527716197417,0.4122616147511,0.2115205228623,0.2982732545690,0.3638685675887,0.0526313579806,0.1383249974877,0.1909334871740,0.2192888509930,0.4887475197360,0.1217942954861,0.4546395324073,0.1896524891817,0.7226302561571,0.3638761419021,0.3003705261334,0.2335381573923,0.1749325546949,0.2848992005958,0.2282470246056,0.0166760094418,-0.0457508326057,0.3611627362018,0.2521455503427,0.0529934710088,0.1738311561615,0.0750200100582,0.4686954031729,0.4292224548129,-0.0684358144131,0.1795871581856,0.2896430244104,-0.1898427712218,0.8076178130278,0.1703574708009,0.1286289822075,0.4072448092125,0.1806022472285,0.1106680004861,0.3178020851202,0.0416965642094,-0.0058516242517,-0.0431833515615,-0.0645226452230,0.5031340721300,-0.0792889592933,0.3607406186529,-0.0909230483332,0.6340620947487,0.2555224748953,0.0503188390502,0.2148797215623,0.1089069756211,0.1426273285113,-0.0789706078094,0.0611658424834,0.0942020754240,0.1306576153026,0.1942835933643
0.5237629242445,0.0360926234113,0.1201571489488,-0.0390725178219,0.5479199217041,-0.1207785645555,0.6805112483672,0.4948723222979,0.3156595626458,0.1528363508185,1.0000000000000,0.1043189697107,0.7253161737778,0.0249446568234,0.5064896192389,0.1954879085932,0.4788143306316,0.3218831105449,0.1574032884357,0.1034199181425,0.7378153445203,0.5560464171425,0.1223119777522,0.4985523271894,0.2904248831626,0.0388211098908,0.3405299052956,0.2113187208081,0.5831129705225,0.4534177132818,0.2482377607909,0.0262777993098,-0.1376249210759,0.3712290410035,0.0828598969510,0.1740015732644,-0.1848458700954,-0.4146598480419,-0.0223576525697,0.6001233817538,-0.1647828554930,0.5549623396106,-0.2033425558310,0.0912391677738,-0.0815869391134,0.7372926321062,-0.1090348912228,0.6064789932153,-0.2257046203344,-0.0220231680908,-0.0722268709504,0.4858055690230,-0.1823430051054,-0.2874204300166,-0.2912886670619,0.5837205318174,0.3182171883251,-0.1260929158873,0.3983265161970,0.1649748371279,-0.2423009932997,-0.3469283164211,0.1945502886238,0.6126964647960,0.1637134377916,-0.3216062367487,-0.2227952582765,-0.1348833468970,0.1385793610153,0.0435570114361
0.1677584776553,0.3411567604046,0.3281781962135,0.4770813945868,-0.0508839164113,0.4498118898438,0.3241179395131,0.1463298070770,0.7390172663132,0.1527716197417,0.1043189697107,1.0000000000000,0.1183791889711,0.4224883900726,0.6046437790186,0.6061845709720,-0.0264179260735,0.2904159428743,0.6271237348428,0.4798631601614,0.1783526873746,0.0102977131937,0.1902752305986,0.2292120486237,0.0717965383255,0.5271911960849,0.4773052030726,0.5079007553747,0.0231976082526,0.3941775680686,0.3344826272159,-0.5230132731920,0.3402155004354,0.2375802358968,0.4343882875688,-0.0451406376054,0.2200254657078,0.0991985580047,0.4965019017903,-0.0436029039771,0.4729681023940,0.1869160487372,-0.2368480733589,0.2960998201907,-0.0047217690219,-0.0632628776937,0.7263476368438,0.0576061265816,0.3533325827483,-0.0161411729077,0.3919139035824,-0.0304663072738,-0.0506341912201,0.4045354465828,0.0933195409533,0.1202642425310,-0.2826733989746,0.1253843440193,-0.2125992635519,0.0400590148081,0.3475983532162,0.0909679724999,0.5098321471426,-0.1188503704113,-0.0766725079146,-0.1324087996241,0.1286340173106,0.3999930630666,-0.1755365704887,0.2230674620311
0.5048058327155,0.1532249788897,0.1165133704646,0.0409543923467,0.7024895592994,-0.0954268615190,0.7092780160566,0.4560117413576,0.2020397451296,0.4122616147511,0.7253161737778,0.1183791889711,1.0000000000000,-0.0422720875411,0.4480171516817,0.3106473105416,0.4886687039834,0.1901676081370,0.1912523630188,0.0876024791324,0.9101924154873,0.6123331258783,0.3567485605477,0.4911184697202,0.4953861543858,-0.0425635047586,0.4240147116512,0.1853239411085,0.6262198344793,0.5398337556921,0.3097539705021,0.0556910587182,-0.1437311765582,0.3465179332992,0.1056983554999,0.1719241521845,-0.1255359891275,-0.4400821107392,0.0941742382282,0.7799170973023,-0.2286891970789,0.7300163710897,-0.1312756889748,0.0025333304419,0.1438759512180,0.7162592177944,-0.0120915187539,0.9278980157448,-0.2737999590683,0.0681412069490,0.0511010247070,0.4571080216800,-0.1930266084590,-0.2158292049715,-0.2400480558130,0.7013274279095,0.4074620373212,0.0937773306838,0.4053377528463,0.3761060309867,-0.3231969646013,-0.2336969373586,0.1718015954790,0.6557815168295,0.3800022641915,-0.1338552070172,-0.2385908326597,-0.0010289809024,0.0382646453959,0.0922781970484
0.0951612254866,-0.0740761517328,0.3641771619715,0.1084584413150,0.0182645597867,0.1449303411902,-0.0346915305915,0.1880994347767,0.3384068367323,0.2115205228623,0.0249446568234,0.4224883900726,-0.0422720875411,1.0000000000000,0.3148808239900,0.2635035790936,-0.0889998143991,0.0710964913277,0.4404216319671,0.2349263434207,0.0167371043036,-0.1191231528282,-0.1891362655039,-0.0143388827811,-0.0225651182358,0.6860911803009,0.0124802138102,0.3551752911595,-0.0279549200084,-0.0715594923631,-0.0621954340140,-0.1297396402390,0.0685713358451,-0.1030289679955,-0.0405201119829,-0.1896852418625,-0.0311608262937,0.2140848565411,0.1044238775099,-0.0687947120244,0.2218474411781,-0.0931387415711,-0.0874546008883,0.2248771535529,0.0424429548617,-0.0286843894359,0.2689025082848,-0.0412849923454,0.8427820951990,-0.1126773134912,0.1590815378671,-0.0105536716894,-0.2929309806826,0.2604086329825,-0.1478139649912,0.0950771659088,-0.2833641041674,-0.2828969094469,-0.2724199484515,-0.1013099500718,0.6239937597023,-0.2043115365890,0.3311207598959,-0.1437982711119,-0.5146453940733,-0.4766959114277,0.2815887985462,-0.0147771565501,-0.3919383521903,-0.3739222381458
0.6848574220672,0.1991526793047,0.4811931980507,0.3749285462356,0.3639197530801,0.2288111872052,0.5315537089288,0.5985484852615,0.7650633606248,0.2982732545690,0.5064896192389,0.6046437790186,0.4480171516817,0.3148808239900,1.0000000000000,0.6212734491423,0.3224731889193,0.5270883275279,0.5914783366985,0.4977824434646,0.4360573837735,0.3906283966649,0.2955360571389,0.5424321715845,0.3179387745147,0.4117144454140,0.5214286824676,0.5353278838013,0.4212764035100,0.7344344629885,0.5143129408297,-0.2248008845379,0.1652432017214,0.4174458821304,0.3185056940833,0.2487952013262,-0.0400738127709,-0.0368791046421,0.3532491798395,0.2984754698152,0.2459130587888,0.3746693919980,-0.0520195547774,0.1218262658215,0.0486801457096,0.2017547436210,0.3843870630172,0.3623886191404,0.1457638011113,0.0677067413134,0.2818569170052,0.3073512654753,-0.1276356415285,0.0113478877683,-0.2003848042708,0.3309717222724,0.0101582313471,0.0407307625556,0.0748147042602,0.2196560919959,0.1050879987654,-0.1358874274111,0.4979672359105,0.2959952571075,0.0857903675994,-0.1840712352638,0.0405293320414,0.2540575092569,-0.0885243115383,0.0904667993119
0.2569899911383,0.4315557952601,0.1667626772613,0.5534105604074,0.1343791291615,0.4944928982352,0.5243914015069,0.2011506219032,0.7152791350073,0.3638685675887,0.1954879085932,0.6061845709720,0.3106473105416,0.2635035790936,0.6212734491423,1.0000000000000,0.0483747733143,0.2995901603517,0.4627074281376,0.3648368164698,0.2283829353770,0.1481658143457,0.4189210197054,0.2693895920848,0.2850176888324,0.4397536464442,0.3375065986123,0.2117550551985,0.0931285904853,0.6412796021276,0.3567394824109,-0.2928570926613,0.2636882170867,0.4575859127693,0.4667793549030,0.2089801007541,0.2439894942806,-0.0619909556557,0.5670127031681,0.1012271296383,0.5087020670384,0.4338564696488,-0.0265314906303,0.2966265353392,0.3497117922474,0.0224525833488,0.5344216816311,0.2395043798715,0.1952301640560,0.1115875616168,0.7569255838265,0.0244623079694,0.0045399397473,0.1452207197935,0.0630149843471,0.0812378120345,-0.1112949501221,0.3320003963562,-0.0832063230668,0.2765591503730,0.2510852904368,0.0400839051722,0.3277602465572,0.0226531200575,0.2736680854723,0.0653733438097,0.0776477726330,0.4417129596852,0.0411679278272,0.3583441325813
0.6052244056074,-0.0144859212244,0.3258612808935,-0.1133979633553,0.6352892283169,-0.3106511451767,0.2983437383798,0.5545306197960,0.1137789937303,0.0526313579806,0.4788143306316,-0.0264179260735,0.4886687039834,-0.0889998143991,0.3224731889193,0.0483747733143,1.0000000000000,0.2126480629674,0.0171817271567,-0.0552612755418,0.4135083002104,0.9003613329711,0.3670527930018,0.7566041434592,0.5136305146230,-0.0925711556181,0.2095401315829,0.2477167869929,0.8128428281582,0.4103869466772,0.4295954181609,0.2004598455359,-0.2284734666430,0.2580818308691,0.0630707825811,0.4834456788015,-0.1870939439616,-0.1981581271329,-0.0809545257476,0.5746010807281,-0.3480309590981,0.3356425631676,0.1537121442791,-0.0727918185224,-0.0848694658067,0.3191163514668,-0.1566009508582,0.4899488321323,-0.3276129285469,-0.1926899714043,-0.2096442700801,0.9603716917350,-0.1544747757617,-0.3796506075041,-0.4209541281967,0.3509616756855,0.7842304614765,0.1194432043160,0.8086517616747,0.4337311782216,-0.3490124878784,-0.2758573977048,0.2629730652707,0.8294958520002,0.1562149885848,0.0422844538402,-0.2977472681661,-0.2452372960488,0.0302489485026,0.0108912979677
0.4665527337381,0.2801409970595,0.3809109744807,0.3692737590033,0.2146677480951,-0.0456644353976,0.1965949120560,0.3649751833039,0.3380144375299,0.1383249974877,0.3218831105449,0.2904159428743,0.1901676081370,0.0710964913277,0.5270883275279,0.2995901603517,0.2126480629674,1.0000000000000,0.5793134893129,0.7150172500262,0.2787867854688,0.3305517907927,0.2590934396387,0.5636118435433,0.1587812095385,0.3284175312528,0.4635903172456,0.3181154253445,0.2689205018834,0.5321117620731,0.5783356585358,-0.0774152284998,-0.0411881366462,0.4795139136083,0.5362858066049,0.1786019888801,0.2089673911446,0.0432205926525,0.2370010868433,0.2108952168530,0.0059560348312,0.0219982839715,-0.0544623155614,-0.2851670674850,0.0148254798951,0.0591795324311,0.1219998697224,0.1367519830379,0.0677647605863,-0.2514101288198,0.1300624340188,0.1648482437534,0.5303305648836,0.0522336440998,0.3486142261277,0.2709376126417,0.0232654697077,0.1562853194016,0.1825395215976,0.1569561686331,0.2051751511083,0.2384606079241,0.2073303501445,0.1551998530506,0.0328524855290,0.0324277208992,0.2223841167275,-0.0161061105480,0.1753559872107,0.3283505983714
0.3087289385124,0.2689477766977,0.4523758339422,0.4246701548073,0.0741096314895,0.1281223209953,0.2321307381130,0.3257804620684,0.5028823992731,0.1909334871740,0.1574032884357,0.6271237348428,0.1912523630188,0.4404216319671,0.5914783366985,0.4627074281376,0.0171817271567,0.5793134893129,1.0000000000000,0.7617660490332,0.1936552350993,0.1434560085238,0.2175455261354,0.3633235475512,0.1137571996279,0.5567510570591,0.4824502414062,0.3948340196169,0.1528800917475,0.4236729823138,0.4500192385489,-0.2701199411669,0.1459544280658,0.2032768684869,0.3937762003280,-0.0514989469907,0.1904844955091,0.1180605718674,0.3384891089707,0.0631844546102,0.1338463343728,0.0827167267538,-0.1056674728304,-0.0452080364226,0.0093803776261,0.0540528882739,0.5210518106760,0.1338757412230,0.4492400009481,-0.1574788097833,0.2925649236440,-0.0115638611234,0.1862129597910,0.4218926788001,0.2590244838555,0.1482322071320,-0.1691830228885,0.1066112693665,-0.0705589221943,0.0931775856157,0.4305516850495,0.2285661092436,0.3237141055809,-0.0153509397267,-0.0516667326860,-0.0851851250701,0.3449012932650,0.2294737714561,-0.2432612620223,0.1168132406548
0.2149874375809,0.2260626056934,0.4453350836867,0.4354647839765,0.0152037821769,0.0841171531644,0.0516164973294,0.2781176317931,0.3721256272741,0.2192888509930,0.1034199181425,0.4798631601614,0.0876024791324,0.2349263434207,0.4977824434646,0.3648368164698,-0.0552612755418,0.7150172500262,0.7617660490332,1.0000000000000,0.1829937028289,0.0362288683197,0.1920142708358,0.3464180794374,0.1092535846077,0.5125510677200,0.5232214521723,0.3758117278760,0.0917081893497,0.3440898260130,0.4413360603575,-0.1336032855004,-0.0263983271809,0.1911118087874,0.4380885851104,-0.1385208359734,0.1906933654283,0.2721901788202,0.3758177093960,0.0179059360266,0.1202130123502,-0.0801040448221,-0.0553789292373,-0.2318567602785,0.0503119191061,-0.0904579581876,0.3339193708989,0.0623671092761,0.2626253028608,-0.1867445185988,0.2142241936744,-0.0773320108861,0.3470529531733,0.3231488961859,0.4135493575581,0.1667670161235,-0.2504780670027,0.1246992775280,-0.1419325034357,0.0860481678478,0.4614742769402,0.3531612402499,0.2560447962328,-0.0788570265596,-0.1209746767414,-0.0387356147001,0.3248707114825,0.0813189133417,-0.1923324029919,0.1913751631699
0.4605267238454,0.1799810857699,0.1693828284401,0.0717814563831,0.6627578243193,-0.0731278178733,0.5945105769831,0.4687649116025,0.1752997584364,0.4887475197360,0.7378153445203,0.1783526873746,0.9101924154873,0.0167371043036,0.4360573837735,0.2283829353770,0.4135083002104,0.2787867854688,0.1936552350993,0.1829937028289,1.0000000000000,0.5158321095498,0.2912026873173,0.4743608835933,0.5085766943906,0.0797540761519,0.4801049533338,0.3193342891513,0.5366930292995,0.4287744384330,0.2862208172917,0.0303639462793,-0.1384437798147,0.3615339526229,0.1502330097909,0.0650878324982,-0.0699461786491,-0.3289260634271,0.1383770593010,0.7839596596362,-0.2599538756089,0.5745165827053,-0.1662702106510,-0.0992316749236,0.1751394017014,0.6847632270761,-0.0096042493585,0.8531374716963,-0.2175126471279,0.0222572446291,-0.0300283659097,0.3883633089867,-0.1318069911762,-0.1810070003924,-0.1847293678538,0.8708403873990,0.2757728313347,0.0483818346589,0.3172414386677,0.3693380960698,-0.2027498006168,-0.2029400374078,0.2529581191748,0.5503451933827,0.2264629192665,-0.2558364130364,-0.2222262536707,-0.0373716222615,0.1107694007270,0.1248856563262
0.6588921801051,0.1188523249601,0.3438284466635,-0.0133762610626,0.7133759129131,-0.2868533333142,0.4176506955546,0.5680631083116,0.1687773138743,0.1217942954861,0.5560464171425,0.0102977131937,0.6123331258783,-0.1191231528282,0.3906283966649,0.1481658143457,0.9003613329711,0.3305517907927,0.1434560085238,0.0362288683197,0.5158321095498,1.0000000000000,0.4544331361568,0.8609601752709,0.5342375788359,-0.0650459786853,0.3208497658611,0.2439893114151,0.8575041052947,0.5605483007081,0.5676413289657,0.1852202705617,-0.1759763420213,0.3774704148794,0.1789031480119,0.4871209408587,-0.0929349834512,-0.2768135930740,-0.0087878469742,0.6520386478230,-0.3318885418707,0.4190067839404,0.0926388329561,-0.0879212666684,-0.0607132105826,0.3617029833921,-0.0834296536004,0.5871676339910,-0.3538724039162,-0.2233316046549,-0.0998366947356,0.8491362749139,-0.0889903229586,-0.3738135754703,-0.3684539030834,0.3983665117615,0.8245287575453,0.1896965697099,0.8574752523492,0.4542163114707,-0.3734071067517,-0.2130764297170,0.2426736359991,0.8521440024939,0.2833891536260,0.1229941182621,-0.2626950608375,-0.1410415331701,0.0603077791244,0.1098698567759
0.3922135082377,0.7132358531757,0.3261273811102,0.6025305303459,0.3491786778130,0.0712776849630,0.2772644307188,0.4752325922846,0.1746953694417,0.4546395324073,0.1223119777522,0.1902752305986,0.3567485605477,-0.1891362655039,0.2955360571389,0.4189210197054,0.3670527930018,0.2590934396387,0.2175455261354,0.1920142708358,0.2912026873173,0.4544331361568,1.0000000000000,0.5656292933766,0.6281186847058,0.2214700364342,0.5100659991791,0.2285807334635,0.4013160567624,0.5758708254886,0.7271856336583,0.0717899434887,0.0783286473009,0.5020995163934,0.5343026467002,0.3425100624547,0.5413405167678,-0.0526958977369,0.5667557334792,0.3769161971522,-0.0926849930594,0.2895617926541,0.3357326502087,-0.2126529230813,0.4107759228871,0.0897181097607,0.2834385456644,0.2964018524281,-0.1997878613582,-0.0742390908874,0.3599824137283,0.2862591883183,0.2016246889380,-0.2075523328252,-0.0104866584825,0.2302227828130,0.2140766661148,0.8630969416587,0.3177473512245,0.6498182283067,-0.0229976935068,0.2362866198417,0.3004236923752,0.3561014338569,0.4392674621017,0.5179909023244,-0.0645485251088,0.1879077612000,0.1975650303898,0.5293769589846
0.6742813401729,0.3222592312315,0.6380227643724,0.2944393490247,0.5854810229167,-0.1979385329306,0.3491205196764,0.7064370858108,0.3389726534571,0.1896524891817,0.4985523271894,0.2292120486237,0.4911184697202,-0.0143388827811,0.5424321715845,0.2693895920848,0.7566041434592,0.5636118435433,0.3633235475512,0.3464180794374,0.4743608835933,0.8609601752709,0.5656292933766,1.0000000000000,0.5402071347324,0.2265419342438,0.5873987411437,0.4726404325706,0.8091038491002,0.6013323803906,0.8250846015870,0.1377028988119,-0.1087670939536,0.4652846099733,0.4330897721029,0.3917219699161,0.1357801574525,-0.0538463474213,0.2763977152723,0.5178672407349,-0.2511777294424,0.2970581680211,0.1100006473389,-0.1740177800270,-0.0282835670375,0.2144423920096,0.1228020924913,0.4428372930887,-0.2233807640812,-0.3366309504148,0.0097637557786,0.7073435072306,0.0805361979414,-0.2919747435411,-0.2659011194324,0.4199568897607,0.5483088262926,0.3106709279679,0.7016967600932,0.4516430610613,-0.1135434751664,0.0100305613196,0.4383469057342,0.7077603970974,0.1209013412425,0.1472415229505,-0.1593983377971,-0.0890405296262,0.0255098351999,0.2526073197490
0.4538364430504,0.3298628732079,0.4053386280057,0.3831400510364,0.6509789447006,-0.1650562318439,0.2281887872389,0.6847801862155,0.0689239266997,0.7226302561571,0.2904248831626,0.0717965383255,0.4953861543858,-0.0225651182358,0.3179387745147,0.2850176888324,0.5136305146230,0.1587812095385,0.1137571996279,0.1092535846077,0.5085766943906,0.5342375788359,0.6281186847058,0.5402071347324,1.0000000000000,0.1909444821318,0.4072378024971,0.2501181107640,0.5996837943620,0.4152858192288,0.4666047335285,0.1211764318507,-0.1075543988830,0.3976135650998,0.2870743845595,0.3383926581821,0.1900655313414,-0.0065059364422,0.3870632832910,0.6474396886729,-0.2576897942496,0.2703649643318,0.4912207982607,-0.1696981036736,0.5899388046858,0.2397086567292,0.0733827430640,0.4870372937368,-0.1269136155654,-0.0667789579690,0.1556803579189,0.4751183660727,-0.0756201483724,-0.2576703542550,-0.2925504148293,0.5017872689011,0.3644304357040,0.4874612761633,0.3721884912844,0.8883644238683,-0.0493921539620,0.0189392950968,0.2820626947541,0.5590266419714,0.2204297029871,0.1434292858916,-0.1390779682685,-0.0266146038293,0.1458140457422,0.2534200533023
0.1715456061139,0.4469341434043,0.5208698027555,0.6210601051626,-0.0439292013571,0.2157037991642,0.0203321386701,0.2928954798761,0.4821296049409,0.3638761419021,0.0388211098908,0.5271911960849,-0.0425635047586,0.6860911803009,0.4117144454140,0.4397536464442,-0.0925711556181,0.3284175312528,0.5567510570591,0.5125510677200,0.0797540761519,-0.0650459786853,0.2214700364342,0.2265419342438,0.1909444821318,1.0000000000000,0.3996896317963,0.5326954132358,-0.0287562067449,0.1284084090726,0.3120848212133,-0.0459649390543,0.1783112121005,0.2124888145651,0.4404842211683,-0.0990839590217,0.4528472736706,0.2983692213477,0.6161374203287,-0.0642867172152,0.1742033996189,-0.0956505407361,0.0093127934483,0.0131295941900,0.2354401864083,-0.1211744918234,0.5147020474553,-0.0727272732514,0.6183509582916,-0.2243461916514,0.3786179720129,-0.0503047125042,-0.0457035941453,0.1347246244203,-0.0470642868012,0.1819617505952,-0.3702737655958,0.1727274752726,-0.2577414650265,0.1484153198844,0.8001345075666,0.1379379201675,0.5549572257806,-0.1995353022241,-0.4012204629141,-0.2086242120824,0.2207738664668,0.0992155015598,-0.1769485444273,0.1169517242353
0.3724604213243,0.5354687151517,0.5346815854088,0.5689419186748,0.2364787639008,0.1279407573350,0.4010716307417,0.5029901757037,0.4482601076310,0.3003705261334,0.3405299052956,0.4773052030726,0.4240147116512,0.0124802138102,0.5214286824676,0.3375065986123,0.2095401315829,0.4635903172456,0.4824502414062,0.5232214521723,0.4801049533338,0.3208497658611,0.5100659991791,0.5873987411437,0.4072378024971,0.3996896317963,1.0000000000000,0.5853562317417,0.3663067715155,0.4556137163450,0.6670044443742,-0.0092483280612,0.0795170215685,0.3899092135789,0.5285278206223,0.0245591556541,0.3794536668667,0.0793092106058,0.5660595827758,0.2969711066791,-0.0816870797930,0.3247461135109,0.0064716438470,-0.1161194602478,0.1211591428424,0.1835833352932,0.4137236412798,0.3451353851380,-0.0462660501829,-0.1109068409376,0.1196931005207,0.1629833184932,0.1334485205592,-0.0448213197299,-0.0514631502736,0.3944579756709,-0.0464370918610,0.3917109966003,0.1023385434139,0.3550224312035,0.0946381355795,0.3862212103473,0.5246806305939,0.2786683781582,0.0530994606658,0.1185499565495,-0.0013748769505,0.1088323733580,0.0062749323415,0.3868023048078
0.3667170686228,0.2543866239724,0.7144646737798,0.3031294275060,0.1220340571314,0.1274694187619,0.1421204908540,0.4899742816471,0.4364707651057,0.2335381573923,0.2113187208081,0.5079007553747,0.1853239411085,0.3551752911595,0.5353278838013,0.2117550551985,0.2477167869929,0.3181154253445,0.3948340196169,0.3758117278760,0.3193342891513,0.2439893114151,0.2285807334635,0.4726404325706,0.2501181107640,0.5326954132358,0.5853562317417,1.0000000000000,0.2783884301247,0.1385040839246,0.4007078610989,0.0291631244498,0.1541102701225,0.0451103798252,0.1380107835975,-0.1351051928805,0.1139670937011,0.2386063659951,0.3739484243253,0.1213260445922,-0.0502484702338,0.0316691009067,-0.0312189143715,-0.0804596444693,-0.0373925151674,0.0341568625479,0.3916218892645,0.1436313465225,0.1715482557880,-0.1169516007689,-0.0172227238116,0.2368839877457,-0.1953627760841,0.0918360064867,-0.2591771875895,0.3586996602810,-0.0703077705755,0.0011156714069,-0.0021012758343,0.1058925794590,0.2992389163914,0.0295314128543,0.8626289770861,0.1482076495445,-0.3445164048129,-0.3018672502464,-0.1919771623488,0.1296409695989,-0.2455533839833,-0.0478442214849
0.6351954085640,0.0202737492231,0.4465948194802,-0.0259928091445,0.7576847124673,-0.3490384035239,0.3398960295208,0.7036914300021,0.1785066137233,0.1749325546949,0.5831129705225,0.0231976082526,0.6262198344793,-0.0279549200084,0.4212764035100,0.0931285904853,0.8128428281582,0.2689205018834,0.1528800917475,0.0917081893497,0.5366930292995,0.8575041052947,0.4013160567624,0.8091038491002,0.5996837943620,-0.0287562067449,0.3663067715155,0.2783884301247,1.0000000000000,0.4638048680196,0.5565915848309,0.1393709036089,-0.1926387444792,0.2434585662197,0.0735368944109,0.3524659582667,-0.1520620011598,-0.1864147996713,-0.0365507212982,0.6979659896205,-0.3256486966154,0.3900084867604,0.1821801128126,-0.0854194054659,-0.0623481488264,0.4351873025156,-0.1155686052036,0.6108182720696,-0.2726787682256,-0.2722892450554,-0.1696211307570,0.7912697036572,-0.1785392452489,-0.3447469085164,-0.4398378981560,0.4523795126514,0.6838028892444,0.1246599189737,0.7314165722743,0.4946230066967,-0.3245410335187,-0.2088848839717,0.2331559579519,0.9365351242283,0.1105130734006,0.0184750279632,-0.2257973108282,-0.2012202611042,-0.0900584846679,-0.0436493329584
0.6203261935450,0.3851926844873,0.2029783722638,0.4250143290104,0.4609685297166,0.1364460726667,0.6071593145780,0.4421029833820,0.5401472379783,0.2848992005958,0.4534177132818,0.3941775680686,0.5398337556921,-0.0715594923631,0.7344344629885,0.6412796021276,0.4103869466772,0.5321117620731,0.4236729823138,0.3440898260130,0.4287744384330,0.5605483007081,0.5758708254886,0.6013323803906,0.4152858192288,0.1284084090726,0.4556137163450,0.1385040839246,0.4638048680196,1.0000000000000,0.6219710490583,-0.1566069382739,0.0712544409297,0.6981098460942,0.5296455263155,0.5036004431122,0.1565723858579,-0.2282149276255,0.3669344878124,0.4197844303497,0.1681700625920,0.4946635994614,0.0054988776861,0.0022169204803,0.1747317234664,0.1822927989424,0.2922600553841,0.4305867114561,-0.1448043897806,-0.0138103978169,0.3869804136961,0.3395364808206,0.1408439782932,-0.1366126085597,-0.0220224955155,0.2080783389443,0.2545545461942,0.4188752102320,0.3315558316183,0.3955127755174,-0.1473797684820,0.0241943243980,0.2063535446429,0.4190583476467,0.5683706276869,0.2649871786874,0.0217917688472,0.2311606494064,0.2280237612678,0.4441857707677
0.5420130246473,0.5488639963319,0.6076202330146,0.5726590278737,0.3610547420275,-0.0451954945634,0.2569321360491,0.6339035531203,0.3746388770543,0.2282470246056,0.2482377607909,0.3344826272159,0.3097539705021,-0.0621954340140,0.5143129408297,0.3567394824109,0.4295954181609,0.5783356585358,0.4500192385489,0.4413360603575,0.2862208172917,0.5676413289657,0.7271856336583,0.8250846015870,0.4666047335285,0.3120848212133,0.6670044443742,0.4007078610989,0.5565915848309,0.6219710490583,1.0000000000000,0.0506063677064,0.0149153248526,0.5221509139426,0.6314972841848,0.3386397777327,0.4049022143874,0.0357248651056,0.4955295160094,0.3138390155418,-0.0969826867764,0.2184109726683,0.1996749598550,-0.2042408488482,0.0875953737099,0.0477331435393,0.2773211003649,0.2619903864098,-0.1456394992302,-0.2856726391542,0.2123803737905,0.3674951945204,0.2821193878016,-0.1820951465143,-0.0323923285278,0.2494491219582,0.2403806424838,0.5673004404786,0.4078590474936,0.4544499530458,0.0170916591866,0.2722103315107,0.3681004066125,0.4256022448879,0.1878175429992,0.4305391357956,0.0059407126522,0.0717938498121,0.0558699361372,0.4479931851613
0.0668932549136,0.0042547591270,0.0838377124213,-0.0936829756801,0.1267184213147,-0.3012490289649,-0.1610755240030,0.1374296559610,-0.3788028438219,0.0166760094418,0.0262777993098,-0.5230132731920,0.0556910587182,-0.1297396402390,-0.2248008845379,-0.2928570926613,0.2004598455359,-0.0774152284998,-0.2701199411669,-0.1336032855004,0.0303639462793,0.1852202705617,0.0717899434887,0.1377028988119,0.1211764318507,-0.0459649390543,-0.0092483280612,0.0291631244498,0.1393709036089,-0.1566069382739,0.0506063677064,1.0000000000000,-0.3047519859705,-0.0334157854066,-0.0421505693771,0.1083804357581,-0.0034816909772,-0.0803459781841,-0.0209181016149,0.1199469536131,-0.4831712635940,-0.0531842234001,0.1754952494984,-0.3068097626281,0.0296323585188,0.0421032720995,-0.3408141631860,0.0824388799158,-0.2867809408816,-0.1370695600072,-0.2094341881339,0.2195406413423,-0.0869924065601,-0.3732896029392,-0.2207689147456,0.0573213443275,0.2688268985710,0.0326558043426,0.2246827275030,0.0637748930203,-0.0482348771023,-0.0247901410072,0.0557719525058,0.2023665343720,-0.0710206744520,0.0611228867945,-0.2957169532124,-0.3638568473760,0.0462148362444,-0.0541886672109
-0.0843898660170,0.2971362941829,-0.0153323466431,0.2461478275324,-0.1602786985686,0.5940214465436,0.0849321326547,-0.1081448632375,0.3954989706235,-0.0457508326057,-0.1376249210759,0.3402155004354,-0.1437311765582,0.0685713358451,0.1652432017214,0.2636882170867,-0.2284734666430,-0.0411881366462,0.1459544280658,-0.0263983271809,-0.1384437798147,-0.1759763420213,0.0783286473009,-0.1087670939536,-0.1075543988830,0.1783112121005,0.0795170215685,0.1541102701225,-0.1926387444792,0.0712544409297,0.0149153248526,-0.3047519859705,1.0000000000000,0.0666488855832,0.1024488635767,-0.0087971454331,0.2436484589077,0.0948942048094,0.1645567718513,-0.1706091278273,0.4578413850797,0.0117606335488,-0.0177660579555,0.2812925340365,-0.0262022203645,-0.1712799800605,0.5606225087755,-0.2123029121404,0.1820696536943,0.1456998257589,0.3670887316053,-0.2286429933252,0.0006920434881,0.1896538103636,-0.0030461696956,-0.0881147908146,-0.2231868790264,0.0647557277635,-0.1877481371848,-0.0406687382859,0.0693281837691,0.0771154810561,0.2156861208783,-0.2668130790985,0.0670926263168,0.0768418108098,0.0969125597198,0.7906579604117,0.1044269250941,0.1623840834541
0.3486456135406,0.5024907784329,0.1016458659356,0.5002298121789,0.3544603816722,0.1250213077065,0.3789285424236,0.2848214984082,0.3446852006160,0.3611627362018,0.3712290410035,0.2375802358968,0.3465179332992,-0.1030289679955,0.4174458821304,0.4575859127693,0.2580818308691,0.4795139136083,0.2032768684869,0.1911118087874,0.3615339526229,0.3774704148794,0.5020995163934,0.4652846099733,0.3976135650998,0.2124888145651,0.3899092135789,0.0451103798252,0.2434585662197,0.6981098460942,0.5221509139426,-0.0334157854066,0.0666488855832,1.0000000000000,0.7156060043683,0.4617456506299,0.3559209893528,-0.2236729460336,0.4409175444394,0.3545447793468,0.0851249704640,0.2588202037505,0.0151383979809,-0.0596055771894,0.3098053397282,0.0552960563968,0.1651310807639,0.2181954147784,-0.1562409566045,-0.1373213497307,0.3593243818575,0.2225079823212,0.2428300490712,-0.2345834439096,0.0204332082592,0.2703316179469,0.1374302655965,0.4969725743433,0.2482943269021,0.4038845029889,-0.0191905950446,0.0987004475386,0.1081886423862,0.2171556841952,0.4091979128638,0.2695234862077,0.0524994068567,0.0986133847968,0.6707387593932,0.6429710283018
0.2138335347461,0.6920320300967,0.2511434711983,0.7398457243897,0.0380284516717,0.1574229830097,0.2445088158230,0.1680714604360,0.3672700688142,0.2521455503427,0.0828598969510,0.4343882875688,0.1056983554999,-0.0405201119829,0.3185056940833,0.4667793549030,0.0630707825811,0.5362858066049,0.3937762003280,0.4380885851104,0.1502330097909,0.1789031480119,0.5343026467002,0.4330897721029,0.2870743845595,0.4404842211683,0.5285278206223,0.1380107835975,0.0735368944109,0.5296455263155,0.6314972841848,-0.0421505693771,0.1024488635767,0.7156060043683,1.0000000000000,0.3018974494586,0.6678795308832,0.0128712016643,0.7027377181369,0.0823435427903,0.1144611476898,0.1166828297275,0.0047008021789,-0.0823036644529,0.2876722154551,-0.1379790179411,0.4128202925861,0.0349705074680,-0.0057855592478,-0.2069931698829,0.4700365781288,0.0236246526212,0.4507592190173,-0.0051941212137,0.2786886330166,0.1283166817423,-0.0679347401396,0.6107177876600,0.0861185977381,0.3378077302473,0.3007633930465,0.4334081241140,0.2026699119394,-0.0280712071423,0.2380774561680,0.3913560663064,0.1401055528242,0.1437770576596,0.4127077755359,0.8198100594681
