1.0000000000000,0.0797323817788,0.0998975426874,0.1482813915512,0.3346877584491,0.0614266889622,0.2983510832202,0.2328178231655,0.1276444470902,-0.0090162737030,0.3796774272845,0.1925247263684,0.2370644356831,0.0330284110857,0.3903372092704,0.1295047616443,0.0269649596342,0.2274526829384,0.1636703771021,0.3058206828603,0.3834431921406,0.0680676470534,0.1973971409064,0.1463364422065,0.1176870099649,0.0504330980771,0.0879295423354,-0.1808778038529,0.1496945971940,0.4211499684741,0.2551973690609,0.2125831098570,0.0267344095721,0.1884284371806,0.2607345906828,0.4728700985751,0.0839205769938,-0.4425544909292,0.0701553554938,0.3630571664570,-0.0197554394758,0.0222510634943,-0.0094107742033,0.0531931805736,0.0726871443063,0.3316791308819,0.0814820098392,0.1403953955948,0.1108453665917,0.0652367745510,0.0329803457634,0.0749731687942,-0.0087238721865,-0.1235867325771,0.0282018486973,0.3821547033849,-0.1786132475960,0.0771104760546,-0.1355276018398,0.1032986858969,0.0049697239529,-0.3294444436241,-0.4217233057103,-0.0029990636825,0.1788593490307,-0.0828415996189,0.2697243363209,0.0107567244922,0.1727901091887,0.1981922726325
0.0797323817788,1.0000000000000,0.4531145646444,0.5581903639143,0.1726424452713,-0.3448188871318,-0.3226074026883,0.3815816465390,-0.4314617974280,0.2024087425326,-0.0341232489483,0.0496659929554,0.2194404974878,-0.0400663799690,-0.3233346631662,-0.3204636974923,0.2853549069663,0.5362943000698,0.0346991434376,0.3774696065448,0.1769563684227,0.3771379879261,0.4535191022613,0.5197302606174,0.2484491013874,0.5490252318058,0.6133383861356,0.4870877977114,0.3011412229575,0.0194406673742,0.5807079828466,0.1037731059758,0.1299647287083,0.3225844372669,0.4421580200975,0.1759349299365,0.7025364459746,-0.2175931604508,0.4551578672367,0.2360951914869,-0.4361707383660,-0.4336303896710,0.1088240929562,-0.4640042464793,0.1955138726306,-0.2032028085625,-0.1788589787890,0.3190370441754,-0.0830869645891,-0.3937716184367,-0.4567353071496,0.3229954604431,0.4926199762779,-0.1469817941097,0.3660911490378,0.2433414681781,0.1808932102133,0.4736213850115,0.2807059551697,0.2807900485621,0.2641368583228,0.3303038605997,0.2814829791363,0.2239607835093,-0.1581342650376,0.3183141295087,0.0505677193402,-0.2626131817412,0.1920226198596,0.3896404953405
0.0998975426874,0.4531145646444,1.0000000000000,0.5233307372963,0.1735271710708,-0.3863320200522,-0.4846755178971,0.5424180409998,-0.5208473349275,0.3553689479351,-0.1063807159290,0.1691475677682,0.2770904862480,-0.0307884513047,-0.3178199677317,-0.5063511883763,0.5739901551472,0.5614588378440,0.2384566166650,0.4477966335040,0.3949655740557,0.6446554290903,0.4368411364453,0.7541802015487,0.4505229926518,0.3643358129178,0.6673577594946,0.7262930474369,0.5107288391237,-0.2029395290577,0.5923027932214,0.2362088415434,-0.1334206980993,0.1626312765636,0.2216163115423,0.0328922297542,0.2614215760737,-0.0306624446976,0.3527404979830,0.2050588528971,-0.4803780170482,-0.5780747339214,0.1498564207790,-0.5444752029569,0.2217812691546,-0.3121302479468,-0.0623790606114,0.3634409346937,0.0238204628366,-0.5899806286111,-0.4714962267632,0.6016991118365,0.3182299745245,-0.1741689729392,0.3815475257089,0.3642037673209,0.4285242931261,0.2948120553568,0.4597609518894,0.3973296576068,0.2832389239208,0.3591774238369,0.3485152400736,0.4682945425062,-0.4180002666914,0.2411050420025,-0.1591864781035,-0.3850135309952,-0.0185146310772,0.1416406983510
0.1482813915512,0.5581903639143,0.5233307372963,1.0000000000000,0.2198268182643,-0.3609301984073,-0.2786107603001,0.4493734946314,-0.3967994259114,0.5985022411242,0.0270176812853,0.2935654981020,0.4185516636297,0.1158123379371,-0.2221988264547,-0.3386394961653,0.3732628132861,0.3378201021472,0.1885694787543,0.3034150768190,0.4428889718293,0.3309068955563,0.6757263812070,0.4182912335985,0.4867278940090,0.6402391612374,0.4772187358479,0.4791009726184,0.3295460687335,0.0554312060004,0.5056203795296,0.2588045141219,-0.1845280524598,0.3047252499707,0.3459792379140,0.2831770050095,0.6064459704149,-0.1547639839300,0.7658198449404,0.2217707477091,-0.4791508892825,-0.4513125877794,0.2121264895538,-0.4785511141982,0.4937095655131,-0.1890078973809,-0.0235548188341,0.4090830006141,0.0782254454623,-0.3251075309193,-0.3707447784188,0.4314984980077,0.4297930707525,-0.0859582000383,0.4676302522032,0.3918081842544,0.1976135128397,0.6051133317481,0.3338545188123,0.5181133619940,0.5172710113076,0.3431329125017,0.3047339093108,0.3151083595489,-0.0694962427952,0.3331889893072,-0.0236774267333,-0.3813557370217,0.1512802319013,0.4123798674839
0.3346877584491,0.1726424452713,0.1735271710708,0.2198268182643,1.0000000000000,-0.3782990091169,-0.0393339849091,0.4524578523582,-0.4259269084653,0.2841881542099,0.4809920030324,-0.1633724281787,0.6943618565958,-0.2150624211658,-0.1854105588693,-0.1992090759696,0.2262948976907,0.0740748961643,-0.1819323024946,0.0291258458895,0.6590679076332,0.3414119400130,0.5962506206611,0.3379592170035,0.5226343837747,-0.0040607050942,0.2082113977547,-0.1058779611884,0.6688399076790,0.1983459693139,0.4047740297443,0.3223719269781,-0.2233361022610,0.3454529289002,0.2263254840868,0.4645421791036,0.2420873008353,-0.5577063207018,0.0893677206924,0.9395165135772,-0.5062630977703,-0.3669650115049,0.3851637982816,-0.4220187844741,0.3901940818372,0.3138989721658,-0.2304377412297,0.5250275846247,-0.1237176733712,-0.0979053636073,-0.2788395208069,0.3111175856378,0.2898944266426,-0.3285874608898,0.1790012727069,0.6617460071980,0.1867026785938,0.4705472180493,0.2257790052736,0.5238545308480,0.0164046802811,0.0203034344474,-0.2675554602415,0.5326683399214,0.1552645862918,0.4192585647128,0.2082713393050,-0.3673018447996,0.3992341929587,0.2686235346549
0.0614266889622,-0.3448188871318,-0.3863320200522,-0.3609301984073,-0.3782990091169,1.0000000000000,0.6104219915297,-0.2774860522110,0.8133039124797,-0.2984122799882,0.1115142244435,0.1852819329687,-0.3898507258004,0.3093661427495,0.6493889421482,0.6673740991499,-0.3405470828621,-0.3097540949027,0.0261409129945,-0.2283648575423,-0.2958774818458,-0.3573354438555,-0.5145220945175,-0.4625335083841,-0.3330888685345,-0.1790313357656,-0.4420101014125,-0.3434732497125,-0.4116491855060,0.1589383097265,-0.3519241349804,-0.2752261389230,0.3498236447022,-0.1908723132192,-0.2116499088001,-0.2548380640205,-0.4277913815282,0.2668376329500,-0.2804790493136,-0.3430243659759,0.8641556556369,0.7318394905271,-0.2876272634591,0.7221747983782,-0.2854898213898,0.1537744751033,0.3400643871470,-0.3270751057582,0.1863881412063,0.4140379534257,0.6899181560782,-0.4157762401187,-0.5525087438615,0.1895884558735,-0.5162762539475,-0.2674382232471,-0.2825830245959,-0.5254630449184,-0.4337004484221,-0.4071923650495,-0.2319635210120,-0.4411519912161,-0.1609109165452,-0.3946830423893,0.1134088693287,-0.4749725153489,0.0703745095861,0.7414465824497,-0.1967269334109,-0.3230049858791
0.2983510832202,-0.3226074026883,-0.4846755178971,-0.2786107603001,-0.0393339849091,0.6104219915297,1.0000000000000,-0.2706145236581,0.7355087942678,-0.2601841819483,0.4206260410511,0.0540785799302,0.0122850035065,0.2146567990581,0.5918367801299,0.7110338556087,-0.2800373526866,-0.3480931179644,-0.1168258009689,-0.2253626375117,-0.0996505299946,-0.3152487936459,-0.2904870189640,-0.3944516400246,-0.2553198957935,-0.2051363718006,-0.3572532845066,-0.4632756858130,-0.2948830599133,0.4342766937955,-0.2560835754525,-0.2239554275051,0.1713875715345,-0.0424250514365,-0.0785051397219,-0.0211640887972,-0.3011370614171,0.0136431343376,-0.2760434463789,-0.0743648500363,0.5301009637522,0.7359122738895,-0.3199922128220,0.5526789034448,-0.1603291671775,0.4791409335644,0.2121107353489,-0.1467144047089,0.0764610128421,0.4632643655692,0.5134253636605,-0.3607803564067,-0.4770911243400,0.0465532219744,-0.4711888914233,-0.1413071477850,-0.3147836578861,-0.3482179658378,-0.3785390953584,-0.2548309358553,-0.2022989810684,-0.4408981164431,-0.2947776436624,-0.3223752599703,0.2410171900378,-0.3778119852351,0.0895084036255,0.5091968978905,-0.0452417135137,-0.1816222969472
0.2328178231655,0.3815816465390,0.5424180409998,0.4493734946314,0.4524578523582,-0.2774860522110,-0.2706145236581,1.0000000000000,-0.4022838207979,0.4883207388970,0.1885122164036,0.0462578566086,0.3757381546465,0.0044298985699,-0.0993565860455,-0.3633507315906,0.3835741795116,0.2685334360401,0.0685940534625,0.1674498359545,0.4309222622816,0.4128692696108,0.4608699671030,0.4062128926011,0.6804107384608,0.3676831113358,0.3416222773317,0.2945383865987,0.6030257344852,-0.0294647742675,0.6539625583403,0.3197504451896,-0.0181973895592,0.1443805039638,0.1008064845593,0.1032451697780,0.1969247370736,-0.2687290614559,0.3002806169480,0.5163231664091,-0.4237100139386,-0.4668417607635,0.4306514910663,-0.4978939138356,0.4255391953335,0.0216178771411,-0.2371515439089,0.3915134899776,0.0615544974849,-0.3214947638074,-0.4022125288552,0.4117377262551,0.1241862486455,-0.2124386834737,0.1239728778667,0.4655910958245,0.1023900634051,0.2941880345780,0.0726172037885,0.5852509403811,0.2744774723525,0.1191105839637,0.0467092255987,0.4509367851076,-0.2290829842400,0.1504599590177,0.0191273447874,-0.2923861472191,-0.0029335783601,0.1142316317536
0.1276444470902,-0.4314617974280,-0.5208473349275,-0.3967994259114,-0.4259269084653,0.8133039124797,0.7355087942678,-0.4022838207979,1.0000000000000,-0.3680205951622,0.2409466825432,0.1922080767706,-0.3263910901235,0.3225795801071,0.7670422630689,0.8071864407466,-0.4063839233125,-0.3428102472790,0.0503536961776,-0.2420398014232,-0.2914136396736,-0.4235531287266,-0.5697518708603,-0.5199727990626,-0.4692239114977,-0.2752680239604,-0.4725846646201,-0.3622356500002,-0.5522988240122,0.2858497727330,-0.3602261489278,-0.3590287134356,0.2144609810894,-0.1891368561164,-0.1961913807272,-0.2581865307335,-0.4351880668089,0.3757010871980,-0.3845622745694,-0.4077353724172,0.8281110669163,0.8385372115207,-0.4377310671686,0.8338558143131,-0.3558788594348,0.2540961941766,0.3812209902379,-0.3516432900000,0.1382763092893,0.5102569514466,0.7118314542066,-0.5181407597216,-0.5439703713398,0.2561103038468,-0.5135670238523,-0.3039899863626,-0.2853987921779,-0.5700738306609,-0.3939469340737,-0.5320219694897,-0.2667561697272,-0.4004541025945,-0.1231122363319,-0.4839603932972,0.1503216719321,-0.5366639070890,0.0278060141323,0.5991969478157,-0.1533865951874,-0.2829587395179
-0.0090162737030,0.2024087425326,0.3553689479351,0.5985022411242,0.2841881542099,-0.2984122799882,-0.2601841819483,0.4883207388970,-0.3680205951622,1.0000000000000,-0.0405681924847,0.0680339212022,0.3916525404324,0.2385596439778,-0.1632270911489,-0.3062564472752,0.1584367036500,0.0486254336549,0.0254530956702,-0.0274147945459,0.3951426873253,0.1241832913825,0.4938077927201,0.1593832038711,0.6400386047269,0.4969029183770,0.1075070752954,0.2916722014502,0.2478223262354,-0.1501185148940,0.1561401363245,0.2865042664287,-0.1735452121789,0.1001050202558,-0.0536706274247,0.0288005954831,0.2300964633633,-0.1706956682177,0.5191923457201,0.3257201266358,-0.3546317798059,-0.3826362162303,0.3881765780252,-0.4151261982491,0.8407180672356,-0.0707817139133,-0.1769463779526,0.3507712515011,0.2439153527150,-0.1708897262352,-0.2362940651962,0.2080902946798,0.1505113921403,-0.0615095765619,0.2663573251444,0.4190711336880,0.0173553625205,0.4023024169455,0.0682710201545,0.6182184125415,0.4605617939313,0.0700551031638,0.1799359373440,0.1845482450353,-0.0891801345141,0.1242949972341,-0.0618465192125,-0.3110216224439,0.0727746611797,0.0126695657678
0.3796774272845,-0.0341232489483,-0.1063807159290,0.0270176812853,0.4809920030324,0.1115142244435,0.4206260410511,0.1885122164036,0.2409466825432,-0.0405681924847,1.0000000000000,-0.0356532490649,0.6154482950282,-0.0109092269169,0.2646381896302,0.3427675383288,0.0943575580951,-0.1285866200238,-0.1761677406498,-0.0683635520193,0.5453141496039,0.2162832152770,0.1039187979070,0.1279192439888,0.1075073637344,-0.1324512307795,0.0032383727879,-0.2179489929368,0.2827468704104,0.3509854528813,0.1972858900678,0.0500753499806,-0.1606261224254,0.1919380291594,0.0787498946345,0.2111493562825,-0.0492430713922,-0.1558287152490,-0.2125853793618,0.4948715005640,0.0113073418169,0.2072018791378,-0.1774963982140,0.1180905185778,-0.0000054836472,0.6012516205088,0.0385665910855,0.4697666137373,-0.0862227007274,0.1380365525378,0.1140637657378,0.0351007072048,-0.0966849213214,-0.1272755783656,-0.0631704227695,0.4904517724710,0.1900716132566,-0.0420290637001,0.1144772876505,0.0561706587215,-0.1017132572920,-0.0678170969823,-0.2154851286256,0.2689256427278,0.0986585282687,-0.1065527246155,0.0358608591074,-0.0470263111454,0.2988557300010,0.1557868679433
0.1925247263684,0.0496659929554,0.1691475677682,0.2935654981020,-0.1633724281787,0.1852819329687,0.0540785799302,0.0462578566086,0.1922080767706,0.0680339212022,-0.0356532490649,1.0000000000000,-0.1158554318483,0.5718302682348,0.1697774155874,0.1260214948650,-0.0013079251944,0.0493947588138,0.6555992024595,0.1389218179877,0.0942134848484,-0.0221939911192,0.0123479503689,-0.0087753692739,-0.0262831559397,0.2924791722371,0.2319866887711,0.2688171598288,-0.1051404325840,-0.0156596151863,0.0696168909340,0.0544660215603,-0.1793455968260,-0.0491604096871,0.0374754400130,-0.0263555374882,0.0881388555820,0.0807495629859,0.1650186996349,-0.1563499334812,0.1361185036079,0.1133649585831,-0.1001150317685,0.1307503330647,-0.0020848534699,0.0243717256387,0.7611977340713,-0.1551526446737,0.6517716771325,-0.1240535315197,0.1632664928560,0.0153018062432,-0.1645330670661,0.4764454554865,0.0332571444383,0.0455911913350,-0.0155507771759,-0.0460292976539,-0.0184964117154,-0.0598521729793,0.3332791800531,-0.0100151024712,0.1298165480090,-0.0950325092226,-0.0416347949851,-0.0868691166098,-0.1931323244880,-0.0087632049222,-0.0720110409565,0.0190974719576
0.2370644356831,0.2194404974878,0.2770904862480,0.4185516636297,0.6943618565958,-0.3898507258004,0.0122850035065,0.3757381546465,-0.3263910901235,0.3916525404324,0.6154482950282,-0.1158554318483,1.0000000000000,-0.0652344019302,-0.1434182775040,-0.1175251421795,0.3148923305953,0.1249737544790,-0.1434742181876,0.1083371710493,0.7672474404275,0.4138390135358,0.4949013452166,0.4221198154900,0.4413292389257,0.1162598180444,0.2640668926759,0.1163150162620,0.5363044493014,0.2260842644661,0.4132710486172,0.2459764354792,-0.2154952968249,0.3539150718888,0.1396542659712,0.3122331545016,0.2603754744885,-0.2791341446865,0.2262698244172,0.6675814296498,-0.5135488286109,-0.2451837873398,0.1311255529953,-0.4073173433994,0.3995052158312,0.3317170243877,-0.1576364081610,0.8500361933119,-0.0966534712924,-0.1002705443811,-0.2393724980610,0.3308495645249,0.3008199800784,-0.2059215801634,0.3197850871408,0.6954422422098,0.3413858058989,0.3684487123749,0.3675716894370,0.4348859409784,0.0897045298153,0.1587746286971,-0.0193056313254,0.5140455250702,0.0988110101635,0.2588294171548,0.0101578323901,-0.4219170520805,0.3508405126119,0.2281290457087
0.0330284110857,-0.0400663799690,-0.0307884513047,0.1158123379371,-0.2150624211658,0.3093661427495,0.2146567990581,0.0044298985699,0.3225795801071,0.2385596439778,-0.0109092269169,0.5718302682348,-0.0652344019302,1.0000000000000,0.3248856543375,0.3057704479923,-0.2229931146534,-0.1434457109362,0.4553541627596,-0.0720874627028,-0.1085700271812,-0.1422572117859,-0.1579167471374,-0.2019972984010,-0.0728109539882,0.4151450564938,-0.0594025522981,0.2110118367739,-0.2697380903198,-0.0456034502304,-0.1846120884957,-0.0209642783770,0.0443443990173,-0.1716923108332,-0.1923444451435,-0.3533962027849,-0.1243784682274,0.1635765491146,0.0563842975003,-0.1525526842579,0.2820134224293,0.3401101350263,-0.1020876332121,0.2512538757338,0.2123927166245,0.1997930760444,0.5616332774906,-0.0650019262085,0.8151349788401,0.1723821626220,0.3801158940327,-0.2513373383111,-0.3105645589838,0.5262264910989,-0.0696148515601,-0.0812350609143,-0.1313678749564,-0.1981830473176,-0.2428219273355,-0.0881994969551,0.2934571571362,-0.2177609246515,0.2157499793512,-0.2133357299914,0.0492851600284,-0.2986537997411,-0.0473196397939,0.1629706460370,-0.1150496383482,-0.2609375935570
0.3903372092704,-0.3233346631662,-0.3178199677317,-0.2221988264547,-0.1854105588693,0.6493889421482,0.5918367801299,-0.0993565860455,0.7670422630689,-0.1632270911489,0.2646381896302,0.1697774155874,-0.1434182775040,0.3248856543375,1.0000000000000,0.6783911436576,-0.4147958732417,-0.1220379019258,0.2342730515465,0.0284546736650,-0.1120510240230,-0.3439574529818,-0.3254643470038,-0.4063105000073,-0.2891572151735,-0.0295072272325,-0.3859496624060,-0.2918876566916,-0.3853537713455,0.5027036711978,-0.1675367033059,-0.0573085438969,0.2280903697607,-0.0032685511478,-0.0740881505832,-0.1209525388251,-0.2689677834121,0.1125059846695,-0.1667832913678,-0.1358344780580,0.6009239774019,0.5690904700173,-0.1968012079269,0.6332574032206,-0.0637803623401,0.2255938536588,0.2136181330579,-0.1154649194100,0.2048908205901,0.5920241279265,0.6381387698244,-0.4393508767134,-0.4181390998975,0.2501336505195,-0.2662813714522,-0.1171908993059,-0.3625245378149,-0.3994551458864,-0.4719109113577,-0.3567823348985,-0.0394286365069,-0.4689324301540,-0.1876554095463,-0.3722999649911,0.2659628870971,-0.4881465042849,0.1953063703184,0.4530614060296,-0.0378079957802,-0.1919633642424
0.1295047616443,-0.3204636974923,-0.5063511883763,-0.3386394961653,-0.1992090759696,0.6673740991499,0.7110338556087,-0.3633507315906,0.8071864407466,-0.3062564472752,0.3427675383288,0.1260214948650,-0.1175251421795,0.3057704479923,0.6783911436576,1.0000000000000,-0.4059452496055,-0.3524545464902,-0.0079189611078,-0.2537379417277,-0.2171716353918,-0.3150649011426,-0.3885390361726,-0.4382885903467,-0.4078164139711,-0.2493983126709,-0.4067967124172,-0.4086840228036,-0.4254502048653,0.4863168189231,-0.2707471997550,-0.3293070538272,0.2135307672969,0.0504286370249,-0.0395767778587,-0.1070311853711,-0.3160600975464,0.2545887880869,-0.2784444347032,-0.1887971474805,0.6726661781197,0.7403293115927,-0.3363733380889,0.7251976634114,-0.1925781486592,0.2571390988993,0.3592558036081,-0.1162684259539,0.1336562945628,0.5711019176771,0.7763730910461,-0.5007161557838,-0.3929643600018,0.2152743350539,-0.3718647525390,-0.2217035218191,-0.2090303459828,-0.4019466970619,-0.3250490946504,-0.4139759571393,-0.2971792042264,-0.4055127117838,-0.1627344698412,-0.3613138277213,0.3645811998289,-0.3803502567897,0.1420106669714,0.5060791438714,0.0424391081922,-0.1426017053455
0.0269649596342,0.2853549069663,0.5739901551472,0.3732628132861,0.2262948976907,-0.3405470828621,-0.2800373526866,0.3835741795116,-0.4063839233125,0.1584367036500,0.0943575580951,-0.0013079251944,0.3148923305953,-0.2229931146534,-0.4147958732417,-0.4059452496055,1.0000000000000,0.1217479558649,-0.1827924437985,0.0492158116268,0.3846836620283,0.8174154853337,0.3949694657696,0.7607796059925,0.6233800350664,0.0858385009000,0.4132326494611,0.3945559955153,0.7501830996850,-0.1073923338814,0.5161207703624,0.0585996664368,-0.1953839705863,0.1526799834212,0.2112844566736,0.2953026510995,0.1080908297235,-0.0471214401252,0.0992993061933,0.1626468927459,-0.4305488475266,-0.4847132145714,0.0541011033248,-0.5240060632073,-0.0475312214055,-0.2357175020245,-0.1127799850482,0.2835772378333,-0.1996471807832,-0.5655908579002,-0.4733126463705,0.9345163283414,0.2157071985506,-0.3911677739379,0.1581427855786,0.2683088622936,0.6719301199734,0.2966562240940,0.7492174802528,0.6076487640585,0.0384369233764,0.4643148907694,0.1447627367435,0.7188600649206,-0.3750588007850,0.4672495771573,-0.3686931323742,-0.2595245663093,-0.0064896459884,0.2783532038559
0.2274526829384,0.5362943000698,0.5614588378440,0.3378201021472,0.0740748961643,-0.3097540949027,-0.3480931179644,0.2685334360401,-0.3428102472790,0.0486254336549,-0.1285866200238,0.0493947588138,0.1249737544790,-0.1434457109362,-0.1220379019258,-0.3524545464902,0.1217479558649,1.0000000000000,0.3671328148790,0.8273294277668,0.2183243039079,0.2079692057702,0.2118240703947,0.4516439884152,-0.0009690582160,0.3390392142045,0.6367308096634,0.4729271695487,0.1263433882417,0.0359423754335,0.4317497286970,0.2687172682390,0.0185992527307,0.3461375226823,0.4727865301793,0.0314369686136,0.4831221034129,-0.1653869548525,0.2898498187771,0.1311158929714,-0.3471845991045,-0.4471657471309,-0.0550771158492,-0.3447740258327,0.0353542126178,-0.1802768827753,-0.1546537326532,0.2076595388253,-0.1680538332416,-0.3482747315118,-0.3945416079409,0.1809069602179,0.6091956996713,-0.0263336937424,0.5981486461330,0.2955720054440,0.0344103919496,0.1827047672403,0.1394762852801,-0.0267266702829,0.2064384119089,0.2772346397204,0.1677937496236,0.0585501115124,-0.1240988873136,0.0614817559250,0.1619893730945,-0.2840044272429,0.3127932732459,0.3492326153184
0.1636703771021,0.0346991434376,0.2384566166650,0.1885694787543,-0.1819323024946,0.0261409129945,-0.1168258009689,0.0685940534625,0.0503536961776,0.0254530956702,-0.1761677406498,0.6555992024595,-0.1434742181876,0.4553541627596,0.2342730515465,-0.0079189611078,-0.1827924437985,0.3671328148790,1.0000000000000,0.4962543043788,-0.0545342819125,-0.1600790904463,-0.0307325340128,-0.0820240078172,-0.2108815752869,0.3764632828483,0.2063756955996,0.3566870850069,-0.2327181723824,-0.0516850708622,0.0134189013613,0.1785164840918,-0.1049653204825,-0.0615420731890,0.0552903058799,-0.1287424761173,0.1459845716878,0.0822838692168,0.1717880147800,-0.1644907144069,0.0086139281414,-0.0299477815519,-0.0320609881458,0.0447175015690,0.0398161030493,-0.0186155700808,0.4615082788199,-0.1197957687771,0.4857616907885,0.0204196397217,0.0772453981243,-0.1218958119192,0.0653036939734,0.5775886997728,0.3499038384142,-0.0560053338784,-0.1804906130487,-0.0511203940643,-0.1635557639656,-0.2259170622332,0.3892597183793,0.0155825214950,0.2272563497717,-0.2339246324836,0.0429491097406,-0.1827243123068,-0.0084494586675,-0.1254554973258,-0.0103346130666,0.0038262713640
0.3058206828603,0.3774696065448,0.4477966335040,0.3034150768190,0.0291258458895,-0.2283648575423,-0.2253626375117,0.1674498359545,-0.2420398014232,-0.0274147945459,-0.0683635520193,0.1389218179877,0.1083371710493,-0.0720874627028,0.0284546736650,-0.2537379417277,0.0492158116268,0.8273294277668,0.4962543043788,1.0000000000000,0.1950431800871,0.1393565971415,0.1631660102079,0.3536243913076,-0.0870911565035,0.3678481603174,0.5038806208506,0.4190266122603,0.0562082007986,0.1084739265777,0.3192818050614,0.2595135436333,-0.1218752644191,0.2190775621290,0.4044779121772,0.0677948768146,0.4037425361303,-0.1350494788081,0.2784192042218,0.0492066908056,-0.2645328531931,-0.3154227908800,-0.0859502041043,-0.2687645977294,-0.0314502411607,-0.0824701255905,-0.0726269447305,0.1443754103434,-0.1279636610969,-0.2427676604710,-0.2618344859430,0.1178221544060,0.4000505321558,0.0820938708878,0.5506833740402,0.1741246386115,-0.0254338128796,0.1147972394848,0.0670993784375,-0.1131076103811,0.2434283675366,0.1229291899843,0.1189349925150,0.0027765764234,-0.0495699881882,-0.0454342094999,0.1540462539220,-0.2835390887789,0.2115710683299,0.2929468031176
0.3834431921406,0.1769563684227,0.3949655740557,0.4428889718293,0.6590679076332,-0.2958774818458,-0.0996505299946,0.4309222622816,-0.2914136396736,0.3951426873253,0.5453141496039,0.0942134848484,0.7672474404275,-0.1085700271812,-0.1120510240230,-0.2171716353918,0.3846836620283,0.2183243039079,-0.0545342819125,0.1950431800871,1.0000000000000,0.4118844245889,0.4525455312787,0.4836004232608,0.5096283451215,0.0983336580644,0.3058553369882,0.1115580836319,0.5510119518545,0.0744678154445,0.3820352390080,0.3219487713748,-0.3340578946326,0.2626841089300,0.1906739801259,0.3266568731652,0.1992449638107,-0.3535709671496,0.1762833893046,0.6653502095772,-0.4088666338062,-0.3281915299674,0.1374653431571,-0.3577304232872,0.3267764075157,0.2776760869077,-0.0555771835488,0.6069221978541,-0.0264715933824,-0.3035177416757,-0.2501687486610,0.4180167994961,0.2059184127464,-0.2479064458049,0.2374004786716,0.9022718223941,0.3218247106408,0.2751406700522,0.3562707763701,0.4427329382362,0.1466342983315,0.0669061903313,-0.1573848095294,0.4972771413532,-0.0924093180377,0.1741626617422,-0.0141440064020,-0.4048584771882,0.2856523517892,0.2600373226030
0.0680676470534,0.3771379879261,0.6446554290903,0.3309068955563,0.3414119400130,-0.3573354438555,-0.3152487936459,0.4128692696108,-0.4235531287266,0.1241832913825,0.2162832152770,-0.0221939911192,0.4138390135358,-0.1422572117859,-0.3439574529818,-0.3150649011426,0.8174154853337,0.2079692057702,-0.1600790904463,0.1393565971415,0.4118844245889,1.0000000000000,0.4045011666790,0.8940501587531,0.4920948708286,0.1140816686767,0.4962028759275,0.4519669821017,0.7794751239272,0.0322168428888,0.6569793118371,0.0559701680348,-0.2053180767548,0.2880506832059,0.3255239158061,0.2624810479157,0.1354326264036,-0.0896405326851,0.0578232948554,0.3030211652680,-0.4222281486020,-0.4430929658168,-0.0246628257284,-0.4655179725518,-0.0260998820119,-0.1920917854891,-0.0944467627246,0.4464249060775,-0.1647547741684,-0.5029103410742,-0.3760366135494,0.7516386760412,0.2689773988933,-0.3528427505995,0.2025454800720,0.3050808162571,0.7485729646965,0.2863027193429,0.7323383062904,0.4608282959877,0.0134997670793,0.3617312708987,0.1703806975016,0.7501647085821,-0.3022463076719,0.4146614368065,-0.2371056536588,-0.2735368294501,0.1056654006666,0.2920096411588
0.1973971409064,0.4535191022613,0.4368411364453,0.6757263812070,0.5962506206611,-0.5145220945175,-0.2904870189640,0.4608699671030,-0.5697518708603,0.4938077927201,0.1039187979070,0.0123479503689,0.4949013452166,-0.1579167471374,-0.3254643470038,-0.3885390361726,0.3949694657696,0.2118240703947,-0.0307325340128,0.1631660102079,0.4525455312787,0.4045011666790,1.0000000000000,0.4903870877512,0.6006122122841,0.3286938558085,0.3941725273049,0.2373456609637,0.5782043916717,0.1766627628226,0.5985869642953,0.2794635748562,-0.2292670513177,0.4348798820866,0.3927434109712,0.4773235969229,0.6478439007414,-0.4219036879081,0.5743094712973,0.5684017493431,-0.6232711776897,-0.5676773451938,0.4246286722064,-0.5877347807915,0.5112880784187,-0.1277206458931,-0.2516303222872,0.4341171889778,-0.1209473354544,-0.2556854262449,-0.4407633678544,0.5039275618815,0.4584183721775,-0.3098940049763,0.3754237276334,0.4228605505004,0.1924960236155,0.8995014636295,0.3921020339905,0.6569636713111,0.2936686986016,0.2808958586105,0.0358148605274,0.4947223362957,0.1290892964339,0.6151593628741,0.0915257073852,-0.4521376777360,0.3062943336101,0.4542647624979
0.1463364422065,0.5197302606174,0.7541802015487,0.4182912335985,0.3379592170035,-0.4625335083841,-0.3944516400246,0.4062128926011,-0.5199727990626,0.1593832038711,0.1279192439888,-0.0087753692739,0.4221198154900,-0.2019972984010,-0.4063105000073,-0.4382885903467,0.7607796059925,0.4516439884152,-0.0820240078172,0.3536243913076,0.4836004232608,0.8940501587531,0.4903870877512,1.0000000000000,0.4706846275098,0.1641654342223,0.6566827247732,0.5095834872762,0.7253056033777,-0.0109624137841,0.7053800617314,0.0887317812840,-0.1858968287346,0.2890584930335,0.3966992944152,0.2468284239045,0.3258802994604,-0.1917920919546,0.1974384491392,0.3356248563477,-0.5173392186678,-0.5573694747673,0.0072322490019,-0.5639776290351,0.0425706573276,-0.2205726455785,-0.1606046349128,0.4693172205028,-0.2027114598145,-0.5901176868682,-0.4899446670081,0.7429042897685,0.4176779088464,-0.3601560427113,0.3116000008264,0.4102082056917,0.6047234603481,0.3849517617361,0.7013648309208,0.4375758602744,0.0349998382964,0.3968211227488,0.1275782805396,0.6386965471533,-0.3091266432931,0.4140092026639,-0.1494203526080,-0.3902311382708,0.1709138586200,0.3446741345281
0.1176870099649,0.2484491013874,0.4505229926518,0.4867278940090,0.5226343837747,-0.3330888685345,-0.2553198957935,0.6804107384608,-0.4692239114977,0.6400386047269,0.1075073637344,-0.0262831559397,0.4413292389257,-0.0728109539882,-0.2891572151735,-0.4078164139711,0.6233800350664,-0.0009690582160,-0.2108815752869,-0.0870911565035,0.5096283451215,0.4920948708286,0.6006122122841,0.4706846275098,1.0000000000000,0.2454849003317,0.2696748486747,0.1989832431792,0.7648723690000,-0.1007092457533,0.4117971464614,0.2687082403832,-0.1690259727705,0.1646325826506,0.0645887528263,0.2551056571185,0.1500569005223,-0.3129486255496,0.3242677842285,0.5311624862172,-0.4522959521678,-0.5289627509420,0.4920591716222,-0.5640677895936,0.5451339376405,-0.0920753320427,-0.2801567900318,0.3961348771338,-0.0101175425028,-0.4072758675434,-0.3917181021121,0.6812212448935,0.1288005439941,-0.4339802078261,0.1034181529223,0.4879135759279,0.3133240785581,0.4614096131762,0.3527388967661,0.9353451943842,0.1972845742540,0.2113318260599,-0.0192252295899,0.6431467716069,-0.2100427992668,0.4263719418378,-0.1161729066660,-0.2913930085333,0.0703483504745,0.1497638251756
0.0504330980771,0.5490252318058,0.3643358129178,0.6402391612374,-0.0040607050942,-0.1790313357656,-0.2051363718006,0.3676831113358,-0.2752680239604,0.4969029183770,-0.1324512307795,0.2924791722371,0.1162598180444,0.4151450564938,-0.0295072272325,-0.2493983126709,0.0858385009000,0.3390392142045,0.3764632828483,0.3678481603174,0.0983336580644,0.1140816686767,0.3286938558085,0.1641654342223,0.2454849003317,1.0000000000000,0.3457713470873,0.5547084898437,0.0535767620633,-0.0437928405017,0.2537772515603,0.2716631014480,-0.0643507702266,0.1362369818388,0.2229991774920,-0.0102729922853,0.4713149223825,-0.0916358843439,0.5722570202170,0.0481846410447,-0.2705522012495,-0.2745738270975,0.1518215867882,-0.3035660254588,0.4671163552765,-0.0886846511097,-0.0388301256310,0.1363667059834,0.3209267707152,-0.1061347540765,-0.2381198976637,0.1237744402653,0.1898664249067,0.1723610303105,0.3741254901377,0.1085450967802,-0.0664175073310,0.2741520980741,-0.0265922441759,0.2602141951537,0.7471089696877,0.1505148191624,0.4183515979543,0.0110289336197,-0.0883334588209,0.0108310920410,-0.0109224102479,-0.1990508286087,0.0553924010327,0.1601559685062
0.0879295423354,0.6133383861356,0.6673577594946,0.4772187358479,0.2082113977547,-0.4420101014125,-0.3572532845066,0.3416222773317,-0.4725846646201,0.1075070752954,0.0032383727879,0.2319866887711,0.2640668926759,-0.0594025522981,-0.3859496624060,-0.4067967124172,0.4132326494611,0.6367308096634,0.2063756955996,0.5038806208506,0.3058553369882,0.4962028759275,0.3941725273049,0.6566827247732,0.2696748486747,0.3457713470873,1.0000000000000,0.6300734334796,0.4229525655704,-0.0422700013165,0.5583798707755,0.2011007712375,-0.1280219956054,0.2850757866167,0.4070147494549,0.0946111001633,0.4723889097966,-0.1444544977565,0.3079791434233,0.2253685834267,-0.5053790501308,-0.5037880739468,0.0187787679238,-0.5242865965455,0.0749487381306,-0.1539101936879,-0.0490144545250,0.3107265386608,-0.0322779535004,-0.5445843808270,-0.5246548894339,0.4540432134046,0.4405954000270,-0.1211249789608,0.4183353466949,0.2958875127196,0.3176966362844,0.3182978809930,0.3932860913611,0.2521482001482,0.2601517350989,0.5640560423933,0.2739757112585,0.3497303325668,-0.2764065215314,0.2891609034802,-0.1609519283072,-0.4191968952860,0.2171569011907,0.3190067799143
-0.1808778038529,0.4870877977114,0.7262930474369,0.4791009726184,-0.1058779611884,-0.3434732497125,-0.4632756858130,0.2945383865987,-0.3622356500002,0.2916722014502,-0.2179489929368,0.2688171598288,0.1163150162620,0.2110118367739,-0.2918876566916,-0.4086840228036,0.3945559955153,0.4729271695487,0.3566870850069,0.4190266122603,0.1115580836319,0.4519669821017,0.2373456609637,0.5095834872762,0.1989832431792,0.5547084898437,0.6300734334796,1.0000000000000,0.1935262468662,-0.3126961276927,0.3936344202315,0.2185990102507,-0.1333138936148,-0.0010095427165,0.0257651572863,-0.2805022648383,0.3010334249322,0.2859661482553,0.2854485634857,-0.0921427998493,-0.4054719772629,-0.4024301810204,0.0111904785422,-0.4450020282039,0.1295117254117,-0.3097161400353,0.0308481609021,0.1830074855236,0.1527094077543,-0.5012582312227,-0.4146209536976,0.3910651472653,0.2090917456481,0.1181616150937,0.3630472880966,0.0755417362729,0.4496714849308,0.1883325656055,0.4592602032455,0.1590237640742,0.4460810308490,0.4833279512316,0.7693102472475,0.2981815783676,-0.4761364577576,0.1296874757782,-0.3269449590770,-0.4201847329370,-0.1411880952036,-0.0546954118077
0.1496945971940,0.3011412229575,0.5107288391237,0.3295460687335,0.6688399076790,-0.4116491855060,-0.2948830599133,0.6030257344852,-0.5522988240122,0.2478223262354,0.2827468704104,-0.1051404325840,0.5363044493014,-0.2697380903198,-0.3853537713455,-0.4254502048653,0.7501830996850,0.1263433882417,-0.2327181723824,0.0562082007986,0.5510119518545,0.7794751239272,0.5782043916717,0.7253056033777,0.7648723690000,0.0535767620633,0.4229525655704,0.1935262468662,1.0000000000000,-0.0011547666032,0.6280269769420,0.1805422213248,-0.2118419401104,0.2643470433333,0.2556751047456,0.4042390006481,0.1775337170082,-0.3855276153069,0.1203248099384,0.6339342932228,-0.5368565236249,-0.5658195495316,0.3422331501230,-0.5975857605061,0.1986633623282,-0.0761885799678,-0.2455808537704,0.5218730405001,-0.2032681280936,-0.4480693703591,-0.4436292553842,0.7920474893271,0.2921856508009,-0.4736546200727,0.1718955702819,0.4913801014861,0.5418188674812,0.4416798865458,0.5617248711374,0.7289471490084,0.0085152665376,0.3155804713027,-0.0833168643860,0.8632120156145,-0.1903303188195,0.5699511988337,-0.1181541981588,-0.3502991978308,0.1863351131948,0.3079379731067
0.4211499684741,0.0194406673742,-0.2029395290577,0.0554312060004,0.1983459693139,0.1589383097265,0.4342766937955,-0.0294647742675,0.2858497727330,-0.1501185148940,0.3509854528813,-0.0156596151863,0.2260842644661,-0.0456034502304,0.5027036711978,0.4863168189231,-0.1073923338814,0.0359423754335,-0.0516850708622,0.1084739265777,0.0744678154445,0.0322168428888,0.1766627628226,-0.0109624137841,-0.1007092457533,-0.0437928405017,-0.0422700013165,-0.3126961276927,-0.0011547666032,1.0000000000000,0.2326540319350,-0.0157790043613,0.1167721483252,0.5764866664635,0.4930748737544,0.4159348067053,0.1883791197250,-0.1780046168646,0.0938397997365,0.1485750397341,0.1240419527759,0.2279105569726,-0.1983823931452,0.2431762678479,-0.0370100248415,0.1613640895840,0.0076403712014,0.1774904738834,-0.1702167844081,0.4207798440777,0.3038618470596,-0.1165582817706,0.0815027047414,-0.0776432165293,0.0261520157652,0.0021205023840,-0.1591969629748,0.1133897889811,-0.1193124339370,-0.1054681031680,-0.0640799708928,-0.1732764973699,-0.2767272580073,-0.0863552927804,0.6342364829379,0.0021671445994,0.3160685165423,0.2285898531139,0.3927299269330,0.4137430954951
0.2551973690609,0.5807079828466,0.5923027932214,0.5056203795296,0.4047740297443,-0.3519241349804,-0.2560835754525,0.6539625583403,-0.3602261489278,0.1561401363245,0.1972858900678,0.0696168909340,0.4132710486172,-0.1846120884957,-0.1675367033059,-0.2707471997550,0.5161207703624,0.4317497286970,0.0134189013613,0.3192818050614,0.3820352390080,0.6569793118371,0.5985869642953,0.7053800617314,0.4117971464614,0.2537772515603,0.5583798707755,0.3936344202315,0.6280269769420,0.2326540319350,1.0000000000000,0.1132854276235,-0.0519374805362,0.4176325316526,0.4509079263657,0.3141726038869,0.4619004791405,-0.2054487685314,0.3390289335028,0.3902557485077,-0.4685559074268,-0.4518747897070,0.1386515675861,-0.4673597190683,0.0888606831666,-0.1695692861032,-0.1611499066064,0.4480590166749,-0.2044243822044,-0.3707138218186,-0.4304279077511,0.5145653357854,0.3876339447602,-0.2902104590659,0.1977227303792,0.3387109375879,0.3120326106472,0.4932774638877,0.4027144796258,0.3661332990607,0.0771821298983,0.3108558754878,0.1186726515369,0.4948260557163,-0.1383805826325,0.4282046593309,-0.0099289985987,-0.3281740097167,0.1461199726202,0.3878645624851
0.2125831098570,0.1037731059758,0.2362088415434,0.2588045141219,0.3223719269781,-0.2752261389230,-0.2239554275051,0.3197504451896,-0.3590287134356,0.2865042664287,0.0500753499806,0.0544660215603,0.2459764354792,-0.0209642783770,-0.0573085438969,-0.3293070538272,0.0585996664368,0.2687172682390,0.1785164840918,0.2595135436333,0.3219487713748,0.0559701680348,0.2794635748562,0.0887317812840,0.2687082403832,0.2716631014480,0.2011007712375,0.2185990102507,0.1805422213248,-0.0157790043613,0.1132854276235,1.0000000000000,-0.1111404228102,0.1472649128629,0.0026136043089,0.0949893721569,0.1696856692596,-0.3364133179438,0.1457625830345,0.3255802305352,-0.4143913358363,-0.4155180650359,0.2638342686142,-0.3884309334543,0.3342875063006,0.1136087583571,-0.1873433878849,0.1470085136028,0.0979472417241,-0.1416661756809,-0.3667860053452,0.1373342174179,0.2262100709626,-0.0734766500965,0.3614125022399,0.3445566197831,0.0393637442048,0.2269859890913,0.0093537240877,0.2499018517984,0.3253534059373,0.0735696089178,0.0743328082311,0.2293070697977,-0.0477273313895,0.0610431786010,0.3118165597154,-0.3121583094248,0.1151835394623,0.0431416082882
0.0267344095721,0.1299647287083,-0.1334206980993,-0.1845280524598,-0.2233361022610,0.3498236447022,0.1713875715345,-0.0181973895592,0.2144609810894,-0.1735452121789,-0.1606261224254,-0.1793455968260,-0.2154952968249,0.0443443990173,0.2280903697607,0.2135307672969,-0.1953839705863,0.0185992527307,-0.1049653204825,-0.1218752644191,-0.3340578946326,-0.2053180767548,-0.2292670513177,-0.1858968287346,-0.1690259727705,-0.0643507702266,-0.1280219956054,-0.1333138936148,-0.2118419401104,0.1167721483252,-0.0519374805362,-0.1111404228102,1.0000000000000,-0.0327812395738,-0.1464506482421,-0.1989493768104,-0.1046118740651,0.0623165474393,-0.0084377348361,-0.1323817799363,0.2431818676201,0.1926950274072,0.0516206410398,0.1435953590653,-0.0857353002232,-0.1260217479866,-0.1481497398826,0.0104823877180,0.0378939653795,0.1449174805567,0.0849170698225,-0.1990248758510,-0.0533318195692,-0.0299053911405,-0.2052076583791,-0.1767492816376,-0.1978505653567,-0.1388181524688,-0.2433907641377,-0.1479027507527,-0.3122882883045,-0.1125837851531,-0.0251647603910,-0.2322525758827,0.0321639410920,-0.0504486751690,0.1677239699688,0.4564711912589,-0.1594717846277,-0.2349273741630
0.1884284371806,0.3225844372669,0.1626312765636,0.3047252499707,0.3454529289002,-0.1908723132192,-0.0424250514365,0.1443805039638,-0.1891368561164,0.1001050202558,0.1919380291594,-0.0491604096871,0.3539150718888,-0.1716923108332,-0.0032685511478,0.0504286370249,0.1526799834212,0.3461375226823,-0.0615420731890,0.2190775621290,0.2626841089300,0.2880506832059,0.4348798820866,0.2890584930335,0.1646325826506,0.1362369818388,0.2850757866167,-0.0010095427165,0.2643470433333,0.5764866664635,0.4176325316526,0.1472649128629,-0.0327812395738,1.0000000000000,0.6427916386085,0.4574886380655,0.4283527270196,-0.2859828011600,0.3227760604731,0.2895841145167,-0.2264938954229,-0.2414126700093,0.0162089592524,-0.1679443707158,0.1656669134846,-0.0458395318180,-0.1198775200117,0.3232564941001,-0.2002184209499,-0.0234857012388,-0.1005979239186,0.1920183112641,0.4639494907058,-0.2054061954712,0.3346501034586,0.2537211741750,0.0831490837065,0.3845215554420,0.1695618138050,0.1806583786464,0.0911270726806,0.1339157583144,-0.0561262152693,0.1730445392602,0.3431939369375,0.3163767521138,0.2470702650247,-0.0217854674150,0.6802781511700,0.5674403030348
