1.0000000000000,0.3548526120291,0.3005367857348,0.4820839289893,0.5700077867931,0.0745305627230,0.5181781088824,0.4357670897684,0.3740569394962,0.3538190088610,0.5522858472751,0.2885604855926,0.5339987666804,0.2590107676691,0.5502735565086,0.3429063103442,0.3654465682815,0.3329430544816,0.1634942568354,0.3340052324175,0.6159317979588,0.5523231048816,0.4521601175194,0.5438982719291,0.5533078178313,0.2774111689881,0.4258559621922,0.3099300128518,0.5818683768060,0.6269005538259,0.6139360593279,0.1833376050106,0.1728283502262,0.5938620694044,0.5358420798626,0.5881981345712,-0.0155592617824,0.0142763064990,0.5219101546333,0.4773482561185,0.0898422409903,0.2673352651434,0.1444811896466,0.0733456855590,0.2069913714107,0.2436081357911,0.0199179497722,0.3652874690964,0.0924199627295,0.0186975791401,0.1805522844407,0.5140677282628,-0.0772787845357,-0.1064900801517,0.0434549155249,0.5750034716067,0.0666668552730,0.2794001133145,0.2099484053387,0.4794098304791,0.0265625158612,-0.1490387424051,0.0655005636237,0.4931639342057,0.0247890051597,0.0118162450457,0.1471601292855,0.0370685497273,0.3066762840403,0.3128298788610
0.3548526120291,1.0000000000000,0.7388762653165,0.7764776203411,0.5963420688158,-0.2203387383038,0.1138088173171,0.7247750205274,0.1889997472540,0.3857611568588,0.4409769515025,0.5517512242800,0.2893937920269,0.3084439402309,0.5903668377585,0.1181237695149,0.4040998429494,0.1261843725655,0.5823625211217,0.7497829418390,0.6644488424449,0.7775271262482,0.5912962871104,0.7126345262855,0.5643667035722,0.6391994665399,0.7907500002066,0.7305075111319,0.6454507349257,0.5314424936365,0.6429331990747,-0.0176489842643,-0.0159324105210,0.2781167979828,0.4022912922741,0.1959995212497,0.4789470716728,0.5022093845813,0.7685694052086,0.5803418811532,-0.2177196924426,-0.2184644834018,0.4232710902318,-0.2837282135858,0.2907312239547,0.2387993005080,0.4050355466316,0.1225832061773,0.0672222483892,-0.2261688367470,-0.0284698090542,0.6181963965860,0.0570993000198,0.2384595577545,0.2314843785819,0.6566837168326,0.0204918528226,0.2222282959607,0.3403696180866,0.4752217197625,0.3644261142679,0.2656033971656,0.6530178569025,0.5595642465801,-0.2604399418060,-0.0393149492843,0.4396682057615,-0.0249817185064,0.0680695759022,0.2373633611629
0.3005367857348,0.7388762653165,1.0000000000000,0.5803213613545,0.5531888928914,-0.1377688597131,0.0810947753014,0.7521231038447,0.2072101296147,0.5111346483132,0.4034525081468,0.4906562312450,0.1360213768760,0.1496617552109,0.4720527310202,0.1012901615787,0.3997343622743,0.0027177782719,0.5120712269661,0.5602181488621,0.5511485799555,0.7611534450913,0.5762835915494,0.7118473238481,0.5337639535116,0.4618586854486,0.5189773912174,0.8136136600292,0.5493141197321,0.3730478531527,0.5965580686760,-0.3610085724761,0.0313470035264,0.1462303096403,0.2915930078470,0.0759229382390,0.1170178574112,0.5804788495357,0.6019253381629,0.5683510778725,-0.1013410142218,-0.1103599713173,0.3570900984895,-0.1567660411018,0.4266663437531,0.3136497959293,0.4658496734738,0.0456747575692,-0.0344408490726,-0.2784597145026,0.0561954665560,0.6521471643707,-0.2483708016091,0.2309663491508,0.0751036724327,0.6165161935947,-0.0608179477663,0.1429752399753,0.1911192265990,0.4704626478592,0.3087873519642,-0.0871564547899,0.6697896557685,0.4569223827378,-0.3824885461879,-0.2201494732785,0.1244521940118,0.1042067063100,-0.1807554112616,0.0866123423170
0.4820839289893,0.7764776203411,0.5803213613545,1.0000000000000,0.5057614751540,-0.0728187012359,0.3236211346854,0.6398199018546,0.2600433279083,0.5027759959743,0.3619940838228,0.5533855985064,0.2500586605743,0.3220585309599,0.5531639700265,0.2850202670698,0.2538963152419,0.3322498872600,0.4156710114730,0.6786623784034,0.5229535090202,0.5829337264793,0.6266358830418,0.5799997991223,0.5405211536535,0.6981952920817,0.7157655180865,0.5566041856324,0.4996998218112,0.5360813085178,0.6367476178810,0.0733714118499,0.1386952990333,0.3817231948009,0.7081306739141,0.3075641665218,0.4851986271478,0.3459468194295,0.9037414074439,0.4162390295125,-0.0197069195106,-0.0674471933224,0.3723503982003,-0.1288772217931,0.3931557525661,0.0305609986367,0.2934517615283,0.0656149446834,0.1584588327221,-0.1477623555846,0.1267561646859,0.5522336867967,0.1289746525846,0.1197389788470,0.2917916535082,0.4672037521300,-0.0668015952789,0.4187681297883,0.2300588487846,0.5131650031465,0.4955558068947,0.2361549586785,0.5610455240601,0.3772836448513,-0.2985619553158,-0.0102329641642,0.3288139530442,0.0476311841762,0.0946304943462,0.4556957808312
0.5700077867931,0.5963420688158,0.5531888928914,0.5057614751540,1.0000000000000,0.0440758875791,0.4171298132893,0.6720511891459,0.3992951724598,0.4728656380402,0.6964422049880,0.4211181058709,0.4962964368431,0.3057521669331,0.5841680264680,0.3371709411048,0.5303789468256,0.1463483763426,0.3191922821669,0.4139352810117,0.7913703832322,0.6680030825188,0.5247865106451,0.6399867187820,0.7881124373204,0.3815181493415,0.5148196899139,0.4803763623713,0.7726060541065,0.6022462292194,0.7287920060334,0.0409381035716,0.1045891168670,0.2843777315847,0.3461495187943,0.3661766927866,0.0413042823732,0.2968063819991,0.5220895818786,0.8894392919618,0.0752421681674,0.1793948938168,0.3765829644931,-0.0443803401091,0.3535570492443,0.3918294718366,0.2868299616583,0.3401102756550,0.1304152157069,-0.1192761658760,0.1960047791038,0.6708515377863,-0.0929787440627,0.1431532352614,0.0171865657791,0.7691921537621,0.0312109538308,0.2177862395314,0.2637873179960,0.6875971737830,0.1079965966552,-0.0599928006173,0.3077670809703,0.7036785795935,-0.1654180872817,-0.0170513242670,0.1063821587114,0.0619162107348,0.0861112535627,0.1375116299794
0.0745305627230,-0.2203387383038,-0.1377688597131,-0.0728187012359,0.0440758875791,1.0000000000000,0.6561727788045,-0.1133281544586,0.6572881188174,-0.0670978873189,0.1333743772171,0.0514274765602,0.0740416121973,0.0618285634587,0.2094870250093,0.5778861924392,-0.1280238512345,-0.0557482957835,-0.1128333743277,-0.1310965176448,0.0134095285388,-0.0089747572082,-0.2047011879865,-0.0928190519654,-0.0304709902078,-0.0755148021604,-0.0488554660310,-0.1315615587601,-0.0304715860950,0.3038312984500,0.0272124298393,0.0965402096489,0.5615477665231,0.1382125391819,0.1623767731641,0.1026370260673,-0.1829458963399,-0.1998625683953,-0.0306863828633,-0.0054124523000,0.8377978353880,0.6890418672848,-0.0921342417215,0.6857952426687,-0.0655381881670,-0.0701191025998,-0.0739954489795,0.0240678485811,0.0953182663251,0.3143193438959,0.4446310177940,-0.0740680333916,-0.0591758508558,-0.0594643975928,-0.1843178678928,0.0102748230891,-0.1106976910988,-0.1881180761841,-0.1234809021409,0.0696991404399,-0.0936449179428,-0.1058609040783,-0.2150369767235,-0.0031234864092,-0.0173571377950,-0.0227552213222,-0.1361344327285,0.4243201357105,0.1653271104151,0.2954174804111
0.5181781088824,0.1138088173171,0.0810947753014,0.3236211346854,0.4171298132893,0.6561727788045,1.0000000000000,0.1869825573890,0.8246762190257,0.1916123660280,0.5261481057688,0.3194201241025,0.5093045777394,0.2912582973799,0.5464776594041,0.7267132696144,0.0742786044140,0.1508223061810,0.0945050630188,0.2208464444081,0.4179198080704,0.2679493290751,0.1410106880341,0.2333931328512,0.3508344146832,0.2354011449340,0.2844487265800,0.1027927378126,0.3608768835688,0.5969799521510,0.4077740751900,0.1693300401956,0.4082272033051,0.3484163909716,0.5058398132432,0.3353636387282,-0.1491263259400,-0.1581649034676,0.3366507716601,0.3145484115591,0.6551445883991,0.7639497387859,0.0093714005594,0.5479805177460,0.1452918283703,0.1264943760833,-0.0416789650616,0.3252858613245,0.1878712683233,0.2168117148432,0.5511508515020,0.2229445070860,-0.0463455410633,-0.0530381591395,-0.0252132585519,0.3518600973691,-0.1664557523700,0.0014921089851,-0.0260011454351,0.3780327406411,0.0428376202541,-0.1471465874650,-0.1053523055084,0.3318160547989,-0.0878148318861,-0.0319006447635,-0.0697263017075,0.2249963695144,0.1997161888866,0.3769644134534
0.4357670897684,0.7247750205274,0.7521231038447,0.6398199018546,0.6720511891459,-0.1133281544586,0.1869825573890,1.0000000000000,0.2198739036786,0.6278297391804,0.5155410528962,0.4771191996199,0.3242548063058,0.3726159636343,0.6202439993448,0.1613801136300,0.4398436030013,0.1837224800522,0.4845125388675,0.5928748205688,0.6379650145383,0.7125274645422,0.6354595661568,0.6305011492468,0.7499092017364,0.5515826412148,0.6408142997825,0.7272746342597,0.6675048485994,0.4859511446699,0.7049555220530,0.1145378432232,0.0863175380797,0.2859481619544,0.3511597779538,0.2085302255912,0.1230222363353,0.3977259716643,0.6645159674759,0.6949555543203,-0.1664355388325,-0.1806618462255,0.6020476470173,-0.2067306012076,0.5258521916309,0.2234856208981,0.3900031935551,0.2336378567205,0.1787443160060,-0.0699490031572,0.0351405347479,0.6468650256598,-0.1783930918264,0.2488482954843,0.1596103885201,0.6470302067811,-0.1441343325077,0.1996492285724,0.1089122257365,0.6997639067896,0.3163295151579,0.0901377043588,0.5952697263355,0.5996467803302,-0.3111478283107,-0.1520536101704,0.3144703943556,0.0066703053943,0.0376247985512,0.1110695305765
0.3740569394962,0.1889997472540,0.2072101296147,0.2600433279083,0.3992951724598,0.6572881188174,0.8246762190257,0.2198739036786,1.0000000000000,0.1161590662944,0.5096490294851,0.4330953537392,0.3889457600163,0.3171539011291,0.5817235659710,0.6294165803772,0.1110836897731,-0.0965945195827,0.2804397488446,0.2754053198012,0.4092039766230,0.3440599901741,0.0283669022454,0.2503053465710,0.3466217086399,0.2632952849579,0.3546233689015,0.2688219671225,0.4177724334571,0.5668123821323,0.3465634326804,0.0457556737139,0.4348733201761,0.2332361264244,0.3552434100800,0.2795045507664,-0.1970612687997,-0.0383591253875,0.2870459741458,0.3483749005932,0.6386599359716,0.6716525397140,0.0711552335257,0.6327012622985,0.0705048630468,0.1562763865902,0.0434769544296,0.2683184854664,0.1598375057724,0.2228894050593,0.4583480413268,0.2402270501404,-0.1694238098416,0.0725052210943,-0.0855612977957,0.3852663987263,-0.1593513676576,-0.2182767033956,-0.0235851903693,0.3561302391040,0.0573886339635,-0.1268289800124,-0.0005095663214,0.4087594937183,-0.1235746530798,-0.0323053275094,-0.0424573206551,0.2638144692449,0.1130094200428,0.2623950110459
0.3538190088610,0.3857611568588,0.5111346483132,0.5027759959743,0.4728656380402,-0.0670978873189,0.1916123660280,0.6278297391804,0.1161590662944,1.0000000000000,0.3255923181015,0.3330608496838,0.3051435127290,0.3360773465880,0.4962847201588,0.2003463371082,0.2489580649357,0.0909479819386,0.2078686884761,0.2547470743095,0.4077845991989,0.2979840744395,0.3947166331857,0.3014750714618,0.6224272639166,0.5056137730005,0.2799942566496,0.4378276464113,0.2827594174764,0.2469606443297,0.3236639612709,-0.0083371992898,0.0544422924894,0.1047793409979,0.2943222171532,0.0340560002010,-0.1131730177853,0.1883992711081,0.4717229139523,0.4192628851391,-0.0106368162475,-0.0336606634433,0.4095099614653,-0.1850112266050,0.8589748067046,0.0881127924462,0.2794981435867,0.2656109070450,0.3168493131184,0.0806433848743,0.1986662181621,0.3437271113485,-0.3579055880352,0.1205103899207,0.0985717870849,0.3934144631675,-0.2158256087494,0.1271607357933,-0.1093836620808,0.6496682829196,0.4114536733708,-0.1404559461615,0.3090862857457,0.2158992197352,-0.2586188106836,-0.3804127599607,0.0245266193462,0.0782601385001,-0.1165453680317,-0.0313422826639
0.5522858472751,0.4409769515025,0.4034525081468,0.3619940838228,0.6964422049880,0.1333743772171,0.5261481057688,0.5155410528962,0.5096490294851,0.3255923181015,1.0000000000000,0.1688139891928,0.6667964443277,0.0521275798928,0.6293381377270,0.4782305757726,0.3933574826403,0.1872610484484,0.0657462420782,0.2838559258153,0.6564265565608,0.6044856406743,0.4134806479296,0.5484856425918,0.5791948410345,0.1361938138956,0.3923226867455,0.4173239708657,0.5878734533109,0.6129400848622,0.5869235749042,0.0713216592934,0.0374028754852,0.3970628959154,0.2237892924865,0.3351749273005,-0.0792311354164,0.1146546701689,0.4346042891233,0.7302636074261,0.1000978594868,0.4049637608394,0.1029874834324,0.1111887711730,0.2877010515912,0.7350791518896,0.0269339672239,0.5911997330446,-0.1419988773525,0.0829106554490,0.3724176378820,0.4701080200800,-0.0790338003923,-0.0752219736953,0.0218516544573,0.6658368680766,-0.0948331832531,0.0764689059698,0.1275585732392,0.4826093857029,-0.1245168804237,-0.1386246645631,0.1350887821872,0.5143021661759,-0.1445304762245,-0.0842587514899,0.1306656972400,-0.1093320778774,0.2515677429321,0.0695043844841
0.2885604855926,0.5517512242800,0.4906562312450,0.5533855985064,0.4211181058709,0.0514274765602,0.3194201241025,0.4771191996199,0.4330953537392,0.3330608496838,0.1688139891928,1.0000000000000,0.1896476463000,0.7293718529723,0.5486943968650,0.3207186995445,0.1104593123894,-0.0225570384979,0.8589307212740,0.7473361325926,0.4866920326920,0.3881857584151,0.1833801092248,0.3392643266722,0.4163261185203,0.7961842489927,0.6429792510474,0.5577308614466,0.4874402854486,0.5348469768496,0.3573455052639,-0.0648289926473,0.3758816717972,0.0594515225524,0.5229261949846,0.0339866497252,0.0961115449420,0.1291224038970,0.5258634371031,0.2945894618879,0.1988974967478,-0.0162774881758,0.2930288858522,-0.0072431318526,0.1926117412598,-0.2029828622694,0.6611880271195,-0.0105168331129,0.5940785048523,-0.1350900573252,0.1718871912555,0.3908165861642,-0.2558478200817,0.5928407955793,0.1408310965799,0.3907530346928,-0.2316418036658,-0.0845012381464,-0.0189126093740,0.4003577677290,0.6278458713750,0.0296324761340,0.3715558818905,0.4540441512277,-0.2633706067357,-0.2099506407131,0.0543994640850,0.4862889243416,-0.2576133733517,0.2399927687037
0.5339987666804,0.2893937920269,0.1360213768760,0.2500586605743,0.4962964368431,0.0740416121973,0.5093045777394,0.3242548063058,0.3889457600163,0.3051435127290,0.6667964443277,0.1896476463000,1.0000000000000,0.2091210666132,0.5689944512417,0.3983575974597,0.3372611251607,0.0496303199629,0.1163429613559,0.2179958217982,0.6749526668841,0.3990779707302,0.2389411747708,0.3380191922067,0.5327658229387,0.1500308954271,0.3311334938256,0.2103201154619,0.4493981380994,0.5413459421550,0.3798309489902,0.1388237343581,-0.0180565789542,0.3205361383622,0.2096683249903,0.2842529271927,-0.1277836222669,-0.0079115791190,0.2616708674273,0.5266063951844,0.0867103969816,0.3496982266821,0.1139632444642,-0.0067828090148,0.3028190511874,0.4665961559073,0.0666525546269,0.8428475450720,0.0456891599226,0.2184135290441,0.3297116977603,0.2784883776026,-0.0811319767326,0.0202045218050,0.1039592505172,0.5991820612518,-0.0042881298448,0.0041343606016,0.1235343621391,0.4837893340378,-0.0885656423904,-0.0606951901695,-0.0132187696316,0.4597953985739,0.1741406049199,-0.0542340253201,0.0568889429553,-0.0043903868391,0.2769184310792,0.0327328430675
0.2590107676691,0.3084439402309,0.1496617552109,0.3220585309599,0.3057521669331,0.0618285634587,0.2912582973799,0.3726159636343,0.3171539011291,0.3360773465880,0.0521275798928,0.7293718529723,0.2091210666132,1.0000000000000,0.4950632692691,0.2966375338708,0.0964761040833,0.0143599307552,0.6805297676426,0.5306280252877,0.3788332704345,0.0962615318055,0.0470171722942,0.1295516865864,0.4037803759066,0.7259722567844,0.5093428017336,0.3598511839397,0.4056342012914,0.4169249717778,0.1881380412082,0.3613946654070,0.3397972069562,0.1280842239489,0.3624333729694,0.1053346338439,-0.0554083436809,-0.0839769584901,0.2833280102987,0.1593853733786,0.1993563610459,-0.0259033765240,0.4159432187515,0.0108472579813,0.2205425217384,-0.3433683800093,0.4263174329971,0.0506304313702,0.8907746153070,0.1604362813660,0.0993098743353,0.2086448943010,-0.2431960476700,0.4861649671008,0.1556998827654,0.2504469861455,-0.2401351280837,-0.1034980461562,-0.1403406178262,0.4386784828280,0.4909810952842,0.0649749330454,0.1441025112551,0.4503667565787,-0.0062202975898,-0.1527604401978,0.0244889479717,0.3264520216763,-0.0749128472747,0.0888802788377
0.5502735565086,0.5903668377585,0.4720527310202,0.5531639700265,0.5841680264680,0.2094870250093,0.5464776594041,0.6202439993448,0.5817235659710,0.4962847201588,0.6293381377270,0.5486943968650,0.5689944512417,0.4950632692691,1.0000000000000,0.5719331830155,0.2247872654326,0.1540599006310,0.4356765417843,0.5880302984475,0.6244978735449,0.5568526185528,0.2785792315214,0.4565066700182,0.5537423380397,0.5700292522709,0.6256583670199,0.5343631230837,0.5105208870055,0.7783028535204,0.5206752700033,0.2594771311373,0.2929261667755,0.2752139229269,0.4114216706571,0.2799858290839,-0.0675083339188,0.0571523531828,0.5642555162416,0.5477276450069,0.2036027014160,0.2160378690330,0.2625847048893,0.0480656485224,0.4207753951453,0.2328374377115,0.2602962011300,0.4414089150423,0.2946660416586,0.2468356131671,0.4087638728568,0.3801282132814,-0.1988187563084,0.1959463658158,0.1722056806739,0.5689204007175,-0.2390512595259,-0.0843923984527,-0.0121557458451,0.5143136704266,0.2265322458205,-0.0597691988381,0.1890599317388,0.4423190888090,-0.1401669572319,-0.2497676674139,0.2787322755667,0.1896531490217,0.1417065650149,0.1043063241116
0.3429063103442,0.1181237695149,0.1012901615787,0.2850202670698,0.3371709411048,0.5778861924392,0.7267132696144,0.1613801136300,0.6294165803772,0.2003463371082,0.4782305757726,0.3207186995445,0.3983575974597,0.2966375338708,0.5719331830155,1.0000000000000,-0.0005186867043,0.2570042526545,0.0724143889847,0.2064841001786,0.2896651439225,0.2035332902303,0.0462699542094,0.1994658463318,0.2548389227037,0.2525714087119,0.2298006365738,0.1048687061399,0.2316075140570,0.7041609451390,0.3114663957209,0.1950537717059,0.5134546566982,0.2140693014196,0.4272600565010,0.1689751257485,-0.1590030883178,-0.2149165454292,0.2808075212642,0.2392622644030,0.6331286906140,0.6251327458658,-0.0550283189520,0.3359479792090,0.1717063849555,0.1065719866948,0.0646505011150,0.2724036401511,0.2340028060689,0.1407010627498,0.7798718609516,0.1816952754673,-0.1301859714228,-0.0367009498338,-0.0752031441301,0.2099781644303,-0.1948830042332,-0.0198402473091,-0.0670114730289,0.2524729314803,0.0619744206501,-0.2647546270592,-0.1077641279334,0.1771884153813,-0.1589836478110,-0.0936767887943,-0.1010314972766,0.3518786002112,0.0667381593192,0.2305580581217
0.3654465682815,0.4040998429494,0.3997343622743,0.2538963152419,0.5303789468256,-0.1280238512345,0.0742786044140,0.4398436030013,0.1110836897731,0.2489580649357,0.3933574826403,0.1104593123894,0.3372611251607,0.0964761040833,0.2247872654326,-0.0005186867043,1.0000000000000,-0.0012186201938,0.1191151110348,0.0961701985294,0.5198652476736,0.6015957505124,0.5636669816813,0.6735213362291,0.6815069546990,0.0864450195960,0.2989087018863,0.4325700367939,0.6935300440521,0.2418787188000,0.5277685235003,-0.0038085263534,-0.0876479140139,0.1957529160701,0.0208700814378,0.2715738034454,0.1396692585554,0.4377169311002,0.1959857647041,0.5613334352157,-0.1354581879653,-0.0603029447826,0.3856496965392,-0.1952572115719,0.2017958139224,0.3559164202930,0.0663062328647,0.2610087958391,-0.0257129065590,-0.1199503134470,-0.1197914717830,0.7963232199115,-0.0662216451627,-0.0308911542272,-0.0878043553542,0.5610129088307,0.5061318648427,0.3814340821100,0.6247247535509,0.5899070793996,-0.0869815583431,-0.0886771574757,0.3668428896101,0.6896912442621,0.0348757562570,0.2474310752009,0.0532401620715,-0.0963897847479,0.1341576911836,-0.0739395608373
0.3329430544816,0.1261843725655,0.0027177782719,0.3322498872600,0.1463483763426,-0.0557482957835,0.1508223061810,0.1837224800522,-0.0965945195827,0.0909479819386,0.1872610484484,-0.0225570384979,0.0496303199629,0.0143599307552,0.1540599006310,0.2570042526545,-0.0012186201938,1.0000000000000,-0.1618884502264,0.2930188624700,0.0086676540529,0.1223764168621,0.2616879970976,0.3138600767501,0.0718915606835,0.1386497228023,0.2561428389886,0.0330242589601,0.0868163203255,0.2679609246411,0.4147192179657,0.4215284591516,0.0839608468572,0.3336795682617,0.4659003478202,0.1281043665986,0.2494040696551,-0.2037370815351,0.3274741280582,0.0195333268741,-0.0478527347713,0.0280919032047,-0.1940254991680,-0.1290410023487,-0.0215405501019,-0.0674156020664,-0.2201706803080,0.0647207021460,-0.0031960569176,-0.1417184876532,0.1329715149741,0.1613949898382,0.4151722130868,-0.2083025359083,0.2944715035819,-0.0404242616907,0.0147446954397,0.3610022429775,0.1581737174319,0.0098256204342,0.0586702789368,0.1422373860221,0.0055199903161,-0.0557821396577,-0.1539958712932,0.0346636426684,0.2279707269162,-0.1634788511388,0.2470838964741,0.2832480063992
0.1634942568354,0.5823625211217,0.5120712269661,0.4156710114730,0.3191922821669,-0.1128333743277,0.0945050630188,0.4845125388675,0.2804397488446,0.2078686884761,0.0657462420782,0.8589307212740,0.1163429613559,0.6805297676426,0.4356765417843,0.0724143889847,0.1191151110348,-0.1618884502264,1.0000000000000,0.7749443018249,0.4701438192299,0.4040515360676,0.1531356482693,0.3207847828684,0.3501405917283,0.7017574469961,0.6537796295344,0.5814513187129,0.4911359955355,0.3858572898477,0.2686300318550,-0.0898167921072,0.2025064190511,0.0598462736492,0.3246212655233,-0.0071436421300,0.1247124729414,0.2055964330759,0.4245723764531,0.2344235477764,-0.0200510216712,-0.2034283163172,0.4042316368537,-0.1184901878795,0.0879071940451,-0.1771981749058,0.6162961508024,-0.0450565483118,0.4886684708287,-0.1944593435099,-0.0755471087297,0.3451601109133,-0.2349015855341,0.5939419776344,0.1142827411972,0.3946844796935,-0.1787802111334,-0.1562024276129,0.0036026102621,0.3138093314719,0.4951037155760,0.1357496413578,0.3959997419752,0.4959458470587,-0.2129688495705,-0.1509337473894,0.2164292386543,0.2990671221104,-0.2467741128771,0.1407949290748
0.3340052324175,0.7497829418390,0.5602181488621,0.6786623784034,0.4139352810117,-0.1310965176448,0.2208464444081,0.5928748205688,0.2754053198012,0.2547470743095,0.2838559258153,0.7473361325926,0.2179958217982,0.5306280252877,0.5880302984475,0.2064841001786,0.0961701985294,0.2930188624700,0.7749443018249,1.0000000000000,0.5143102496404,0.5332591587470,0.3302669274518,0.4974123183019,0.3993795472103,0.7559215987228,0.8294915474897,0.6146126337408,0.5358252416094,0.5478807851715,0.5211010473881,0.1101329041375,0.1020373240894,0.2449923723411,0.6148736905738,0.0894220018956,0.2724738626494,0.2032478661874,0.6932819506615,0.2983422627147,-0.0835483751547,-0.1481068632415,0.2858057039652,-0.1633411310939,0.1133692157685,-0.0648848794811,0.4253016989648,0.0499950756695,0.2961517373107,-0.1969967029828,0.0642271224169,0.3993122612978,0.0456677145840,0.4229313931925,0.3825912371337,0.4262306644406,-0.2179843557021,0.0260271271966,0.0655764265580,0.3295077406897,0.4954494473538,0.2998592072021,0.4301564488931,0.4406686029722,-0.2603821879439,-0.1306229661463,0.4419953860473,0.0891536902269,-0.0435824510651,0.3373957393277
0.6159317979588,0.6644488424449,0.5511485799555,0.5229535090202,0.7913703832322,0.0134095285388,0.4179198080704,0.6379650145383,0.4092039766230,0.4077845991989,0.6564265565608,0.4866920326920,0.6749526668841,0.3788332704345,0.6244978735449,0.2896651439225,0.5198652476736,0.0086676540529,0.4701438192299,0.5143102496404,1.0000000000000,0.7345481063624,0.5245159868795,0.6643712259393,0.7205284460029,0.4418821836575,0.5888928028324,0.5529250021943,0.7810465542325,0.6447993182140,0.6243452066899,-0.0448515686581,0.1279976307007,0.4987987083262,0.3176223517152,0.3674538000313,0.1007286923818,0.3107839951899,0.5606569986977,0.7449632983159,0.0467879998963,0.1538050652265,0.4345640961433,-0.0269098526366,0.3182246884861,0.4393478578516,0.4140353244489,0.4567619139158,0.1663275922340,-0.0674979910507,0.0903155685008,0.6295535440780,-0.1145367020592,0.2124546765037,0.0375357130759,0.9447766165651,0.0635560880959,0.1713739904735,0.2937409434346,0.6482603056315,0.1246525668072,-0.0036128185951,0.3725823623060,0.7684991221317,-0.0465550967342,-0.0401739339805,0.1951910789924,0.1525529476311,0.2337064985375,0.2370498062133
0.5523231048816,0.7775271262482,0.7611534450913,0.5829337264793,0.6680030825188,-0.0089747572082,0.2679493290751,0.7125274645422,0.3440599901741,0.2979840744395,0.6044856406743,0.3881857584151,0.3990779707302,0.0962615318055,0.5568526185528,0.2035332902303,0.6015957505124,0.1223764168621,0.4040515360676,0.5332591587470,0.7345481063624,1.0000000000000,0.6278142588278,0.9032954834953,0.6201329577636,0.3275103154399,0.6295154051701,0.7079657994192,0.7533634485906,0.6176871969302,0.7782524639509,-0.1082372188949,0.0610934689011,0.4246656037298,0.3394025215469,0.3138221228074,0.2477234193425,0.4789609939367,0.6401854684454,0.6874309272000,-0.0550918506887,0.0414145246728,0.3118425430412,-0.0490108434107,0.1991876078174,0.4416316939408,0.2982389804001,0.2709525460334,-0.1496872590779,-0.2002641602564,0.0598864264982,0.7829407698467,-0.0150345687415,0.0757962346646,0.0273507675534,0.7838811874012,0.2291388028055,0.1956772694622,0.5185108471460,0.5134951013368,0.0560487450675,0.0293345693781,0.5544958184954,0.6626865880974,-0.2032922230938,0.0424895857183,0.3197968447382,0.0399031242813,0.1822076276105,0.2634138857187
0.4521601175194,0.5912962871104,0.5762835915494,0.6266358830418,0.5247865106451,-0.2047011879865,0.1410106880341,0.6354595661568,0.0283669022454,0.3947166331857,0.4134806479296,0.1833801092248,0.2389411747708,0.0470171722942,0.2785792315214,0.0462699542094,0.5636669816813,0.2616879970976,0.1531356482693,0.3302669274518,0.5245159868795,0.6278142588278,1.0000000000000,0.6805848078460,0.6220534101277,0.2663032571643,0.3830422709188,0.4685171220775,0.5762814316907,0.2962409624380,0.7264208168530,-0.0601290387622,-0.1198920995460,0.4466350594876,0.3710168667636,0.3583582787425,0.3721391470432,0.5266915335448,0.6059237792328,0.5279461586839,-0.1864546025416,-0.1208111628516,0.4358990673585,-0.2690947245140,0.3568662647310,0.2703496854504,0.1223996202721,0.0902474110938,-0.0890939341972,-0.2402878359825,-0.0577429562218,0.6972635848934,0.0585471170236,-0.0848062840662,0.1023866281745,0.5428795595814,0.2991409417579,0.7029917361978,0.4544022965432,0.5309833048260,0.0991239208530,-0.0049959694684,0.5477449300850,0.5053002874473,-0.1771058910326,0.2441856329674,0.1571708187391,-0.1672889820953,0.1763710084474,0.1997842246889
0.5438982719291,0.7126345262855,0.7118473238481,0.5799997991223,0.6399867187820,-0.0928190519654,0.2333931328512,0.6305011492468,0.2503053465710,0.3014750714618,0.5484856425918,0.3392643266722,0.3380191922067,0.1295516865864,0.4565066700182,0.1994658463318,0.6735213362291,0.3138600767501,0.3207847828684,0.4974123183019,0.6643712259393,0.9032954834953,0.6805848078460,1.0000000000000,0.6145454769235,0.3086128898902,0.5555690798334,0.6511090895157,0.7556339813041,0.5319880412036,0.7938988984898,-0.0525167011483,0.0103658358753,0.4173387728533,0.3752165150503,0.3340415100296,0.3099288094704,0.4875286242120,0.6013745423439,0.6305265877423,-0.0802017275952,0.0163007283855,0.2770784216308,-0.1314499132012,0.2002220451785,0.3702350072792,0.2060274424139,0.2105129961814,-0.0866904773310,-0.2790456470783,0.0486382887696,0.8123507428251,0.0874919280072,0.0200688052169,0.1006144684382,0.6906901069266,0.3017463427539,0.3509433719180,0.5962356723868,0.5155208889964,0.0734813917812,-0.0037053427885,0.5395366978514,0.6587951161605,-0.1830364681714,0.1263417157715,0.2497944082032,-0.0454349614045,0.1726870024070,0.2254009188958
0.5533078178313,0.5643667035722,0.5337639535116,0.5405211536535,0.7881124373204,-0.0304709902078,0.3508344146832,0.7499092017364,0.3466217086399,0.6224272639166,0.5791948410345,0.4163261185203,0.5327658229387,0.4037803759066,0.5537423380397,0.2548389227037,0.6815069546990,0.0718915606835,0.3501405917283,0.3993795472103,0.7205284460029,0.6201329577636,0.6220534101277,0.6145454769235,1.0000000000000,0.4305525999808,0.5317015044172,0.5263595493315,0.8290169656904,0.4976803189511,0.7082463054481,0.1099745795416,0.0418408184661,0.2624705989780,0.3531210801293,0.3276887813411,0.0558037635775,0.3657342761365,0.4917539654501,0.7427773403853,-0.0177864035258,0.0351506776098,0.6083059799542,-0.1391471012174,0.5054166767020,0.2531089454941,0.2110269330105,0.3758548846431,0.2353700818070,-0.0469614528902,0.1208446441962,0.7024830420224,-0.1875366717342,0.1132225048672,0.0203246549505,0.6824970894440,0.1230917857174,0.3169693955302,0.2917838804990,0.9081472075153,0.1908616399167,-0.0646542517910,0.3778505191891,0.7764114299344,-0.1004865604727,0.0893977108053,0.1044705370722,-0.0319426072583,0.0733659770049,0.0240259764898
0.2774111689881,0.6391994665399,0.4618586854486,0.6981952920817,0.3815181493415,-0.0755148021604,0.2354011449340,0.5515826412148,0.2632952849579,0.5056137730005,0.1361938138956,0.7961842489927,0.1500308954271,0.7259722567844,0.5700292522709,0.2525714087119,0.0864450195960,0.1386497228023,0.7017574469961,0.7559215987228,0.4418821836575,0.3275103154399,0.2663032571643,0.3086128898902,0.4305525999808,1.0000000000000,0.7206770366933,0.5895990196307,0.4165620003885,0.4446796392375,0.3301915011623,0.0863635833094,0.2346354450450,0.1639945654375,0.5790339917124,0.0005381175435,0.1860445667266,0.0904022060978,0.6594235593628,0.2437696177672,0.0338030382215,-0.1578378367972,0.3748344687478,-0.1489483161504,0.3832069071041,-0.2479167152784,0.4993523252215,0.0055362210541,0.6267592892651,-0.1010141226498,0.0884764267576,0.3573053312038,-0.1461769131441,0.4504623427372,0.2898009132728,0.3577949735125,-0.2939835020774,0.0138434544992,-0.0796275617031,0.4458974403106,0.7919124620940,0.2285080209658,0.4468176309354,0.3655277008346,-0.2975215685764,-0.2893517628060,0.2609609133459,0.2317892131785,-0.1372898644877,0.2993483631267
0.4258559621922,0.7907500002066,0.5189773912174,0.7157655180865,0.5148196899139,-0.0488554660310,0.2844487265800,0.6408142997825,0.3546233689015,0.2799942566496,0.3923226867455,0.6429792510474,0.3311334938256,0.5093428017336,0.6256583670199,0.2298006365738,0.2989087018863,0.2561428389886,0.6537796295344,0.8294915474897,0.5888928028324,0.6295154051701,0.3830422709188,0.5555690798334,0.5317015044172,0.7206770366933,1.0000000000000,0.6948432567722,0.6270665861613,0.5942655597929,0.5831040089874,0.2331225771521,0.1543342818739,0.3569941845692,0.5337587339888,0.1530893761060,0.3176940544272,0.2220876201132,0.6828989800419,0.4193157383240,-0.0304352288082,-0.0873438364027,0.3517297114167,-0.0836420937199,0.1368161624844,0.0140814836390,0.2682058292630,0.1643791518660,0.2482576250461,-0.1097914573502,-0.0142206887839,0.5048015181319,0.0539551366262,0.2610509754728,0.2501156233305,0.5156273352696,-0.1169465934902,0.0746242054415,0.1804654489975,0.4639901062076,0.3713051680138,0.4177764564257,0.4964258175848,0.5382082723615,-0.2153470626898,-0.0785065502817,0.4502513448056,0.0299168095329,0.1241920162964,0.3036934193260
0.3099300128518,0.7305075111319,0.8136136600292,0.5566041856324,0.4803763623713,-0.1315615587601,0.1027927378126,0.7272746342597,0.2688219671225,0.4378276464113,0.4173239708657,0.5577308614466,0.2103201154619,0.3598511839397,0.5343631230837,0.1048687061399,0.4325700367939,0.0330242589601,0.5814513187129,0.6146126337408,0.5529250021943,0.7079657994192,0.4685171220775,0.6511090895157,0.5263595493315,0.5895990196307,0.6948432567722,1.0000000000000,0.5626703000728,0.4018160210647,0.5027791320944,-0.1271655612099,0.0582907834408,0.2332128412451,0.2533118949415,0.0267941230072,0.0868905986619,0.4348232305252,0.5407532238630,0.5005840886201,-0.0772138991711,-0.1275586905197,0.3753298288551,-0.1035101696916,0.3531846865256,0.2577254220205,0.4018472221119,0.1630143142829,0.1436326046450,-0.1593137299373,-0.0085913597854,0.6181224606279,-0.2607335442316,0.2689047267539,0.0870981950050,0.6098757410525,-0.0774159568939,0.0281209405080,0.1493291488154,0.4750879393830,0.3330666446848,0.0845791374495,0.7283880822363,0.5041119224110,-0.3156454173218,-0.2176266203597,0.2093452233939,0.0908837544808,-0.0635863420557,0.0515886491870
0.5818683768060,0.6454507349257,0.5493141197321,0.4996998218112,0.7726060541065,-0.0304715860950,0.3608768835688,0.6675048485994,0.4177724334571,0.2827594174764,0.5878734533109,0.4874402854486,0.4493981380994,0.4056342012914,0.5105208870055,0.2316075140570,0.6935300440521,0.0868163203255,0.4911359955355,0.5358252416094,0.7810465542325,0.7533634485906,0.5762814316907,0.7556339813041,0.8290169656904,0.4165620003885,0.6270665861613,0.5626703000728,1.0000000000000,0.5635980419376,0.7611280499888,0.0886472426058,0.0813728265047,0.3496204840243,0.3443152985709,0.3779989907673,0.1344956110182,0.3401754597965,0.4935483183506,0.7180733981166,-0.0144592411501,0.0550465513572,0.4746884817870,-0.0576564203627,0.1350623410082,0.2928250261232,0.2575717356767,0.2671310045119,0.1640864662145,-0.2357089499701,0.0181985750335,0.7903419956996,-0.0846611830260,0.1551260962779,-0.0429474615120,0.7545961244704,0.1897411677210,0.2422906847104,0.4117467893200,0.6916106376717,0.0945327367465,-0.0279749372072,0.3567666461712,0.9291462844103,-0.1255657713783,0.1806745402237,0.2280800533850,0.0079209421529,0.0853982808959,0.1338837184749
0.6269005538259,0.5314424936365,0.3730478531527,0.5360813085178,0.6022462292194,0.3038312984500,0.5969799521510,0.4859511446699,0.5668123821323,0.2469606443297,0.6129400848622,0.5348469768496,0.5413459421550,0.4169249717778,0.7783028535204,0.7041609451390,0.2418787188000,0.2679609246411,0.3858572898477,0.5478807851715,0.6447993182140,0.6176871969302,0.2962409624380,0.5319880412036,0.4976803189511,0.4446796392375,0.5942655597929,0.4018160210647,0.5635980419376,1.0000000000000,0.6025508570344,0.2148507013141,0.4165561992308,0.4233731734166,0.5280939078888,0.4017368545106,0.0538779616346,0.0648206952575,0.5611242808455,0.5313587257225,0.3048377082838,0.3111799716442,0.1906596049640,0.1137779372948,0.1868052123608,0.2243554198701,0.2855916534981,0.3577734557948,0.2294496747556,0.0730999571349,0.4910146031262,0.4524508669994,-0.0514550799491,0.1185955716367,0.0678514904777,0.5832570602728,-0.0646990858219,0.0685028658388,0.1769115449435,0.4608609447615,0.1499127101078,-0.0269021619404,0.1761724341472,0.5079648536479,-0.0422087007221,-0.0373674165978,0.1898021523473,0.2894426131089,0.2187414762941,0.3541642066841
0.6139360593279,0.6429331990747,0.5965580686760,0.6367476178810,0.7287920060334,0.0272124298393,0.4077740751900,0.7049555220530,0.3465634326804,0.3236639612709,0.5869235749042,0.3573455052639,0.3798309489902,0.1881380412082,0.5206752700033,0.3114663957209,0.5277685235003,0.4147192179657,0.2686300318550,0.5211010473881,0.6243452066899,0.7782524639509,0.7264208168530,0.7938988984898,0.7082463054481,0.3301915011623,0.5831040089874,0.5027791320944,0.7611280499888,0.6025508570344,1.0000000000000,0.0877009584150,0.0533105475051,0.4012892295929,0.5313910258977,0.4269533678910,0.2876194812633,0.3619428497126,0.6301472270716,0.6697989892344,0.0423760360092,0.1104572048719,0.3295917945081,-0.0502968276329,0.1870860618890,0.2472095607309,0.1217208167352,0.2294082866971,-0.0138300544416,-0.1823233998984,0.1585468591897,0.7174519837645,0.1337981586520,0.0242988838260,0.1085274024520,0.6086589055022,0.1749134328349,0.4343019364295,0.4229372835741,0.6100538505118,0.0685912501171,0.0273316008173,0.4066955333790,0.6430677323050,-0.2080430428105,0.2367786839115,0.1958470268910,-0.0592321062107,0.2066237977274,0.2660779635316
0.1833376050106,-0.0176489842643,-0.3610085724761,0.0733714118499,0.0409381035716,0.0965402096489,0.1693300401956,0.1145378432232,0.0457556737139,-0.0083371992898,0.0713216592934,-0.0648289926473,0.1388237343581,0.3613946654070,0.2594771311373,0.1950537717059,-0.0038085263534,0.4215284591516,-0.0898167921072,0.1101329041375,-0.0448515686581,-0.1082372188949,-0.0601290387622,-0.0525167011483,0.1099745795416,0.0863635833094,0.2331225771521,-0.1271655612099,0.0886472426058,0.2148507013141,0.0877009584150,1.0000000000000,0.1293009720010,0.1417665258168,0.1163114917818,0.1796919108277,0.0367204982428,-0.3052861612767,0.0495082267334,-0.0295660666476,-0.0516698033315,-0.0465243227776,0.0754192169212,-0.0319339986780,-0.0558305177312,-0.2423362263864,-0.3081735225882,0.1250701915888,0.2776041888227,0.2988143211959,0.0317992352284,-0.0700724864421,0.2126449415496,-0.1539037499966,0.1545200534868,-0.1488629181577,-0.0658772474725,0.0387420300480,-0.0332527242965,0.0996867903540,-0.1216444976037,0.2310930571360,-0.2183642482014,0.0718301120615,0.1496717458837,0.0891728347486,0.4153794284706,-0.1770727394694,0.2853662933181,-0.0176916166862
0.1728283502262,-0.0159324105210,0.0313470035264,0.1386952990333,0.1045891168670,0.5615477665231,0.4082272033051,0.0863175380797,0.4348733201761,0.0544422924894,0.0374028754852,0.3758816717972,-0.0180565789542,0.3397972069562,0.2929261667755,0.5134546566982,-0.0876479140139,0.0839608468572,0.2025064190511,0.1020373240894,0.1279976307007,0.0610934689011,-0.1198920995460,0.0103658358753,0.0418408184661,0.2346354450450,0.1543342818739,0.0582907834408,0.0813728265047,0.4165561992308,0.0533105475051,0.1293009720010,1.0000000000000,0.1942266612035,0.2379043956778,0.0200238717167,-0.0432279182098,-0.2049275321104,0.1543691523032,-0.0119464967567,0.5347974709698,0.3197047539856,-0.0091553761842,0.3808353509370,-0.0176200140199,-0.2073222094417,0.2166207138757,-0.0819906978876,0.3576337359714,0.0930848778520,0.2247938239799,0.0787135603826,-0.1627656190216,0.0990199439827,-0.1946663457124,0.0811225309886,-0.1869966409644,-0.1168624855742,-0.1092343268304,0.0849277557871,0.1838895449923,-0.1505729011643,-0.0379716692170,0.0618326599542,-0.2241774685028,-0.1994961246697,-0.0960924547448,0.6412355847188,-0.0300704357664,0.2986941311606
0.5938620694044,0.2781167979828,0.1462303096403,0.3817231948009,0.2843777315847,0.1382125391819,0.3484163909716,0.2859481619544,0.2332361264244,0.1047793409979,0.3970628959154,0.0594515225524,0.3205361383622,0.1280842239489,0.2752139229269,0.2140693014196,0.1957529160701,0.3336795682617,0.0598462736492,0.2449923723411,0.4987987083262,0.4246656037298,0.4466350594876,0.4173387728533,0.2624705989780,0.1639945654375,0.3569941845692,0.2332128412451,0.3496204840243,0.4233731734166,0.4012892295929,0.1417665258168,0.1942266612035,1.0000000000000,0.4067986882673,0.4496732479141,0.2274827477681,0.0388133760523,0.4791897957952,0.2270849856003,0.1256120444765,0.2121061245121,0.1590848251856,0.2049913530078,0.0087276315621,0.2149523733737,-0.0358923565139,0.1728685938939,-0.0193198077728,0.0348422253294,-0.0604353593960,0.3158620658647,0.1381366023817,-0.1780718537275,0.0809102276666,0.4637058605684,0.0780168718946,0.3469325341239,0.2059188769835,0.2472822112967,-0.0591997636771,0.0833310452615,0.1801551993790,0.3313664711686,-0.0086344433644,0.0958909427383,0.1891604209761,0.0069267841649,0.6304594760319,0.5497916235328
0.5358420798626,0.4022912922741,0.2915930078470,0.7081306739141,0.3461495187943,0.1623767731641,0.5058398132432,0.3511597779538,0.3552434100800,0.2943222171532,0.2237892924865,0.5229261949846,0.2096683249903,0.3624333729694,0.4114216706571,0.4272600565010,0.0208700814378,0.4659003478202,0.3246212655233,0.6148736905738,0.3176223517152,0.3394025215469,0.3710168667636,0.3752165150503,0.3531210801293,0.5790339917124,0.5337587339888,0.2533118949415,0.3443152985709,0.5280939078888,0.5313910258977,0.1163114917818,0.2379043956778,0.4067986882673,1.0000000000000,0.2839054041802,0.2569338334704,0.0485956240955,0.7216217810126,0.1820327218972,0.2294498927947,0.1630763798858,0.1353784011312,0.0802639595367,0.1816254181825,-0.2078650792735,0.1249908504057,-0.0212319916747,0.2421385959399,-0.1152070303604,0.3313779749044,0.3393828100315,0.1159309725417,0.1092937241039,0.3323375819512,0.2263479531924,-0.1398540543608,0.3145076721501,0.0633012515682,0.3644082552320,0.4779157918092,0.1266226468977,0.2192401121340,0.2398616847382,-0.2218418205075,0.0027009725303,0.0996551354343,0.1073690241281,0.0953519727797,0.6254257196893
