1.0000000000000,0.3694634197338,0.2979867961626,0.5137717366953,0.3851883481315,0.1772374879922,0.2262086572568,0.5591622701078,0.4237954120183,0.2673598855459,0.3154504091668,-0.0075473596453,0.3779798096524,0.1159079619181,0.5218684694645,0.2493846445707,0.3422420466497,0.3047604679523,0.1458481315917,0.3610854603677,0.4806574139093,0.5927154331867,0.5277639707201,0.3461576060739,0.5185781711891,0.3580464062390,0.2949733130506,0.2177366362998,0.5534104876920,0.7010057699635,0.6598766784768,-0.0865212029346,0.1058257303207,0.4911262980202,0.5562739662511,0.4886899318145,-0.2308508077273,-0.1183398992647,0.3377121706056,0.1734555346467,-0.0903833736501,0.3133623690736,0.0922202739696,-0.0075369594990,0.1261077334621,0.2015791157397,-0.2317079093926,0.2297779174929,-0.4015834479743,0.2745023301177,-0.0129724225247,0.5616061402887,0.0381981321944,-0.4966414226352,-0.1336285490949,0.4141940018721,0.2189943516292,0.2654150954125,0.2050789653028,0.4972625310935,-0.1030590915817,-0.3809815422844,0.1889505072489,0.4913013674816,0.2183945583353,0.1701701400736,0.2465463170241,-0.0636769769253,-0.1129709730309,0.3448982140531
0.3694634197338,1.0000000000000,0.4379491469973,0.7764433398424,0.5553404586203,0.1559228587123,-0.2753249787389,0.6718821084858,0.1981758029561,0.2296683245888,0.2559104694700,-0.0359934804718,0.3860112485290,0.2617713491647,0.3954820530706,0.3442790882884,0.3137672236034,0.4634406981026,0.2965744363556,0.5451346685340,0.4333481547589,0.6107003076835,0.6363782683773,0.2488963998434,0.5120654099550,0.6384772386767,0.6694880926214,0.4326170450594,0.5873427314156,0.5559741380186,0.6873057354391,-0.0124535913871,0.1668181889208,0.4460810001198,0.2451746419425,0.1233187443786,0.3972337729649,-0.0559407280120,0.5229317767696,0.3675007425744,-0.1980674134431,-0.1537250841030,0.0834229413830,-0.3851685354463,0.0437944762443,0.1271994772815,-0.0414167370170,0.1209859880098,-0.2769918221654,0.1623915180444,-0.1538665179368,0.6037352060536,0.2872869259623,-0.3162976579469,-0.0295027906808,0.3799213836067,0.1157622956194,0.3156587944593,0.2755831998608,0.3658700954901,0.0211166360564,-0.1250211043476,0.5318835051256,0.4994051414661,0.0201285797536,0.0301799171146,0.3535977353896,-0.1210110845446,0.0941114487771,0.1773880783482
0.2979867961626,0.4379491469973,1.0000000000000,0.3577070547489,0.2816806635268,0.0297629603755,-0.1024729748754,0.4943639086633,0.1879217919989,0.3038119023973,0.0564933830479,0.1389461897460,0.0448020483783,0.3415609106889,0.3990977059990,0.0422499933262,0.2046800507805,0.2217722606542,0.3974131080503,0.4214017512947,0.2120724800682,0.4639706838775,0.2712613477585,0.3322212865254,0.3043331991444,0.4616664586149,0.5956817783210,0.5975828125057,0.3301026072122,0.2414940824268,0.4268668390220,-0.2073261169593,-0.0593329020999,0.0870834843767,0.1724784116819,-0.0475021432867,-0.0262604835458,0.2299082550834,0.1815432611412,0.1064369866632,-0.0993279241725,0.0374250726500,0.0580935197140,-0.0113617255910,0.0857309279155,-0.0330533383227,0.1255981831392,-0.1037799286552,0.0350029685918,0.1936214575884,-0.0945699264111,0.3870106972312,0.0672654744341,0.0023183616972,0.1880478968586,0.1780365881068,0.1274368497682,-0.0291150687959,0.1783537391099,0.2225164327662,0.2238770913155,0.1044514607263,0.4809198201644,0.1867476438016,-0.0537065343656,-0.0367456492543,0.1032516126670,-0.0038566118863,-0.2655600449497,0.0309105640765
0.5137717366953,0.7764433398424,0.3577070547489,1.0000000000000,0.5838980155161,0.3253953705860,0.0979903608839,0.7370491779142,0.4519057871009,0.3366070657922,0.3211261965389,0.0734673415532,0.4668736981329,0.2990061978907,0.4170863907731,0.4587488308808,0.1361967245962,0.2712010977562,0.3611598256595,0.5343530439038,0.5215309641790,0.5211284964077,0.6034938541077,0.0527768473441,0.5437880083657,0.7639879789664,0.5606845400490,0.3164812956613,0.5786884121411,0.6164712905711,0.6901140907473,-0.2246062539472,0.2685078602399,0.6327786284243,0.4887344930909,0.2233247269432,0.0890441936946,-0.2570393449029,0.7098306461661,0.3136263871676,-0.0220944710970,0.1456296307665,0.1491989464699,-0.1138351994329,0.1323229303092,0.1887504566118,-0.0206270188584,0.1692871750607,-0.2726410871300,0.1536998876682,-0.0652212981461,0.5358433659896,0.0398262219168,-0.4493293923070,-0.2646908047665,0.4638323478904,-0.1297851501246,0.2951532607324,0.0069146843249,0.4489002126201,0.1503961392026,-0.3471150936093,0.4368133944478,0.4870635019811,-0.1283345724837,-0.1187908003613,0.3087965459005,-0.0468638428119,0.0581017442248,0.4166393080517
0.3851883481315,0.5553404586203,0.2816806635268,0.5838980155161,1.0000000000000,0.2425209949500,-0.0310673334078,0.6427190757972,0.4071701344450,0.4242489147252,0.6574646322992,-0.0108263738171,0.7394363808645,0.1831382690091,0.4188560384687,0.5687528026019,0.4245909806233,0.1448993599626,0.2975974217870,0.3106286584078,0.7807150779235,0.5649813684336,0.4788475650740,0.1858879350563,0.8409565213482,0.5066828841721,0.4623843130942,0.2612014450394,0.7635209092367,0.5354707017152,0.6371769758118,-0.0799738122216,0.1993498460817,0.3868997054985,0.0602063911989,0.1760404096699,-0.0873069690754,-0.2746654777806,0.2847965532206,0.8656119233208,-0.0130202696902,0.1941575322730,0.1488419344277,-0.1193065501587,0.1800886225657,0.4876191716940,-0.0528964415833,0.5304076140966,-0.2954754680037,0.1124971836280,0.0938646284100,0.6703293772972,-0.0821743201579,-0.4222284974394,-0.2136593796208,0.6702962795405,0.0252599564125,0.1557138771944,0.1192581403577,0.7185732772449,-0.1292096742266,-0.3439743296879,0.3083701306999,0.7410379707112,-0.0043917897022,-0.0416424782548,0.2203911318905,-0.0486367678530,0.0626920883304,0.1011410706733
0.1772374879922,0.1559228587123,0.0297629603755,0.3253953705860,0.2425209949500,1.0000000000000,0.6279319120728,0.4403504910544,0.6390295688499,0.0436052239625,0.2135007376063,-0.1344497517922,0.1748210573738,-0.1208758614014,0.4777916829979,0.6888484430249,-0.1855208299714,-0.1007491331586,0.0954976810490,0.1903498746575,0.0824609093971,0.1371721148375,-0.0152662376670,-0.2162569073464,0.2113206111966,0.2393192018094,0.1925683971516,0.2015699617298,0.3187941081550,0.3370982704288,0.2518924894021,-0.0778876816997,0.4500822425855,0.2556758665316,0.1392975713168,0.1096172424494,-0.2117902945362,-0.2283154071612,0.2530812871849,0.1297497162626,0.7620685100677,0.5929500661143,0.2935427343482,0.4924596595995,0.1130360794396,0.0713636523378,-0.1376165784127,-0.0353229218079,-0.2367723320191,0.3448547836689,0.4179269100821,0.0489051075747,-0.1297575379674,-0.3262029181244,-0.2943485356584,0.0393255080008,-0.2401277049357,-0.1601150740439,-0.1934927136976,0.1430966422510,-0.1847890261697,-0.2788393130993,0.3425940154892,0.2953705321076,-0.2309692161425,-0.0945105624255,0.2708143887870,0.2067405713966,0.0252330604447,0.2315642663982
0.2262086572568,-0.2753249787389,-0.1024729748754,0.0979903608839,-0.0310673334078,0.6279319120728,1.0000000000000,0.0773288610964,0.4926621455128,0.0813926158649,0.1183741742540,0.0047197708211,0.0608914337461,-0.1323438255009,0.1814616741265,0.3642559121626,-0.2638192576949,-0.1829334941259,-0.0131545427443,-0.0602930486090,0.0391789370207,-0.1017437455760,-0.1065645862238,-0.1754642147522,-0.0082821653286,0.0405205740781,-0.1377002430991,-0.0809780591314,0.0275113613889,0.0988863355167,-0.0234181788031,-0.1809697048851,0.2116552679155,0.1511475776004,0.3038590399260,0.1431435017926,-0.3551062802894,-0.1266068847951,0.2094749234007,-0.0579684205373,0.6574565509790,0.8011420905803,0.1340039326489,0.5905811950349,0.1912738056513,0.0997101227774,-0.0544815925204,-0.0123429471707,-0.0425981455623,0.1315364277527,0.3538865827659,-0.1842458041033,-0.2062366856238,-0.1455267988221,-0.1929064489965,0.0482461469380,-0.2553955370422,-0.0940790594286,-0.2949883158988,0.0862894816991,0.0550638599980,-0.2083465687210,-0.0585442502502,0.0417447435492,-0.2039643369268,-0.1288013581282,0.0739019186143,0.2433464988196,-0.1034310735253,0.3635891775280
0.5591622701078,0.6718821084858,0.4943639086633,0.7370491779142,0.6427190757972,0.4403504910544,0.0773288610964,1.0000000000000,0.5449850042557,0.3411525580245,0.4498769806916,-0.0144754104923,0.4902596584553,0.2305086621276,0.6481175847437,0.5555559626659,0.1551715600272,0.1713083335245,0.3665632789927,0.5410830543980,0.4771888359992,0.6001821450297,0.4789387747904,0.0122145152217,0.6963417470841,0.6466062157477,0.5903539737237,0.5204176079439,0.7700911760136,0.6385271406437,0.7730352517851,-0.0204478572840,0.2890692089977,0.5061037554596,0.2875586153863,0.1753069730996,-0.1155524116318,-0.2622886938355,0.4320013134599,0.3914051226519,0.0497914442652,0.1982204192525,0.4214258379325,0.0219289126382,0.1890698940340,0.2522908774104,-0.0584269557300,0.1846490546635,-0.3622796271280,0.4240075887942,0.0779668482071,0.5660885477223,-0.0676539871765,-0.4682053420458,-0.2421954363415,0.3792362865936,-0.1256283400851,0.0916314502738,-0.0412452282374,0.5273135348558,-0.0937825978793,-0.3539172544595,0.6201583526672,0.6804892330825,-0.0888038155531,-0.0742643351441,0.4798694935359,-0.0510746570783,-0.1269097980424,0.1938877760355
0.4237954120183,0.1981758029561,0.1879217919989,0.4519057871009,0.4071701344450,0.6390295688499,0.4926621455128,0.5449850042557,1.0000000000000,0.0834984735706,0.5261555641875,0.1703723508251,0.3912293613711,0.2152150453624,0.6109309334524,0.6052821999203,-0.0079112402858,-0.2061778377570,0.4315295170484,0.2189166718882,0.3076700720919,0.2895914783855,0.1280580416840,-0.1381460715772,0.4231700130184,0.4641573516680,0.3431388767685,0.2610960489939,0.5169895398354,0.5604768717142,0.4319676942132,-0.2949679260742,0.2839681174081,0.3873055996004,0.2749014504171,0.1138769936545,-0.5200505195698,-0.2808160642109,0.2164065933799,0.2117424159049,0.4444063232425,0.5917289340609,0.1226207012377,0.5678212666320,-0.0036690866736,0.3646192768676,0.0169609814955,0.1002878024603,-0.2364647142870,0.3082515455346,0.2978640453990,0.3155913262183,-0.3747301440144,-0.4177467654949,-0.4322800771044,0.2425329236404,-0.1438114107754,-0.2109903208214,-0.1628323182194,0.3304563859785,-0.0918126050426,-0.4476601900818,0.3288883730829,0.4517054327218,-0.1489337958405,-0.1044430803128,0.0808779153691,0.1890548522775,-0.1633534921736,0.2936848918216
0.2673598855459,0.2296683245888,0.3038119023973,0.3366070657922,0.4242489147252,0.0436052239625,0.0813926158649,0.3411525580245,0.0834984735706,1.0000000000000,0.2037876388131,-0.0772903193551,0.4101010491879,0.0822807461217,0.2146130082630,0.1672086614814,0.1920401163812,-0.0014913463028,0.0558837756075,0.0143652349962,0.4477962057521,0.2081503947532,0.3636773448262,0.0692471005340,0.5487851574956,0.1927529632111,0.0417441079663,0.0014465327983,0.2184070817653,0.1736351634635,0.3193974145229,-0.0001675780647,-0.0659070003213,0.1173272981458,0.1075834297943,-0.0290832816195,-0.0593104254755,-0.0365248007108,0.1828921469360,0.4075036805204,-0.0519274862472,0.1372052506225,0.2699809631972,-0.1749168121944,0.7221010332382,0.1817217278130,-0.1319063780691,0.3082252921280,-0.1351004325608,0.0371412898962,0.0845183107569,0.2525693867750,-0.0786180907015,-0.3078050677463,-0.1106391034954,0.3676817297897,-0.0408165083607,0.2264648382247,-0.0392990802090,0.6169233740566,-0.0352257082538,-0.2512237579863,0.0013550664810,0.2030952399772,0.0266529756760,-0.1010492602826,0.0300237331869,-0.1773793800765,-0.0523853409110,-0.0926052503244
0.3154504091668,0.2559104694700,0.0564933830479,0.3211261965389,0.6574646322992,0.2135007376063,0.1183741742540,0.4498769806916,0.5261555641875,0.2037876388131,1.0000000000000,0.2314098676650,0.8052617887608,0.2224618547358,0.4960643308271,0.5347621702066,0.2261823608109,-0.0974269422063,0.3567718476479,0.1666961516488,0.6295226078168,0.3232972072606,0.1850475054901,-0.0569757764925,0.6237027477714,0.3204641968007,0.2797087219648,0.2088143307388,0.6295873983542,0.5185137516694,0.3957266048820,-0.0989191715953,0.1443788757991,0.3002392033789,0.0890142028331,0.1019065823583,-0.3494801491017,-0.3617175801065,0.1163368791286,0.6703161912865,0.0585267986464,0.3188438606163,0.0532251787236,0.1224720188129,0.1420663382369,0.8625935715730,0.1133774999363,0.6068209978219,-0.1568075593398,0.2946027518008,0.3167095697666,0.4159328988683,-0.2299605404074,-0.2315266248427,-0.1874998032252,0.6128786567714,-0.0499490603810,-0.1419188255420,-0.1103486301210,0.5724466344860,-0.1148148264950,-0.3916415217362,0.2075626765404,0.6379779263840,0.1183483387200,-0.1338778541387,0.0363418884274,0.0889112522056,-0.0510969743592,0.0592528158134
-0.0075473596453,-0.0359934804718,0.1389461897460,0.0734673415532,-0.0108263738171,-0.1344497517922,0.0047197708211,-0.0144754104923,0.1703723508251,-0.0772903193551,0.2314098676650,1.0000000000000,0.0918091919346,0.4582152922201,0.1490006415680,-0.1157261665344,0.0444768423634,-0.1492259286408,0.6723743550835,0.2859070056599,-0.0173443450376,-0.0227832017678,-0.0634190295940,-0.1035045251878,-0.0010711315258,0.3627731961049,0.2279891170037,0.1913622750156,0.0559421368969,0.0896425675906,-0.0317196482486,-0.3415836162254,0.1228688393872,-0.0396325605549,0.2139836900091,-0.1643145666300,-0.2500377213341,-0.0410069960314,0.0105065031479,-0.0411027459841,-0.0090410456661,-0.0018317281218,-0.1528052964049,0.2094820491290,-0.1228685675235,0.2251957808566,0.7525035534240,-0.0669906153364,0.4597161819243,0.1203618299536,0.0060334662537,0.0681458814747,-0.2150663931323,0.4645857057859,0.0369052184004,0.0118844661875,-0.0416108586551,-0.2102280641721,-0.1515577180795,-0.0128232031617,0.4860183260463,-0.0112379417014,0.0665443803318,-0.0355382795203,0.0806111433609,-0.1600973177510,-0.3326552398654,0.4197773815878,-0.1565067953983,0.1176484607228
0.3779798096524,0.3860112485290,0.0448020483783,0.4668736981329,0.7394363808645,0.1748210573738,0.0608914337461,0.4902596584553,0.3912293613711,0.4101010491879,0.8052617887608,0.0918091919346,1.0000000000000,0.0826989839541,0.3901098667666,0.5226880486493,0.3066470071697,0.0193197869356,0.2478387427448,0.2580529084312,0.8073381507189,0.3823219834021,0.3472993442169,0.0104181842005,0.7369637288378,0.3723264765450,0.2662246885832,0.1250236064041,0.6128189832161,0.4755071751305,0.5026699408478,-0.0782069350012,0.1424686215690,0.3631613928997,0.2164029648320,0.1411454725534,-0.1732409934988,-0.3120536931276,0.2288159190535,0.7314012271673,-0.0052149395971,0.2376552647065,0.1177182673501,-0.0904491665654,0.2893468957492,0.6685876023268,-0.0437147895475,0.7809347679158,-0.3351404949858,0.1848167823871,0.2372391331388,0.5036739363210,-0.1092193961137,-0.3490259829591,-0.1973354157918,0.7361726764638,-0.0164179545529,0.1196363747126,-0.0098860366519,0.7290403797914,-0.1067418536469,-0.3850553191866,0.1546516459311,0.6397767324128,0.1576364050243,-0.0746765983544,0.1590174758260,-0.0401848654882,0.0424401204306,0.0890537549704
0.1159079619181,0.2617713491647,0.3415609106889,0.2990061978907,0.1831382690091,-0.1208758614014,-0.1323438255009,0.2305086621276,0.2152150453624,0.0822807461217,0.2224618547358,0.4582152922201,0.0826989839541,1.0000000000000,0.2139705020590,0.0452103207284,-0.0428933102062,-0.0315410948851,0.6589494889905,0.2010418126320,0.1972639967633,0.0489058472659,0.0609108523602,-0.1022588479908,0.0569967725781,0.4730640877247,0.4728911120787,0.2724787456157,0.1317100404340,0.2745245890511,0.1088211743786,-0.1165411419564,-0.0015335224821,0.2352890837182,0.1219961813377,-0.2194007920598,-0.2412756249564,-0.1830903715643,0.1695548937184,-0.0164334149997,-0.1942158201882,0.0172424970791,-0.3006777668478,-0.0229054747277,-0.1548153581299,0.1782241216888,0.4407010665092,-0.0808521134550,0.5700038746789,-0.0337152972211,-0.1923102480425,0.1834192914943,-0.2631511784210,0.1455438909602,0.0339007863783,0.2044861974083,-0.1788340398598,-0.2624784374479,-0.1681983504145,-0.0023879419312,0.3066936306734,-0.1168437611270,0.1637153642218,-0.0064129989673,-0.1981062492019,-0.3962861841281,-0.4148200787794,0.1917119910832,-0.1810037276898,0.0827638002577
0.5218684694645,0.3954820530706,0.3990977059990,0.4170863907731,0.4188560384687,0.4777916829979,0.1814616741265,0.6481175847437,0.6109309334524,0.2146130082630,0.4960643308271,0.1490006415680,0.3901098667666,0.2139705020590,1.0000000000000,0.5338173332925,0.1339414563607,0.0319678873102,0.4073146245581,0.4071295357827,0.2834052351367,0.4407516227210,0.1364663091834,0.0167071823414,0.4738792627975,0.4100081937973,0.3717195289082,0.3620089363897,0.5532591339830,0.6969016646021,0.5379127509918,-0.0920727398057,0.2609481610524,0.2195660808128,0.1709528757412,0.2184283868573,-0.3045822832505,-0.2352223683125,0.1515799893920,0.2610406486798,0.2064269411654,0.2477592475514,0.2702984134670,0.2237736473253,0.2131829416381,0.3101543037571,0.1129869674176,0.1094043166286,-0.1494010075536,0.6057999844875,0.3455951818376,0.3856778446149,-0.0726039200078,-0.2423619987824,-0.1707651448323,0.2098823747384,-0.0302015933061,-0.1823101202082,-0.0626385375000,0.3819556115277,-0.1625663083816,-0.4104452307589,0.3932054050326,0.4430755733263,0.1491741956403,-0.0184166003588,0.2279913715021,0.1115550465232,-0.1157831733231,0.0138571046959
0.2493846445707,0.3442790882884,0.0422499933262,0.4587488308808,0.5687528026019,0.6888484430249,0.3642559121626,0.5555559626659,0.6052821999203,0.1672086614814,0.5347621702066,-0.1157261665344,0.5226880486493,0.0452103207284,0.5338173332925,1.0000000000000,0.0344044834458,-0.0448739247288,0.1890266186640,0.2212902320563,0.3959059069376,0.2869136413637,0.0845573229631,-0.1202381622195,0.5214838201514,0.3387274559412,0.2647368561590,0.1547501161062,0.5496127357215,0.5440467156155,0.4390852746781,-0.0701747282827,0.3242698359289,0.3180311780910,0.0979865657935,0.1689935544391,-0.2456019930417,-0.4064547942963,0.2096512281220,0.4585667310160,0.4393434180006,0.4717755828216,0.1877920127298,0.2298381280495,0.2132826869883,0.4001449347400,-0.1142608198365,0.2637194776618,-0.2974356172381,0.2800331577514,0.5279043390952,0.2832242759279,-0.1654758527822,-0.4315338765027,-0.3594463008702,0.3517460255212,-0.2421473184180,-0.1740450716308,-0.1821200134761,0.4198901874071,-0.3044679796808,-0.4591775694287,0.2885962415281,0.5023953365229,-0.1703810992101,-0.1759367638498,0.1815544189785,0.0657365808182,0.0023912799371,0.1004054751566
0.3422420466497,0.3137672236034,0.2046800507805,0.1361967245962,0.4245909806233,-0.1855208299714,-0.2638192576949,0.1551715600272,-0.0079112402858,0.1920401163812,0.2261823608109,0.0444768423634,0.3066470071697,-0.0428933102062,0.1339414563607,0.0344044834458,1.0000000000000,0.2719999017878,0.0709119223067,0.1769201098864,0.3991767856751,0.6822771555093,0.5304626905254,0.7442836828274,0.5125167601512,0.0837165521727,0.2541177386978,0.2271043566160,0.4904593393735,0.3140210095405,0.4920341820878,0.0363054546563,-0.0163046187087,0.1485003942127,0.0488908308876,0.3693429467060,0.1264961195229,0.2482927224969,0.0513483595853,0.4164646965644,-0.1897728775129,-0.0259534064517,0.0113208143801,-0.2116133049814,0.0725262066727,0.2440279160154,0.0662224901582,0.3352234390006,-0.2230176505716,0.0905921131743,-0.1088762550418,0.8232403065733,0.2550452869394,-0.0507228120599,0.1830582864113,0.3506298422100,0.6822265706941,0.4241766754791,0.6986345051798,0.5439830518185,-0.0762068879927,-0.0057586834346,0.1646753261778,0.4963879493093,0.4389631930978,0.4817690506227,0.0545286726325,0.0400453131803,0.1972392107178,0.0637073383761
0.3047604679523,0.4634406981026,0.2217722606542,0.2712010977562,0.1448993599626,-0.1007491331586,-0.1829334941259,0.1713083335245,-0.2061778377570,-0.0014913463028,-0.0974269422063,-0.1492259286408,0.0193197869356,-0.0315410948851,0.0319678873102,-0.0448739247288,0.2719999017878,1.0000000000000,0.0064802161350,0.5395301171797,0.1952565605002,0.3864822158521,0.4091070868010,0.5112365145904,0.0802362874114,0.1711762770452,0.3457391515051,0.2261353666217,0.2135035673459,0.2622906786039,0.3586788559698,0.1149509886294,0.0599488154713,0.3373715157946,0.2701902241768,0.1650068138661,0.4322824608774,0.0831277667505,0.3557205446949,0.0492948976343,-0.2260463588683,-0.1992278863947,-0.0621544039312,-0.4031463601979,-0.1020024005396,-0.1296041960441,-0.2258588586109,0.0842734972990,-0.2211656920786,-0.1116454583339,-0.2362472323714,0.2583385862789,0.5270648192569,-0.1306321782272,0.2895719431653,0.1951620507781,0.2122594326569,0.3078472231421,0.3044350499625,0.0798252867826,-0.0057439536922,0.1359201173427,0.1461719818007,0.1600173940074,0.0625792062303,0.0952420059138,0.3054023175406,-0.0658838042313,0.1658675992276,0.2590905987227
0.1458481315917,0.2965744363556,0.3974131080503,0.3611598256595,0.2975974217870,0.0954976810490,-0.0131545427443,0.3665632789927,0.4315295170484,0.0558837756075,0.3567718476479,0.6723743550835,0.2478387427448,0.6589494889905,0.4073146245581,0.1890266186640,0.0709119223067,0.0064802161350,1.0000000000000,0.4946416633397,0.2248343818825,0.1777491892131,0.0664606148935,-0.0635852652782,0.1725290528360,0.6262792642939,0.5667721597781,0.3948628511201,0.3085845800263,0.3484619180277,0.2469711359880,-0.4301782389099,0.1798432272965,0.2623163011111,0.1244316020475,-0.1658377024961,-0.2930557185433,-0.1354218482152,0.1899907937364,0.0920204306218,0.0122567145941,0.1053551780589,-0.1320539430599,0.1071146889563,-0.1497779909409,0.2336455633911,0.5509623991168,-0.0120293948212,0.3008737910906,0.1667083584161,-0.0743188972269,0.2952648385212,-0.2093195157785,0.1570915038793,-0.0119380088107,0.2119573352077,-0.1812859225293,-0.2642310407145,-0.1734002049092,0.1173856000106,0.3135498261120,-0.1284540322603,0.3216095490147,0.1493444302440,-0.1469890396715,-0.3465547170789,-0.1785634568134,0.3470167374521,-0.1170353614425,0.1811422430960
0.3610854603677,0.5451346685340,0.4214017512947,0.5343530439038,0.3106286584078,0.1903498746575,-0.0602930486090,0.5410830543980,0.2189166718882,0.0143652349962,0.1666961516488,0.2859070056599,0.2580529084312,0.2010418126320,0.4071295357827,0.2212902320563,0.1769201098864,0.5395301171797,0.4946416633397,1.0000000000000,0.2385434132744,0.4407452579719,0.3171303016541,0.1293387097612,0.2866734134560,0.6481167186266,0.5800531667171,0.4846821711612,0.4387665303281,0.4516084141654,0.4965269691290,-0.1911009381262,0.1773837306821,0.3699089844903,0.4831711536295,0.1130670363616,0.0626673235952,-0.1192393729084,0.4021347695172,0.1078032689708,-0.0199959362700,-0.0636657887489,0.0871792762237,-0.0398206293390,-0.0409332879598,-0.0047987769916,0.1643328322358,0.0102341152241,-0.1198460074884,0.3264736105030,0.0587367757199,0.3918075240307,0.1946478275184,0.0338672596306,0.1160115405006,0.1636731560714,-0.0376004626069,0.1063284545717,0.0153912668110,0.1812875695930,0.2450127148802,-0.0881595027255,0.4488388255743,0.3146052023266,0.0977672374441,-0.0518004901758,0.3544993975375,0.1090049495784,0.0352332125787,0.3448357035278
0.4806574139093,0.4333481547589,0.2120724800682,0.5215309641790,0.7807150779235,0.0824609093971,0.0391789370207,0.4771888359992,0.3076700720919,0.4477962057521,0.6295226078168,-0.0173443450376,0.8073381507189,0.1972639967633,0.2834052351367,0.3959059069376,0.3991767856751,0.1952565605002,0.2248343818825,0.2385434132744,1.0000000000000,0.5059995173636,0.4806278877916,0.2556954084185,0.6776112797256,0.4279422832739,0.3955061858026,0.2292242928782,0.5921793653953,0.4808131947236,0.5153157476624,-0.1582361826491,0.1688424655499,0.5331277097036,0.2371333066602,0.2009268481632,-0.0797242081611,-0.1596103055104,0.3905127768373,0.6810110007834,-0.0932096909730,0.2652052583193,0.0270812286068,-0.1631553538778,0.1710701658046,0.4966799882946,-0.1111093705188,0.7357852508368,-0.2331422222783,0.0035068178397,-0.0392545646110,0.5879384792897,-0.0459752404933,-0.3770974057757,-0.0833591671368,0.9242409212049,0.1168205405719,0.2314828897128,0.1338411642667,0.6970324647738,0.0084693145724,-0.2599319499021,0.2146636335243,0.6344436950185,0.0129713572533,-0.0854140292483,0.1254053949681,-0.0048074964367,0.1090019552619,0.2766352572105
0.5927154331867,0.6107003076835,0.4639706838775,0.5211284964077,0.5649813684336,0.1371721148375,-0.1017437455760,0.6001821450297,0.2895914783855,0.2081503947532,0.3232972072606,-0.0227832017678,0.3823219834021,0.0489058472659,0.4407516227210,0.2869136413637,0.6822771555093,0.3864822158521,0.1777491892131,0.4407452579719,0.5059995173636,1.0000000000000,0.7063430962218,0.6833036189379,0.6315875469457,0.3911082425748,0.5880642888305,0.4145089425565,0.7362706365547,0.6559575236917,0.8169952295937,0.0155799010828,0.0854425575587,0.4756368660748,0.3798324078039,0.4452664024476,0.0948917229768,0.0933540394552,0.3563204283988,0.4077195130478,-0.1096247893330,0.1138372693323,0.1012771429534,-0.1297487933120,0.0290996913599,0.2245917376592,-0.0735683699282,0.2316487346157,-0.4264228436657,0.2978424974979,-0.0920670162575,0.8156576067204,0.2358819053962,-0.3317863871029,0.0824990223917,0.4388325110449,0.5764979040685,0.3882222872922,0.5846779423069,0.5532474281358,-0.1275628147482,-0.0770085941518,0.4524282550573,0.6706107200760,0.3062339046810,0.3866994276804,0.3070437682779,-0.0413294487683,0.1487464658346,0.3057607235368
0.5277639707201,0.6363782683773,0.2712613477585,0.6034938541077,0.4788475650740,-0.0152662376670,-0.1065645862238,0.4789387747904,0.1280580416840,0.3636773448262,0.1850475054901,-0.0634190295940,0.3472993442169,0.0609108523602,0.1364663091834,0.0845573229631,0.5304626905254,0.4091070868010,0.0664606148935,0.3171303016541,0.4806278877916,0.7063430962218,1.0000000000000,0.5108951912915,0.5623076276136,0.3392149882438,0.3851876667560,0.1618472774826,0.5214643108747,0.4887702012561,0.7238954719470,0.1219717164306,0.1007017467379,0.5240754868976,0.4188251381187,0.3283524759124,0.2747708811534,0.1075394763297,0.5080629403646,0.3661627886182,-0.2602998958491,-0.0204535520153,0.0839542729349,-0.3295161206845,0.1508709459339,0.1449001058475,-0.1579061594367,0.2395852828212,-0.4084078441898,0.0344165000363,-0.2671762670403,0.6509899095403,0.2436317213222,-0.4014947366506,-0.0256605270747,0.4306851384988,0.4171310750662,0.7079406093622,0.4897347579682,0.5439319928476,-0.0672511924803,-0.1338485095864,0.2185927626805,0.5011208952432,0.2237442089617,0.3360768153380,0.2854117972238,-0.1336236966025,0.2360389774311,0.3666136917884
0.3461576060739,0.2488963998434,0.3322212865254,0.0527768473441,0.1858879350563,-0.2162569073464,-0.1754642147522,0.0122145152217,-0.1381460715772,0.0692471005340,-0.0569757764925,-0.1035045251878,0.0104181842005,-0.1022588479908,0.0167071823414,-0.1202381622195,0.7442836828274,0.5112365145904,-0.0635852652782,0.1293387097612,0.2556954084185,0.6833036189379,0.5108951912915,1.0000000000000,0.2195017228975,-0.0408109014449,0.2875469833226,0.2080238700159,0.3159694935544,0.2257890579398,0.4054421592914,0.0979052664288,-0.0733440285650,0.1537539815578,0.1570090208815,0.3452174881284,0.2764851913436,0.4754036767618,0.1431546324121,0.1559446525748,-0.2208110006970,-0.0336892831986,-0.0969703309540,-0.2546896954445,-0.0767721527129,-0.0029129022476,-0.1121008117431,0.1585359993171,-0.2216723205236,-0.0820628386215,-0.2709360992123,0.5687681194229,0.4394757037124,-0.0981926541320,0.3732372917439,0.2667491472136,0.7675179681460,0.4301293891212,0.8001183016573,0.2699326398145,-0.0682106581755,0.2610172682606,0.1051128406528,0.2944191275028,0.2805146021770,0.5196011812216,0.0776115931192,-0.0177304047779,0.1615873902290,0.1949369768857
0.5185781711891,0.5120654099550,0.3043331991444,0.5437880083657,0.8409565213482,0.2113206111966,-0.0082821653286,0.6963417470841,0.4231700130184,0.5487851574956,0.6237027477714,-0.0010711315258,0.7369637288378,0.0569967725781,0.4738792627975,0.5214838201514,0.5125167601512,0.0802362874114,0.1725290528360,0.2866734134560,0.6776112797256,0.6315875469457,0.5623076276136,0.2195017228975,1.0000000000000,0.4050007991547,0.3380634039670,0.2407813025618,0.8228078221694,0.5226975740274,0.7387289432500,0.0194384320595,0.0951285910295,0.2590981055623,0.1762888742653,0.2368573886354,-0.1639196714042,-0.2133939931865,0.1771175678050,0.7600196455280,-0.0575549516864,0.2129548502982,0.3187818937228,-0.0813204707606,0.3902631156082,0.5115833984608,-0.1008288281990,0.4996389949409,-0.4532841357326,0.2375994776765,0.2214935179143,0.7122154963361,-0.0750317418631,-0.4629614098650,-0.2700064287205,0.5572975135998,0.1552581376212,0.2482608637141,0.1805142066113,0.8639084384330,-0.2531882072786,-0.4357250772236,0.2670720661048,0.7927917894033,0.1713986150098,0.1689143936999,0.2706392330241,-0.1075665078377,-0.0932278144958,0.0031149464852
0.3580464062390,0.6384772386767,0.4616664586149,0.7639879789664,0.5066828841721,0.2393192018094,0.0405205740781,0.6466062157477,0.4641573516680,0.1927529632111,0.3204641968007,0.3627731961049,0.3723264765450,0.4730640877247,0.4100081937973,0.3387274559412,0.0837165521727,0.1711762770452,0.6262792642939,0.6481167186266,0.4279422832739,0.3911082425748,0.3392149882438,-0.0408109014449,0.4050007991547,1.0000000000000,0.6719165489783,0.5024128785533,0.5248295762043,0.4490506081311,0.4949785880864,-0.4620068630006,0.2327695680185,0.4331844689920,0.3488890124182,0.0069283155001,-0.0763773881001,-0.2473366796485,0.4841032513920,0.2290096263124,0.0330941417391,0.1424300778977,0.0212094404169,0.0356654926984,-0.0494452507585,0.1394572015726,0.2303985080658,0.0444157221973,0.0236964104616,0.1990668730442,-0.0931281019894,0.4572850648872,-0.1216994758826,-0.1684392026857,-0.1985983310811,0.3721507060533,-0.1958324131361,-0.0143785734929,-0.1033243395698,0.2468996665986,0.4692612610351,-0.2078384305711,0.5224862151072,0.4228051004052,-0.1939215717803,-0.2705320457878,0.2431400001087,0.1603917907057,-0.1043039597785,0.3797927095528
0.2949733130506,0.6694880926214,0.5956817783210,0.5606845400490,0.4623843130942,0.1925683971516,-0.1377002430991,0.5903539737237,0.3431388767685,0.0417441079663,0.2797087219648,0.2279891170037,0.2662246885832,0.4728911120787,0.3717195289082,0.2647368561590,0.2541177386978,0.3457391515051,0.5667721597781,0.5800531667171,0.3955061858026,0.5880642888305,0.3851876667560,0.2875469833226,0.3380634039670,0.6719165489783,1.0000000000000,0.7301033040785,0.5218326359232,0.4760746568695,0.5209037959713,-0.1368302180642,0.1970008729388,0.4743812689887,0.2334582982265,0.0026061241487,0.1340229548673,0.0836492982806,0.4688194521228,0.2094702020971,-0.0073250420441,0.0597103136109,-0.0057884993655,-0.0331665637427,-0.1818260975296,0.1324742803019,0.1800171220435,0.0899511318240,-0.0029009526455,0.2017734120428,-0.2069332421605,0.5143095486147,0.1342473049579,-0.0732811079957,0.2285836802461,0.3780696664613,0.1205576082464,0.0164854260515,0.2163332317901,0.2251360861552,0.2636411399255,0.2346871126990,0.7174460854086,0.4026545592792,-0.1226626470457,-0.0788737393877,0.1668247502830,0.1526825931464,-0.0221928552694,0.3151268863576
0.2177366362998,0.4326170450594,0.5975828125057,0.3164812956613,0.2612014450394,0.2015699617298,-0.0809780591314,0.5204176079439,0.2610960489939,0.0014465327983,0.2088143307388,0.1913622750156,0.1250236064041,0.2724787456157,0.3620089363897,0.1547501161062,0.2271043566160,0.2261353666217,0.3948628511201,0.4846821711612,0.2292242928782,0.4145089425565,0.1618472774826,0.2080238700159,0.2407813025618,0.5024128785533,0.7301033040785,1.0000000000000,0.4479272339370,0.2803195340443,0.2795904312681,-0.1059818153294,0.2692071698753,0.3076986650118,0.1052937410501,-0.0160976350578,0.1210991623775,0.2058490466230,0.3119862083742,0.0966385058769,0.1210707171904,0.0587097147092,0.2345310101639,0.1637561216740,-0.0691993344088,0.1061505433417,0.2238480633224,0.0725648796009,0.0555018723932,0.3626434033051,-0.0301228762706,0.3955450012488,0.0686137363402,0.0586728538367,0.2302525705114,0.2217074961646,0.1181882569226,-0.0485833187903,0.1240253396604,0.1339520759177,0.2991651503950,0.2331482291271,0.8657419598528,0.3679152655572,-0.0498948599628,-0.0179400411263,0.2190051082860,0.2391732990844,-0.0365216560461,0.2272546477950
0.5534104876920,0.5873427314156,0.3301026072122,0.5786884121411,0.7635209092367,0.3187941081550,0.0275113613889,0.7700911760136,0.5169895398354,0.2184070817653,0.6295873983542,0.0559421368969,0.6128189832161,0.1317100404340,0.5532591339830,0.5496127357215,0.4904593393735,0.2135035673459,0.3085845800263,0.4387665303281,0.5921793653953,0.7362706365547,0.5214643108747,0.3159694935544,0.8228078221694,0.5248295762043,0.5218326359232,0.4479272339370,1.0000000000000,0.6056890157221,0.7886498972193,-0.0242310677640,0.2825294702085,0.3877778964948,0.1924342552406,0.2849902062937,-0.1430296013247,-0.1968691815940,0.2830949592304,0.5952474980670,0.0439965888624,0.2527955567707,0.2543939031028,0.0391467315624,0.0607069730322,0.4863219941869,0.0088866780601,0.3627216790129,-0.3946765045080,0.3165617456207,0.1221316877004,0.7533942189102,-0.0044044045150,-0.4166118152773,-0.1899321393694,0.5098635333016,0.1919105638092,0.1415840704392,0.2483429262847,0.6154074187417,-0.1830324207446,-0.3561700904458,0.4751716477797,0.9227528243162,0.0995838842128,0.1778998476217,0.3815796710443,0.0629044310970,-0.0728180376731,0.1964484956722
0.7010057699635,0.5559741380186,0.2414940824268,0.6164712905711,0.5354707017152,0.3370982704288,0.0988863355167,0.6385271406437,0.5604768717142,0.1736351634635,0.5185137516694,0.0896425675906,0.4755071751305,0.2745245890511,0.6969016646021,0.5440467156155,0.3140210095405,0.2622906786039,0.3484619180277,0.4516084141654,0.4808131947236,0.6559575236917,0.4887702012561,0.2257890579398,0.5226975740274,0.4490506081311,0.4760746568695,0.2803195340443,0.6056890157221,1.0000000000000,0.6880320062524,-0.0233132971759,0.3013910821495,0.6470511075634,0.4492432501070,0.4308715535053,-0.1430154852023,-0.2648323152115,0.4210474131714,0.3333826428228,0.0083924012763,0.2065431797523,0.0537853388094,-0.0180267595028,0.0688414888638,0.3527504258223,-0.0235179047774,0.2348179558530,-0.3108227718245,0.3681711978819,0.1447748553656,0.5793819921676,0.0120098701021,-0.4320090189846,-0.1500476281272,0.4235837785308,0.1352165661983,0.1178615885121,0.1213783827324,0.4668361933584,-0.1952244703987,-0.4070732243174,0.3438235011754,0.5064609568845,0.2494349010801,0.0175822996472,0.1446222761078,0.0424633152685,0.1495239368177,0.3618421260702
0.6598766784768,0.6873057354391,0.4268668390220,0.6901140907473,0.6371769758118,0.2518924894021,-0.0234181788031,0.7730352517851,0.4319676942132,0.3193974145229,0.3957266048820,-0.0317196482486,0.5026699408478,0.1088211743786,0.5379127509918,0.4390852746781,0.4920341820878,0.3586788559698,0.2469711359880,0.4965269691290,0.5153157476624,0.8169952295937,0.7238954719470,0.4054421592914,0.7387289432500,0.4949785880864,0.5209037959713,0.2795904312681,0.7886498972193,0.6880320062524,1.0000000000000,-0.0170244619109,0.1276130767885,0.4662949313426,0.3703708795786,0.3595966464857,-0.0261379630162,-0.1470118646283,0.3407673066946,0.4474594446528,-0.0666780139187,0.1480357852557,0.2028453292701,-0.1285694363094,0.1178124059810,0.2371187583456,-0.1397225918354,0.2291723613194,-0.4879532507933,0.2561285480579,-0.0102094364732,0.7507769343490,0.1232283234859,-0.4814806133479,-0.2085807444880,0.4273954923432,0.2392805302497,0.3427777013065,0.3405381162633,0.6238957294968,-0.2143998367414,-0.3501537026986,0.3664031875787,0.7043266874938,0.1408041176122,0.2924965657251,0.3413619058582,-0.1086113252110,-0.0191240431205,0.1934161695794
-0.0865212029346,-0.0124535913871,-0.2073261169593,-0.2246062539472,-0.0799738122216,-0.0778876816997,-0.1809697048851,-0.0204478572840,-0.2949679260742,-0.0001675780647,-0.0989191715953,-0.3415836162254,-0.0782069350012,-0.1165411419564,-0.0920727398057,-0.0701747282827,0.0363054546563,0.1149509886294,-0.4301782389099,-0.1911009381262,-0.1582361826491,0.0155799010828,0.1219717164306,0.0979052664288,0.0194384320595,-0.4620068630006,-0.1368302180642,-0.1059818153294,-0.0242310677640,-0.0233132971759,-0.0170244619109,1.0000000000000,0.0188925878033,-0.1017746313048,-0.1176367052707,-0.0233527228272,0.3137968106123,0.0629850625824,-0.0418741030789,0.0567068667522,-0.2010225018146,-0.2611984870698,0.2277959768027,-0.2349136434380,0.1654549139000,-0.0130944487656,-0.2212660846919,0.0698320378109,-0.1256548288759,0.0625065118495,0.0638909158576,-0.0612372878246,0.1679196237100,-0.1074341506768,0.2460031461208,-0.1642982169643,0.1486405079275,0.2069585143330,0.1441983502005,0.0365239961583,-0.4144844908885,0.1412646320240,-0.0676537645991,0.0273533698918,0.2167121053301,0.1906954348686,0.2143255477129,-0.2231842512042,0.0571191621874,-0.2128360847451
0.1058257303207,0.1668181889208,-0.0593329020999,0.2685078602399,0.1993498460817,0.4500822425855,0.2116552679155,0.2890692089977,0.2839681174081,-0.0659070003213,0.1443788757991,0.1228688393872,0.1424686215690,-0.0015335224821,0.2609481610524,0.3242698359289,-0.0163046187087,0.0599488154713,0.1798432272965,0.1773837306821,0.1688424655499,0.0854425575587,0.1007017467379,-0.0733440285650,0.0951285910295,0.2327695680185,0.1970008729388,0.2692071698753,0.2825294702085,0.3013910821495,0.1276130767885,0.0188925878033,1.0000000000000,0.3990643985552,0.0316714987754,0.1274625071875,0.0414510221702,-0.1047170377001,0.3708666844928,0.0960780224684,0.3393409673500,0.1670493319386,0.2366234490109,0.1702356642858,-0.0742397960058,0.1000396847528,0.1617262508831,0.1628494149638,-0.0797590797650,0.2177350802276,-0.0000156803643,0.0988207227535,0.0053594895656,-0.1415101998742,-0.1091873185134,0.2111000443249,-0.1365105592032,-0.0075049004195,-0.0925096469832,0.0577169247414,0.0074919912906,-0.1242017505650,0.3388897138552,0.2852267817226,-0.1173979762957,-0.0992229282251,0.2600555732692,0.4944497447505,0.2075534685776,0.4092632948177
0.4911262980202,0.4460810001198,0.0870834843767,0.6327786284243,0.3868997054985,0.2556758665316,0.1511475776004,0.5061037554596,0.3873055996004,0.1173272981458,0.3002392033789,-0.0396325605549,0.3631613928997,0.2352890837182,0.2195660808128,0.3180311780910,0.1485003942127,0.3373715157946,0.2623163011111,0.3699089844903,0.5331277097036,0.4756368660748,0.5240754868976,0.1537539815578,0.2590981055623,0.4331844689920,0.4743812689887,0.3076986650118,0.3877778964948,0.6470511075634,0.4662949313426,-0.1017746313048,0.3990643985552,1.0000000000000,0.4894306891614,0.3446177261334,0.0397937385811,-0.1339078137920,0.7381958176585,0.1404398718958,0.0355704495372,0.2081057068659,0.0541172195618,-0.0109258756275,-0.0888353448526,0.1896354948033,-0.1048897580523,0.3150207396930,-0.2515046233444,0.1069199540273,-0.2198353771957,0.3994218393111,0.0582171948871,-0.4167974073555,-0.0480171493899,0.5218302844670,0.0179359527779,0.3077746089422,0.0527108340640,0.3163466393472,0.0309233980282,-0.1628753479365,0.4007103871795,0.3778754665683,-0.0592667866611,-0.1052870775189,0.1638887487679,0.0849179369699,0.4375100385315,0.6889818173819
0.5562739662511,0.2451746419425,0.1724784116819,0.4887344930909,0.0602063911989,0.1392975713168,0.3038590399260,0.2875586153863,0.2749014504171,0.1075834297943,0.0890142028331,0.2139836900091,0.2164029648320,0.1219961813377,0.1709528757412,0.0979865657935,0.0488908308876,0.2701902241768,0.1244316020475,0.4831711536295,0.2371333066602,0.3798324078039,0.4188251381187,0.1570090208815,0.1762888742653,0.3488890124182,0.2334582982265,0.1052937410501,0.1924342552406,0.4492432501070,0.3703708795786,-0.1176367052707,0.0316714987754,0.4894306891614,1.0000000000000,0.2877601003335,-0.0658464824802,-0.0154209968774,0.5021646873305,-0.0745760620352,-0.0279204195907,0.2238640180119,-0.0338213463760,0.0911050265267,0.1094503551891,0.0482315629214,-0.0453969225510,0.0558989286025,-0.2223326269400,0.1525042730144,0.0737287609400,0.2269921197224,0.1142024258695,-0.1672249688424,0.0535170687790,0.2172876885511,0.1187443696643,0.3147292497378,0.0783331340851,0.2259685340292,0.2021180962032,-0.1225324598889,0.1014192925725,0.1401423111223,0.1930556495508,0.0918214960136,0.0895026013925,-0.0028941638216,-0.0019480937060,0.5988807505734
