1.0000000000000,0.2842484893605,0.2922133767655,0.4240175264030,0.3776579917489,-0.3576797636556,-0.0234187183112,0.3741886513894,-0.4124946595208,0.0298250378032,-0.2260336057626,-0.0297459770011,0.0658907310083,0.0001280289279,0.0670070994126,0.0651788344626,0.4204899807819,0.6773919823685,0.0510066634628,0.4650174173710,0.1779471578348,0.5564784261831,0.4355766032358,0.5790307382994,0.3920303624112,0.1001629671385,0.1634569949480,0.3297387185001,0.4927362046270,0.4073813005739,0.5061822852734,0.0219633192537,-0.2210093237308,0.2637685774863,0.4363029182840,0.4310900262330,0.3182584439830,0.2562581901619,0.3761241926641,0.4491701812582,-0.3156548246855,-0.2690171446718,0.3067429751821,-0.4187134827505,0.1047585469436,0.1560157345213,0.0287617720473,0.2628690944891,0.0055656829058,0.0108764344686,-0.1196445750938,0.3341223978130,0.5080639115603,-0.0485565603487,0.4226419303369,0.2462149104151,0.4402001356600,0.3508248179295,0.4278958570170,0.3893936768996,0.1363930033431,0.0399731266467,0.4193656524233,0.4759201145295,0.2219827454534,0.3942000058416,0.0677665903944,-0.0540272156075,0.2082734654185,0.2022590237012
0.2842484893605,1.0000000000000,0.1425074081873,0.6075373101797,0.3049991728040,-0.1530907491378,-0.0576152203203,0.2913174130576,-0.1250191871381,0.1338902155479,-0.1574713123205,0.1793291142342,-0.0698421540992,0.2061752368812,-0.0043047247233,0.1068094504127,0.3298228049039,0.2878578296529,-0.0480699487079,0.2667936766688,0.1040877813435,0.3507214594279,0.5597734718034,0.2920862770863,0.4243760454766,0.3995996396447,0.4661595714069,0.3962363915226,0.3193246370800,0.1307866125981,0.4367243411546,0.1905438233185,-0.0943215661981,0.1126169890901,0.4903395443415,0.2596363224233,0.6944050292865,-0.0079524574683,0.5455962082563,0.2712014586880,-0.1837268024007,-0.1072889803261,-0.0920047677772,-0.2382497004853,0.0269702226091,0.0030653400899,0.0221656428908,0.0506027331591,0.2038094751254,-0.2202445780005,0.0054805860850,0.2922380475933,0.0664745969219,-0.3802230885295,-0.0369185023878,0.1193993066079,0.2916587332472,0.4900976165715,0.2418491183369,0.3137925429979,0.2569325277087,-0.0768639908047,0.2005193759326,0.2559304210810,0.1606355161469,0.3633308676907,0.0559834436283,0.1136147591048,0.2358655948087,0.2345410969590
0.2922133767655,0.1425074081873,1.0000000000000,0.2933432459258,0.2450371466940,-0.3898265715074,-0.1415748573290,0.6277402557992,-0.4604881848861,0.3413840912216,-0.4582740186369,-0.0560797730861,-0.1289603435044,0.0980632548644,-0.1076824872905,-0.0239092480050,0.5373618523631,0.5972629227533,0.0970942815679,0.5137176190571,0.0932883382991,0.5867493900515,0.4154165492262,0.6916091319338,0.5982191155774,0.1827389525874,0.2555401956098,0.7907227791038,0.5916931868543,-0.0455898054167,0.4197195271757,0.3033967872739,-0.2288933629082,0.0871829265092,0.1023673495755,-0.1632260473334,0.1484453681667,0.7322648148157,0.1247947626462,0.3000269617079,-0.2364781802956,-0.3386047383537,0.2261084161925,-0.5414210180762,0.1701118192000,-0.2288652864465,-0.1416751777571,0.1898736477338,-0.0384619239639,-0.1108439527091,-0.1690873305816,0.4310658641707,0.3366640725116,-0.1865442849856,0.2421542948443,0.1352888198918,0.5513213973753,0.2249964412959,0.4755713146462,0.4985071301173,0.2907815453120,-0.0753210255557,0.8064347949990,0.5465514157685,-0.1886013389708,0.1881065850993,0.1390566131230,-0.1085180016870,-0.0082872770870,-0.2033039264197
0.4240175264030,0.6075373101797,0.2933432459258,1.0000000000000,0.5859129924730,-0.1720649824040,0.0676164352153,0.3931163158689,-0.1579032510250,0.3726704615143,-0.2068255047732,0.2033072766587,0.1374642850751,0.3102664155536,0.0682956496110,0.2342943534494,0.3847266618690,0.4723207315118,0.0707527427047,0.3927161147807,0.3057228528920,0.5338620233959,0.6562966387346,0.4592774285730,0.6056064701824,0.3971350889364,0.2633495275818,0.4411326490127,0.4680117744000,0.2561257728566,0.4654077541792,0.2551400573821,-0.1086336184331,0.2361505517068,0.5375081363427,0.2847788536680,0.5467655549769,0.1541200794953,0.7161909606122,0.5201368731394,-0.1582777169420,0.0067189585283,0.1221832567238,-0.1893359444241,0.3988186369410,0.1441242528936,0.0842313311915,0.3100334941829,0.3063189237862,0.0206292853176,0.0248822363035,0.3416971634361,0.2879633828182,-0.2344935590185,0.2105909844397,0.3540910325023,0.4443833601585,0.5790898335570,0.4069219780395,0.5272414209940,0.2894832549249,-0.1180713619969,0.3767988656616,0.4342980176758,0.2419351080867,0.3653309373512,0.2003034859347,0.0152605292909,0.3575905279177,0.3182819067317
0.3776579917489,0.3049991728040,0.2450371466940,0.5859129924730,1.0000000000000,-0.1113759521607,0.0569144272212,0.3597344591051,-0.1382623977543,0.6008481172991,-0.0368120703076,-0.0252533022078,0.3954280026588,0.3229033597155,0.0732176197293,0.1978941153144,0.1987813804535,0.4181856019276,0.0030784257717,0.3699332731451,0.5344490771768,0.4415574303606,0.3930750110497,0.3549983204955,0.6511928292095,0.3520555831774,0.0977839217108,0.3751525223420,0.4366866095368,0.0618433919187,0.2094992061581,0.3452738898586,-0.0250625421149,0.0791806460319,0.2765162499672,0.1767342024339,0.3031146733456,0.0312727061820,0.4868350130127,0.8611788803042,-0.1623698523080,0.0573948096395,0.0220702017831,-0.1768114229705,0.5977695447725,0.4963725858826,-0.1889202187236,0.4361983534059,0.3043096651844,-0.0110576507134,-0.0592088929779,0.1983004344789,0.2957931793842,-0.3250281218933,0.1756452665875,0.6531935883389,0.3534502278563,0.4194747971270,0.3011381827510,0.5905757628472,0.2740226107131,-0.2972264703549,0.2627109325528,0.4069431079909,0.0789475335226,0.1965710930607,0.1166536008783,-0.0626706333920,0.2166900099161,0.0955147431273
-0.3576797636556,-0.1530907491378,-0.3898265715074,-0.1720649824040,-0.1113759521607,1.0000000000000,0.4438543435569,-0.4025102464391,0.8199281741725,0.0526396772122,0.6764038642208,0.2056615631836,0.2225097627820,0.1155567233772,0.4586003188091,0.3899223958202,-0.5366144729907,-0.4891984274312,0.2351782759994,-0.4690353023620,-0.1434864471550,-0.4041092025158,-0.2361186860698,-0.4900800375784,-0.4776607683307,-0.1614882416067,-0.1875352707334,-0.3818850358827,-0.6113558981842,0.0885285716041,-0.3444518882317,-0.1037181144168,0.8411538920040,-0.0817377008411,-0.1370067798039,-0.1912048291056,-0.1747039844179,-0.3545309942461,-0.0914293561168,-0.1687619814930,0.7794657302062,0.4913484041354,-0.3318280896208,0.7334583532634,0.1181070149043,0.1077020057450,0.0595154924276,-0.1747739866633,0.0654781245400,0.2411607843219,0.5068527653115,-0.4925970519973,-0.3910377535974,0.0968936531580,-0.4181902656010,-0.1469029535928,-0.5282570875548,-0.1718808294826,-0.4411609212591,-0.3808062866980,-0.3352322213079,-0.0792580916627,-0.4389945740162,-0.6490903834925,0.2046428887791,-0.3756111211047,-0.0764990504576,0.5114128646954,-0.1642926749754,0.0374715779061
-0.0234187183112,-0.0576152203203,-0.1415748573290,0.0676164352153,0.0569144272212,0.4438543435569,1.0000000000000,-0.1432986545721,0.4181604064383,0.0852917108284,0.4640504046110,0.2661269700342,0.6183088562956,0.1713955669360,0.4925530980840,0.6095953990750,-0.2504802816533,-0.0473057496237,0.2972174037065,-0.1219454322509,0.1561619453540,0.0934619292550,-0.0225213794753,-0.0204929483727,-0.1529518531087,-0.0418348797027,-0.1688038777795,-0.1658094957112,-0.1384112644253,0.4706750766430,-0.0076895475686,0.0388172290982,0.3556781064009,0.1925096186338,0.0785804171976,-0.0263548397078,-0.0342714428976,-0.1340723503584,0.0962813339282,0.1546853528211,0.3556212872355,0.4618006840745,-0.1331144968059,0.4107288749626,0.1858163656968,0.3359731248781,0.2478826131744,0.4256430196254,0.1231970742434,0.2772301806668,0.5049868339935,-0.3192933981032,-0.0697481955764,0.1704427429459,-0.0523380990758,0.1026321412341,-0.1369892579555,-0.0352776532350,-0.1191758418641,-0.0176560206906,-0.2259813009671,-0.0842848870281,-0.1075828913785,-0.0683882499439,0.3539288346618,-0.1878843996209,0.1362993959646,0.1598555346691,0.1329798236512,0.0914646997583
0.3741886513894,0.2913174130576,0.6277402557992,0.3931163158689,0.3597344591051,-0.4025102464391,-0.1432986545721,1.0000000000000,-0.2942619219191,0.3565321299603,-0.3194656633910,0.0227671660283,-0.0154316248421,0.1706965427814,0.1256278769308,0.0164964176460,0.3127131489959,0.5605982438118,0.1565891419239,0.5789370523432,0.1477404543047,0.4417482148551,0.3610282572147,0.4567232854825,0.6043339585214,0.2717899177649,0.3911513209706,0.5537761314723,0.6226642895361,0.0148509045877,0.4526436910648,0.3922289388772,-0.2889704718127,0.0636518085960,0.1697858845222,-0.1578550551208,0.3124566109550,0.3215387329021,0.2525633727183,0.3764135266083,-0.3158211370283,-0.3722948976894,0.3439270667660,-0.4284921820679,0.2737747641581,-0.0381497387998,-0.1396168960193,0.1541114388378,0.1036720794430,0.0129628583001,-0.1977579773786,0.2109180209628,0.2289678882639,-0.1637993364126,0.1365580706443,0.1868979456738,0.2905143792080,0.1151805504970,0.1838265722776,0.4611741664754,0.3520728022093,-0.1124323204987,0.4503756002412,0.4585628455993,-0.2436111850274,0.0925099036219,0.2567746338422,-0.1019458581906,-0.0503360714939,-0.2448779148860
-0.4124946595208,-0.1250191871381,-0.4604881848861,-0.1579032510250,-0.1382623977543,0.8199281741725,0.4181604064383,-0.2942619219191,1.0000000000000,0.0319372100139,0.8267287248554,0.4077807381955,0.1685844127659,0.2207130634036,0.6064092374518,0.3012788612761,-0.6281197456022,-0.5020401162745,0.2882254848605,-0.3548920850389,-0.0671807776640,-0.4420890334044,-0.2763498187877,-0.5761884133592,-0.4619286794183,-0.0359047589062,-0.0559108846183,-0.3579536050804,-0.5463734059796,0.1375991712569,-0.2949995713059,-0.0127743713695,0.6507110141836,-0.0336248931155,-0.1905097675063,-0.2062256327234,-0.1875909875124,-0.5177896163016,-0.0487987608103,-0.2547712481002,0.5745058081882,0.3595530311230,-0.4347343480458,0.7706168232540,0.0576395392859,0.1552244183449,0.0736117222868,-0.2559344426806,0.1206521582361,0.1614804424628,0.2865697793227,-0.5815618913143,-0.5767124046031,0.0554958318622,-0.4851134679851,-0.1815871936907,-0.6259132929431,-0.2679149699955,-0.5969548036363,-0.4606968390774,-0.1972019019894,-0.1605267190968,-0.5091676207108,-0.6623192851238,0.0702340668375,-0.4626486294782,-0.0754377257482,0.2361535145595,-0.1277419675180,-0.0862356501779
0.0298250378032,0.1338902155479,0.3413840912216,0.3726704615143,0.6008481172991,0.0526396772122,0.0852917108284,0.3565321299603,0.0319372100139,1.0000000000000,0.0460593286487,0.1884439984436,0.2664634986505,0.6754279307972,0.3099581371908,0.3437967109587,-0.0060557509886,0.0748724899352,0.0948881079532,0.2504689831789,0.3868747001357,0.1462626151422,0.1479361643409,0.0391883123984,0.5260151314843,0.6400280846989,-0.0106504640200,0.4847767521192,0.1284616768112,-0.1308081790687,-0.1276120640088,0.7186039827748,0.0358281018594,0.0067440673528,-0.0618338097125,-0.2564392876707,0.0468678387878,-0.0148126446542,0.1720033910822,0.5006121286231,0.0092573093863,0.0572776655235,-0.2671504993926,-0.0805768260818,0.7367882758753,0.3113664489041,-0.2407600918409,0.3209761234983,0.5158593396990,0.2111802368780,0.1103894773999,-0.0241049393679,-0.1184680362464,-0.4213936998123,-0.2146102375092,0.3840201484419,0.1220379175847,0.0483222273007,0.0077769846649,0.3843853181965,0.5079438546653,-0.5799275116749,0.2473185203200,0.0666548841453,-0.1031354437805,-0.1607687849477,0.3083572017184,-0.0275149319635,0.0805718176324,-0.3044541557439
-0.2260336057626,-0.1574713123205,-0.4582740186369,-0.2068255047732,-0.0368120703076,0.6764038642208,0.4640504046110,-0.3194656633910,0.8267287248554,0.0460593286487,1.0000000000000,0.2849575905660,0.3157225609747,0.2126647426194,0.5910986312249,0.2544919550348,-0.6126249259757,-0.4254435254674,0.2771312807079,-0.2838764205524,0.1106181100516,-0.3964914753510,-0.3177693148429,-0.4849795435935,-0.4365439623403,-0.0452745559330,-0.1361860595000,-0.3172466438587,-0.4504644954171,0.1901333845822,-0.3560776363964,-0.0310188081096,0.5258392536487,0.0378119050037,-0.2169911406862,-0.0464054069934,-0.1928364369491,-0.4803667875987,-0.0546374802439,-0.1135841474533,0.4505471532442,0.3065593898793,-0.4064172340643,0.6690084114969,0.0871693183022,0.4659179134287,-0.0312540196830,-0.0991070873431,0.0705602153098,0.0898206289208,0.2165287844990,-0.5550145776157,-0.4966459828615,0.0397655240014,-0.3574475457487,-0.0548688608840,-0.5791627205478,-0.2600357029809,-0.5307086554812,-0.4334323821614,-0.2078688153680,-0.1951760313437,-0.4454655250641,-0.6044571795923,0.0481944591795,-0.4284025336760,-0.0507539300811,0.0416870807595,-0.1331163434281,-0.0986291604682
-0.0297459770011,0.1793291142342,-0.0560797730861,0.2033072766587,-0.0252533022078,0.2056615631836,0.2661269700342,0.0227671660283,0.4077807381955,0.1884439984436,0.2849575905660,1.0000000000000,0.0648313994564,0.5579864199244,0.5238599404584,0.3366404999682,-0.0749770848047,-0.0268660634577,0.4845789353861,0.2166571998911,0.2044857565678,-0.0563709495242,0.0095181083040,-0.1077487889386,-0.0454782745181,0.4551532484130,0.1735928810758,0.1289588143904,-0.0893175544547,0.3139270914579,-0.0111968216505,0.2754598475475,0.0519275410267,0.2836556273843,0.2113276712803,0.0362682835212,0.1041874396948,-0.2552067412095,0.2594225057842,-0.1480520825419,0.2438186808766,0.1697032887053,-0.2998682608608,0.3022971242978,0.0770041621253,0.0914269332130,0.4671797331260,0.0881261410975,0.4621777368877,0.3075371669038,0.2262994942844,-0.1268521973814,-0.2720602913515,0.0115628039750,-0.1619501229654,0.0045022107560,-0.0973131690598,-0.0098880770815,-0.1254494418174,-0.1348807895877,0.3699903051969,-0.2019941811731,0.0080382536460,-0.1476882977119,0.1891975480595,-0.0909437976494,0.1476062145020,-0.0478921625260,0.2581616854100,0.0780300261594
0.0658907310083,-0.0698421540992,-0.1289603435044,0.1374642850751,0.3954280026588,0.2225097627820,0.6183088562956,-0.0154316248421,0.1685844127659,0.2664634986505,0.3157225609747,0.0648313994564,1.0000000000000,0.1623419862260,0.2497570666645,0.4357390427902,-0.0841175698096,0.0507780844899,0.2897311017399,0.0916795983462,0.5353234204986,0.1802653832125,-0.0118899235409,0.0876400798353,0.0488696584101,0.0117964334993,-0.0749671440686,-0.0869553412722,0.0338219100780,0.2471299962496,-0.0598695540145,0.1275714035902,0.1786577708776,0.0528559679785,0.1891946407656,0.1254389810106,-0.0149271457170,-0.1735044089086,0.1437268388357,0.4632990307201,0.1481499373776,0.5420155161773,-0.0392195656654,0.2588794564136,0.3807108899173,0.6173998784325,0.0880730977252,0.7359593702119,0.1618956749772,0.2510739069500,0.3420894372576,-0.0910255769198,0.1353726880854,0.1242138346743,0.1611226008308,0.5807878545238,0.0472373361624,0.1075565881350,0.0678353295050,0.1743048000796,-0.1410487047046,-0.0662814754093,-0.0794938609226,0.1003514339001,0.2915708377898,-0.0249123067585,0.1770516558631,0.0605150571607,0.1420631917975,0.2024302864200
0.0001280289279,0.2061752368812,0.0980632548644,0.3102664155536,0.3229033597155,0.1155567233772,0.1713955669360,0.1706965427814,0.2207130634036,0.6754279307972,0.2126647426194,0.5579864199244,0.1623419862260,1.0000000000000,0.4306178213192,0.4130427622545,-0.0416468302382,-0.0638247588137,0.1591815784724,0.1517648495626,0.3126386148922,-0.0068784056075,0.0906881411199,-0.0887435345217,0.2946952640687,0.8214882065973,0.0743182233269,0.3810574614511,-0.0127539183893,-0.0169496213551,-0.1529852065119,0.7219857163616,0.0074727803084,0.0915411021583,-0.0687409096658,-0.1449758062302,0.0581857172877,-0.2315545356557,0.2227208304190,0.1761403936885,0.1059800541555,0.1010863817112,-0.3948455522503,0.0770992653280,0.4742200941544,0.2651178470660,-0.0074537334643,0.1656335089710,0.8165510682762,0.2090952619121,0.1216242628719,-0.0548537382684,-0.3006377109901,-0.4071476913899,-0.3505302557040,0.1909222624327,0.0215532820785,-0.0019979998766,-0.0749071546617,0.1374244745909,0.6016053786925,-0.5476965822545,0.1449064970131,-0.1127081273626,-0.0510679748278,-0.1635045064513,0.3298697815030,-0.1057951424426,0.1109317602703,-0.2707138911975
0.0670070994126,-0.0043047247233,-0.1076824872905,0.0682956496110,0.0732176197293,0.4586003188091,0.4925530980840,0.1256278769308,0.6064092374518,0.3099581371908,0.5910986312249,0.5238599404584,0.2497570666645,0.4306178213192,1.0000000000000,0.5375508624728,-0.4526638745639,-0.0056547279092,0.5608492621127,0.0995099252324,0.0581606014463,-0.0821740829093,-0.0657532164807,-0.2281137124276,-0.1354836977689,0.2290518676814,-0.0472808564860,0.0212384576630,-0.2522796555102,0.4209531566847,-0.0274183535720,0.2598993875748,0.3922171932995,0.1508728467821,-0.0305126417977,-0.1009028989285,-0.0055271969946,-0.2966969167509,0.1126032326468,0.0090261468514,0.2771353218483,0.0661860279508,-0.3261381427209,0.3881912406654,0.2592973310533,0.3094673931441,0.1203526007847,0.0430276283513,0.2609292109304,0.3895602106715,0.3168165805164,-0.4983094801061,-0.3475700477157,0.0131997384681,-0.2603667291135,-0.0770801383312,-0.3673705570297,-0.1733860644949,-0.4318415440374,-0.1880337602343,0.0735542634916,-0.3893592976383,-0.1137326735905,-0.3203000886347,0.0987927920322,-0.3992950258723,0.2351834621597,0.1151036825145,-0.0480214985007,-0.2103447543686
0.0651788344626,0.1068094504127,-0.0239092480050,0.2342943534494,0.1978941153144,0.3899223958202,0.6095953990750,0.0164964176460,0.3012788612761,0.3437967109587,0.2544919550348,0.3366404999682,0.4357390427902,0.4130427622545,0.5375508624728,1.0000000000000,-0.1670460041512,-0.0041115936379,0.2860688974664,-0.0156617871911,0.1281241273347,0.1093614191164,0.1140092990165,-0.0057899031899,0.0430488083151,0.2248948560569,-0.1111418967644,0.0612811537272,-0.0953741530241,0.2976890510682,0.0260721485181,0.2904392637322,0.2461532064217,0.1323338204685,0.1144061015861,-0.0337058597700,0.0335324388728,-0.1548286576338,0.2220333742907,0.1900171628100,0.3183649419611,0.3376954431632,-0.1916934807730,0.2897103516877,0.3478363392386,0.3046133578787,0.1756639074359,0.3673522807577,0.3081832306544,0.3404028862535,0.6762808186100,-0.2087177203780,-0.0713951155745,-0.0227657700667,-0.1052089076328,0.1038402767014,-0.0227307049334,0.0501212178720,-0.0464216920826,0.0758243361506,0.0205145681042,-0.2872529939152,0.0242260211867,-0.0825580520383,0.3247563072399,-0.1057644100640,0.1488911847325,0.1810912371647,0.0753833653482,0.0386957039157
0.4204899807819,0.3298228049039,0.5373618523631,0.3847266618690,0.1987813804535,-0.5366144729907,-0.2504802816533,0.3127131489959,-0.6281197456022,-0.0060557509886,-0.6126249259757,-0.0749770848047,-0.0841175698096,-0.0416468302382,-0.4526638745639,-0.1670460041512,1.0000000000000,0.4915830666239,-0.0741391240469,0.4494146754010,0.1780125273326,0.6421626513014,0.4624402680996,0.7558089212091,0.5357175836988,0.1578457574037,0.3956834712230,0.5659763958208,0.6465953024970,-0.0215951419378,0.4067607594465,0.0322897082377,-0.4542146827151,0.1210822457786,0.3866314417012,0.3115418237362,0.2716507625756,0.5049026684812,0.3059221206453,0.2343729750752,-0.2956849749292,-0.1532978653509,0.3716228118298,-0.5203550249806,-0.0440691109429,-0.1947172799116,0.0748899160588,0.2786663638416,0.0279397136265,-0.1681454106299,-0.2190880119887,0.9052481131339,0.5240575100865,-0.1015580466344,0.4266131027555,0.2618483187189,0.8125139944969,0.4567141716539,0.7918028228745,0.5592967052257,0.2946815606886,0.2636862158178,0.6531455675044,0.7295956943652,0.0203175390411,0.5914068810839,0.0019033289300,-0.1236782921030,0.2402160976866,0.2713917052392
0.6773919823685,0.2878578296529,0.5972629227533,0.4723207315118,0.4181856019276,-0.4891984274312,-0.0473057496237,0.5605982438118,-0.5020401162745,0.0748724899352,-0.4254435254674,-0.0268660634577,0.0507780844899,-0.0638247588137,-0.0056547279092,-0.0041115936379,0.4915830666239,1.0000000000000,0.1412199739123,0.7436382543721,0.1252659580948,0.7176287681403,0.5145580358828,0.7787112847523,0.5361577548196,0.0561253681404,0.2223738535096,0.5318712800443,0.6566283684850,0.3419925772854,0.7188910232337,0.0979699764958,-0.2652596477541,0.2637957938698,0.5148187782390,0.2305397621437,0.3400482355921,0.4498316844707,0.4064521095179,0.4591732625115,-0.3981326603228,-0.3197954268908,0.3293102425897,-0.5398978395020,0.0494133162093,0.0211466225171,0.0177433380467,0.3327914337789,-0.0951155125129,-0.1402462829708,-0.2299918855760,0.3626777713553,0.6104349540245,-0.0967187336809,0.5578121099732,0.2331112057394,0.5510055503901,0.4027041776661,0.5124968707123,0.4515466326270,0.1219082744063,-0.0145352172758,0.6138240493938,0.6413012863463,0.0452257611061,0.4143532403398,0.0529934176169,-0.1027885158558,0.1958032353093,0.1451637359646
0.0510066634628,-0.0480699487079,0.0970942815679,0.0707527427047,0.0030784257717,0.2351782759994,0.2972174037065,0.1565891419239,0.2882254848605,0.0948881079532,0.2771312807079,0.4845789353861,0.2897311017399,0.1591815784724,0.5608492621127,0.2860688974664,-0.0741391240469,0.1412199739123,1.0000000000000,0.3393435626522,0.0925078144918,0.0776717821710,0.0282907361669,0.0729666457750,-0.0548418398611,-0.0221270014714,0.0840950219142,0.0962199035884,-0.0080310964831,0.2586519784131,0.0609868301889,-0.0346259108802,0.2134661570282,0.0110626960323,0.1258475487921,0.1188958418275,0.0697102675543,-0.0050372469846,0.0753135633140,0.0353313025270,0.1665111921278,0.0605800882786,0.0558234182760,0.2325680489796,0.0786835381544,0.2005888204707,0.3346917672752,0.1841943818834,0.0283043641204,0.3827896222693,0.1510530909581,-0.1360132829037,0.0365551672828,0.4814304177298,0.2120535640188,0.0722943137075,-0.0736595459568,-0.0001729635336,-0.0435478198432,0.0117349688379,-0.0244835072139,0.0340570221352,0.1183143333240,-0.0188671118762,0.1716732490174,-0.0411242610864,0.1541422229956,0.1105597903628,-0.0157930192847,0.0737560161296
0.4650174173710,0.2667936766688,0.5137176190571,0.3927161147807,0.3699332731451,-0.4690353023620,-0.1219454322509,0.5789370523432,-0.3548920850389,0.2504689831789,-0.2838764205524,0.2166571998911,0.0916795983462,0.1517648495626,0.0995099252324,-0.0156617871911,0.4494146754010,0.7436382543721,0.3393435626522,1.0000000000000,0.2934798885268,0.5269363427528,0.3959571385524,0.5546813847571,0.5019477936060,0.2978360729289,0.3744824425517,0.5944558690445,0.5608573534990,0.2254363946486,0.5042364162730,0.3171547534772,-0.3479612955328,0.2095884957542,0.4580501198476,0.1547768062641,0.2088833962763,0.2303223406368,0.3278425456491,0.3390331743978,-0.3541870621831,-0.2419566317634,0.0764806929610,-0.4490453540552,0.0559471084307,0.1565553021606,0.0053069255135,0.3206291263143,0.0459372506121,-0.0916413686832,-0.2205777609572,0.3330220139494,0.3003282635166,-0.1603761738997,0.4686516204262,0.3119228279772,0.4439102966585,0.2667077936851,0.3460620486374,0.3238275694011,0.3681177770591,-0.1533353263080,0.4849079045924,0.5020456616092,-0.0338932779885,0.2877704414016,0.0804528768976,-0.1897304027597,0.2215679812757,0.0279370289908
0.1779471578348,0.1040877813435,0.0932883382991,0.3057228528920,0.5344490771768,-0.1434864471550,0.1561619453540,0.1477404543047,-0.0671807776640,0.3868747001357,0.1106181100516,0.2044857565678,0.5353234204986,0.3126386148922,0.0581606014463,0.1281241273347,0.1780125273326,0.1252659580948,0.0925078144918,0.2934798885268,1.0000000000000,0.2051758830274,0.0473530855083,0.1930141632930,0.3365861505996,0.3501280777297,0.1646898605427,0.1708014007145,0.2714153359220,0.1997265092968,-0.0797399180322,0.3073222992948,-0.2701490375119,0.2598061030742,0.2691847416869,0.1634030294463,0.0997703234030,-0.0872559609986,0.3108315581881,0.5398356079883,-0.0197760371742,0.3004006926017,-0.0693508123868,-0.0383739818656,0.4362410102987,0.5348235522348,-0.0122324302511,0.6508277225872,0.3002688872157,0.0189187148075,0.0498180640301,0.2042939129807,0.0731993178182,-0.1110674767019,0.1599962950539,0.8648859880529,0.1847301635202,0.1613090059900,0.1660465560884,0.3597235044847,0.3293994367763,-0.1129630876407,0.1046556325509,0.2924019654193,0.1423801685842,0.0213063899385,0.1487753915278,-0.3064525900140,0.3704811808355,0.1776450938045
0.5564784261831,0.3507214594279,0.5867493900515,0.5338620233959,0.4415574303606,-0.4041092025158,0.0934619292550,0.4417482148551,-0.4420890334044,0.1462626151422,-0.3964914753510,-0.0563709495242,0.1802653832125,-0.0068784056075,-0.0821740829093,0.1093614191164,0.6421626513014,0.7176287681403,0.0776717821710,0.5269363427528,0.2051758830274,1.0000000000000,0.6212927396498,0.9030370178019,0.5818519445679,0.1022720344848,0.2327906920750,0.6290610682248,0.7103113692027,0.3704274047108,0.7089950763108,0.1285152344567,-0.2423442695319,0.2398239041238,0.5062543318656,0.2969183326523,0.3572488590356,0.4461588365845,0.4184647354655,0.4890680591378,-0.3365187957701,-0.2312089629262,0.2744827170621,-0.4827465769912,0.1329859798527,0.0223017380957,-0.0072692005624,0.4098521477392,-0.0254715260167,-0.1630493228523,-0.1426805254363,0.5443261126477,0.4932921202370,-0.1396988497755,0.4324081466955,0.3193612444662,0.7906977467501,0.5647307118548,0.7223893416383,0.5938905734786,0.1174849977946,0.0230248105878,0.7036998255179,0.7744752588504,0.2312927741335,0.4972028270288,0.0888437515086,-0.1081725065885,0.3365795049969,0.2754953680919
0.4355766032358,0.5597734718034,0.4154165492262,0.6562966387346,0.3930750110497,-0.2361186860698,-0.0225213794753,0.3610282572147,-0.2763498187877,0.1479361643409,-0.3177693148429,0.0095181083040,-0.0118899235409,0.0906881411199,-0.0657532164807,0.1140092990165,0.4624402680996,0.5145580358828,0.0282907361669,0.3959571385524,0.0473530855083,0.6212927396498,1.0000000000000,0.5663963668350,0.5729662978152,0.2122137685444,0.2260488184520,0.5260732273293,0.4806223541110,0.2020567507260,0.7200431087721,0.1493066399451,-0.0961147312131,0.1420857494336,0.4407296465647,0.2468500056366,0.5150933609222,0.2825782042273,0.5392406339973,0.4314324586023,-0.2444666967135,-0.2070987196372,0.1220615949757,-0.4129746465547,0.0826713753495,-0.0554341408583,-0.0351306103552,0.1529848963579,0.0672312607712,-0.2064000241210,-0.0874088812459,0.3856566377339,0.2985341420316,-0.2480483123192,0.2858511320349,0.1645135415101,0.5254516827857,0.7300001691108,0.4709234748541,0.4843304464182,0.1194094953357,-0.0910883788022,0.4869245928695,0.4698592832205,0.1976743497558,0.5250121138014,0.1274345735593,-0.0108570267040,0.2358374694210,0.2204905105751
0.5790307382994,0.2920862770863,0.6916091319338,0.4592774285730,0.3549983204955,-0.4900800375784,-0.0204929483727,0.4567232854825,-0.5761884133592,0.0391883123984,-0.4849795435935,-0.1077487889386,0.0876400798353,-0.0887435345217,-0.2281137124276,-0.0057899031899,0.7558089212091,0.7787112847523,0.0729666457750,0.5546813847571,0.1930141632930,0.9030370178019,0.5663963668350,1.0000000000000,0.5720183757838,0.0287187076829,0.2612683727909,0.6261001132594,0.7713857312340,0.2650680765591,0.6747573562017,0.0318256015096,-0.3374258863187,0.2382705400812,0.4949645834047,0.2977356472406,0.3037842452935,0.5795129923447,0.3647888375644,0.4266643280670,-0.3175358459687,-0.2349571165336,0.3944025176545,-0.5470959561835,0.0262397152951,-0.0436009024880,0.0093700495940,0.4000045909531,-0.1074081825131,-0.1997593120912,-0.1947526346018,0.6623028369407,0.6279538729696,-0.0658062608807,0.5425051831167,0.3041514095633,0.8279220593205,0.5198191884479,0.8076780801677,0.5924589955597,0.1182793350230,0.1267399995206,0.7555332943157,0.8068396024348,0.1355532704050,0.5587993324779,0.0015647474020,-0.1471010826114,0.2820568496715,0.2949355499813
0.3920303624112,0.4243760454766,0.5982191155774,0.6056064701824,0.6511928292095,-0.4776607683307,-0.1529518531087,0.6043339585214,-0.4619286794183,0.5260151314843,-0.4365439623403,-0.0454782745181,0.0488696584101,0.2946952640687,-0.1354836977689,0.0430488083151,0.5357175836988,0.5361577548196,-0.0548418398611,0.5019477936060,0.3365861505996,0.5818519445679,0.5729662978152,0.5720183757838,1.0000000000000,0.4501512138553,0.3022987671719,0.6865791082298,0.7749364313640,-0.0721944694996,0.4535696943680,0.4377633699381,-0.3631930676919,-0.0279622981187,0.2230809127520,0.1019286959359,0.3383433577721,0.3718532960487,0.3954550672525,0.6328765018779,-0.3872048953535,-0.2403434241012,0.2154404748194,-0.5033514321049,0.4320415023361,0.1124916510735,-0.1801542728370,0.3410685284331,0.2871797886957,-0.0985364330178,-0.1903011756505,0.4705171290938,0.3521558155737,-0.3412976849315,0.2322136923426,0.4251006987279,0.6034799269396,0.4720434422016,0.4924566814390,0.8451344744535,0.4298476140176,-0.2002401763458,0.6029959694193,0.7023149465506,-0.0429663558797,0.4233324375367,0.2026234238194,-0.2233486111806,0.1800849599244,-0.0629841990066
0.1001629671385,0.3995996396447,0.1827389525874,0.3971350889364,0.3520555831774,-0.1614882416067,-0.0418348797027,0.2717899177649,-0.0359047589062,0.6400280846989,-0.0452745559330,0.4551532484130,0.0117964334993,0.8214882065973,0.2290518676814,0.2248948560569,0.1578457574037,0.0561253681404,-0.0221270014714,0.2978360729289,0.3501280777297,0.1022720344848,0.2122137685444,0.0287187076829,0.4501512138553,1.0000000000000,0.2145774911992,0.5320115625589,0.1534777443567,-0.0609092969209,-0.0041364632627,0.7190279706215,-0.2184943190470,0.1378531481563,0.0687680640808,-0.0753489378576,0.1883776193930,-0.1382324928523,0.3337483337249,0.2161545937257,-0.0800443518605,-0.0183684417532,-0.3562276904150,-0.1566023211093,0.3827174552445,0.1620997738056,-0.0543873066714,0.1389071312066,0.7494416198332,0.0798175895367,0.0046742002129,0.1367679976978,-0.2370651478566,-0.5391207284132,-0.2755184975343,0.2425291433777,0.1826646940715,0.1046717635593,0.0408530282101,0.2387330626829,0.7781376777597,-0.4909868254521,0.2367593039904,0.0784038086549,-0.0785000937098,-0.0022827650175,0.2909347669607,-0.1731680009622,0.2141582250374,-0.2042009826723
0.1634569949480,0.4661595714069,0.2555401956098,0.2633495275818,0.0977839217108,-0.1875352707334,-0.1688038777795,0.3911513209706,-0.0559108846183,-0.0106504640200,-0.1361860595000,0.1735928810758,-0.0749671440686,0.0743182233269,-0.0472808564860,-0.1111418967644,0.3956834712230,0.2223738535096,0.0840950219142,0.3744824425517,0.1646898605427,0.2327906920750,0.2260488184520,0.2612683727909,0.3022987671719,0.2145774911992,1.0000000000000,0.3643066087497,0.3543639695974,0.0275262574075,0.3060220293937,0.0881100302195,-0.1715309013239,0.1345247141706,0.2969396979467,0.0835947613556,0.3853091544647,0.1439045970152,0.2923752859585,0.0615910617249,-0.0835394381833,-0.0602038582290,0.0848943751769,-0.1498444129556,-0.0684705016561,-0.1290482348558,0.0154125887111,-0.0218685147449,0.0958467301195,-0.1443227740268,-0.1207616341787,0.3632594013333,0.0264570698421,-0.1167681473426,0.0896835979144,0.1090437618227,0.2142868542049,0.1446174922207,0.1674866912002,0.2413671511851,0.2977381821934,0.3321001995962,0.2180623908449,0.2634010484187,-0.0762323147608,0.1449405495448,0.0836065030247,0.0026283397126,0.1395257412279,0.0808236058207
0.3297387185001,0.3962363915226,0.7907227791038,0.4411326490127,0.3751525223420,-0.3818850358827,-0.1658094957112,0.5537761314723,-0.3579536050804,0.4847767521192,-0.3172466438587,0.1289588143904,-0.0869553412722,0.3810574614511,0.0212384576630,0.0612811537272,0.5659763958208,0.5318712800443,0.0962199035884,0.5944558690445,0.1708014007145,0.6290610682248,0.5260732273293,0.6261001132594,0.6865791082298,0.5320115625589,0.3643066087497,1.0000000000000,0.5809633232993,-0.0249186760713,0.4585312660282,0.4976668641980,-0.2672103282088,0.1231810878493,0.1781095167864,-0.0229838805808,0.2737743130373,0.4767239648828,0.2972276474240,0.3431020326071,-0.2965946580721,-0.3205408522254,-0.0494732267350,-0.5334677550911,0.1868715740576,-0.0376350651789,-0.1920163575181,0.1819128719876,0.1980914080299,-0.1487668438658,-0.1928495379674,0.4801560116512,0.1467566116851,-0.4261100416981,0.1206802979840,0.1823265009095,0.6207921266748,0.3407626542341,0.4886747314316,0.4787731607438,0.5357168382171,-0.2631485624335,0.8225151905903,0.5043174591220,-0.1393354973257,0.2810975435392,0.1391875826332,-0.1667858612010,0.1256093771732,-0.1610546833704
0.4927362046270,0.3193246370800,0.5916931868543,0.4680117744000,0.4366866095368,-0.6113558981842,-0.1384112644253,0.6226642895361,-0.5463734059796,0.1284616768112,-0.4504644954171,-0.0893175544547,0.0338219100780,-0.0127539183893,-0.2522796555102,-0.0953741530241,0.6465953024970,0.6566283684850,-0.0080310964831,0.5608573534990,0.2714153359220,0.7103113692027,0.4806223541110,0.7713857312340,0.7749364313640,0.1534777443567,0.3543639695974,0.5809633232993,1.0000000000000,0.1058463860120,0.5778329975545,0.1674297568426,-0.4928037217497,0.1025242504365,0.3511949536016,0.2753459226541,0.2903211860236,0.4529023681458,0.3145690738442,0.4693137656021,-0.4315323731584,-0.2778916325687,0.4680907151941,-0.5112569794614,0.1247516650770,0.0950931591195,-0.0866406919168,0.3621059967745,-0.0019943025959,-0.1557707129022,-0.2653970831923,0.5902316968397,0.5348487068891,-0.1283973032952,0.4302957623365,0.3464346655114,0.6928602991167,0.4532039326078,0.6415181707761,0.6986548260518,0.2351553957325,0.0685329809390,0.6380642808339,0.8554616042863,0.0266820319388,0.5589245126825,0.0786980182623,-0.3022325115020,0.2044141533951,0.1048611422463
0.4073813005739,0.1307866125981,-0.0455898054167,0.2561257728566,0.0618433919187,0.0885285716041,0.4706750766430,0.0148509045877,0.1375991712569,-0.1308081790687,0.1901333845822,0.3139270914579,0.2471299962496,-0.0169496213551,0.4209531566847,0.2976890510682,-0.0215951419378,0.3419925772854,0.2586519784131,0.2254363946486,0.1997265092968,0.3704274047108,0.2020567507260,0.2650680765591,-0.0721944694996,-0.0609092969209,0.0275262574075,-0.0249186760713,0.1058463860120,1.0000000000000,0.3880391091689,-0.0729295301021,0.0467728286095,0.5958222726437,0.5111532538430,0.2687759943773,0.1530739465089,-0.0418379336873,0.2850922208898,0.1151886154149,0.1137353074482,0.0606827746708,-0.0093227351220,0.0252410008132,-0.0051186881580,0.1472317715286,0.2146394118807,0.3108961487541,-0.0631905601848,0.0546379011934,0.2156549844749,-0.0954969116738,0.0666846581232,0.0838844932916,0.1838551339314,0.1140575189165,0.0464734862895,0.1845549259148,0.0587922216640,-0.0110918534968,-0.1649952037589,0.0035497476672,0.0567869025706,0.1657816304143,0.5933142194276,0.0665596036652,0.0472518755660,-0.0425373704607,0.4858178802247,0.3812713771668
0.5061822852734,0.4367243411546,0.4197195271757,0.4654077541792,0.2094992061581,-0.3444518882317,-0.0076895475686,0.4526436910648,-0.2949995713059,-0.1276120640088,-0.3560776363964,-0.0111968216505,-0.0598695540145,-0.1529852065119,-0.0274183535720,0.0260721485181,0.4067607594465,0.7188910232337,0.0609868301889,0.5042364162730,-0.0797399180322,0.7089950763108,0.7200431087721,0.6747573562017,0.4535696943680,-0.0041364632627,0.3060220293937,0.4585312660282,0.5778329975545,0.3880391091689,1.0000000000000,0.0059527843187,-0.1568389394252,0.1815407766863,0.5159116288440,0.2161666765557,0.4244844913041,0.2833910410710,0.4072281271042,0.2933638097040,-0.3612499639866,-0.3484071762479,0.2259175838989,-0.4711348633368,-0.1916110145833,-0.1673262645399,-0.0015888185602,0.1154574949526,-0.1690730075381,-0.2841137789471,-0.1540565344314,0.2632471363510,0.3559951793193,-0.1228801049461,0.3742006518553,0.0268725130847,0.4613596901045,0.5272096201175,0.4026521240477,0.3613482665691,-0.0294305622730,0.0044759600346,0.4775849315580,0.5522071235193,0.2033712771744,0.5429693430167,-0.0523425974930,-0.0401406847844,0.2392825171790,0.2250288391084
0.0219633192537,0.1905438233185,0.3033967872739,0.2551400573821,0.3452738898586,-0.1037181144168,0.0388172290982,0.3922289388772,-0.0127743713695,0.7186039827748,-0.0310188081096,0.2754598475475,0.1275714035902,0.7219857163616,0.2598993875748,0.2904392637322,0.0322897082377,0.0979699764958,-0.0346259108802,0.3171547534772,0.3073222992948,0.1285152344567,0.1493066399451,0.0318256015096,0.4377633699381,0.7190279706215,0.0881100302195,0.4976668641980,0.1674297568426,-0.0729295301021,0.0059527843187,1.0000000000000,-0.1325787548056,0.0509416319829,-0.0795514719997,-0.3280419668901,-0.0085029294414,-0.1091981617669,0.0733561170444,0.2865272763006,-0.0798554988211,-0.0052474096477,-0.3668635013795,-0.2120384994729,0.3724316654648,0.1998263494898,-0.2693800863203,0.2379614688184,0.5270474601653,-0.0069787432583,0.0325512289983,-0.0089080406784,-0.2511303196603,-0.5510218606105,-0.2649097971261,0.2453734974092,0.0589707349109,-0.0368075602069,-0.0778303586614,0.1874625550613,0.5221387139713,-0.5939443820507,0.2058140751651,0.0647986679311,-0.2021702703443,-0.1795864669907,0.3418258736694,-0.1179763805357,0.0211921315194,-0.4127931315403
-0.2210093237308,-0.0943215661981,-0.2288933629082,-0.1086336184331,-0.0250625421149,0.8411538920040,0.3556781064009,-0.2889704718127,0.6507110141836,0.0358281018594,0.5258392536487,0.0519275410267,0.1786577708776,0.0074727803084,0.3922171932995,0.2461532064217,-0.4542146827151,-0.2652596477541,0.2134661570282,-0.3479612955328,-0.2701490375119,-0.2423442695319,-0.0961147312131,-0.3374258863187,-0.3631930676919,-0.2184943190470,-0.1715309013239,-0.2672103282088,-0.4928037217497,0.0467728286095,-0.1568389394252,-0.1325787548056,1.0000000000000,-0.2107783361540,-0.1285984754863,-0.1693983160837,-0.0780467115713,-0.1688648457738,-0.0692590339183,-0.0427067268801,0.5414765342189,0.2894438034368,-0.2349156321170,0.5417475379235,0.0726135552349,0.0351801779230,0.0392234934191,-0.2100400055778,-0.0023843645239,0.1955171374568,0.3491434478780,-0.4515196017953,-0.1991779719729,0.0754465400485,-0.2675342660190,-0.1878416643801,-0.4110268078418,-0.0709878287127,-0.3413790250474,-0.3009937946468,-0.3814374325438,-0.0567490914060,-0.3015766243061,-0.5307195654970,0.1830552947393,-0.2737333520766,-0.0714631777520,0.6938241590810,-0.2898851644146,-0.0273359473325
0.2637685774863,0.1126169890901,0.0871829265092,0.2361505517068,0.0791806460319,-0.0817377008411,0.1925096186338,0.0636518085960,-0.0336248931155,0.0067440673528,0.0378119050037,0.2836556273843,0.0528559679785,0.0915411021583,0.1508728467821,0.1323338204685,0.1210822457786,0.2637957938698,0.0110626960323,0.2095884957542,0.2598061030742,0.2398239041238,0.1420857494336,0.2382705400812,-0.0279622981187,0.1378531481563,0.1345247141706,0.1231810878493,0.1025242504365,0.5958222726437,0.1815407766863,0.0509416319829,-0.2107783361540,1.0000000000000,0.4359708479028,0.0814814814996,0.1092884882431,0.0121267838920,0.3072629029218,0.0640491391053,0.0903886637872,0.0489149491380,-0.0772880614199,-0.0693350953179,-0.0126931110073,0.0203077853081,0.0877941276536,0.2158368406263,0.0205093344618,-0.0665574128984,0.0969531826473,0.1288653156549,0.0003089639507,-0.0769565737725,0.1072254377505,0.1139454051888,0.1107342662565,0.1150288523011,0.0899811926535,-0.0418748699692,0.1833127116084,-0.0224939072910,0.1247862690102,0.1319088814280,0.1626500458286,-0.0368471856668,-0.0216588345763,-0.2642844862576,0.5696220487683,0.2868305497981
0.4363029182840,0.4903395443415,0.1023673495755,0.5375081363427,0.2765162499672,-0.1370067798039,0.0785804171976,0.1697858845222,-0.1905097675063,-0.0618338097125,-0.2169911406862,0.2113276712803,0.1891946407656,-0.0687409096658,-0.0305126417977,0.1144061015861,0.3866314417012,0.5148187782390,0.1258475487921,0.4580501198476,0.2691847416869,0.5062543318656,0.4407296465647,0.4949645834047,0.2230809127520,0.0687680640808,0.2969396979467,0.1781095167864,0.3511949536016,0.5111532538430,0.5159116288440,-0.0795514719997,-0.1285984754863,0.4359708479028,1.0000000000000,0.4143792922919,0.4281730021124,0.0590283750372,0.5779430871059,0.2497605836430,-0.0320708330866,0.1192731731621,0.1240008353752,-0.1398970159336,-0.0181433183945,0.1227254411241,0.2456463676839,0.3544297890061,-0.0454496364616,-0.0979719433152,0.1107177633427,0.3461791059492,0.3705672698227,-0.0432943095721,0.3773344988555,0.3262980397080,0.4046428860491,0.5212421375344,0.4271935496464,0.2255739236897,0.0312727743186,0.1034440435893,0.1996811226722,0.3879927910036,0.4226510817892,0.4547063352107,-0.0228824234210,0.0480261718237,0.5260313029435,0.7181000072846
