1.0000000000000,0.5914244233697,0.3516371775949,0.6463857009307,0.7020459629909,-0.0086901114728,0.5730060402043,0.6802197405486,0.2657727263302,0.3441933745832,0.4582970751155,0.4147548338710,0.7765741118748,0.2863255895549,0.5814461929577,0.5417474223315,0.5005585364071,0.6539818183124,0.4544504133729,0.5867286265099,0.7119222886453,0.6069009420373,0.4258964900524,0.6037848398019,0.5964313629557,0.3072163437017,0.3357163183160,0.3904712419908,0.7022571522025,0.6341544785610,0.6228125038526,-0.1118009147555,0.0504072388081,0.4659165349419,0.8030120399575,0.5931494836479,0.3347899420119,0.1033890401721,0.5381664080573,0.6742503014121,0.1291748213067,0.5156975971019,0.3178376358515,0.0734677094849,0.3157567078333,0.5117116667676,0.5021749378279,0.7094423684706,0.2310032335079,0.0808575581854,0.3316128585788,0.3993447183303,0.1836636655001,-0.0053769547558,-0.3533534458933,0.7067150368224,0.2925865863575,0.4037587514735,0.3535314748543,0.5175952716751,0.0857470152446,-0.0908884770001,0.2407132235586,0.5795601017642,0.2516515688401,0.1967216887504,0.2140052452105,0.0645637334718,0.1789797544589,0.5592942068565
0.5914244233697,1.0000000000000,0.3541801017951,0.6238683806435,0.4612267015684,-0.1416098781109,0.2521904266437,0.4987752581042,0.0368878673176,0.2489870916339,0.0690731370105,0.2867592046635,0.4802070068869,0.2427919306027,0.2576796972153,0.3618445367761,0.4936319885595,0.4382568292323,0.1803471077436,0.3827448417701,0.4224229642858,0.4134335593201,0.4767962313093,0.5358546955592,0.5453825264284,0.4201314431695,0.5761287824293,0.4390981106889,0.6020659762021,0.2531256062177,0.5437339126837,-0.1048048069790,0.0771547639403,0.2126753975182,0.6573917351283,0.5399077740487,0.6135564748076,0.1861092509407,0.6524296510899,0.4257877098158,-0.1822031297408,0.3203646434450,0.2482105412360,-0.1166667558634,0.1640578882410,0.1672483037384,0.4729092216759,0.4925166861739,0.1598279837828,-0.1176883161590,0.1347825923813,0.3913001868296,0.3113108199100,-0.2324975593866,-0.2054192812259,0.3551200547404,0.3739561733940,0.5821382218320,0.4191162578667,0.4281798614068,0.1430588945694,0.1496014794677,0.3040921559836,0.4526891105770,0.0772490468358,0.4615800817017,0.0932706387083,0.0828290827878,0.0445698598343,0.5305813202721
0.3516371775949,0.3541801017951,1.0000000000000,0.4007836586577,0.3508958278307,-0.1185583950662,0.1692480328803,0.6117385264725,-0.0767170124699,0.4564184324697,-0.1055973993574,0.0063100805430,0.2415876770362,0.0921722416527,0.1225360119935,0.2061454011192,0.5997588292904,0.3607918682874,0.1390160447534,0.2162848008788,0.3394563591329,0.6980744084194,0.6079814999503,0.7156767733403,0.6571287015333,0.2259617826428,0.3551107021315,0.7912290329829,0.6389888187405,0.1433199424296,0.6414902492149,0.2346012156242,0.1290407697557,0.1164802569909,0.2270390875057,0.1229948518484,0.1207763457514,0.6081427892826,0.1764283008556,0.4128169154851,-0.2190586119779,-0.0624045021290,0.4052226656994,-0.4212565786413,0.4224126036633,-0.1449644444301,0.0964495507060,0.3482960815296,0.0001686941497,-0.0691262934020,-0.0705777639042,0.4608951537099,0.3599782753690,-0.2503738666348,-0.1322134936519,0.2511411358774,0.5440409380627,0.4478489216804,0.5244977321532,0.6285102821816,0.1298952675685,-0.1177486413468,0.6759313249251,0.6199935360896,-0.0398485333287,0.3002853176689,-0.0076256485370,0.0109947168364,0.0190514575050,0.0243839111385
0.6463857009307,0.6238683806435,0.4007836586577,1.0000000000000,0.6796506940723,-0.1645789872516,0.3580488788549,0.7315635273117,0.1467841015676,0.5101136570910,0.2317014871987,0.4023812314518,0.5451622655421,0.3332029515222,0.4554053872595,0.3306399271233,0.4594752085370,0.5037633208401,0.3108721513741,0.4185978143475,0.7053985560190,0.4770305749792,0.5318088162728,0.4532423284382,0.7087229133573,0.5731956770153,0.4256581924226,0.4475929413434,0.6648529269173,0.4704039468742,0.6376592865783,0.0535964574941,-0.1134224412194,0.5061261967670,0.6824776051422,0.5014153023572,0.4244312208767,0.1154046991379,0.7089118676278,0.5985887738403,-0.0811719842773,0.3030026680202,0.4177899956904,0.0040279161851,0.5085618838613,0.3037025366336,0.4991061536856,0.6131556236158,0.3515507751908,0.2505018572846,0.1870020257146,0.3880771354827,0.1463453168090,-0.0879306285172,-0.2554362270692,0.6233768769107,0.2402762664569,0.4977725151695,0.2609641766642,0.5709416284961,0.3408515756341,-0.0060259250669,0.3558904834838,0.5638713010728,0.2884746656129,0.2536211465912,0.4021867856144,-0.0831435367317,0.3412356735059,0.4795503892651
0.7020459629909,0.4612267015684,0.3508958278307,0.6796506940723,1.0000000000000,-0.0500349163027,0.3293872508774,0.6838472481628,0.1500483033894,0.5618607386215,0.3488924888814,0.1804799062078,0.7406739054115,0.2402407984216,0.3172447831686,0.3652817616872,0.3882187552875,0.5421845744440,0.1913297139741,0.4305113394239,0.7840237683323,0.5453404744467,0.4518497758692,0.4750093705583,0.6373703727044,0.2508953693717,0.2883973534272,0.3161169800952,0.6576140066484,0.3830300409749,0.5783118030688,0.0161355257494,0.0018317087077,0.4968801596416,0.6345358923825,0.4627174249385,0.2267950661797,-0.0255499780421,0.5607147868366,0.8799998985041,0.0716839128294,0.4937393385385,0.2634031319313,0.0434861752862,0.5105622457720,0.5439068259195,0.2504296962303,0.7218367204052,0.0714843851934,-0.0239451387150,0.1895807689156,0.2903061401090,0.1470034781640,-0.2367528632750,-0.3444060938855,0.8387606529128,0.1986260369529,0.4335285458130,0.2156156894222,0.5377687103252,0.0671951846329,-0.2181894394133,0.1122838277321,0.5444786643285,0.1387012084079,0.0976910289234,0.1355851930731,-0.1407664636553,0.3254748387909,0.5169700715157
-0.0086901114728,-0.1416098781109,-0.1185583950662,-0.1645789872516,-0.0500349163027,1.0000000000000,0.3292188995233,-0.0628833481883,0.7259793786142,-0.0175795431366,0.4985920466376,0.1993570045860,0.0172510297974,0.1475559729455,0.3411100297991,-0.0478153573517,-0.2604173691686,-0.2705510963089,0.0947700154762,-0.2043484834798,-0.1483255300444,0.0148972031413,-0.0711059370506,-0.1485143048104,-0.1639599590854,-0.1437636718478,-0.1023916827678,-0.0716007126800,-0.0674179159850,0.1140605207731,-0.1036335864829,-0.1084893879125,0.5735156440813,-0.0258794776807,-0.1059222784315,-0.0446350698443,-0.1975849424256,-0.0894730527707,-0.0872560863063,-0.0157030715241,0.7262563468624,0.2791983629507,-0.2408538253768,0.5465348574182,-0.0356325272885,0.2089129627053,-0.0969190302770,-0.2229208051583,0.1400182829592,0.0290781382260,0.2350875037142,-0.2489124151195,-0.3178376166769,-0.0018650795646,-0.3653751632882,-0.0828306952217,-0.2008860769736,-0.1066726513240,-0.2154686965692,-0.0831318402237,-0.0840759084400,-0.1509508084483,-0.1397751007579,-0.1884215319712,0.0644723999629,-0.2597002154178,-0.1116333468876,0.5306722223143,-0.0159466768118,-0.0357490066784
0.5730060402043,0.2521904266437,0.1692480328803,0.3580488788549,0.3293872508774,0.3292188995233,1.0000000000000,0.3971205452829,0.6143115035370,0.1979283901107,0.7247956391737,0.6513686649468,0.6986457346023,0.4437940123532,0.7648668383414,0.6677091449807,0.2475569958089,0.2564729489077,0.5986237024206,0.2809935955963,0.4913736954451,0.4633159685342,0.1463776800754,0.3261670768699,0.2802768536713,0.2346300734544,0.1695170924895,0.2516345768528,0.4172343353623,0.7336951744828,0.3609558141626,0.0079393560194,0.1432842317376,0.3416922876665,0.4349951766998,0.2593753730777,-0.0193647665256,-0.0279469359425,0.1944057023140,0.3357189949657,0.4776122712177,0.6089214635271,0.0447563862868,0.3968150657407,0.1479794905543,0.5603530530584,0.4155275904649,0.5033936388783,0.4726310865696,0.3475246476251,0.6165580376072,0.2171153046054,-0.1995769958085,0.1955331647031,-0.4220285603232,0.4114913246633,0.1451694567168,0.1092601732656,0.1447367973855,0.3121786882597,0.0968945999653,-0.1767405401237,0.1670590431595,0.4068161843656,0.4633628394636,-0.0561187168718,0.2892836010331,0.2964948350150,0.1473867259906,0.2128999914023
0.6802197405486,0.4987752581042,0.6117385264725,0.7315635273117,0.6838472481628,-0.0628833481883,0.3971205452829,1.0000000000000,0.2034340831282,0.6111657086878,0.3041504029222,0.2403904889153,0.6187771381892,0.3528035698184,0.4980099742151,0.4067211444316,0.4997518363845,0.4163026704422,0.3154661027263,0.3281894707631,0.6191249036621,0.6160009769881,0.6401490269163,0.4612234359913,0.7983985643466,0.4627912241757,0.3924024287483,0.5727787601061,0.7800809289544,0.3471229208286,0.7151713410589,0.1025934205742,0.0996909144160,0.3886319832456,0.5387254612729,0.4110244862327,0.3575668664449,0.1893507874193,0.5735384665224,0.6879800084613,-0.0206263366974,0.2944128441814,0.5588105957609,-0.0911284183145,0.5711856979954,0.3624531903456,0.3471881852526,0.5948533527644,0.2860842666787,0.2212767143284,0.1529896159793,0.3142814498643,0.1238423385767,-0.1776475763415,-0.4176204825827,0.5854600793690,0.2844495912751,0.4815518541038,0.2543939942733,0.6903942495215,0.2796024204297,-0.1455468786029,0.4080983374155,0.6477279078342,0.0497646346671,0.1508151157657,0.3012644777084,-0.0638731005902,0.1319459388795,0.3221047167062
0.2657727263302,0.0368878673176,-0.0767170124699,0.1467841015676,0.1500483033894,0.7259793786142,0.6143115035370,0.2034340831282,1.0000000000000,0.0289579011793,0.7884648703673,0.5501276380279,0.3066598001243,0.3628221892012,0.6839166683199,0.1468603903922,-0.1311927684331,-0.1095579273633,0.3812065430323,-0.0375709143084,0.1646368596546,0.1135673346487,-0.0049448967240,-0.0808732626605,0.0093363067140,0.0492096338081,0.0430501267026,-0.0420320914762,0.1271761389441,0.3945911913079,0.0738738912240,-0.1366556006195,0.3852348828214,0.2174314697459,0.1361949591569,0.0686300949306,-0.1153803751383,-0.1570665688170,0.1340651482975,0.1375618977692,0.6846637412688,0.4264165063799,-0.1303862051711,0.7300819721780,-0.0117719867243,0.4499628902898,0.2415337436202,0.0124722980179,0.3978377078311,0.1916312254136,0.3806182095564,-0.1496365413668,-0.4265408253483,0.1709883197643,-0.4784100378186,0.1817305720644,-0.2302541953808,-0.0554716062416,-0.2405611870636,0.0394318992504,0.0253107452883,-0.1128007489460,-0.1052248613790,-0.0091955728897,0.2067619980361,-0.2811573203556,0.1448452346882,0.3461589816332,0.0914268164009,0.1339891164113
0.3441933745832,0.2489870916339,0.4564184324697,0.5101136570910,0.5618607386215,-0.0175795431366,0.1979283901107,0.6111657086878,0.0289579011793,1.0000000000000,0.1165659141045,0.1833492744236,0.3556530002993,0.5285918712130,0.3243630453612,0.3360849014722,0.3966546651688,0.1368238107362,0.1939271321052,0.1395159468585,0.4809781911068,0.3971831004755,0.4015617897659,0.2575545107115,0.7115985020392,0.5562992413471,0.1595315013405,0.5235130984128,0.4688733739849,0.1356581685622,0.3149758875882,0.4337910534424,0.0473927451757,0.2975182970878,0.2300125501033,0.1413584395486,0.2085011887790,0.1532966004275,0.3497483488813,0.4940940815422,-0.0126028013478,0.1634499343594,0.2998555607424,-0.1164192228602,0.8023217816878,0.2040334798427,0.0917797602530,0.4324565538278,0.3790603343266,0.2428034462636,0.2057293318006,0.3107314347872,-0.0158226540520,-0.2419219279991,-0.3462204541191,0.3942569393190,0.2482915059306,0.3319201218578,0.1676928644132,0.6451585968237,0.4319864778001,-0.3882992636702,0.3471456847158,0.4107831148089,0.0079022138769,-0.0314200775694,0.2801834018769,0.0141124894741,0.1873645305120,0.0052570894255
0.4582970751155,0.0690731370105,-0.1055973993574,0.2317014871987,0.3488924888814,0.4985920466376,0.7247956391737,0.3041504029222,0.7884648703673,0.1165659141045,1.0000000000000,0.5911221705094,0.5800402396629,0.4389356445351,0.7476529379428,0.3631652962923,-0.0299127405421,0.0865556293021,0.5163261027267,0.2304403463943,0.4375909341829,0.1625693152056,-0.0368902011543,0.0227448017095,0.0560344570022,0.1380778363805,0.0476865877734,0.0102185190102,0.2060447534330,0.5783047295647,0.0965214960552,-0.1667324743810,0.1373815228131,0.3926636165214,0.3289138746610,0.1478050042975,-0.0930733830526,-0.2286832566568,0.2326895102030,0.3008456987234,0.6973527854766,0.5736904264103,-0.1385685599457,0.6391962785253,0.0457528516710,0.7551560389471,0.2982853415002,0.2677896058698,0.4020476567566,0.2476641963376,0.5383192328498,-0.0291104739800,-0.4653427942139,0.2363936518170,-0.4670457135530,0.4459358745790,-0.2019240810156,-0.0351917335967,-0.1795194289118,0.0447767304323,0.0703596781003,-0.2020310147301,-0.0961656146395,0.0905923307999,0.3010208221529,-0.3374124182853,0.2084951418735,0.1276977738723,0.2133498103711,0.2846698287064
0.4147548338710,0.2867592046635,0.0063100805430,0.4023812314518,0.1804799062078,0.1993570045860,0.6513686649468,0.2403904889153,0.5501276380279,0.1833492744236,0.5911221705094,1.0000000000000,0.4038473084254,0.6245079292773,0.7717854836682,0.4263996907259,0.2123205007122,0.1547001666462,0.7644160999702,0.3978570782609,0.4402968203644,0.1203517112253,-0.0233071103997,0.1371981322472,0.1549843153225,0.5016682390416,0.2877214653323,0.1885534111026,0.2075053872086,0.5951483561917,0.0893580656470,0.0462821150780,-0.1056928798582,0.4519076348251,0.4521387732781,0.1621966366270,0.1275982025590,-0.0919280682590,0.2841562360804,0.1019513554979,0.3803086413048,0.4328206551035,-0.1137124052700,0.4838714645572,0.0533010377451,0.4638884009741,0.6814873193304,0.2811026883895,0.6727449985112,0.3987118905315,0.4957751516742,0.2289068024513,-0.3205289193380,0.3525328987380,-0.2650843255732,0.3130167751579,-0.0244477122541,0.0124145384061,-0.0140838616754,0.0870832104372,0.3959553398280,0.0352000988606,0.1396359809202,0.1908978181714,0.3837001954358,-0.1757600272755,0.4332659394037,0.2037049753786,0.1812395457959,0.2640498602944
0.7765741118748,0.4802070068869,0.2415876770362,0.5451622655421,0.7406739054115,0.0172510297974,0.6986457346023,0.6187771381892,0.3066598001243,0.3556530002993,0.5800402396629,0.4038473084254,1.0000000000000,0.3943926107274,0.5553497539291,0.6882129806525,0.3942470030039,0.4813189925615,0.4329235829779,0.4509975073891,0.7451206430318,0.5356759602018,0.3438066230892,0.4565592939627,0.4884992504072,0.2781602041439,0.3181684678386,0.2913219398828,0.6109168492579,0.5667146769708,0.5247131570185,-0.0965727618160,0.0541604082823,0.4000706439385,0.6556735550864,0.4503011428637,0.2091568315744,-0.0324157535572,0.4911552682407,0.6920177556099,0.1929047349058,0.7250564315795,0.1571431952247,0.1609731005461,0.2822377976903,0.6646056930608,0.4185649010233,0.8286438956361,0.2761080473070,0.1208293644027,0.4711987088008,0.3033056249296,0.0333399680795,-0.0069737197156,-0.3910774801575,0.7284133830976,0.2280849131262,0.3557147103777,0.2535945842526,0.4309080273587,0.0530780045327,-0.1501081831020,0.1234823204756,0.5248814029640,0.2574687729440,0.0557464422982,0.2045198941420,0.0087270509638,0.1544319826505,0.4765986214693
0.2863255895549,0.2427919306027,0.0921722416527,0.3332029515222,0.2402407984216,0.1475559729455,0.4437940123532,0.3528035698184,0.3628221892012,0.5285918712130,0.4389356445351,0.6245079292773,0.3943926107274,1.0000000000000,0.5842456505947,0.4882440997035,0.2803267482665,-0.0656405235182,0.4195237036192,0.1740293124020,0.3798706395653,0.1027244164197,0.1033000183680,0.0404783956494,0.3160663895575,0.7162092584282,0.2565524757656,0.2954033051337,0.2085856109082,0.3007904159513,0.0093949782989,0.3267030863716,-0.0633528684252,0.3446589132076,0.2226335107203,0.0682234414887,0.1175371934373,-0.0129205111836,0.3771907048791,0.1340524591771,0.2489507869246,0.3919720596147,-0.0579148026684,0.2842221231778,0.3629135583670,0.3702158264778,0.3699314314628,0.2616496865720,0.8273064799681,0.3496438713851,0.4646038160572,0.2428827728560,-0.3610098671834,-0.0345529300071,-0.3407987086510,0.2205339608384,0.0562686501109,0.1162591097320,-0.0037102558517,0.2475607145381,0.5036404521685,-0.1904887226269,0.1881026078431,0.1214369213381,0.1418519893976,-0.2274170053370,0.3809887171816,0.0663966435295,0.1390292250851,0.0861733694960
0.5814461929577,0.2576796972153,0.1225360119935,0.4554053872595,0.3172447831686,0.3411100297991,0.7648668383414,0.4980099742151,0.6839166683199,0.3243630453612,0.7476529379428,0.7717854836682,0.5553497539291,0.5842456505947,1.0000000000000,0.4763132064749,0.2395240751837,0.1454042527076,0.7221722924118,0.2946242970494,0.4667834004226,0.2946850230130,0.1359752848186,0.1511493112576,0.3442948566084,0.4487469037703,0.2356688808141,0.2705576225082,0.3712205348669,0.6455802741913,0.2499818408233,0.0139616591917,0.1484666615618,0.3828921435576,0.4300441515670,0.2460520573494,0.1241261789148,-0.0347104682535,0.3623638790799,0.2901936452250,0.4415186134657,0.4645695016851,0.0600419526441,0.4812644562060,0.2199060244679,0.5643085233523,0.4879394049953,0.3474901383565,0.6416280035113,0.4826959207207,0.5151662046164,0.1934356884738,-0.3548880771400,0.2037409379828,-0.4661703619634,0.3708013784836,0.0010498840388,0.1023447832417,-0.0095326548754,0.3109204321136,0.3614815889207,-0.1315753284955,0.1814114291228,0.3232523069429,0.3280206691875,-0.1856253868065,0.3759094801868,0.2487177660616,0.1442259236521,0.2289896573572
0.5417474223315,0.3618445367761,0.2061454011192,0.3306399271233,0.3652817616872,-0.0478153573517,0.6677091449807,0.4067211444316,0.1468603903922,0.3360849014722,0.3631652962923,0.4263996907259,0.6882129806525,0.4882440997035,0.4763132064749,1.0000000000000,0.3578981622020,0.3231692083198,0.4411510854832,0.3423866017469,0.4264363035946,0.3644038914501,0.1496839287560,0.3235091448735,0.3277481638052,0.3202079151430,0.1802495186352,0.2708495874569,0.3556982209989,0.4952376487691,0.2723215495531,0.1215138064371,0.0448932532846,0.2377867321196,0.4326857309552,0.2448509299408,0.1002298513463,0.0348800692967,0.2624757377127,0.3358939910628,0.1330951531793,0.6120110484021,0.0522758284543,0.0458500616400,0.2235505603194,0.4857914426654,0.3606746380394,0.6411677926352,0.3968508956888,0.2501891721693,0.6753690663280,0.2676036430476,-0.0057169833119,0.0296656959506,-0.2716614941055,0.3347532796038,0.2237788781428,0.1738580902991,0.2156012718154,0.3098147535866,0.0954474203040,-0.1609996238389,0.1677567384338,0.3311844050983,0.2864817611379,0.0011513663217,0.1661702968264,0.1549769393839,-0.0240991523395,0.1970504206266
0.5005585364071,0.4936319885595,0.5997588292904,0.4594752085370,0.3882187552875,-0.2604173691686,0.2475569958089,0.4997518363845,-0.1311927684331,0.3966546651688,-0.0299127405421,0.2123205007122,0.3942470030039,0.2803267482665,0.2395240751837,0.3578981622020,1.0000000000000,0.2999879492984,0.2540624237384,0.3408754877547,0.5078950901499,0.6040407991174,0.4788106164563,0.7154426733066,0.7069574076391,0.4792779050800,0.4817337790458,0.7027265304894,0.7032966355232,0.2390356648667,0.5021158160604,0.0742898851146,-0.0867701315507,0.2403795678513,0.4291735547365,0.3159482653680,0.2856215420497,0.4595444908698,0.3676897415942,0.3495160197934,-0.2772770946142,0.1346423515231,0.4031438094573,-0.3317420577601,0.3471475738381,0.0723776062135,0.3315866421191,0.5146966024101,0.2100148284080,0.0220512276800,0.0560439712884,0.8814341365912,0.2920404285577,-0.1851335496632,-0.1210232042638,0.3586917069658,0.7533095415625,0.4662675009796,0.7301060591931,0.6472102646671,0.3274788743800,0.0584103469183,0.6235947329366,0.7534168764403,0.0217951651764,0.4459636541823,0.0392282814958,-0.0459224975209,0.0428713467743,0.2042836517686
0.6539818183124,0.4382568292323,0.3607918682874,0.5037633208401,0.5421845744440,-0.2705510963089,0.2564729489077,0.4163026704422,-0.1095579273633,0.1368238107362,0.0865556293021,0.1547001666462,0.4813189925615,-0.0656405235182,0.1454042527076,0.3231692083198,0.2999879492984,1.0000000000000,0.2660728554521,0.7053120833492,0.5096043221431,0.5147715272248,0.2561453575153,0.6219899994383,0.3333350878622,0.0323388064041,0.2209443986002,0.2903179743480,0.4074199626743,0.4926908202012,0.5890978539414,-0.0204900227437,-0.1428631618250,0.4284522602299,0.6902778233143,0.3289884582784,0.2796443630029,0.1386054718840,0.3407746839577,0.5208900806318,-0.1309758369280,0.2151536464284,0.1471367217909,-0.1907657833600,0.1393417188129,0.1855356027238,0.3046732397805,0.5655904529648,-0.1239696737118,-0.0814224150877,0.0784520512651,0.2668709236260,0.4948631451279,0.0605611807408,0.1134680964424,0.5488442044806,0.2268772084593,0.2744927017179,0.3319296640993,0.2502075234670,-0.0836706707765,0.0105388457916,0.2432041417320,0.4091474881112,0.2496784732698,0.1527025420408,0.1104583775994,-0.1372807455493,0.2374708851534,0.5103652227541
0.4544504133729,0.1803471077436,0.1390160447534,0.3108721513741,0.1913297139741,0.0947700154762,0.5986237024206,0.3154661027263,0.3812065430323,0.1939271321052,0.5163261027267,0.7644160999702,0.4329235829779,0.4195237036192,0.7221722924118,0.4411510854832,0.2540624237384,0.2660728554521,1.0000000000000,0.5233166628830,0.3966354365358,0.2151530144195,-0.0338631482845,0.2290886794184,0.2102952689826,0.2889836830071,0.2671233102559,0.2559314080071,0.2682756120276,0.5279475687269,0.1015038313368,-0.0592256880669,-0.0565875536021,0.2989434569107,0.3864271343364,0.1522763307754,0.0274081816958,0.0158302619251,0.1093632915825,0.1555900826570,0.3123295880756,0.3716606425836,0.0239624990618,0.2897727252896,0.0619340153188,0.4401072285859,0.5943706588443,0.3175669297609,0.4148301447883,0.4261478750997,0.4313727518016,0.2494265581641,-0.1488250824094,0.5090955081988,-0.2093195321481,0.3154967634359,0.0839107096003,-0.0520641435512,0.1093962146757,0.1819824073400,0.2609753140453,0.0079344661310,0.1752456711282,0.2681161318469,0.3035965250177,-0.1358132399113,0.3260159167775,0.1411725970978,0.0655398869763,0.2076533205724
0.5867286265099,0.3827448417701,0.2162848008788,0.4185978143475,0.4305113394239,-0.2043484834798,0.2809935955963,0.3281894707631,-0.0375709143084,0.1395159468585,0.2304403463943,0.3978570782609,0.4509975073891,0.1740293124020,0.2946242970494,0.3423866017469,0.3408754877547,0.7053120833492,0.5233166628830,1.0000000000000,0.5949987873020,0.2731465134528,0.0241483307854,0.4990604578254,0.2637455693925,0.2584375514114,0.4352224120134,0.2775587435802,0.3829479162226,0.5487446768923,0.2502876201318,0.0196259531108,-0.3356163439694,0.5302868201810,0.6738553185756,0.2541842707305,0.1373532556812,0.0668022752997,0.2925190272653,0.3099204851908,0.0411907629371,0.2684341223551,0.0368289200260,-0.0065177974360,0.0766605669030,0.3468762511233,0.5064455929508,0.4758633467214,0.0791773259762,0.0779634704150,0.2463527242155,0.3916948964514,0.2052423694153,0.1279884629105,0.0867538327938,0.5523144540743,0.2306028193812,0.0910676446922,0.2761673601692,0.1136925173558,0.1189591373611,0.0355617464440,0.1729960348832,0.3161872956206,0.3069355561273,0.0424935126748,0.1333915719644,-0.1529569747829,0.3476819329967,0.5062205406393
0.7119222886453,0.4224229642858,0.3394563591329,0.7053985560190,0.7840237683323,-0.1483255300444,0.4913736954451,0.6191249036621,0.1646368596546,0.4809781911068,0.4375909341829,0.4402968203644,0.7451206430318,0.3798706395653,0.4667834004226,0.4264363035946,0.5078950901499,0.5096043221431,0.3966354365358,0.5949987873020,1.0000000000000,0.4908634504959,0.2990114130902,0.5208851981104,0.6017113285912,0.4625956308852,0.3139436653370,0.3833142139257,0.6768571704033,0.6276042447868,0.4960553718258,0.1158967370542,-0.3251264760660,0.6937750840302,0.7002469355307,0.3736983884695,0.1503306382088,0.0492369041771,0.4936731274265,0.6386333864233,0.0898860098728,0.4691522250282,0.2377366241905,0.0880761498374,0.4427443588240,0.5292056694186,0.4902927424130,0.7593722739046,0.2935618690288,0.1924239190827,0.3294598082126,0.5065360979300,-0.0074048732228,-0.0301667704482,-0.2820740572308,0.8753078095906,0.2701346566679,0.3199818518752,0.2748967955036,0.4475149613757,0.2989792645290,-0.1702552700106,0.2542463745989,0.6059888281142,0.3366519964582,0.0659681793464,0.3217437328665,-0.1339330559207,0.5131234605310,0.4733201585614
0.6069009420373,0.4134335593201,0.6980744084194,0.4770305749792,0.5453404744467,0.0148972031413,0.4633159685342,0.6160009769881,0.1135673346487,0.3971831004755,0.1625693152056,0.1203517112253,0.5356759602018,0.1027244164197,0.2946850230130,0.3644038914501,0.6040407991174,0.5147715272248,0.2151530144195,0.2731465134528,0.4908634504959,1.0000000000000,0.6243334204492,0.7965415352063,0.6493514305185,0.1370797018897,0.2508528150811,0.7026320199720,0.7142156259081,0.4513078857487,0.8299485239930,0.1176718349703,0.2146117719519,0.3226807534988,0.4808422781428,0.4285578243805,0.2051244322346,0.3672193889879,0.2747918031083,0.5973834793020,-0.0351146523523,0.2335511091103,0.3727020910505,-0.2533335306997,0.4046218290406,0.1558628898777,0.1648557364892,0.5562185772054,0.0312766250457,-0.0619038317868,0.0440948215593,0.5017529401494,0.3545661539940,-0.1916832193433,-0.1996918095505,0.4696349663282,0.6431224540769,0.5452400627460,0.6393882721875,0.6824359669750,0.0572416842752,-0.1640535152764,0.5710805171037,0.7606445047793,0.1979437528651,0.3789871273238,0.0870867576732,0.0411266026295,0.2057997439338,0.2920784237314
0.4258964900524,0.4767962313093,0.6079814999503,0.5318088162728,0.4518497758692,-0.0711059370506,0.1463776800754,0.6401490269163,-0.0049448967240,0.4015617897659,-0.0368902011543,-0.0233071103997,0.3438066230892,0.1033000183680,0.1359752848186,0.1496839287560,0.4788106164563,0.2561453575153,-0.0338631482845,0.0241483307854,0.2990114130902,0.6243334204492,1.0000000000000,0.4665806871518,0.6890574170343,0.3306839626265,0.2993612544199,0.6084312898518,0.6214289333770,0.0385475657567,0.7797425054218,-0.0117385666338,0.2692625175456,0.0746904359831,0.3317425503930,0.4764422044078,0.4962340849809,0.3053020005668,0.4824385857228,0.6083874959968,-0.1884945554385,0.0529450782552,0.5466707087914,-0.3016761504882,0.4864251998743,0.0063764843637,0.1500978866079,0.3920208289499,0.1033454852532,-0.0239462379753,-0.1540982425483,0.2785960945095,0.3561556388857,-0.2716916876626,-0.1596116221975,0.3419697453497,0.3715869208524,0.7924064323941,0.3731208899474,0.6781336594416,0.2405882544322,-0.0591360530075,0.5070797221387,0.5770984037170,-0.1153593026171,0.4398614814811,0.1252054301615,-0.0250886655965,-0.0566717000484,0.2064003649857
0.6037848398019,0.5358546955592,0.7156767733403,0.4532423284382,0.4750093705583,-0.1485143048104,0.3261670768699,0.4612234359913,-0.0808732626605,0.2575545107115,0.0227448017095,0.1371981322472,0.4565592939627,0.0404783956494,0.1511493112576,0.3235091448735,0.7154426733066,0.6219899994383,0.2290886794184,0.4990604578254,0.5208851981104,0.7965415352063,0.4665806871518,1.0000000000000,0.6056921090690,0.1710282307646,0.4227950539640,0.6728823355016,0.7296076670306,0.4174772382234,0.6946037544194,0.0623029988419,-0.0162318659611,0.2858930846350,0.5594210962402,0.3619354818989,0.1799153993390,0.4734370194545,0.2677640162939,0.4790391409905,-0.1516298591902,0.1558975845989,0.3281233167046,-0.3385848731953,0.2739430087008,0.0344355316918,0.2652340998863,0.5328300300478,-0.0351586705013,-0.2188393967446,0.0334429329525,0.6651980933460,0.4744081882966,-0.1962640232838,-0.0783378941611,0.4425767911931,0.6713821681712,0.4402013434240,0.7382972118214,0.5684138850155,0.0086083272920,-0.0041047731074,0.5605811761317,0.7253152680788,0.1541014226234,0.4703327111953,-0.0450057588059,-0.0098338564392,0.1756872849966,0.3690246624282
0.5964313629557,0.5453825264284,0.6571287015333,0.7087229133573,0.6373703727044,-0.1639599590854,0.2802768536713,0.7983985643466,0.0093363067140,0.7115985020392,0.0560344570022,0.1549843153225,0.4884992504072,0.3160663895575,0.3442948566084,0.3277481638052,0.7069574076391,0.3333350878622,0.2102952689826,0.2637455693925,0.6017113285912,0.6493514305185,0.6890574170343,0.6056921090690,1.0000000000000,0.5340181329989,0.4181826043553,0.7080847665272,0.8532995592073,0.2507980464288,0.6758471305146,0.1640353269127,0.0421802848364,0.2798283784576,0.4903684248236,0.4298368610817,0.3847794045909,0.3503113133988,0.5064047601308,0.6317365822543,-0.1745323385250,0.1496701800134,0.6128997441384,-0.2436885197672,0.6724064959734,0.1487352665791,0.2737475750269,0.5822981810270,0.2581997019232,0.1098216539122,0.0770157706309,0.5644201340661,0.2529862046157,-0.2756872070973,-0.3614520014063,0.5002613378642,0.5316904353786,0.5665152935207,0.4877807186516,0.8988898872395,0.3451577872825,-0.1728334186935,0.5505392750671,0.7593047814189,0.0214875728028,0.3992023529199,0.2214865473188,-0.0147371518090,0.1392874562957,0.2094286785102
0.3072163437017,0.4201314431695,0.2259617826428,0.5731956770153,0.2508953693717,-0.1437636718478,0.2346300734544,0.4627912241757,0.0492096338081,0.5562992413471,0.1380778363805,0.5016682390416,0.2781602041439,0.7162092584282,0.4487469037703,0.3202079151430,0.4792779050800,0.0323388064041,0.2889836830071,0.2584375514114,0.4625956308852,0.1370797018897,0.3306839626265,0.1710282307646,0.5340181329989,1.0000000000000,0.4298281908081,0.4925663186727,0.3875119124361,0.2415621051860,0.2096131370585,0.2884244729260,-0.2009145983319,0.3828385362923,0.3689131925759,0.1923464874390,0.4450255158893,0.1118065878007,0.5305999225474,0.1568557992043,-0.0789316454779,0.1789011543590,0.2247324574448,-0.0000728250713,0.4386861416474,0.1942942896542,0.4874560128213,0.3378128157770,0.7161742458270,0.4099461061581,0.2414100219449,0.4459526093488,-0.1515937133390,-0.1181176088005,-0.2139004802632,0.2576369171944,0.2276211895199,0.3491758366075,0.1702187442802,0.3826012325111,0.7569026750864,-0.0013875684109,0.4360123769343,0.3251835307659,0.1363118867033,0.1131300829161,0.4442403515900,0.0080226054290,0.1721361059850,0.1501844430277
0.3357163183160,0.5761287824293,0.3551107021315,0.4256581924226,0.2883973534272,-0.1023916827678,0.1695170924895,0.3924024287483,0.0430501267026,0.1595315013405,0.0476865877734,0.2877214653323,0.3181684678386,0.2565524757656,0.2356688808141,0.1802495186352,0.4817337790458,0.2209443986002,0.2671233102559,0.4352224120134,0.3139436653370,0.2508528150811,0.2993612544199,0.4227950539640,0.4181826043553,0.4298281908081,1.0000000000000,0.4314102526209,0.4782418884077,0.1546058885263,0.3076359276099,-0.0409640186098,-0.0670759619096,0.1362134330845,0.4522773893463,0.3165623347953,0.3402850271273,0.2222904522656,0.4665204247663,0.2442783511486,-0.1094407252382,0.1808141094916,0.2739023783809,-0.0102099688804,0.1212094978188,0.1244023044058,0.4271840433483,0.2777289363316,0.2188722475716,0.0226019945252,0.0588649633090,0.4071676967690,0.1847918210121,-0.1462157712447,-0.0178917183151,0.2367312421498,0.3819620670077,0.3269219136592,0.3697602608005,0.3526721529244,0.2128358362119,0.4284767716214,0.3341204974158,0.3954083835352,0.0724448388896,0.3250672709253,0.0394309517586,-0.0952915998471,0.0303630143791,0.3863947232614
0.3904712419908,0.4390981106889,0.7912290329829,0.4475929413434,0.3161169800952,-0.0716007126800,0.2516345768528,0.5727787601061,-0.0420320914762,0.5235130984128,0.0102185190102,0.1885534111026,0.2913219398828,0.2954033051337,0.2705576225082,0.2708495874569,0.7027265304894,0.2903179743480,0.2559314080071,0.2775587435802,0.3833142139257,0.7026320199720,0.6084312898518,0.6728823355016,0.7080847665272,0.4925663186727,0.4314102526209,1.0000000000000,0.6626993093654,0.1911646973415,0.5818294714670,0.2804887590394,0.0928034617591,0.1748414139830,0.2969843216884,0.2460429541451,0.3231435190217,0.5378714705226,0.2778025262651,0.3559745880878,-0.1347811498000,0.0317973011211,0.3321044507636,-0.3601640278809,0.4315770193796,0.0099259534682,0.1877329153489,0.3724829471287,0.1919474382643,0.0655306321784,0.0270921680918,0.6166728301966,0.2255697556768,-0.2135429815090,-0.1895108403195,0.2639428486869,0.6570114800854,0.5443637529379,0.6349143674693,0.6420585938582,0.4081622309641,-0.1173599828775,0.8533899040982,0.6490878366885,0.0008119145147,0.3569447529471,0.1882176218662,0.0778642107259,0.0291137417590,0.0475108049602
0.7022571522025,0.6020659762021,0.6389888187405,0.6648529269173,0.6576140066484,-0.0674179159850,0.4172343353623,0.7800809289544,0.1271761389441,0.4688733739849,0.2060447534330,0.2075053872086,0.6109168492579,0.2085856109082,0.3712205348669,0.3556982209989,0.7032966355232,0.4074199626743,0.2682756120276,0.3829479162226,0.6768571704033,0.7142156259081,0.6214289333770,0.7296076670306,0.8532995592073,0.3875119124361,0.4782418884077,0.6626993093654,1.0000000000000,0.4044520546697,0.7311493308089,0.0218458665392,0.0647165481607,0.3058209591398,0.5889629583988,0.5065421345158,0.2833589866597,0.3278289490592,0.4387022686997,0.6487547552792,-0.0733239514720,0.2764827138309,0.5625253190470,-0.1820641984755,0.4413527001324,0.2803904722581,0.3777549910545,0.6673697950306,0.1296299521454,0.0322672211213,0.1445938559577,0.5720465117254,0.2733817513584,-0.2358882748330,-0.4443432658954,0.6000910183027,0.5752052539204,0.5230460264428,0.5637283190438,0.7475900101526,0.1597933468445,-0.1429664280566,0.4770043861343,0.8178803123809,0.1527583194410,0.4994982097612,0.1791712527970,0.0562979548644,0.1436137123539,0.3290366139685
0.6341544785610,0.2531256062177,0.1433199424296,0.4704039468742,0.3830300409749,0.1140605207731,0.7336951744828,0.3471229208286,0.3945911913079,0.1356581685622,0.5783047295647,0.5951483561917,0.5667146769708,0.3007904159513,0.6455802741913,0.4952376487691,0.2390356648667,0.4926908202012,0.5279475687269,0.5487446768923,0.6276042447868,0.4513078857487,0.0385475657567,0.4174772382234,0.2507980464288,0.2415621051860,0.1546058885263,0.1911646973415,0.4044520546697,1.0000000000000,0.3955617238937,0.0735219509734,-0.1512350752065,0.6617004029258,0.6673498858252,0.2653076637021,-0.0308929183057,0.0283580111830,0.2332057912377,0.2819124752065,0.3176536360311,0.4211206111312,0.0060070766192,0.2501356328667,0.1351554812528,0.4609515643385,0.4735561507814,0.5192695701980,0.3501187516572,0.2923016282820,0.5009168252134,0.2959480957589,-0.1326501560184,0.1790147036628,-0.2510823951301,0.5051195461179,0.1456596265851,0.0810006860080,0.1770562628846,0.2064420990470,0.1110721113618,-0.1341894693906,0.1721395361546,0.3901979206694,0.7337121785888,-0.0180507414441,0.3238023555538,0.1181430585248,0.5238657139700,0.4177799708498
0.6228125038526,0.5437339126837,0.6414902492149,0.6376592865783,0.5783118030688,-0.1036335864829,0.3609558141626,0.7151713410589,0.0738738912240,0.3149758875882,0.0965214960552,0.0893580656470,0.5247131570185,0.0093949782989,0.2499818408233,0.2723215495531,0.5021158160604,0.5890978539414,0.1015038313368,0.2502876201318,0.4960553718258,0.8299485239930,0.7797425054218,0.6946037544194,0.6758471305146,0.2096131370585,0.3076359276099,0.5818294714670,0.7311493308089,0.3955617238937,1.0000000000000,0.0088972478992,0.1748770594404,0.3080837745766,0.5739200606455,0.4701655372060,0.4327913168670,0.2777865803365,0.4694305259880,0.6678699862667,-0.1896430487834,0.1623384242295,0.4685304628865,-0.2909473869209,0.3719742850801,0.0746986644629,0.2509369958839,0.5852021080625,0.0126987630642,-0.0541391452415,-0.0684007107196,0.3263518858564,0.4198609754320,-0.1925693653315,-0.1643307590721,0.5055695360608,0.4197397826253,0.6486221236608,0.4481030800298,0.6267353045702,0.0938958634401,-0.0508857852049,0.4939034422059,0.7348510454611,0.1286988426961,0.4428039076543,0.1438495631030,-0.0256861127677,0.1334360534122,0.3747203809748
-0.1118009147555,-0.1048048069790,0.2346012156242,0.0535964574941,0.0161355257494,-0.1084893879125,0.0079393560194,0.1025934205742,-0.1366556006195,0.4337910534424,-0.1667324743810,0.0462821150780,-0.0965727618160,0.3267030863716,0.0139616591917,0.1215138064371,0.0742898851146,-0.0204900227437,-0.0592256880669,0.0196259531108,0.1158967370542,0.1176718349703,-0.0117385666338,0.0623029988419,0.1640353269127,0.2884244729260,-0.0409640186098,0.2804887590394,0.0218458665392,0.0735219509734,0.0088972478992,1.0000000000000,-0.2094783466425,0.1725087627612,-0.1433974000084,-0.2726279171987,-0.1102461324414,0.0351707252390,-0.1764794403379,-0.0572376269826,-0.1213429097295,-0.1611721622123,-0.0668954410925,-0.2336444235808,0.3043813599066,-0.1416328496552,-0.1532906709385,0.0511017074887,0.2560226482361,0.1654045242807,0.0526253131192,0.1134730897769,-0.1640691813385,-0.2504803275441,0.0231905172249,-0.0089145469789,0.0988819073810,-0.0218189814671,-0.0192393681748,0.1070250806404,0.2916147004089,-0.2936095541380,0.2298672161178,0.1023005123723,0.1139267528600,-0.1313938582491,0.3558943080331,-0.0646956655750,0.2492910441996,-0.3369249358065
0.0504072388081,0.0771547639403,0.1290407697557,-0.1134224412194,0.0018317087077,0.5735156440813,0.1432842317376,0.0996909144160,0.3852348828214,0.0473927451757,0.1373815228131,-0.1056928798582,0.0541604082823,-0.0633528684252,0.1484666615618,0.0448932532846,-0.0867701315507,-0.1428631618250,-0.0565875536021,-0.3356163439694,-0.3251264760660,0.2146117719519,0.2692625175456,-0.0162318659611,0.0421802848364,-0.2009145983319,-0.0670759619096,0.0928034617591,0.0647165481607,-0.1512350752065,0.1748770594404,-0.2094783466425,1.0000000000000,-0.3930023929101,-0.1510209316315,0.0876661712814,0.0988330192878,0.0226172382508,0.0013278806755,0.2152509186812,0.2043375961033,0.1569713593372,0.0392416776769,0.0918162076148,0.0346771611570,0.0292891897363,-0.2134719267746,-0.0788945941360,-0.0607342124603,-0.1525351680281,-0.0567120768362,-0.2460267168239,0.0898802825591,-0.1627899304339,-0.2808863211873,-0.1420142615023,-0.0158691064523,0.1583957048624,-0.0231804601259,0.1949170316343,-0.1886599449749,-0.1234869129347,-0.0084597532680,0.0251351267650,-0.2220280992217,0.0386772490051,-0.2855989318486,0.5147869981784,-0.4151079731930,-0.1267600166037
0.4659165349419,0.2126753975182,0.1164802569909,0.5061261967670,0.4968801596416,-0.0258794776807,0.3416922876665,0.3886319832456,0.2174314697459,0.2975182970878,0.3926636165214,0.4519076348251,0.4000706439385,0.3446589132076,0.3828921435576,0.2377867321196,0.2403795678513,0.4284522602299,0.2989434569107,0.5302868201810,0.6937750840302,0.3226807534988,0.0746904359831,0.2858930846350,0.2798283784576,0.3828385362923,0.1362134330845,0.1748414139830,0.3058209591398,0.6617004029258,0.3080837745766,0.1725087627612,-0.3930023929101,1.0000000000000,0.6256104714923,0.2179384529500,0.0590432535032,-0.0141860526136,0.3941755159762,0.3072155211883,0.1943985605128,0.3216393230361,-0.0073746933536,0.1930761004856,0.2787020919726,0.3935118549603,0.4418676472492,0.3997413053031,0.2860849391271,0.1756935318945,0.2687114063123,0.3170448042770,-0.0854281784758,0.0451719816851,-0.0623972884956,0.5878786483425,0.1133488571651,0.1882458282484,0.1219738407407,0.1361632204844,0.3678460214578,-0.0670560423027,0.1704941575050,0.2834432404152,0.4448603871085,-0.0845880133330,0.3321842783739,-0.2075526468970,0.7445251464501,0.5657201949127
0.8030120399575,0.6573917351283,0.2270390875057,0.6824776051422,0.6345358923825,-0.1059222784315,0.4349951766998,0.5387254612729,0.1361949591569,0.2300125501033,0.3289138746610,0.4521387732781,0.6556735550864,0.2226335107203,0.4300441515670,0.4326857309552,0.4291735547365,0.6902778233143,0.3864271343364,0.6738553185756,0.7002469355307,0.4808422781428,0.3317425503930,0.5594210962402,0.4903684248236,0.3689131925759,0.4522773893463,0.2969843216884,0.5889629583988,0.6673498858252,0.5739200606455,-0.1433974000084,-0.1510209316315,0.6256104714923,1.0000000000000,0.5551456675662,0.4128259557578,0.0766026908807,0.6214169651440,0.5349639842503,0.0601301704684,0.4649544660148,0.2154482474859,0.0688750890206,0.2105949614910,0.4271877666510,0.6093131002548,0.6531086210764,0.2009755366698,0.0531774394234,0.2884593378942,0.3924215442874,0.2225822778556,0.0066271068273,-0.1736210301651,0.6374260510171,0.2767994908440,0.4040340722826,0.3448268059367,0.3515091045760,0.1617047835591,0.0696639702121,0.2087589621075,0.4596683026186,0.3781074205820,0.2721668059846,0.2219445779909,-0.0406601314199,0.3805714597943,0.7788688435500
