1.0000000000000,0.2824719695625,0.0436957233369,0.4909144652848,0.4225819615391,-0.0032623905443,0.0794241923403,0.1042169164807,-0.0149496148115,0.1952174451705,0.3492982488416,0.2973596556651,0.3110368953837,0.1697129107277,0.4593580317544,0.0025162751212,0.2703195391896,0.4826071163086,0.3391055015069,0.6552591064614,0.4266151581528,0.4127769280708,0.3256863258065,0.3909569373841,0.2285020339822,0.2664239761131,0.3283065774455,0.2382412946619,0.2532742455681,0.4850644937548,0.3616252583984,0.0898551582894,-0.0210729426872,0.5270811608770,0.4719860423814,0.6706537211535,0.2005313847481,-0.3168060656163,0.3203621203262,0.3934443321026,-0.0022121959087,0.0058441096978,-0.0121352986198,0.0503275345761,0.0077658067846,0.2795625337457,0.1111507002831,0.4132864688469,0.0194446087432,0.2110532172384,-0.0055101640551,0.1717218593360,0.5095598765527,0.0428930072631,0.4372731133129,0.4447175599622,0.3199804702891,0.1835646565531,0.3224291766445,0.2262487727712,0.1851254345993,0.1152586695142,0.0989882941778,0.1393523810977,0.4000756651584,0.2455091174755,0.1181180920787,-0.0841345278885,0.4026712389898,0.3101487959561
0.2824719695625,1.0000000000000,0.0996391236041,0.5831387918376,0.2874742995347,-0.1237137030545,-0.1575502555047,0.2960781342957,-0.2496689117238,0.0215880169216,0.0326725857510,0.1711355838208,-0.0370095896952,-0.1195735769500,-0.1250720659002,-0.1895454183364,0.0680817273115,0.4661318562287,-0.0419762843780,0.2557437559512,0.1516434588370,0.3585372592478,0.4721385284860,0.4858562401438,0.3398073202241,0.2839217402963,0.3345502584169,0.4072092267134,0.3299424336599,0.0879215032138,0.5097080996868,-0.1822265758197,-0.0852052041528,0.2596332766591,0.5117738357769,0.1456845850437,0.7929600679723,-0.0732184247320,0.5558916190559,0.4515022111406,-0.0926880981537,-0.2139424899111,0.2680738338698,-0.2917398920851,-0.0600573961391,0.0928123458468,-0.0487290355744,0.0661705244442,-0.1616097093168,-0.3569263403812,-0.3288438341621,0.0801917537386,0.3903164314864,-0.1646099002022,0.1430123803706,0.2586415298570,0.2665639909009,0.5155566801423,0.3970800920409,0.2521377501368,0.1112279277202,0.2602933425879,0.3848664234423,0.2068839384274,-0.0586679187650,0.4211267088035,-0.0309325736047,-0.0177226524915,0.1372611053734,0.3879948179432
0.0436957233369,0.0996391236041,1.0000000000000,0.2429249673799,-0.0001687289168,0.1252045701874,0.0995910291475,0.4475836490440,0.3187535551587,0.0920077835935,-0.2681087749701,0.2896990419957,-0.1465324178500,0.1022831400607,0.1233601362682,0.1444269342260,0.2858720410719,0.1014222661242,0.2498802658355,0.1247803366819,-0.0539880743976,0.1722448195564,-0.1900845388592,0.2756821508741,0.1772378153073,0.1991656522631,0.5849384756844,0.6024336287301,0.2301712619060,-0.1269710143771,0.1058248137822,-0.1173800000047,0.1975914407019,-0.0840371342268,0.1489511124341,-0.2153176903504,-0.1154449457459,0.6184249901254,0.3424342568045,0.0583418948253,0.0553624521900,-0.0446436876404,0.1699583491633,0.0135534015631,-0.1006343774015,-0.3055040521445,0.1884213936912,-0.1393423243155,-0.1419457533798,-0.0830364014298,0.0496369978892,0.2426447251787,-0.1734111143638,-0.0768114395386,-0.1915523419545,0.0470091536974,-0.0143212407491,-0.1103569850884,0.1677095435662,0.1083926324005,0.0902623919570,0.1785208437157,0.4078853292128,0.1515414515024,-0.2512984292316,0.0677950628788,-0.2075727127792,-0.0008878233425,-0.2109892513423,0.0071845047618
0.4909144652848,0.5831387918376,0.2429249673799,1.0000000000000,0.3590063256402,-0.0768818038689,0.0265008579896,0.3293200213364,0.0052934882774,0.2860609795819,0.0097709035875,0.4519784273882,0.1764676543402,0.1314968519157,0.2904522978774,-0.0210481332360,0.0305116484704,0.4850155170349,0.2549375565559,0.5059502520166,0.2247792865850,0.2489475228021,0.4275110479899,0.2947477296869,0.3619870574852,0.6181928407954,0.5364147962465,0.4664700651713,0.2262634874457,0.3557225353196,0.2808952399335,0.0781249535185,-0.0181902288955,0.5243796842018,0.5286569792850,0.2368422056037,0.5773223745300,0.0999054877223,0.7659936912405,0.3792477112758,-0.0255317106066,-0.1832967646791,0.2559742587063,-0.1309716445252,0.1831943287291,-0.0414706959277,0.2613489063810,0.3057879622472,0.0371246892953,0.1333709528254,-0.0728414117421,-0.0447266822140,0.4313743318531,0.0042769722970,0.3368763923430,0.4000117277643,0.0614987629637,0.3677775574958,0.1640588035503,0.2840126290145,0.6012156349846,0.4928701362018,0.4987376369692,0.0491614383650,0.2235954641129,0.1076578863965,0.0502097322642,-0.0446801457721,0.3306801373908,0.3554557140396
0.4225819615391,0.2874742995347,-0.0001687289168,0.3590063256402,1.0000000000000,-0.0497874192253,-0.0799254495724,0.3054689465128,-0.2310921356518,0.3727723455619,0.2818081204982,-0.0495931578877,0.4085400987309,0.0739370526357,-0.0212295812204,-0.0619801762574,0.1013254162482,0.3222118527920,-0.1477662595444,0.1766625122468,0.7657408008128,0.2173502469962,0.3621458646971,0.1886023304875,0.5595790737692,0.1226712324659,0.2110566840449,0.1277559533145,0.3112398735323,0.0855952272942,0.2875263475440,-0.0721610141982,-0.1199829198062,0.3576679031554,0.1728655457379,0.3708913393733,0.2234046855544,-0.0041879284007,0.2675642915988,0.6801543898687,-0.0314830697494,-0.1899995414043,0.3625368665041,-0.0172843169350,0.3526960360953,0.2207103886308,-0.0782452573504,0.4136673493749,0.0702901190607,0.0911059024985,-0.0890134528895,0.0307010188529,0.3592050659848,-0.1574053152674,0.2016383446814,0.6497583528945,0.1116621596964,0.2515667092731,0.1180369830045,0.5477682213528,0.0706822088172,0.1796772795212,0.1880169623986,0.1127935426236,0.0526672793830,0.2663319367041,0.0648907944673,-0.2208619394252,0.2917796271466,0.0230748603009
-0.0032623905443,-0.1237137030545,0.1252045701874,-0.0768818038689,-0.0497874192253,1.0000000000000,0.5133043480392,-0.0822780831043,0.5705987960562,0.0266997694301,0.0010736879697,0.0392746644771,0.0595781042658,0.1700403320176,0.2615639493617,0.3977444884176,0.0235143628665,-0.0373637263675,0.1894722012440,-0.0371425234100,-0.0860332857061,0.1328437132844,0.0108948503451,0.0778378002213,-0.0168697330885,-0.0650368351191,0.1259398400582,-0.0356717982877,-0.0271799213860,0.1192575639532,0.1055101321984,0.0299174634090,0.6818892463702,-0.0469835007107,0.1822649958299,-0.1470511372402,-0.1087920695039,-0.0318166902056,-0.0918027770292,-0.1230011968780,0.9037727091913,0.4860390074597,-0.2341256458774,0.3527232172083,-0.0150466235851,-0.1150863023261,0.3254600303827,-0.0460002509739,0.0454886266296,0.1900161151695,0.3655736698547,0.0276355584233,-0.0949669607704,0.2563637536803,-0.1038354006298,-0.1341017596396,0.0303737307013,-0.0548795206028,0.0298401981667,0.0571453356485,-0.0804160990583,0.0220797385791,-0.2020262041442,-0.2558028578827,0.0140997391519,-0.0254604916451,-0.1808810418014,0.4412721837538,-0.0602590263067,0.1717229801703
0.0794241923403,-0.1575502555047,0.0995910291475,0.0265008579896,-0.0799254495724,0.5133043480392,1.0000000000000,-0.2412865640743,0.7589842132034,-0.0848458932017,0.3592693582914,0.2076909449724,0.3531469568402,0.0394759660660,0.4504326051824,0.5163563630227,0.1192989761431,-0.1711062379235,0.2871466147924,0.0564111268787,-0.0049209859584,0.0836734198162,-0.0905128149640,-0.0530886269487,-0.0656714285863,-0.0228529044903,0.1608628231649,-0.1580019431022,0.0694698841777,0.3238801933519,0.0089198394072,0.1319055902359,0.2707603473500,0.1042485904428,0.1937542577918,-0.0212750876709,-0.0339802069224,0.0102126544363,-0.0265386252118,-0.1552774061737,0.4831075881279,0.7519856745618,-0.2954990374267,0.5010970514730,-0.0606859076282,0.2130618987775,0.2445011341248,0.2797935490398,-0.0989306057129,0.2673465443824,0.5227907622809,0.1084621572204,-0.0799878877387,0.2897484640966,0.0573150596955,-0.0143609995342,0.0207843786871,-0.0917716861687,-0.0271952934961,-0.0107045020054,0.0627275643843,0.0417099645431,-0.2623973719090,-0.0917059187561,0.2067979361596,-0.0962240248477,-0.1174063270629,0.1098662659579,0.0806284316057,0.2753798596194
0.1042169164807,0.2960781342957,0.4475836490440,0.3293200213364,0.3054689465128,-0.0822780831043,-0.2412865640743,1.0000000000000,-0.1180902451141,0.3676507654992,-0.0373897560832,0.1072800159966,-0.0929841564254,0.0819215425767,-0.0734852832763,-0.2115164345773,0.0368989185374,0.3911468404470,-0.0172420271035,0.0607550354138,0.1299737899954,0.1765358242632,0.1992822691599,0.3096578259293,0.5463723046375,0.1832433868253,0.4201080567064,0.5319366017790,0.4926486889496,-0.2568389984295,0.3005322310502,-0.0868098533574,-0.0449865872037,-0.0220402081293,0.0362913489426,-0.1560323696887,0.0410687391791,0.2251352886268,0.3301283569844,0.3890713716796,-0.0499952855251,-0.3205294772370,0.6929575255555,-0.2091904922483,0.1626875516707,-0.0023417801739,-0.0560889104216,-0.0576408484619,0.0107205025772,-0.1609237499162,-0.3063249623364,-0.0321439613078,0.0259684436627,-0.3153888771316,-0.1806889738163,0.2544400384362,-0.0075178089903,0.1550688971943,0.0559390441181,0.3737080564786,0.0472877784766,0.2021574608653,0.3837156200767,0.3560837614589,-0.3337702460908,0.1750092679523,0.1598334299522,-0.0493830136593,-0.0686603491250,-0.1674465636984
-0.0149496148115,-0.2496689117238,0.3187535551587,0.0052934882774,-0.2310921356518,0.5705987960562,0.7589842132034,-0.1180902451141,1.0000000000000,-0.2008336397092,0.1895813624839,0.3412738338765,0.0910496967354,0.1916651175639,0.5430869349977,0.4728105241044,0.0004230036804,-0.2666417245675,0.4137393689026,0.0441574599467,-0.2186603130572,-0.0879684377664,-0.2856090735683,-0.1646194785526,-0.2352632623225,0.1097909566552,0.3264477595453,-0.0221238102654,-0.0751289029359,0.2075630760295,-0.1480454958804,0.2519995033066,0.2838863806949,-0.0127199133032,0.1215903796851,-0.2176869597971,-0.1408869084195,0.1889873083920,-0.0328506013017,-0.2819050569909,0.5057020986541,0.6520773455548,-0.2944390379702,0.6047022705130,-0.2604837087025,0.0869205009702,0.3924934666215,0.0810082255793,-0.0004356598551,0.3560787609372,0.5029088645012,-0.0011248495875,-0.2891560947047,0.2502413649580,-0.1215297306091,-0.1356724022076,-0.1770386059356,-0.2964247419256,-0.1685136098807,-0.2293574810694,0.1118522267958,0.0728567929820,-0.2603573181219,-0.2151981720960,0.1005509404144,-0.2429556649433,-0.0606892784215,0.0873971001364,0.0104111610762,0.1355225098211
0.1952174451705,0.0215880169216,0.0920077835935,0.2860609795819,0.3727723455619,0.0266997694301,-0.0848458932017,0.3676507654992,-0.2008336397092,1.0000000000000,-0.1230285825576,-0.0671886127196,0.3823997403206,0.2906755718081,0.0035733526899,0.1413074198400,0.1105140415599,0.2875417859314,-0.0828161445543,0.0382503186920,0.3662084688045,0.2359238308298,0.2884249155150,0.2307475695810,0.5759490305809,0.2943631661982,0.1165184053932,0.3514268073331,0.2092226549976,0.0310683675323,0.0886772931536,-0.0241420630754,0.1483801582496,0.1246147870357,0.0106687538703,0.1452315205809,-0.0845426567730,-0.0091280366533,0.2495093322249,0.2680271636476,0.0431772495466,-0.1909191829364,0.1680830732622,-0.3222670372321,0.8057488230486,-0.1683564482321,-0.1087582079149,0.3258139160303,0.1619321158871,-0.0022929786168,-0.0287491748200,0.0800698712672,0.0433653630071,-0.2742408754694,-0.0957785194914,0.2782317754658,0.1710208812652,0.2012792331592,0.0893479460939,0.5314913095002,0.2970454677086,0.0167065348754,0.3240856774093,0.0708477578460,0.0270024196329,-0.0361331958718,0.0117745601004,0.1306120688100,-0.0240139148974,-0.0875525622960
0.3492982488416,0.0326725857510,-0.2681087749701,0.0097709035875,0.2818081204982,0.0010736879697,0.3592693582914,-0.0373897560832,0.1895813624839,-0.1230285825576,1.0000000000000,-0.0184352066589,0.4097882699818,0.0832467393772,0.3487278226363,0.0558382377739,0.0038381127113,0.0353674729549,0.0381682803306,0.1695087587433,0.2937015556981,0.0993893098961,-0.0107064881756,-0.0432319119065,-0.0162001043299,-0.1260100674381,0.0153666434291,-0.2524763698704,0.1387572210007,0.3007426803208,0.0760205519146,0.2002287609336,-0.2926275247528,0.3720573182847,0.1147016820815,0.3855411659860,0.0878111969765,-0.2126718483006,-0.1130421388112,0.2572525715899,-0.0103693411813,0.3421065008266,0.0402160165396,0.3669649276339,-0.0798899207332,0.8691309686581,-0.0778596553813,0.4430691998312,0.1234742043449,0.2890619441566,0.1691724459853,-0.0462255631083,0.2445398534932,0.0884145599911,0.2479785156986,0.3144858418016,0.0945594957501,-0.0795612896126,-0.0279820042330,0.0132352839121,-0.1255917005035,-0.0026169388067,-0.2660322595766,0.0698228473006,0.1980975353116,0.0590307992486,0.2757982657538,-0.2689524130831,0.4150541869480,0.1038788320331
0.2973596556651,0.1711355838208,0.2896990419957,0.4519784273882,-0.0495931578877,0.0392746644771,0.2076909449724,0.1072800159966,0.3412738338765,-0.0671886127196,-0.0184352066589,1.0000000000000,0.1063905665307,0.4472500155841,0.4642861649517,0.2031407823504,0.0750986790252,0.0730249842360,0.6340287378686,0.4117671461718,-0.0227119415966,0.1202984400272,0.0107585138292,0.0677165569379,-0.0141078872019,0.4893100913873,0.4197352626264,0.3356560017204,0.1227474238037,0.4162084136688,0.0528526309144,0.4479498712565,0.1281476745842,0.2184717580865,0.3014426422401,0.0127520641242,0.1971203900070,0.0631417586692,0.3830642015764,-0.0962853144968,0.0707082012064,0.0282851189317,-0.0623248916983,0.0348223544118,-0.1620242866146,-0.1163222371860,0.6611846234845,0.1823029177799,0.2957052446842,0.2211417978021,0.1336337902787,-0.0190747599629,0.0020704321478,0.3105802830053,0.1623562697518,0.0796541250289,-0.0381390823230,-0.0083313944237,-0.0089091114017,-0.0974831529617,0.4891662599679,0.1723765160102,0.2521851441067,0.1270288978444,0.2923286226671,-0.1033717703352,0.2548566294953,0.1048909896240,0.1075029787640,0.2865420289632
0.3110368953837,-0.0370095896952,-0.1465324178500,0.1764676543402,0.4085400987309,0.0595781042658,0.3531469568402,-0.0929841564254,0.0910496967354,0.3823997403206,0.4097882699818,0.1063905665307,1.0000000000000,0.2094297531122,0.3172450281089,0.4461924888781,0.1647797799839,0.0861696234931,0.2154845249318,0.3104854589907,0.6070711994762,0.2438012336434,0.1318222771191,0.0940171723673,0.2918538758263,0.1122762653234,0.0863306096567,-0.0696312137357,0.2306018495421,0.5267922114995,0.1152547545804,0.1529507790449,0.0755594115276,0.3706486562729,0.1316214993029,0.3598956816451,0.0669763089450,-0.1728888484182,-0.0168259825322,0.0131606787362,0.0990797801894,0.2149352797248,-0.1581498437756,-0.0785752663615,0.4990892540136,0.1964065367914,0.0749783969076,0.8634940290180,0.1259211342440,0.2413662905755,0.3504382122494,0.1325004731321,0.1318262222693,0.0718259135353,0.3033097160179,0.3776828266953,0.1804659769648,0.0950111266684,0.0424086836738,0.3156391219616,0.2748846385100,0.0108891996387,-0.0380818420144,0.0796659207041,0.4442874899986,-0.0972549235487,0.1112864339900,0.1343050094684,0.2191559543696,0.2459363239860
0.1697129107277,-0.1195735769500,0.1022831400607,0.1314968519157,0.0739370526357,0.1700403320176,0.0394759660660,0.0819215425767,0.1916651175639,0.2906755718081,0.0832467393772,0.4472500155841,0.2094297531122,1.0000000000000,0.3847563235092,0.2920052811426,0.0811414765596,-0.0347743340678,0.3217239427482,0.0880652440343,0.1074572996839,0.2103224454089,-0.1280983914654,0.0600001998348,0.0292029519388,0.3858775741965,0.1401534344903,0.2547127989830,-0.0264258892233,0.2310154727052,-0.1000674054023,0.6095305706249,0.0978753915849,0.0549249163975,-0.0137246456432,0.0004937305003,-0.1960847970007,-0.0657381880610,0.0620864438114,-0.0642503254115,0.1557956609332,-0.0058087970191,-0.1335944932400,0.0156285167377,0.2356356990114,-0.0097835478108,0.3743003245349,0.1832256020481,0.7649771035786,0.2307870686433,0.2732233220385,0.0369543783209,-0.1864221958530,0.0566951598350,-0.1514380765527,0.0824235450962,0.1305677763983,-0.2221450631200,0.0017802233306,0.0327816584392,0.3282092116729,-0.1189900792955,0.1601612383159,-0.0695189824995,0.1003137448834,-0.1892191670301,0.4104521413206,0.1249026081591,-0.0615948816832,-0.0685442457429
0.4593580317544,-0.1250720659002,0.1233601362682,0.2904522978774,-0.0212295812204,0.2615639493617,0.4504326051824,-0.0734852832763,0.5430869349977,0.0035733526899,0.3487278226363,0.4642861649517,0.3172450281089,0.3847563235092,1.0000000000000,0.3030630960742,-0.1162102682386,-0.0427098568487,0.6982987498365,0.4665197813213,0.0669533000628,-0.0464886483964,-0.2006894718753,-0.1522532300499,-0.2637752389708,0.3365276788198,0.3510621587958,0.2061659707152,-0.1541592350405,0.6356403519635,-0.2108618231857,0.5082075418146,0.1047427577113,0.4466518596445,0.3081507484735,0.2269075202257,-0.0641746671798,-0.0571535486224,0.0977240375557,-0.1158874282634,0.2458433750283,0.2873709868209,-0.3495789628743,0.2633027260023,-0.1116452338545,0.2024280137449,0.2427850678409,0.4352561088631,0.1309326558365,0.5337325139261,0.3917931496925,-0.1769472688961,-0.0470313150830,0.3007684710532,0.1860284558212,0.1883498140217,-0.0958118933264,-0.3254234668225,-0.1780411258442,-0.2915990069266,0.3187909740227,0.0344444542056,-0.0663494145030,-0.2338295097569,0.4125012683574,-0.3846882548065,0.1798915556853,-0.0050549460928,0.3226430537250,0.1834583782451
0.0025162751212,-0.1895454183364,0.1444269342260,-0.0210481332360,-0.0619801762574,0.3977444884176,0.5163563630227,-0.2115164345773,0.4728105241044,0.1413074198400,0.0558382377739,0.2031407823504,0.4461924888781,0.2920052811426,0.3030630960742,1.0000000000000,0.2587917838383,-0.1094263038497,0.2346283409815,0.0083874644545,-0.0048651441761,0.2443471529183,-0.0920118409408,0.1099084522790,0.1382703365356,-0.0055477308206,-0.0143904660018,-0.1278948818495,0.2112942970546,0.4115961817072,0.0925164697015,0.0449032859241,0.3889901521325,0.0545148836901,0.1424350869917,-0.0683490934831,-0.1237333495481,-0.0149071842925,-0.0518974736627,-0.3084249038657,0.3705307679890,0.4854678160003,-0.2374762131453,0.0733294168460,0.1901592536203,-0.1244989950994,0.3132183913903,0.2628367940668,0.1051458668703,0.1842718742838,0.8015601674192,0.2250675422514,-0.1415213156967,0.0612530428295,-0.0150725766833,-0.2250477367970,0.1773832645719,-0.0321778198568,0.1348946880099,0.1584567239167,0.1493927719149,-0.1888799575572,-0.1568813881589,0.1242492367045,0.3515414788623,-0.0113837337254,-0.1184630966287,0.4481901183892,-0.2383597267555,0.3475586285446
0.2703195391896,0.0680817273115,0.2858720410719,0.0305116484704,0.1013254162482,0.0235143628665,0.1192989761431,0.0368989185374,0.0004230036804,0.1105140415599,0.0038381127113,0.0750986790252,0.1647797799839,0.0811414765596,-0.1162102682386,0.2587917838383,1.0000000000000,0.1246339436631,-0.0383815221544,0.0698151693904,0.0300702414260,0.7215944004705,0.1961626430091,0.5648018225237,0.3809564694274,-0.0395313768968,0.0801248138316,0.0912576162960,0.6212261765830,0.1500314991921,0.4816379747244,-0.1964715988616,0.2213714514951,-0.0446276745528,0.1222896805732,0.2929408521414,-0.0680041741366,-0.0638178360295,0.0445251966736,0.0930551716609,-0.0301620151975,0.0754256125565,0.0156436563609,-0.0261784118903,0.0779337424789,-0.0419419303939,0.0447122588142,0.0530655095419,-0.1540289194870,-0.0885004544359,0.1279979492594,0.9235207040605,0.1010958324838,-0.1024688143852,0.0263123400323,-0.1412595170735,0.6101334050902,0.3502086095166,0.6374575395461,0.4806812250848,-0.0461202568023,-0.0440038511762,0.1113052519075,0.5872731209771,0.1897475436110,0.5410504399884,-0.2375023148379,0.1248867225948,-0.1890597789696,0.2144707549063
0.4826071163086,0.4661318562287,0.1014222661242,0.4850155170349,0.3222118527920,-0.0373637263675,-0.1711062379235,0.3911468404470,-0.2666417245675,0.2875417859314,0.0353674729549,0.0730249842360,0.0861696234931,-0.0347743340678,-0.0427098568487,-0.1094263038497,0.1246339436631,1.0000000000000,0.0331394926886,0.5897239116593,0.2509076649410,0.4106766650125,0.5101954456509,0.6188078273999,0.3789991434996,0.1325541850961,0.3011055672828,0.2948732400136,0.3309485201007,0.1471067594272,0.5523578661805,-0.1435237870265,-0.0223209495076,0.3742580278403,0.3737257233386,0.1737773162521,0.3246069989030,-0.1302047937357,0.3915844060683,0.3419221414905,-0.0225606040165,-0.2670193446217,0.2381300425110,-0.2074883319337,0.1535162596370,-0.0261729456304,0.0039225827338,0.0878722481218,-0.0630660362632,-0.2177035680079,-0.1837369807124,0.0403287000867,0.7491328706312,-0.0972149856437,0.5081964611114,0.2647897788108,0.2658009277532,0.3976214508140,0.4366642300486,0.3016018199732,0.0778052933109,0.2991246063588,0.2664067037421,0.1411733777747,0.0246724566569,0.4057255459816,0.1539900262552,-0.0111995336767,0.1838138899541,0.2566176775139
0.3391055015069,-0.0419762843780,0.2498802658355,0.2549375565559,-0.1477662595444,0.1894722012440,0.2871466147924,-0.0172420271035,0.4137393689026,-0.0828161445543,0.0381682803306,0.6340287378686,0.2154845249318,0.3217239427482,0.6982987498365,0.2346283409815,-0.0383815221544,0.0331394926886,1.0000000000000,0.5427410142967,-0.0574964909150,-0.0116903785814,-0.1729260238965,-0.0072401446993,-0.2524790693559,0.2912567619217,0.4142682068515,0.3180945996117,-0.0589522002577,0.4492917296889,-0.1085599765684,0.4323555379505,0.1750257724678,0.2346998659801,0.2541869086859,0.0395274328320,-0.0252978033349,-0.0595319398833,0.0658731076175,-0.2717018110815,0.1976101736256,0.1696729134868,-0.3573051179814,0.0720184447468,-0.2264593201258,-0.0781818161086,0.4623512565987,0.2912903783075,0.0871025987159,0.3104037269789,0.2245945680194,-0.0915602758077,-0.1137833748814,0.5216644861491,0.1368825594518,0.0480925503234,-0.1154563335846,-0.2805329679486,-0.1164436383692,-0.3112093047708,0.2570717569682,0.0703325967737,0.0055328200655,-0.1217876866923,0.2831885705525,-0.3460002254370,0.0983481232332,0.1082925669166,0.1144178890249,0.2167175115528
0.6552591064614,0.2557437559512,0.1247803366819,0.5059502520166,0.1766625122468,-0.0371425234100,0.0564111268787,0.0607550354138,0.0441574599467,0.0382503186920,0.1695087587433,0.4117671461718,0.3104854589907,0.0880652440343,0.4665197813213,0.0083874644545,0.0698151693904,0.5897239116593,0.5427410142967,1.0000000000000,0.2479802056007,0.2093463635649,0.2113968715780,0.2803230765808,0.0247958068681,0.3492748242556,0.4937822354823,0.2675080737999,0.1251517577914,0.5753515392475,0.2469228853372,0.1447033093903,0.0110331193272,0.5603299719600,0.4941736115140,0.3750031474434,0.2331060519937,-0.1982042880764,0.2773797998398,0.0300901567621,-0.0162223268218,-0.0645910842448,-0.1355939834493,0.0039393260910,-0.0780751799512,0.0528103857551,0.1805578080269,0.3569587774145,-0.0512767896966,0.1580583417147,0.0122940087938,-0.0280217350655,0.5333099018509,0.1451534407693,0.6699997446008,0.2658529278928,0.0947375122270,0.0788521371403,0.1726844319646,-0.0565633676270,0.2869996268506,0.2319984877912,0.1242945295203,-0.0321206556738,0.4044154559895,0.0220720190838,0.2450299144030,-0.0033564376603,0.4159379838767,0.3685480238555
0.4266151581528,0.1516434588370,-0.0539880743976,0.2247792865850,0.7657408008128,-0.0860332857061,-0.0049209859584,0.1299737899954,-0.2186603130572,0.3662084688045,0.2937015556981,-0.0227119415966,0.6070711994762,0.1074572996839,0.0669533000628,-0.0048651441761,0.0300702414260,0.2509076649410,-0.0574964909150,0.2479802056007,1.0000000000000,0.1655863783381,0.1955812105572,0.1345046509502,0.3680731194689,0.0446867310679,0.0871087325629,0.0338614151617,0.1089601880628,0.1805324642438,0.1301538384290,0.0208334869900,-0.1430385641293,0.3608555212116,0.1329124599026,0.3262771064771,0.1513915213808,-0.0915116878251,0.1202011487947,0.4192196302719,-0.0647309379337,-0.1720409755252,0.0803752926813,-0.1051447675665,0.3486746209221,0.1509510339630,-0.0804840970430,0.5468995581657,0.1152917812844,0.0225225575656,-0.0415240836528,0.0023654568538,0.3167993300920,-0.1029568299531,0.2847963671770,0.7597736365995,0.0983678508477,0.0861614805022,0.0776855826692,0.3422155943162,0.0705744365925,0.0042716083714,0.0508394222325,-0.0061520501451,0.1002823926475,0.0862855693870,0.0994057435815,-0.1917310944739,0.3275952784009,0.0482687377306
0.4127769280708,0.3585372592478,0.1722448195564,0.2489475228021,0.2173502469962,0.1328437132844,0.0836734198162,0.1765358242632,-0.0879684377664,0.2359238308298,0.0993893098961,0.1202984400272,0.2438012336434,0.2103224454089,-0.0464886483964,0.2443471529183,0.7215944004705,0.4106766650125,-0.0116903785814,0.2093463635649,0.1655863783381,1.0000000000000,0.4828916914690,0.8682380487454,0.4472638821712,0.0874438937544,0.1126525811061,0.2183005060231,0.6513457260537,0.3009972016911,0.7249408211873,-0.1402222219103,0.2415702072225,0.1578467951480,0.2927782789595,0.2714886911355,0.1866697829510,-0.2620415356293,0.1670467470539,0.2535571530440,0.1125715243585,0.0089847457805,0.0696733109879,-0.1603407122923,0.1899723697544,0.0159145522313,0.0927141966686,0.1675655955147,0.0323012512077,-0.2066984063544,0.0734245248690,0.6559247277863,0.2942191448416,-0.1340700591361,0.0486479122749,0.0445361329728,0.8524563291337,0.5300901453602,0.8131567052331,0.5323377822367,0.0422824697415,-0.0218070665660,0.2134987907907,0.5623851403332,0.1845080562295,0.5939262718124,-0.0525736374839,0.2503580434957,-0.0710179676081,0.3164322455295
0.3256863258065,0.4721385284860,-0.1900845388592,0.4275110479899,0.3621458646971,0.0108948503451,-0.0905128149640,0.1992822691599,-0.2856090735683,0.2884249155150,-0.0107064881756,0.0107585138292,0.1318222771191,-0.1280983914654,-0.2006894718753,-0.0920118409408,0.1961626430091,0.5101954456509,-0.1729260238965,0.2113968715780,0.1955812105572,0.4828916914690,1.0000000000000,0.5372077903366,0.5294182145915,0.1715254152396,0.1223925978920,0.1096463366054,0.4297505584215,0.1569598066337,0.7024436733686,-0.1998835972538,-0.0078113779046,0.2040595802416,0.2006021431248,0.2942640904229,0.4878519046602,-0.3824146332456,0.2549136500672,0.3928740581033,0.0498991699321,-0.0897704200338,0.2582882027940,-0.1427585821074,0.2718509688903,0.0412060753458,-0.0036550976873,0.1454058310255,-0.0694899796774,-0.1135032026385,-0.1744454148281,0.1534723841450,0.4589195317228,-0.1677069374038,0.1818261050704,0.1396780833504,0.3373545119209,0.8501620116969,0.3674103499839,0.5340991119369,0.1713456902798,0.2294856659188,0.1971601372621,0.2378594852725,0.2226977573739,0.5152090107245,0.0162265116567,0.0938268874568,0.1525037272404,0.1947088292333
0.3909569373841,0.4858562401438,0.2756821508741,0.2947477296869,0.1886023304875,0.0778378002213,-0.0530886269487,0.3096578259293,-0.1646194785526,0.2307475695810,-0.0432319119065,0.0677165569379,0.0940171723673,0.0600001998348,-0.1522532300499,0.1099084522790,0.5648018225237,0.6188078273999,-0.0072401446993,0.2803230765808,0.1345046509502,0.8682380487454,0.5372077903366,1.0000000000000,0.4390632964787,0.0681871317616,0.2047420989814,0.3456342659079,0.6125293601454,0.1336420043216,0.7912208307069,-0.2657486059242,0.1687967585277,0.0928999736340,0.3075989725283,0.1393725188854,0.2439378086310,-0.1866595352514,0.2393262652757,0.2779335306684,0.0469083227543,-0.0940608795101,0.1533873376572,-0.2585656661190,0.1181151367607,-0.0860815424083,0.0261981966840,0.0403831185056,-0.0804530227205,-0.3838055465907,-0.1000573987979,0.5214475769085,0.3863870083731,-0.1920399788738,0.0649490009961,0.0719459568437,0.7198718362610,0.5553424926935,0.8452233019182,0.4575047391980,-0.0348881165384,0.0487689286402,0.2769197955737,0.4874623533429,-0.0019794975042,0.6349737188075,-0.0730196524054,0.2125567389363,-0.1214585176810,0.2916173938835
0.2285020339822,0.3398073202241,0.1772378153073,0.3619870574852,0.5595790737692,-0.0168697330885,-0.0656714285863,0.5463723046375,-0.2352632623225,0.5759490305809,-0.0162001043299,-0.0141078872019,0.2918538758263,0.0292029519388,-0.2637752389708,0.1382703365356,0.3809564694274,0.3789991434996,-0.2524790693559,0.0247958068681,0.3680731194689,0.4472638821712,0.5294182145915,0.4390632964787,1.0000000000000,0.1320873645961,0.2277243825532,0.2218154956669,0.6921306019785,-0.0048706943478,0.5700793988582,-0.2887503974585,0.0937474742003,0.0793775140056,0.1513400280965,0.1775608111623,0.2021398770139,0.0078678708952,0.3272547090008,0.4331047544681,0.0065205809401,-0.1529290443095,0.5522013358481,-0.2552154977700,0.5439765975942,-0.0466755764332,-0.0319986958885,0.1800850404828,-0.0366391063632,-0.1229481725351,-0.0784046995290,0.3184560620772,0.2309743914809,-0.3547904791170,0.0283007883540,0.2014067127235,0.2515424970121,0.5359213710032,0.2698219125652,0.8858094175230,0.1305437920028,0.1688615810624,0.3144951462900,0.4733257908732,0.0133025541153,0.4705587468264,-0.0704524461301,0.1209142575777,-0.0515613780807,0.0963536989917
0.2664239761131,0.2839217402963,0.1991656522631,0.6181928407954,0.1226712324659,-0.0650368351191,-0.0228529044903,0.1832433868253,0.1097909566552,0.2943631661982,-0.1260100674381,0.4893100913873,0.1122762653234,0.3858775741965,0.3365276788198,-0.0055477308206,-0.0395313768968,0.1325541850961,0.2912567619217,0.3492748242556,0.0446867310679,0.0874438937544,0.1715254152396,0.0681871317616,0.1320873645961,1.0000000000000,0.5322634525399,0.5353719696404,0.0543379380568,0.2356132062817,-0.0380261666238,0.3172538180912,-0.0218852804487,0.2513361546505,0.3769295138934,0.1436741338018,0.2665448935660,0.1038066924491,0.6024828243421,0.1875630160161,-0.0578974237710,-0.1410397594421,0.0714232576219,-0.0974800250772,0.1917442564613,-0.0764219802709,0.2190112042003,0.2676701595540,0.1863091009493,0.2026095146871,-0.0527292950378,-0.0452938109264,0.0451400247789,-0.1120526187062,0.0549865560866,0.2758762940973,-0.0702516425634,0.0766115691341,-0.0504169228199,0.1224562427757,0.7957255032169,0.3585036655480,0.4756664827692,-0.0843735346184,0.1827389951831,-0.1965315999452,0.0841559983931,-0.0444262399826,0.1881714608335,0.1919930846670
0.3283065774455,0.3345502584169,0.5849384756844,0.5364147962465,0.2110566840449,0.1259398400582,0.1608628231649,0.4201080567064,0.3264477595453,0.1165184053932,0.0153666434291,0.4197352626264,0.0863306096567,0.1401534344903,0.3510621587958,-0.0143904660018,0.0801248138316,0.3011055672828,0.4142682068515,0.4937822354823,0.0871087325629,0.1126525811061,0.1223925978920,0.2047420989814,0.2277243825532,0.5322634525399,1.0000000000000,0.6264011560643,0.2425726148319,0.1659372691261,0.1678954250897,0.1698664036469,0.0155821116189,0.2557102306376,0.3982099260101,0.0583507809781,0.2351108230903,0.2740233218482,0.4639016456210,0.1936835811213,0.1071637465956,0.0324170798029,0.1492979082693,0.1141811913749,-0.0728029421562,0.0015987702924,0.1985476697269,0.2124052941153,-0.0983723634755,0.0920839189501,-0.0525725413125,0.0279455096652,0.0703982806765,-0.0240863186155,0.0834414657126,0.3007397492074,-0.1284263583878,0.0314066097195,-0.0289214233211,0.1423731567191,0.3447406575249,0.6005273824251,0.3644700785879,-0.0900361295958,0.0333688638388,-0.0384899653784,0.0313661589589,-0.1369268429129,0.2248421802874,0.1437956792988
0.2382412946619,0.4072092267134,0.6024336287301,0.4664700651713,0.1277559533145,-0.0356717982877,-0.1580019431022,0.5319366017790,-0.0221238102654,0.3514268073331,-0.2524763698704,0.3356560017204,-0.0696312137357,0.2547127989830,0.2061659707152,-0.1278948818495,0.0912576162960,0.2948732400136,0.3180945996117,0.2675080737999,0.0338614151617,0.2183005060231,0.1096463366054,0.3456342659079,0.2218154956669,0.5353719696404,0.6264011560643,1.0000000000000,0.2390943386300,-0.0559197761029,0.0996391926582,0.0637001717499,0.0747731680587,0.0570579142193,0.2139916453603,-0.0037892847551,0.1263648506701,0.3028167481948,0.5017938690450,0.2853654684984,-0.0707407212939,-0.2611357090305,0.1596380706925,-0.3212274700645,0.1561388781670,-0.2199533914196,-0.0063019658811,0.0666687401092,-0.0409936855652,-0.1589919796740,-0.2505611388964,0.0658071547049,-0.0611802779738,-0.1679009129352,-0.1784439410259,0.2557070231533,0.1121953448947,0.0850202139531,0.1879762972772,0.1372206061016,0.2936404484948,0.2335253951258,0.7495874593850,0.1354752959624,-0.2111884490783,-0.0711943574916,-0.0402254930311,-0.0413494213575,-0.1013363822333,-0.0793554494543
0.2532742455681,0.3299424336599,0.2301712619060,0.2262634874457,0.3112398735323,-0.0271799213860,0.0694698841777,0.4926486889496,-0.0751289029359,0.2092226549976,0.1387572210007,0.1227474238037,0.2306018495421,-0.0264258892233,-0.1541592350405,0.2112942970546,0.6212261765830,0.3309485201007,-0.0589522002577,0.1251517577914,0.1089601880628,0.6513457260537,0.4297505584215,0.6125293601454,0.6921306019785,0.0543379380568,0.2425726148319,0.2390943386300,1.0000000000000,0.1021487775372,0.6969320183767,-0.2745410205180,0.1607139407406,0.0137191585495,0.1942111012181,0.1626591395103,0.1526040136858,-0.0968419083313,0.2024268952425,0.3416926794314,-0.0245038452214,0.0279614561504,0.4392825266259,-0.1742213511930,0.1792632742229,0.1139808363166,0.0091367556786,0.1397096814622,-0.1888915669798,-0.1888132705987,-0.0016857263134,0.5486595378400,0.1989802206187,-0.2364728638700,0.0169000116031,0.0464019738231,0.4430380125955,0.5160281643455,0.4785791652241,0.6963155207389,0.0019869707279,0.0725897290894,0.2640769759868,0.8087553175585,0.0648532421997,0.5462580410626,-0.0826898054340,0.1784997141894,-0.1699999596511,0.2064822073499
0.4850644937548,0.0879215032138,-0.1269710143771,0.3557225353196,0.0855952272942,0.1192575639532,0.3238801933519,-0.2568389984295,0.2075630760295,0.0310683675323,0.3007426803208,0.4162084136688,0.5267922114995,0.2310154727052,0.6356403519635,0.4115961817072,0.1500314991921,0.1471067594272,0.4492917296889,0.5753515392475,0.1805324642438,0.3009972016911,0.1569598066337,0.1336420043216,-0.0048706943478,0.2356132062817,0.1659372691261,-0.0559197761029,0.1021487775372,1.0000000000000,0.1763709357667,0.3119721085746,0.2089230995016,0.6519780327002,0.4921365380123,0.4400779842746,0.2112577659248,-0.3049868697529,0.0900147064132,-0.1568739034314,0.1541557757872,0.1578107314619,-0.3507973671459,-0.0030691329898,0.0642872768374,0.0826441665533,0.2640446760344,0.5244034818696,0.0737277846397,0.3026139873890,0.3853274826091,0.0709659751102,0.2717966543370,0.2495052848039,0.4619004844503,0.0668298517973,0.2657660323984,0.1287452360592,0.1725488592457,-0.0214667388582,0.3237464953642,0.0326562926794,-0.0675359410074,0.0627464612076,0.8083832716132,-0.0279817054411,0.1810618618795,0.2795650146220,0.4213316740649,0.5360352518338
0.3616252583984,0.5097080996868,0.1058248137822,0.2808952399335,0.2875263475440,0.1055101321984,0.0089198394072,0.3005322310502,-0.1480454958804,0.0886772931536,0.0760205519146,0.0528526309144,0.1152547545804,-0.1000674054023,-0.2108618231857,0.0925164697015,0.4816379747244,0.5523578661805,-0.1085599765684,0.2469228853372,0.1301538384290,0.7249408211873,0.7024436733686,0.7912208307069,0.5700793988582,-0.0380261666238,0.1678954250897,0.0996391926582,0.6969320183767,0.1763709357667,1.0000000000000,-0.3700094222635,0.1449059817384,0.1391995241584,0.3032050206220,0.2547578765887,0.3649662013748,-0.2966878129967,0.1879261944672,0.3165203688540,0.0961988396066,-0.0032055534389,0.3023116684550,-0.0955319888268,0.0560878169382,0.0580175222055,0.0550991920192,0.0243627467613,-0.1595163383939,-0.2244031026168,-0.0840851852265,0.4264172942461,0.4387519501160,-0.1525316700862,0.1639224403805,0.0032804885449,0.5376635013255,0.7129747152114,0.6387261126132,0.5778555363613,-0.0766036526239,0.1010669935342,0.1295134111873,0.5121735293136,0.1362321301221,0.8091575875674,-0.0747904253632,0.2067651282063,-0.0079858816165,0.3545985976324
0.0898551582894,-0.1822265758197,-0.1173800000047,0.0781249535185,-0.0721610141982,0.0299174634090,0.1319055902359,-0.0868098533574,0.2519995033066,-0.0241420630754,0.2002287609336,0.4479498712565,0.1529507790449,0.6095305706249,0.5082075418146,0.0449032859241,-0.1964715988616,-0.1435237870265,0.4323555379505,0.1447033093903,0.0208334869900,-0.1402222219103,-0.1998835972538,-0.2657486059242,-0.2887503974585,0.3172538180912,0.1698664036469,0.0637001717499,-0.2745410205180,0.3119721085746,-0.3700094222635,1.0000000000000,-0.1425081973290,0.1595279109700,-0.0571035949971,-0.0352123716495,-0.0535020779272,-0.0613464060392,-0.0577740944956,-0.2233954194962,0.0614404109439,0.0413183575582,-0.2783127185510,0.1859392220907,-0.0648065295999,0.1357901516310,0.3263565786854,0.2310162914537,0.5584685503583,0.3331071407190,0.1683561378527,-0.1984491498244,-0.1582701925659,0.3075810093291,-0.0035677458076,0.0710979769967,-0.1510833545997,-0.3280955617711,-0.2794620525398,-0.3337500383665,0.2911538722473,0.1196370498967,-0.0223014414757,-0.2417695193060,0.2470909667189,-0.4164544632024,0.5679786312944,-0.1524482342060,0.2276633316910,-0.0774343574116
-0.0210729426872,-0.0852052041528,0.1975914407019,-0.0181902288955,-0.1199829198062,0.6818892463702,0.2707603473500,-0.0449865872037,0.2838863806949,0.1483801582496,-0.2926275247528,0.1281476745842,0.0755594115276,0.0978753915849,0.1047427577113,0.3889901521325,0.2213714514951,-0.0223209495076,0.1750257724678,0.0110331193272,-0.1430385641293,0.2415702072225,-0.0078113779046,0.1687967585277,0.0937474742003,-0.0218852804487,0.0155821116189,0.0747731680587,0.1607139407406,0.2089230995016,0.1449059817384,-0.1425081973290,1.0000000000000,-0.0862439157098,0.2226114336951,-0.0752777607359,-0.1330282727229,-0.0002407622224,0.0139486273003,-0.1677218714186,0.6697246665264,0.2197076792824,-0.2123688982737,-0.0634543743349,0.1483913631211,-0.4039350826747,0.2511741034026,-0.0657241405113,-0.1070867565451,-0.0213251739705,0.1970882623631,0.2100351638363,-0.0936208797066,0.1570870424359,-0.0547246943419,-0.2276834021474,0.1771007180757,0.0442600647619,0.1832274885621,0.1450924086686,-0.0457905392241,-0.1478327476307,0.0361690617869,0.0798364807717,0.0813942066547,0.0221449032031,-0.2534840747650,0.7622352042205,-0.2432224584688,0.2435604614795
0.5270811608770,0.2596332766591,-0.0840371342268,0.5243796842018,0.3576679031554,-0.0469835007107,0.1042485904428,-0.0220402081293,-0.0127199133032,0.1246147870357,0.3720573182847,0.2184717580865,0.3706486562729,0.0549249163975,0.4466518596445,0.0545148836901,-0.0446276745528,0.3742580278403,0.2346998659801,0.5603299719600,0.3608555212116,0.1578467951480,0.2040595802416,0.0928999736340,0.0793775140056,0.2513361546505,0.2557102306376,0.0570579142193,0.0137191585495,0.6519780327002,0.1391995241584,0.1595279109700,-0.0862439157098,1.0000000000000,0.5271910097290,0.4438939773327,0.3571859998044,-0.1105779689911,0.3220599986816,0.1844817663128,-0.0224720981246,-0.0902249606126,-0.0508293441611,0.0309025554708,0.0787195411845,0.2331584531986,0.0571987127563,0.4700652041825,0.0112522457074,0.2466555942999,0.1152352700205,-0.1348703408512,0.5133760060305,0.1331926272879,0.5583119565022,0.3786519931660,0.1139195354974,0.1188288502970,0.1023018740656,0.0514617207284,0.3140876334866,0.2792323975187,0.0857770912806,-0.0853409836821,0.5298890701151,0.0507346314805,0.1598773804770,-0.0947827989436,0.7646165082486,0.4243347843214
0.4719860423814,0.5117738357769,0.1489511124341,0.5286569792850,0.1728655457379,0.1822649958299,0.1937542577918,0.0362913489426,0.1215903796851,0.0106687538703,0.1147016820815,0.3014426422401,0.1316214993029,-0.0137246456432,0.3081507484735,0.1424350869917,0.1222896805732,0.3737257233386,0.2541869086859,0.4941736115140,0.1329124599026,0.2927782789595,0.2006021431248,0.3075989725283,0.1513400280965,0.3769295138934,0.3982099260101,0.2139916453603,0.1942111012181,0.4921365380123,0.3032050206220,-0.0571035949971,0.2226114336951,0.5271910097290,1.0000000000000,0.2639317470740,0.4697569193983,-0.0481763418969,0.5736816665318,0.1906067027529,0.2063657512175,0.0278466005749,-0.0579078680833,-0.0726433952118,-0.0985266835752,0.0184755255958,0.1286181101915,0.1859167428898,-0.1992641545698,-0.0815047880164,0.0206108255589,0.0938879996708,0.4560447445266,0.0873061379309,0.4126884510830,0.2211711930458,0.2339670189465,0.1578874454257,0.3069916281709,0.1459612953110,0.2278552368706,0.2678637520464,0.1495795879721,-0.0129473350757,0.2609903549467,0.2149096147966,-0.1214676759123,0.1503044794827,0.3962154604443,0.7898077746432
