1.0000000000000,0.2700007287579,0.4843766999449,0.5817750101065,0.3530935936759,0.0156616253389,0.2603161881145,0.7112065256696,0.2470544614483,0.5136107762367,0.4418740891954,0.1962459766708,0.2859211077877,0.0773386385616,0.7725698699564,0.1906761370296,0.2427757629230,0.3781131300295,0.2335691841979,0.0643127230396,0.4363931188474,0.3912010780285,0.3928652403021,0.4589089732604,0.5512629007601,0.4146418301682,0.3420734012988,0.5115369157514,0.4967762050274,0.4383774323030,0.6842463568405,-0.2508330106207,-0.2145962036017,0.3908938307543,0.1089135263435,0.0962069328207,0.0788063195768,0.2061813751386,0.2893104125067,0.2197844353810,-0.1870649027701,-0.1403808428685,-0.5443552683481,-0.3335142191150,0.4648075991001,-0.1822836907064,-0.0952785972493,0.1550451522509,-0.3521129097929,-0.3137316069849,-0.0578068036255,0.1902124440629,0.0142357854727,-0.3543180674605,-0.0373775733902,0.1357957255133,-0.0901543378784,0.0209917464787,0.1671609224949,0.0857459788215,0.0580254500637,0.0809478295938,0.2861583410090,-0.3120784757818,-0.2173816326258,-0.4122941743381,-0.5000687086562,-0.2088875459653,-0.2511880247284,-0.1494681015935
0.2700007287579,1.0000000000000,0.6012822271681,0.6527296888645,0.0706143859291,-0.0956967513573,-0.1075789494520,0.3506211504438,0.1078464550633,0.0619449424174,0.1594359683466,0.3427359806656,-0.0061122534627,0.2283388218630,0.2819460996051,-0.1290259530853,0.2968689765120,0.5575651262161,0.4341957360999,0.2710124168377,0.1000601676019,0.3195817059560,0.6783931306953,0.5163114686845,0.2031200490058,0.6043497258014,0.5932046399310,0.6749076450528,0.0995703003571,0.3930108927421,0.2303082785534,-0.1518988268146,-0.2341595503611,0.4662129359125,0.4638745846144,0.0126852373297,0.7060194613492,0.3630403548173,0.5203535005018,-0.0072624741776,-0.2355460959422,-0.3343332034545,-0.4480305047529,-0.4283540907640,0.2034858769652,-0.1290812376161,0.0021863785863,-0.0196503481160,-0.1102700628674,-0.5159915591317,-0.0981367161406,0.4163117684852,0.2950712593892,-0.1014234045200,0.3046683862401,0.0080399499174,0.0828406899912,0.4905253152271,0.3679021373484,0.0531233844340,0.4529155442540,0.2581468826601,0.6405951524665,-0.2537027881886,-0.1666094733539,-0.1790589110800,-0.4383061742348,-0.1933434687324,-0.0584565234883,0.3533488912333
0.4843766999449,0.6012822271681,1.0000000000000,0.7296503616493,0.1435806825431,-0.1810607860590,0.0522197319448,0.5465426904823,0.3037856673796,0.2686865864203,0.3155886169149,0.4705318540931,0.1865494574642,0.4183368704250,0.5322818909878,0.0870587680255,0.3561047846806,0.7599331665985,0.4819511693968,0.3685773023463,0.2380454619890,0.5701961132099,0.6205857300966,0.7906096881234,0.3304804485959,0.5893584812321,0.6915284345625,0.8936258570488,0.3602694914328,0.5348256672923,0.5748898964261,-0.3390615486228,-0.2993534270649,0.2535931547449,0.3021892244232,-0.1887055091154,0.2761594407819,0.7332761703350,0.3964843771315,-0.0302383318993,-0.3909987556767,-0.2536052191923,-0.6909031038748,-0.4251708694743,0.4178272214676,-0.2373400578639,0.1400756788622,0.0853198810195,-0.0954636823061,-0.5730294330256,-0.0791371524584,0.4295018908205,0.1919466943941,-0.1516991169824,0.1754281679577,0.0430503547579,0.1762058220793,0.2871807330420,0.5363511767911,0.0260442603321,0.2030456154540,0.4105059217008,0.7225321349745,-0.2508861404632,-0.3115056121571,-0.3059881888492,-0.4788082444685,-0.0495410776421,-0.3274216180044,0.0397198740896
0.5817750101065,0.6527296888645,0.7296503616493,1.0000000000000,0.1374578307511,0.1001662192556,0.2112837255205,0.6655240451098,0.4296260612282,0.4835088788313,0.2674230952538,0.4620804003366,0.1300491028998,0.2909534166772,0.6811744802027,0.1099171874322,0.3144262448629,0.5394792903819,0.5113991089415,0.2775482889900,0.2121047627468,0.2958904142848,0.6919808781657,0.5411855396608,0.4832230446385,0.7985759932515,0.6355718336841,0.7881698935548,0.3901091272355,0.4482854197110,0.5420700017306,-0.2092869332996,-0.1916804132127,0.4376601584283,0.1916593873059,-0.2085471019586,0.2588447245338,0.3611257273655,0.5660177919447,-0.0385052135629,-0.2053650182376,-0.2808939658747,-0.6820125590530,-0.4933068586917,0.6017377111121,-0.3361150164355,-0.1706888051178,0.0426633808581,-0.3235354720217,-0.5909924669145,-0.0374688957328,0.3543129919913,-0.0266001957823,-0.4203074201144,0.0230902436730,-0.0420337377420,-0.1651842717826,0.2402499065642,0.2081969503132,0.1451200735743,0.3934373287314,0.1591248365491,0.5466701082422,-0.3282285886067,-0.4727318408225,-0.4597744993479,-0.6175852413884,-0.1519255478869,-0.3944525123697,-0.0690389848559
0.3530935936759,0.0706143859291,0.1435806825431,0.1374578307511,1.0000000000000,-0.3354261214000,-0.0891762125524,0.1646984448747,-0.0644101236165,0.4183304518224,0.4969934497319,-0.1034912103496,0.6761113801989,0.0493462446635,0.1754752932960,0.2448296162018,0.4512696035437,0.0839514169222,-0.0643712448189,-0.1116332315794,0.8179708974506,0.5184935121556,0.1881411290100,0.3752204894414,0.4610727137530,-0.0228309647405,0.0628426532885,0.1656258639698,0.4447823534497,0.3092181651700,0.2085129633497,-0.2820341084778,-0.3815386834174,0.4615258271032,-0.0971610511566,0.1051603443148,0.0836011458261,0.1636691465101,0.1847530284807,0.8819097368317,-0.4340137694596,-0.1309658959258,-0.2969271701675,-0.0774233950526,0.3522737790658,0.2755612404865,0.0961605613912,0.5924451942302,-0.1038898956714,-0.1608488700850,0.1163819641037,0.4041152103387,0.0158332730468,-0.0104054794505,0.0785979505924,0.7379697796336,0.3553570773985,0.0932016931177,0.4140308858473,0.3559429742617,-0.1313899428295,0.1684167675171,0.1222089916093,0.0390314320688,0.1631945722101,-0.0774774708651,-0.2161205525810,-0.1508370861740,0.2434231184918,0.0136533599830
0.0156616253389,-0.0956967513573,-0.1810607860590,0.1001662192556,-0.3354261214000,1.0000000000000,0.4319894725378,0.2916915519172,0.4425155689561,-0.0772664167112,-0.3512793593233,0.2002973686511,-0.3873897303160,-0.0885204017879,0.2077305677808,0.0981047709108,-0.3098476704546,-0.3036495838485,0.0129032091801,-0.1864323636462,-0.4342073930730,-0.4373811806869,-0.0910166993939,-0.3871263398022,0.0301244972179,0.2024038070081,-0.1579818535991,-0.1432286753530,0.0431363080383,-0.1360095541249,0.0577728137369,0.4001016878690,0.5557018164772,0.0302560854464,-0.1314109136697,-0.2843035821687,-0.2998585019018,-0.4233694169114,-0.2628893958038,-0.2293892190662,0.7274735337056,0.2724418902167,0.1706722551750,-0.0066988029582,0.1013307332120,-0.3697738659350,-0.4440607769612,-0.3917949369326,-0.3034683755263,-0.0257199530312,0.2420779402965,-0.2708525640951,-0.5944492648374,-0.5574226145717,-0.5839058101372,-0.5266594707032,-0.6364458446038,-0.3119358653872,-0.6869893779194,0.0490686543678,0.1191428512301,-0.5123397632352,-0.3253719466327,0.0874348455651,-0.4320722509988,-0.3926396062015,0.0035296720742,0.1898395557145,-0.2956803945927,-0.4004010900153
0.2603161881145,-0.1075789494520,0.0522197319448,0.2112837255205,-0.0891762125524,0.4319894725378,1.0000000000000,0.2462156226760,0.6329873726647,0.1266151753279,0.3690143472107,0.2735107039420,0.3211269647004,0.0683073752770,0.3171019073469,0.5134969096827,-0.1314284472133,-0.1562110520979,-0.0329532620885,-0.2227783037461,0.1597779240641,-0.2052433898080,-0.0638171684593,-0.1090607700675,0.0967241109416,0.0925587323733,0.0150037858073,0.0728201482461,0.1539020719171,0.1162637179871,0.0593386057788,-0.1921835216004,0.3429479137651,-0.0234937145431,-0.1923164557784,-0.1174963722981,-0.2301919949058,-0.1502955940609,-0.0130591033950,-0.1112624448062,0.0770662589300,0.5412469943136,-0.3359523737741,0.1789915138627,0.2577018553017,0.1499531615444,0.0098959885102,0.2881899700717,-0.2535811415097,-0.0974940376451,0.2557868701608,-0.1795578418291,-0.3721244723422,-0.2948313959740,-0.3381743196350,-0.0474682323865,-0.4110501514580,-0.2069482459886,-0.2653671410804,-0.1605713506324,-0.0933730348186,-0.1340926573681,-0.1056604810963,-0.3101119851882,-0.2624242184494,-0.3830972280598,-0.2513069067851,0.3302209118617,-0.1948785723568,-0.2965867366373
0.7112065256696,0.3506211504438,0.5465426904823,0.6655240451098,0.1646984448747,0.2916915519172,0.2462156226760,1.0000000000000,0.2961795810628,0.4002258286672,0.2022561624879,0.2381896490848,0.0576890268125,0.1168812349188,0.7102506305224,0.1935564664656,0.1737178116164,0.2552607092132,0.3499313550042,-0.0199754400255,0.1189994348372,0.2251496251511,0.4805997097917,0.3167204292246,0.7154637861079,0.6093171179244,0.2753659529294,0.5208754104789,0.6780575245503,0.2919925615157,0.7114119490034,0.0369988728563,-0.0420664204474,0.3547642105149,-0.0066164040874,-0.2692132882900,-0.0507050611340,0.1611473599214,0.1424226884099,0.0901084666678,0.0214775328434,-0.2199891934117,-0.4156717553686,-0.5111579672643,0.4973902894235,-0.4229155952324,-0.3501269517269,-0.0891733859963,-0.4690804832854,-0.4440538008933,-0.0476598724392,0.1640359382982,-0.2935698146921,-0.5928698961448,-0.3004590010089,-0.1500646436143,-0.3163891038254,0.0352748721348,-0.0756995938231,0.3355530333241,0.1189080964483,-0.1324542899485,0.2162683298514,-0.0307649365341,-0.5585952253463,-0.5198054181319,-0.4880719917402,-0.2367563425990,-0.4250390101437,-0.3632398398046
0.2470544614483,0.1078464550633,0.3037856673796,0.4296260612282,-0.0644101236165,0.4425155689561,0.6329873726647,0.2961795810628,1.0000000000000,0.0769259560907,0.2371270809756,0.5383141123593,0.0686989990210,0.3141762197225,0.5306405266750,0.2133421524904,-0.1220950636252,0.0952134554063,0.2026599758965,-0.0606468247291,0.0588031962701,-0.1362758195906,0.0708589168160,0.0392307245740,0.1020976762738,0.3520863092165,0.2617119992502,0.3539123088629,0.0627502735271,0.1669820267035,0.1686566125918,-0.2112310036674,0.3017240217533,0.0143218712630,-0.0779117964978,-0.2409409225471,-0.1389530409473,0.1302235170018,0.1008163071151,-0.1787917824389,0.0125358324370,0.3120543574620,-0.4548317617778,0.0596035965304,0.2589291876415,-0.1317729919115,0.0245572051237,-0.0132684129719,-0.1887733048425,-0.2654744357525,0.1244952326556,-0.0947829190438,-0.2762097500187,-0.3072381186591,-0.2582146612094,-0.1478975981713,-0.4378048281554,-0.1854606630745,-0.1906708299686,-0.1673193545670,0.0744999108847,0.0387385954688,0.1528473667168,-0.4285623574360,-0.4594507787211,-0.4449442257698,-0.3653750232083,0.3407762705746,-0.4559374200182,-0.1757374231594
0.5136107762367,0.0619449424174,0.2686865864203,0.4835088788313,0.4183304518224,-0.0772664167112,0.1266151753279,0.4002258286672,0.0769259560907,1.0000000000000,0.3116108724710,0.0354530015684,0.4049096690570,0.1642532511345,0.3816655423341,0.2859825745541,0.4415139827832,0.1165368565171,0.1297565544204,0.0035376628569,0.4252847307909,0.3802760649950,0.4080128961923,0.3397055176526,0.6508338795977,0.2564601440817,0.2031319698119,0.3292884353812,0.3584607922998,0.3485017273220,0.3893404605276,-0.2645723537309,-0.2070405345368,0.3376614699905,-0.0965560664750,-0.0214557109424,0.0211278165053,0.0958149308748,0.2627311470806,0.3007853062066,-0.2476935987921,-0.2463412635720,-0.3175658625353,-0.2212341969433,0.7464517678341,-0.0388854606159,-0.0285189579324,0.3780864582559,-0.1225929133723,-0.1665957076067,-0.0461065596936,0.3578446611005,-0.0935001513485,-0.1686555192654,-0.0664567372430,0.2766144786994,0.1234999373544,0.2340205055380,0.2279553076440,0.4116578683248,0.1019708864627,0.0439400381967,0.2153535421488,-0.1309849731664,0.0053260251921,-0.1445756672751,-0.2895860959078,-0.0580918265073,0.0739764646123,-0.1676192055388
0.4418740891954,0.1594359683466,0.3155886169149,0.2674230952538,0.4969934497319,-0.3512793593233,0.3690143472107,0.2022561624879,0.2371270809756,0.3116108724710,1.0000000000000,-0.0117598513615,0.7038963014905,0.0287422694151,0.3091714948497,0.2020118095199,0.2632574212487,0.2033329440034,-0.1648912778523,-0.1712810535745,0.7552359057069,0.4095599692367,0.1896918428727,0.3929989848250,0.2221176511897,-0.0456697323712,0.2158740815279,0.3756395665545,0.3139518804988,0.3863116569845,0.1647462592767,-0.6596804563151,-0.3499608168628,0.2770586344049,-0.0358475217638,0.2380454987957,0.2292631546322,0.3255732310183,0.3949103807599,0.4131484975902,-0.6347895310974,0.0848160511946,-0.6130892410961,0.1030212522288,0.2797549271979,0.6072251415234,0.2894616810234,0.6310817355839,-0.2672210585786,-0.2039861108852,-0.1274384171203,0.1781757815396,0.1742196178988,0.0915215703222,0.2150920890181,0.6379040609462,0.2126159206482,0.1574174904055,0.4564474970070,-0.1515856739656,-0.1820662549869,0.4302667894373,0.3266171468884,-0.3892737146723,0.1629787931793,-0.1245367393374,-0.4563555349758,-0.0436324333937,0.1083456449420,0.1135536667900
0.1962459766708,0.3427359806656,0.4705318540931,0.4620804003366,-0.1034912103496,0.2002973686511,0.2735107039420,0.2381896490848,0.5383141123593,0.0354530015684,-0.0117598513615,1.0000000000000,-0.0763819010941,0.7241758620626,0.3913305961511,0.0750541780351,0.0422032766269,0.4122241149244,0.5284391114026,0.3773042148404,-0.0887398872295,0.0754591219288,0.2710660985841,0.3093304005317,0.0537188568368,0.5337927621448,0.5949804536086,0.5332250564048,-0.0365276893598,0.3662350707862,0.1626517305334,-0.2435426929786,0.1781798709567,0.1342235784872,0.2943763017852,-0.2586438877545,0.0993919752180,0.1988450745094,0.1728968450063,-0.2292051578792,-0.0478759217185,0.0251111303202,-0.4234511155048,-0.1740705424365,0.2269803502025,-0.2582498251055,0.3391258231419,-0.0567887180949,0.2280627902864,-0.3645205350650,0.0722804254484,0.1784123982783,-0.1306617415035,-0.1410853213928,-0.1421867935363,-0.2414659535425,-0.1517839210478,0.0404127077430,0.0602162666768,-0.1126138279388,0.3466843270997,0.1235126244350,0.3341976798373,-0.3215303566577,-0.3033871444932,-0.3694890337589,-0.2428747956166,0.3270481061158,-0.3244076665349,-0.0383201549943
0.2859211077877,-0.0061122534627,0.1865494574642,0.1300491028998,0.6761113801989,-0.3873897303160,0.3211269647004,0.0576890268125,0.0686989990210,0.4049096690570,0.7038963014905,-0.0763819010941,1.0000000000000,0.0684042359842,0.1267965308124,0.5280941840818,0.3953944874888,0.0315896256381,-0.1001499369005,-0.1568789152827,0.8254592187150,0.4840275688889,0.1360687908818,0.3960630688824,0.2501929869820,-0.0999972097555,0.0466024421803,0.1791155617760,0.4211338657557,0.4456251229074,0.1030954473666,-0.4206121091786,-0.2634223837755,0.3087081531829,-0.1977947764146,0.0019814646200,0.0052607079868,0.1804447500844,0.0907754858491,0.6305047753390,-0.5342186233587,0.1321264921958,-0.4801169457411,0.0362172944057,0.4455367556177,0.4831383408779,0.2307268698345,0.9286774649813,-0.1470178167574,-0.1872689980436,0.1279051901428,0.3718290827130,-0.0369326905769,0.0789104466506,0.0365276940819,0.7853380612924,0.3354692452575,0.0717894544531,0.4415581430505,0.1325260716669,-0.2464017489704,0.1949678029817,0.1310375683968,-0.0493023300114,0.2207005754504,-0.1241734938393,-0.2546046277262,0.0546514042668,0.3361337331293,-0.0543135673074
0.0773386385616,0.2283388218630,0.4183368704250,0.2909534166772,0.0493462446635,-0.0885204017879,0.0683073752770,0.1168812349188,0.3141762197225,0.1642532511345,0.0287422694151,0.7241758620626,0.0684042359842,1.0000000000000,0.2049370795612,0.1087200718029,0.2286135781530,0.3911053458040,0.4572510584287,0.4233118735756,-0.0053885864126,0.2751954727459,0.2361761556762,0.3895371512136,0.0951110729295,0.4153288041129,0.5249610514671,0.4563842210166,-0.0727205406729,0.4694252539022,0.1146819987152,-0.2803065626249,-0.0310578134797,0.1242277074698,0.2355399698560,-0.2356644378094,0.0372654058504,0.2162266061481,-0.0067676041042,-0.1196416106650,-0.1232347278252,-0.1290534086165,-0.3352623626970,-0.2199939460275,0.3080837262011,-0.1031652705480,0.4365504989105,0.1111733820540,0.5552760827448,-0.3111378191560,0.0515680185929,0.3562527707286,-0.0479845566249,0.0844384308879,-0.0493351670229,-0.1296436280304,0.1002731813847,0.1262762258334,0.2182739652625,-0.0070858246458,0.2082020516330,0.2189736496533,0.3434113589184,-0.2329086674613,-0.0730952953812,-0.2527326233987,0.0222519081513,0.3274955582239,-0.0625724583228,0.0267141583078
0.7725698699564,0.2819460996051,0.5322818909878,0.6811744802027,0.1754752932960,0.2077305677808,0.3171019073469,0.7102506305224,0.5306405266750,0.3816655423341,0.3091714948497,0.3913305961511,0.1267965308124,0.2049370795612,1.0000000000000,0.2012389759205,0.0907761596709,0.4501422323312,0.4884331829215,0.2519807799631,0.2356624922995,0.2254140157391,0.3523438752209,0.3807809620010,0.4222038323996,0.5999786569898,0.3966877851351,0.5605087592484,0.3916249723009,0.4645148820582,0.6104439265320,-0.0793111214825,-0.0718117031544,0.3376405589709,0.1001539344277,-0.1053983702861,-0.0601942942259,0.2222524076383,0.3312478024015,0.0431936826911,-0.0686460205979,-0.1391489532615,-0.5324257516181,-0.4147998036436,0.4206180305173,-0.3220731176678,-0.1793306847129,-0.0136667128876,-0.3329881858973,-0.3371508070643,-0.0021040700865,0.0780855333424,-0.1259490279178,-0.3711092042204,-0.0644985831758,-0.0507196218320,-0.2811748115597,-0.0998585973898,0.0189124010586,0.0199832864774,0.1698882868214,0.0234549249816,0.2700052032726,-0.2839680797308,-0.4435137629329,-0.5191663528891,-0.4404937765114,-0.1253684367545,-0.4726336866448,-0.1955579497162
0.1906761370296,-0.1290259530853,0.0870587680255,0.1099171874322,0.2448296162018,0.0981047709108,0.5134969096827,0.1935564664656,0.2133421524904,0.2859825745541,0.2020118095199,0.0750541780351,0.5280941840818,0.1087200718029,0.2012389759205,1.0000000000000,0.1517692753167,-0.1230824037420,0.0842985806414,-0.1090994475322,0.2935197709793,0.0768931838512,-0.0090449241624,0.0860433145717,0.2157100566543,0.0742520923947,-0.1236959713162,0.0259674277796,0.3199686001523,0.2368908078813,0.1017608577632,0.0206479309157,0.1405324075398,-0.0080719147155,-0.1669548552165,-0.2273044253427,-0.2573374864233,-0.0404288329152,-0.2101080492456,0.2475031330586,0.0201366845826,0.3098864294249,-0.1628261946097,-0.0418973285698,0.4340598421798,0.0334237371741,0.0000809222709,0.4874031191506,-0.0620206885115,-0.1524371647444,0.6360901038697,0.1368618122631,-0.3610780468370,-0.2384616689588,-0.3045249077005,0.1784004672871,-0.0798381876618,-0.1383024693482,-0.0526716814398,0.2282347643917,-0.1848717840283,-0.2497380391661,-0.0826098336682,0.1384127354957,-0.1626011035321,-0.2842090395670,-0.0386382917890,0.1410984586415,0.0150437045186,-0.2515891036458
0.2427757629230,0.2968689765120,0.3561047846806,0.3144262448629,0.4512696035437,-0.3098476704546,-0.1314284472133,0.1737178116164,-0.1220950636252,0.4415139827832,0.2632574212487,0.0422032766269,0.3953944874888,0.2286135781530,0.0907761596709,0.1517692753167,1.0000000000000,0.2360894911637,0.1217205709566,0.1288150006262,0.4408626926023,0.7532433973056,0.6511419389170,0.6695072989924,0.4254502024830,0.1396711039491,0.3043797366328,0.4159472177570,0.4025066813496,0.4887834211569,0.3171917609626,-0.2819019310898,-0.3594654737336,0.3867608739547,-0.0029800247343,-0.0432307509203,0.3032462120393,0.3166451658965,0.1276169062426,0.3470216656981,-0.3544653562570,-0.4453832232507,-0.2852812076215,-0.3411034046353,0.4773288393840,0.0289836057118,0.1489845272606,0.4180796756460,0.0320839588279,-0.3768784326885,-0.1002827722343,0.8863510117687,0.1138995062635,0.0137417760094,0.1234934721549,0.3174936787573,0.5773756898156,0.6007074989928,0.6187103489821,0.4148411579538,0.0210506722585,0.2193999201402,0.4510706670226,0.1093156218701,0.1004429541362,0.0786970884821,-0.1789544800921,-0.1573505369354,0.3625656897310,0.0413018825926
0.3781131300295,0.5575651262161,0.7599331665985,0.5394792903819,0.0839514169222,-0.3036495838485,-0.1562110520979,0.2552607092132,0.0952134554063,0.1165368565171,0.2033329440034,0.4122241149244,0.0315896256381,0.3911053458040,0.4501422323312,-0.1230824037420,0.2360894911637,1.0000000000000,0.5171548117365,0.7215270023472,0.1525775399041,0.5093533913444,0.4839034417342,0.7433995859686,0.0341691779514,0.4762965947438,0.7725873012387,0.7118193297183,0.0735209854242,0.4892528928691,0.4367051841685,-0.2803965003659,-0.3583772904425,0.2715584044204,0.5444619213206,0.0482457896365,0.3951155417912,0.5885644688703,0.4599391654615,-0.0516411808631,-0.3335075216947,-0.3168273633378,-0.4913491955686,-0.4429788667140,0.1400720161881,-0.1338813139375,0.1736678018158,-0.0179047036612,0.0906605831362,-0.4560429538570,-0.1126679481915,0.3243960825389,0.5018999563890,0.1079317476428,0.4974246544313,0.0376585868008,0.2877736440064,0.2518642859746,0.5617201214412,-0.1762905122165,0.2462966801529,0.5082441584251,0.6071442821797,-0.2488197019707,-0.1099065911583,-0.0898557355127,-0.2483697339368,-0.1429532480580,-0.2013912941458,0.3013801845332
0.2335691841979,0.4341957360999,0.4819511693968,0.5113991089415,-0.0643712448189,0.0129032091801,-0.0329532620885,0.3499313550042,0.2026599758965,0.1297565544204,-0.1648912778523,0.5284391114026,-0.1001499369005,0.4572510584287,0.4884331829215,0.0842985806414,0.1217205709566,0.5171548117365,1.0000000000000,0.5696468786536,-0.1511556172391,0.1269917931930,0.2925882806624,0.3435047141492,0.1623732273789,0.6682464057392,0.4783354016052,0.4756119899469,0.0407745082434,0.3822823899746,0.1562095427771,0.2166712412246,-0.0031987917283,0.1868240744633,0.2044903963144,-0.2931620333038,-0.0074406646449,0.1324737097712,0.1734229199715,-0.1987982392898,-0.0316639113111,-0.2456903600913,-0.3017006212783,-0.5290799859060,0.2982389086942,-0.3896209371725,-0.1369206561846,-0.0894115297452,0.0569283541803,-0.3958455681692,0.0050952668671,0.2515733505106,-0.0475272943118,-0.0758437401942,0.0517192688705,-0.2382447850593,-0.1146594414079,-0.0421509828673,0.0790037835322,0.1168636615504,0.2969417621114,-0.1262135544839,0.2460363147138,-0.0974674745280,-0.3685636387731,-0.3973912240406,-0.1772396327103,-0.0378614411033,-0.3030393666102,-0.0807061860583
0.0643127230396,0.2710124168377,0.3685773023463,0.2775482889900,-0.1116332315794,-0.1864323636462,-0.2227783037461,-0.0199754400255,-0.0606468247291,0.0035376628569,-0.1712810535745,0.3773042148404,-0.1568789152827,0.4233118735756,0.2519807799631,-0.1090994475322,0.1288150006262,0.7215270023472,0.5696468786536,1.0000000000000,-0.1021232176042,0.2270636681469,0.2391728504882,0.4276127495323,-0.1590356752590,0.4120769934065,0.6646131485008,0.3902798330136,-0.1671475958816,0.2917024436293,0.1548092820551,-0.0171993448786,-0.2119730085469,0.1169896823680,0.4351242743127,-0.0415439432404,0.1371459480452,0.1877753044413,0.2069552937835,-0.2110979134269,0.0021725573121,-0.3603196382509,-0.1697247791221,-0.3994617250602,-0.0114875725008,-0.2336797490009,0.0892797106786,-0.1162472989607,0.3439288946442,-0.2594205467264,-0.0123583893927,0.2221542404154,0.3067538330143,0.1926001267183,0.3967144424632,-0.1573925889686,0.1837418974846,0.0898475512153,0.2685840133906,-0.1922358072213,0.3255615114850,0.3277622351117,0.3094810464990,-0.0886714768962,-0.0477911126684,-0.0745434052508,0.1101166045626,-0.1600180898679,-0.0936516171810,0.1765827983396
0.4363931188474,0.1000601676019,0.2380454619890,0.2121047627468,0.8179708974506,-0.4342073930730,0.1597779240641,0.1189994348372,0.0588031962701,0.4252847307909,0.7552359057069,-0.0887398872295,0.8254592187150,-0.0053885864126,0.2356624922995,0.2935197709793,0.4408626926023,0.1525775399041,-0.1511556172391,-0.1021232176042,1.0000000000000,0.5213507014544,0.2507089339894,0.4417460899554,0.3299898159026,-0.0613968000407,0.1514472110842,0.2680291529545,0.3972734210708,0.3652146070443,0.2124983516051,-0.4967774458114,-0.4193628458696,0.3830807207689,-0.0782107637481,0.1657986564059,0.1865464359388,0.2776578117903,0.3437334768736,0.7143761837583,-0.6007830143436,-0.0466762313753,-0.4860888741907,0.0245850902308,0.3406369294199,0.4309379539819,0.2318202272850,0.7494744830266,-0.1464302276122,-0.1768871094229,0.0269752889553,0.3483300576239,0.1550921529397,0.0806677150486,0.2258725503450,0.8483085037699,0.3771335721745,0.1827430676450,0.5387396272087,0.0884685208188,-0.1181792072584,0.3367494581640,0.2660033790838,-0.1759082482841,0.2314044280532,-0.0425711843537,-0.3548416028152,-0.1295880980104,0.2661650170041,0.1114179861743
0.3912010780285,0.3195817059560,0.5701961132099,0.2958904142848,0.5184935121556,-0.4373811806869,-0.2052433898080,0.2251496251511,-0.1362758195906,0.3802760649950,0.4095599692367,0.0754591219288,0.4840275688889,0.2751954727459,0.2254140157391,0.0768931838512,0.7532433973056,0.5093533913444,0.1269917931930,0.2270636681469,0.5213507014544,1.0000000000000,0.5341060738503,0.8890561059252,0.3092100255779,0.1070787516651,0.4045715618567,0.5445968990404,0.4604077319787,0.6510787833239,0.5094674585210,-0.3878670459700,-0.4315164927544,0.4273580818816,0.1722471917029,0.0418694160774,0.3196884266094,0.5189052831581,0.1563157297728,0.4608468815498,-0.4434392577690,-0.3814483617796,-0.4109164242742,-0.3541984196943,0.4307674976303,0.0896558069712,0.2547856853120,0.4378093096607,0.0405292044655,-0.3947202509467,-0.1470406395864,0.7473794178057,0.2963228418045,0.1505242947746,0.2599375311043,0.4666891693047,0.7152110030453,0.4658479393440,0.8032223843376,0.2187468370132,-0.0829892667911,0.4319204828648,0.5706897963387,0.1088477310487,0.1902329532731,0.0513484177090,-0.1796737798423,-0.1330383943120,0.2996034889393,0.1365124012045
0.3928652403021,0.6783931306953,0.6205857300966,0.6919808781657,0.1881411290100,-0.0910166993939,-0.0638171684593,0.4805997097917,0.0708589168160,0.4080128961923,0.1896918428727,0.2710660985841,0.1360687908818,0.2361761556762,0.3523438752209,-0.0090449241624,0.6511419389170,0.4839034417342,0.2925882806624,0.2391728504882,0.2507089339894,0.5341060738503,1.0000000000000,0.6402755108316,0.4680709064476,0.5027988707693,0.5460614586022,0.6638423684885,0.3874178656158,0.5191117044795,0.5069774047476,-0.2298996300975,-0.3001086439192,0.5151724869206,0.2372346833129,-0.0753402274611,0.5277785538584,0.4060429190586,0.4279217763702,0.0779198591204,-0.2865926169963,-0.5128957801109,-0.4167098426157,-0.4976821030400,0.4748355004549,-0.2257891819286,0.0070897910271,0.1241266065386,-0.1366964229792,-0.4859938393109,-0.1775893340212,0.6549274786009,0.1621212622992,-0.1878465556489,0.1720149450854,0.0595426383100,0.2556979680831,0.7383522299307,0.4698359101324,0.3138955053362,0.3345463555790,0.2414853535382,0.5993570568616,-0.0868954958287,-0.1003665561603,-0.0450194253670,-0.4170075780878,-0.1838672396219,0.0797238570262,0.1260018918934
0.4589089732604,0.5163114686845,0.7906096881234,0.5411855396608,0.3752204894414,-0.3871263398022,-0.1090607700675,0.3167204292246,0.0392307245740,0.3397055176526,0.3929989848250,0.3093304005317,0.3960630688824,0.3895371512136,0.3807809620010,0.0860433145717,0.6695072989924,0.7433995859686,0.3435047141492,0.4276127495323,0.4417460899554,0.8890561059252,0.6402755108316,1.0000000000000,0.2472658268733,0.3537866830285,0.6464502374700,0.7754391544950,0.4098935559273,0.6917353581749,0.5562256643980,-0.4072826601510,-0.4158161092486,0.4000639066369,0.3094258797150,-0.0582691137230,0.3847096537293,0.6355786312333,0.3145415365331,0.2412201508121,-0.4633378188184,-0.3540908772251,-0.5884124684309,-0.4153829846441,0.4353854564366,-0.0326636623604,0.2654481050749,0.3306952792146,0.0348548990512,-0.5351497265853,-0.1108530911258,0.7078935098495,0.3292602871726,0.0636128997227,0.2963158136094,0.3132699522626,0.5433705013689,0.4349661762156,0.7811302802131,0.0688379680035,0.0895301991436,0.4779670568590,0.7189687519480,-0.0775928877051,-0.0066342642594,-0.1120584187550,-0.3109930178289,-0.1085155423634,0.0585095335687,0.1540947577614
0.5512629007601,0.2031200490058,0.3304804485959,0.4832230446385,0.4610727137530,0.0301244972179,0.0967241109416,0.7154637861079,0.1020976762738,0.6508338795977,0.2221176511897,0.0537188568368,0.2501929869820,0.0951110729295,0.4222038323996,0.2157100566543,0.4254502024830,0.0341691779514,0.1623732273789,-0.1590356752590,0.3299898159026,0.3092100255779,0.4680709064476,0.2472658268733,1.0000000000000,0.3767669938170,0.1785333712999,0.3424627052779,0.6442425705362,0.1642067723506,0.5332767143816,-0.0992532429234,-0.1571444363157,0.3276864629199,-0.1546112490491,-0.0846464565855,0.0047810802743,0.1513367134666,0.1887022153019,0.3488201030663,-0.1683706994926,-0.3020652948297,-0.2496802795843,-0.3745800869350,0.5336079355050,-0.2185055114129,-0.2135650990346,0.1742845093607,-0.2942101781437,-0.2793389832781,-0.0419247465045,0.3261702409147,-0.2404739170320,-0.4157641549857,-0.2329793775593,0.1364782590376,-0.0298291282016,0.2416663094689,0.0843149625827,0.6778048896928,0.0436847733531,-0.0654953869100,0.1640721711054,0.0029853320675,-0.2960758149026,-0.1917275435348,-0.3939620386694,-0.1979810556915,-0.1439375057644,-0.2776472663756
0.4146418301682,0.6043497258014,0.5893584812321,0.7985759932515,-0.0228309647405,0.2024038070081,0.0925587323733,0.6093171179244,0.3520863092165,0.2564601440817,-0.0456697323712,0.5337927621448,-0.0999972097555,0.4153288041129,0.5999786569898,0.0742520923947,0.1396711039491,0.4762965947438,0.6682464057392,0.4120769934065,-0.0613968000407,0.1070787516651,0.5027988707693,0.3537866830285,0.3767669938170,1.0000000000000,0.5926005765039,0.6695836758217,0.2143264131474,0.3236908783136,0.3816819826631,0.0429057660927,-0.0313610760044,0.3419683710397,0.2791853528553,-0.3613578782505,0.1330559837617,0.1861377312952,0.3729155359360,-0.1708329640211,0.0211875731279,-0.3193904941812,-0.4886970000802,-0.6115356386839,0.4010510850136,-0.5400315873937,-0.2917754753819,-0.1646266257701,-0.1452149846204,-0.5944918077749,0.0393195857174,0.2655763108548,-0.1268060289427,-0.4386742464731,-0.0855023277320,-0.2749791423718,-0.2934360921858,0.0740648205035,-0.0019822472381,0.1416523605124,0.6317080851325,-0.0096569958222,0.3971732423286,-0.2298036953147,-0.5778395329297,-0.5528204314009,-0.4667848959786,-0.1804626083508,-0.4612318174356,-0.0775023315136
0.3420734012988,0.5932046399310,0.6915284345625,0.6355718336841,0.0628426532885,-0.1579818535991,0.0150037858073,0.2753659529294,0.2617119992502,0.2031319698119,0.2158740815279,0.5949804536086,0.0466024421803,0.5249610514671,0.3966877851351,-0.1236959713162,0.3043797366328,0.7725873012387,0.4783354016052,0.6646131485008,0.1514472110842,0.4045715618567,0.5460614586022,0.6464502374700,0.1785333712999,0.5926005765039,1.0000000000000,0.7877372957612,0.0712965335554,0.4268328681453,0.3410268783547,-0.4510282946678,-0.2686427959897,0.2791818721056,0.4295546762452,-0.0138501730871,0.4226343107636,0.4617859859224,0.4465760022395,-0.0959830229592,-0.2834449322422,-0.3386689112241,-0.5676344650424,-0.3804376269384,0.2555642296615,-0.1525081372966,0.2312758956586,0.0558194246762,0.1342180620560,-0.5108646564630,-0.1247202208255,0.3866669548893,0.3142828711636,0.0498340819792,0.3326525980381,0.0036810472390,0.1594025954213,0.3340106114467,0.4299672552958,-0.0892967615980,0.4068974654185,0.5769841105989,0.6705489258903,-0.4113417831818,-0.1719512483829,-0.1867068842954,-0.3832645547754,-0.0525132056684,-0.1910925712839,0.2029981184672
0.5115369157514,0.6749076450528,0.8936258570488,0.7881698935548,0.1656258639698,-0.1432286753530,0.0728201482461,0.5208754104789,0.3539123088629,0.3292884353812,0.3756395665545,0.5332250564048,0.1791155617760,0.4563842210166,0.5605087592484,0.0259674277796,0.4159472177570,0.7118193297183,0.4756119899469,0.3902798330136,0.2680291529545,0.5445968990404,0.6638423684885,0.7754391544950,0.3424627052779,0.6695836758217,0.7877372957612,1.0000000000000,0.2870100900816,0.5526354836093,0.4886417597960,-0.4614372839883,-0.2821846073814,0.3486320025154,0.3053113891295,-0.1498555280193,0.4148126987086,0.6538087121306,0.4742451422437,-0.0319672946469,-0.4051337897612,-0.3183945414068,-0.7398198782504,-0.4220587842337,0.4495131295898,-0.1901531333634,0.1608920181843,0.1004985705771,-0.1251117469898,-0.6122528335289,-0.1264067068607,0.4720996352611,0.1753731511344,-0.1328500810950,0.1674344635855,0.0478800381160,0.1521709148708,0.3750622991492,0.5166199763612,-0.0277178126757,0.3141505968574,0.4787655427796,0.8360281184241,-0.3843957387858,-0.2798167597858,-0.3570947379073,-0.5713905070409,-0.0435214131982,-0.2608149689979,0.0807839806572
0.4967762050274,0.0995703003571,0.3602694914328,0.3901091272355,0.4447823534497,0.0431363080383,0.1539020719171,0.6780575245503,0.0627502735271,0.3584607922998,0.3139518804988,-0.0365276893598,0.4211338657557,-0.0727205406729,0.3916249723009,0.3199686001523,0.4025066813496,0.0735209854242,0.0407745082434,-0.1671475958816,0.3972734210708,0.4604077319787,0.3874178656158,0.4098935559273,0.6442425705362,0.2143264131474,0.0712965335554,0.2870100900816,1.0000000000000,0.2579054532974,0.6859152820505,-0.0426625323424,-0.1343398784972,0.2873591832792,-0.2258438611894,-0.2775472755168,-0.0895215989777,0.1833573453331,-0.0095404700066,0.4647216867914,-0.1672151072239,-0.1396031559391,-0.3295781320751,-0.3601630333566,0.4328805622922,-0.1831539640942,-0.2829614171869,0.2765687310433,-0.4887614966025,-0.4292348522023,0.0162538753771,0.3212371523255,-0.3026007612347,-0.5140604402499,-0.3450121642587,0.2703917809838,0.0484771939818,0.0886461045863,0.1469481903886,0.4246167856260,-0.2118323348299,-0.0942030719604,0.0538593212218,0.3583996701679,-0.3610801593308,-0.2235083316722,-0.3568128429498,-0.2489347098335,-0.1422165876978,-0.3937322118217
0.4383774323030,0.3930108927421,0.5348256672923,0.4482854197110,0.3092181651700,-0.1360095541249,0.1162637179871,0.2919925615157,0.1669820267035,0.3485017273220,0.3863116569845,0.3662350707862,0.4456251229074,0.4694252539022,0.4645148820582,0.2368908078813,0.4887834211569,0.4892528928691,0.3822823899746,0.2917024436293,0.3652146070443,0.6510787833239,0.5191117044795,0.6917353581749,0.1642067723506,0.3236908783136,0.4268328681453,0.5526354836093,0.2579054532974,1.0000000000000,0.3483958561352,-0.2909727786476,-0.2190161097690,0.6072805778203,0.2538919303594,-0.0889529358868,0.1954265582416,0.3195562468792,0.1777983982615,0.2122968242209,-0.3100142549566,-0.2146805966570,-0.4998184528408,-0.3624851403367,0.5420817440835,0.0317785010111,0.2730043949192,0.4355749660929,0.0283756357745,-0.3878067873895,-0.0576990580484,0.5600503314137,0.0727963775967,0.0512933106124,0.1264086548124,0.2478845511684,0.3449978810967,0.2903174514990,0.5177652812096,0.0733935909625,0.0939840254763,0.2270178525568,0.4509777083363,-0.0972779870516,0.1804613578093,-0.2354450511613,-0.2414194275070,0.0772332635922,0.2486916906339,0.1128767816194
0.6842463568405,0.2303082785534,0.5748898964261,0.5420700017306,0.2085129633497,0.0577728137369,0.0593386057788,0.7114119490034,0.1686566125918,0.3893404605276,0.1647462592767,0.1626517305334,0.1030954473666,0.1146819987152,0.6104439265320,0.1017608577632,0.3171917609626,0.4367051841685,0.1562095427771,0.1548092820551,0.2124983516051,0.5094674585210,0.5069774047476,0.5562256643980,0.5332767143816,0.3816819826631,0.3410268783547,0.4886417597960,0.6859152820505,0.3483958561352,1.0000000000000,-0.1284149057434,-0.2064206312321,0.2638512416390,0.1896691866288,-0.1617322528867,0.0522807182559,0.3623161319633,0.1359511932371,0.1282320988252,-0.0318756611264,-0.2832343127633,-0.4010383064198,-0.4179988925064,0.3519050158831,-0.4210494579868,-0.1419158229990,-0.0570588984848,-0.2307611406774,-0.3857786117573,-0.0465053335158,0.2625781317448,0.0021722514129,-0.4391681675273,-0.1188486714712,-0.0239520004480,0.0461388521794,0.1737858689254,0.2208815508401,0.1967715747751,0.0163789315501,0.1330507278665,0.2930250920432,0.0351646092264,-0.3580666370896,-0.1724641430559,-0.2946369927326,-0.1965187436209,-0.3336781860945,-0.1581500766651
-0.2508330106207,-0.1518988268146,-0.3390615486228,-0.2092869332996,-0.2820341084778,0.4001016878690,-0.1921835216004,0.0369988728563,-0.2112310036674,-0.2645723537309,-0.6596804563151,-0.2435426929786,-0.4206121091786,-0.2803065626249,-0.0793111214825,0.0206479309157,-0.2819019310898,-0.2803965003659,0.2166712412246,-0.0171993448786,-0.4967774458114,-0.3878670459700,-0.2298996300975,-0.4072826601510,-0.0992532429234,0.0429057660927,-0.4510282946678,-0.4614372839883,-0.0426625323424,-0.2909727786476,-0.1284149057434,1.0000000000000,0.3497203116546,-0.1059550587179,-0.1565407477622,-0.2735380428229,-0.3789606840875,-0.4253302569468,-0.3573500830421,-0.1325635197339,0.6241700624034,-0.0051005707590,0.5742689028686,-0.2192646005607,-0.1661363518482,-0.3990749107708,-0.5788971877439,-0.4064594946062,-0.0363272791911,0.1293857218283,0.1398725258720,-0.2408882327942,-0.2939348267611,-0.2383723210129,-0.2243671310925,-0.4024720138678,-0.3281682163002,-0.3052437832973,-0.5255425913383,0.2288121358682,-0.0043973570379,-0.7086057050627,-0.4926922491991,0.5299458662045,-0.2741647388313,-0.0573286574228,0.4411371175796,-0.2112739539002,-0.1201618064442,-0.2683433753204
-0.2145962036017,-0.2341595503611,-0.2993534270649,-0.1916804132127,-0.3815386834174,0.5557018164772,0.3429479137651,-0.0420664204474,0.3017240217533,-0.2070405345368,-0.3499608168628,0.1781798709567,-0.2634223837755,-0.0310578134797,-0.0718117031544,0.1405324075398,-0.3594654737336,-0.3583772904425,-0.0031987917283,-0.2119730085469,-0.4193628458696,-0.4315164927544,-0.3001086439192,-0.4158161092486,-0.1571444363157,-0.0313610760044,-0.2686427959897,-0.2821846073814,-0.1343398784972,-0.2190161097690,-0.2064206312321,0.3497203116546,1.0000000000000,-0.2580350069242,-0.0061893781288,-0.1722961852036,-0.2934739788129,-0.3345651633634,-0.3752746954204,-0.2660141145277,0.4174332455433,0.4130751835079,0.3033826045535,0.1742731475225,-0.0800535580297,-0.2180719876409,-0.1526316478224,-0.2827116095972,0.0591534711323,0.0896931768987,0.1479064297942,-0.3503797091060,-0.3306005696567,-0.2288115974779,-0.4219103093632,-0.3709867624170,-0.3549004303173,-0.2369138747687,-0.4893704563284,-0.0321196323875,-0.1027943660499,-0.4754266721542,-0.3220862877337,0.1432747133604,-0.2386554602000,-0.0391090287311,0.1221874865894,0.4041212069508,-0.1045583874114,-0.1434471771811
0.3908938307543,0.4662129359125,0.2535931547449,0.4376601584283,0.4615258271032,0.0302560854464,-0.0234937145431,0.3547642105149,0.0143218712630,0.3376614699905,0.2770586344049,0.1342235784872,0.3087081531829,0.1242277074698,0.3376405589709,-0.0080719147155,0.3867608739547,0.2715584044204,0.1868240744633,0.1169896823680,0.3830807207689,0.4273580818816,0.5151724869206,0.4000639066369,0.3276864629199,0.3419683710397,0.2791818721056,0.3486320025154,0.2873591832792,0.6072805778203,0.2638512416390,-0.1059550587179,-0.2580350069242,1.0000000000000,0.2429020334331,-0.0648178425983,0.2918399812262,-0.0115472409433,0.3418736442994,0.4265320492098,-0.1281952024150,-0.3042297384269,-0.3607689988701,-0.3806953331893,0.4159924578989,0.0214208020584,-0.1015617685294,0.2900095445358,-0.2540218356762,-0.3608645476556,-0.1195495115595,0.4378770576386,-0.0578440160375,-0.1524794871863,0.0476159542803,0.2989440503104,0.1127244384423,0.2516159156565,0.2367491250074,0.1949227857000,0.2500826461539,0.0492640186807,0.2220167914169,-0.0753613456049,0.1109707876083,-0.2814242014067,-0.2768419040618,-0.2362633579137,0.3360998302149,0.1191993890151
