1.0000000000000,-0.0866567033006,0.1844069014115,0.4311619876825,0.2129655351904,-0.0798291938151,0.2523002299085,0.5246315255661,0.1281296982671,0.4035088614801,0.2280893588562,0.0051136507997,0.2318454236328,0.1809615654685,0.6047408296232,0.3384344710214,0.1863499739820,0.3203115486237,0.0916118830158,0.3675851785070,0.3020591025741,0.0154397112743,0.2261704022305,0.0600888217809,0.4644986253279,0.3228851469830,0.3337284475143,0.2072694150797,0.0954353192739,0.3764345336940,0.3987695503264,-0.1056023698005,-0.2279558926996,0.0863626651887,0.1160478162072,0.0342363534262,-0.1430326490572,-0.0835945125519,0.2918367973699,0.2344492632354,0.0046930534266,-0.0082081626330,0.1327670863440,-0.3011153541710,0.3627721158302,-0.0457476590447,-0.2919308288476,0.1447644404161,0.0233384471093,-0.2446405138822,0.0616630474881,0.0556788173300,-0.2659193784942,-0.2989215315848,-0.3920618412106,0.2075689190937,-0.2987743241779,-0.1515642632674,-0.2868589929128,0.2846995191092,0.0135945487742,-0.1585441873813,0.0183536716979,-0.1107854310945,-0.3665267889012,-0.2635670949687,0.1154809674258,-0.2612480295405,-0.4332991368502,-0.3255776250917
-0.0866567033006,1.0000000000000,0.1577947120780,0.4966641062757,-0.0350674819715,0.1439084674459,-0.0803253740074,0.0898213172786,0.0111003628740,0.0260198715542,-0.0706208903463,0.0241573698982,-0.0910023482683,0.0651270131239,-0.0568783403189,0.0221445245540,0.1894531664095,0.2158957509120,-0.0094520831140,0.1813250783610,-0.0822254374906,0.1221268290462,0.4493224590618,0.1731983139732,0.0758434433888,0.2902112244651,0.4144765641437,0.4069005724032,0.0063752263373,0.0827361854195,0.1753889978239,0.1955263265968,0.2092174445994,0.1686112089045,0.3930584327139,0.0999760680319,0.7124149574559,0.0461647167177,0.3224530605974,-0.1780499661621,0.1607777860395,-0.0932000182505,0.1070135584030,-0.0620106797198,0.0279171821118,-0.1670180385156,-0.0355032413532,-0.1773211000404,-0.2474092685916,-0.0602391344644,0.0277585807410,0.1105270142590,0.3110806089342,-0.2918930172718,-0.0130049129440,-0.0885527365590,0.0744643176862,0.4820177737990,0.1934191341083,0.0623352974850,0.1898243110290,0.0717448541398,0.4487568786550,-0.0762871044796,0.1530806606469,0.1878209015043,0.0844767755917,0.1686689114421,0.1932584865481,0.4202273520681
0.1844069014115,0.1577947120780,1.0000000000000,0.4265356919208,0.2070795784108,0.4565589710660,0.2475587945718,0.4334092345821,0.3909808616194,0.2315750265515,0.2309296787321,0.5390165203998,0.2640708041621,0.4259943301867,0.4172774774279,0.3568563233106,0.2208017227652,0.3703509523429,0.5781889422864,0.4941675676206,0.2552442155346,0.5712929514957,0.4928967633133,0.5054319143962,0.4348817816339,0.4375345509546,0.7179671398252,0.6690051252510,0.4941955713479,0.1371696626303,0.5307813249657,-0.0064081129671,0.3808608987801,0.2208647802937,0.1805464401255,-0.3377606773351,-0.1863733346350,-0.2244478329016,-0.0132100733683,0.0987186669732,0.2106428249188,0.0398025036452,-0.2904487167851,-0.1204507608512,0.2693457146746,-0.0019637631585,0.1526959027814,0.0874741370130,0.0813166921302,-0.1018094601362,0.1959092559646,0.1687890049295,-0.1619362960364,-0.1033760475150,-0.2218818490634,0.2333783581455,-0.1015023930208,0.1176904262964,0.0110547908122,0.2496050697704,0.0642149035462,-0.3406772111665,0.2214356682101,0.1702354581122,-0.1448186618703,-0.3989524611638,0.1060166045934,0.3400718673037,-0.1924391633366,0.1638007868595
0.4311619876825,0.4966641062757,0.4265356919208,1.0000000000000,0.0829782217632,0.1819280392356,0.1526743862383,0.2735099053279,0.2263626153846,0.2821934048076,0.0466771760169,0.3192867204080,0.1692216028621,0.5014547312462,0.3447532428656,0.4019443973402,0.1628804516207,0.3558290952902,0.2966000751852,0.4905973307582,0.2040574100139,0.1949343868316,0.5662120431659,0.1992541637439,0.3529417561750,0.7199251174042,0.7004130791785,0.5238081390952,0.0845471637360,0.2813390999932,0.4518655979559,-0.1469745614460,0.1673461783735,0.2447013728397,0.5492320973248,-0.0011463911365,0.2521978559052,-0.0347817356661,0.5962988407851,-0.0672664506038,0.2427973130103,-0.0332230050896,0.0279525046347,-0.1613996348418,0.3567851074964,-0.2502676645022,0.1131863030723,-0.0298976757632,-0.0260650177653,-0.1624305664482,0.2397260882682,0.0793225393490,0.1129093869265,-0.2403249754930,-0.1878475586896,0.1742369215058,-0.1059707804054,0.3335819886497,0.0302533189120,0.2817433828437,0.3056015905540,-0.0708637977233,0.4497888263646,-0.1510234246992,-0.0694818537630,-0.0094402522173,-0.0757478825173,0.0931160962766,0.0095885548375,0.3478314017208
0.2129655351904,-0.0350674819715,0.2070795784108,0.0829782217632,1.0000000000000,0.2510227362480,0.4296398107516,0.4204867621706,0.1722094160136,0.0570825031421,0.6625851124045,0.1300735892747,0.7538936201528,0.0856445391265,0.2821499114313,0.2674987015383,0.2780221826515,0.3672453815370,0.1419714813327,0.2788007676194,0.7075332151987,0.5179838046972,0.2506786625905,0.4881914061810,0.5119871998993,-0.0357562092355,0.1599395051961,0.0466365710636,0.6501722537162,0.4789592812745,0.3851009739181,0.3409739750994,0.0301045206629,0.4202869837376,0.0455271822824,-0.1270711706549,-0.2052430447017,-0.4070819223539,-0.3505337384627,0.8588045560289,0.0943174975999,0.4432884363746,-0.2780353240456,-0.1500310512423,-0.0087725390404,0.6035611220285,-0.2789755139033,0.7337861119855,-0.1948617655364,-0.1449648973470,0.0135810562849,0.2331498927177,-0.2132188161597,-0.4020451514246,-0.3517319447558,0.7153935521651,0.0388070111111,0.0036085785370,0.0188066435225,0.4570066139297,-0.3273929700914,-0.5428466202368,-0.2353883870499,0.5180709767669,0.1539363677290,-0.2528954638928,0.3547763908268,0.1470901526790,-0.1238785895468,-0.0301367088091
-0.0798291938151,0.1439084674459,0.4565589710660,0.1819280392356,0.2510227362480,1.0000000000000,0.4373795273358,0.3517974899928,0.6371435889365,0.0496495041855,0.3624474187520,0.5470452853893,0.3914712859176,0.3642698355144,0.3870602091016,0.4716716559265,0.0350618564890,0.1178189866947,0.5009067946065,0.2327413921095,0.1192932943375,0.4054588089842,0.1856048832045,0.2647404848985,0.2185555642664,0.1478069447819,0.3147703938331,0.1402618646509,0.4310855089394,0.2563202651259,0.2710994490064,0.2473174182005,0.7747816162141,0.3286968860090,0.1920404392441,-0.3335869111816,-0.2723846870749,-0.4756966011326,-0.3386390333947,0.0688622684224,0.5334798448670,0.4788227788084,-0.3619913967508,0.3647833244157,-0.0127569042108,0.3093505151312,0.1938119288505,0.1752223923818,-0.0287473569424,0.2050177733289,0.4102315658886,-0.0430911994106,-0.2807861889070,-0.1445730292491,-0.3677469333127,0.1401699643047,-0.2167799709554,-0.1396647650697,-0.1714711677740,0.0199276737943,-0.2057076229813,-0.5357676283261,-0.1795225842532,0.1376870145277,0.1615054967311,-0.4391857429911,0.2264756091188,0.7142938090658,-0.0348174696596,0.2825762032986
0.2523002299085,-0.0803253740074,0.2475587945718,0.1526743862383,0.4296398107516,0.4373795273358,1.0000000000000,0.2959569484355,0.7270218549084,0.0403033547062,0.8140340689071,0.3684551265968,0.6871612070711,0.0877966153893,0.6693075907920,0.7163720616497,0.1717379680181,0.2113735459556,0.2303261676559,0.2326650426671,0.4471785071604,0.3875412206775,0.2038551086588,0.4023443804808,0.3799821596704,-0.0067229252785,0.2110607852071,0.0491467082702,0.4875684683165,0.5820289433485,0.3429591858289,0.1737737940331,0.3394194034532,0.4796569038161,0.2114445493194,-0.5893966180932,-0.3653310470085,-0.6235518567818,-0.1791716685846,0.3928988143627,0.3923708454388,0.7377953656313,-0.6803777361075,-0.0193182427828,-0.0105085500752,0.4788872253032,-0.2764680489661,0.5488293917662,-0.1267250980659,-0.4105271826499,0.3824655391494,-0.0389506137821,-0.5198601327717,-0.3702448034468,-0.5303677066165,0.3656626894171,-0.4212156074132,-0.2592925161267,-0.4139502225996,0.1615029685945,-0.2951920516148,-0.6228953736376,-0.4434469826262,0.1629675055954,-0.1993397535711,-0.6550354160364,0.2564358291498,0.3147224902151,-0.4187839418763,-0.1463283040924
0.5246315255661,0.0898213172786,0.4334092345821,0.2735099053279,0.4204867621706,0.3517974899928,0.2959569484355,1.0000000000000,0.4026807349742,0.3995235398492,0.4077184897949,0.2757099191584,0.3433884936430,0.2798808386589,0.5682775423030,0.3031049044462,0.1085722946775,0.4445014900750,0.3150684450483,0.4242042550473,0.2656222136796,0.3180137261843,0.2836755954695,0.2223463673369,0.6441323883504,0.2520968947693,0.4586721121180,0.3088953176251,0.4967081152617,0.2108391098756,0.5185777034213,0.2061344694461,0.1362692936712,0.0828036532214,-0.0058955660893,-0.2446394495070,-0.2471445395590,-0.3079350629208,-0.1307726910947,0.2941148065210,0.1910288805075,0.1148120663007,0.0786993760458,-0.0603206538879,0.2606856806131,0.1766654119631,-0.1957835544073,0.2282988857372,-0.0195330057889,-0.1073284018064,-0.0205649913349,-0.0161086796791,-0.2870770538892,-0.3295665497715,-0.4549892289072,0.2257836399920,-0.2744870446958,-0.2237064318935,-0.2521861962116,0.3162718691804,-0.0859896010165,-0.3578065595845,-0.0839896107179,0.2173517200062,-0.2672184282010,-0.4573477301095,0.3748470951413,0.1518131316521,-0.3920286376998,-0.2162192926652
0.1281296982671,0.0111003628740,0.3909808616194,0.2263626153846,0.1722094160136,0.6371435889365,0.7270218549084,0.4026807349742,1.0000000000000,-0.0095218613882,0.5731781001354,0.5542025933475,0.4104996789500,0.3529388629108,0.6769795665161,0.5938598122176,0.0784803047935,0.1502890237654,0.4721585487740,0.2618894912589,0.1052101160266,0.4189502928379,0.2048843079712,0.2982160494914,0.2363095183168,0.1816914129736,0.2949570078675,0.1282459325715,0.4234129960465,0.3272350038061,0.3628069867344,0.1323985246978,0.5530309181723,0.2858490230567,0.1409720788739,-0.5726005383887,-0.4331440400000,-0.6071524571147,-0.2457157577091,0.0691899637704,0.4223586027609,0.5089601621560,-0.5332637103977,0.2735780064310,-0.0621575276021,0.2936106952938,0.0313464874342,0.1468400268973,-0.0663661889085,-0.1345474491223,0.3618298462527,-0.0529322851920,-0.4374732011209,-0.2691568396138,-0.5075264142168,0.0398931541809,-0.3641169573140,-0.2624731481805,-0.3235863174076,-0.0468274034362,-0.2073181900615,-0.5954179232928,-0.3313183242725,0.0764022972660,-0.1924505697600,-0.6180565530014,0.2082911538628,0.4941551098088,-0.3223458261354,-0.0036306037385
0.4035088614801,0.0260198715542,0.2315750265515,0.2821934048076,0.0570825031421,0.0496495041855,0.0403033547062,0.3995235398492,-0.0095218613882,1.0000000000000,-0.0601056469828,0.0933807629743,0.1321552891343,0.2422009546935,0.2582093339218,0.2915747811205,-0.0354265091236,-0.0545812028036,0.0970464111866,-0.0138997506179,0.1707708115266,-0.1279370739420,0.1411815339899,-0.1512731719084,0.5331048413996,0.3652528209112,0.1845459919031,0.2751488852506,-0.0102859329868,-0.0241384201748,-0.0402232727411,-0.1472240579570,0.0209973919425,-0.0740649924111,-0.0727711301677,-0.0982512678403,-0.0373755040134,0.0313111491904,0.3186426736499,-0.0641270598798,0.0602734499897,-0.1190259079180,0.1790993956579,-0.2012949629401,0.8283587388715,-0.1989872137576,-0.1523653663646,0.0410719324900,0.3257064946616,-0.0114809629381,0.2221094567819,-0.1316002386243,-0.1720301012220,-0.1424985460195,-0.1938951599533,0.0665015820791,-0.2173548582164,-0.0998286252077,-0.2162926604243,0.3752773071512,0.3530131280258,-0.0480607723748,0.1464044608366,-0.0593412630272,-0.3244527087265,-0.2941291763239,-0.0128300623840,-0.0280242152842,-0.2670143089598,-0.2581826845195
0.2280893588562,-0.0706208903463,0.2309296787321,0.0466771760169,0.6625851124045,0.3624474187520,0.8140340689071,0.4077184897949,0.5731781001354,-0.0601056469828,1.0000000000000,0.2510528809210,0.7141905606656,0.0288248720422,0.5825656462023,0.3994991601802,0.2740208618438,0.3036369895518,0.2125783432541,0.2560161956441,0.4949502421767,0.5428407300861,0.2118407326433,0.5083090140571,0.4104647921016,-0.0979270351558,0.1667086750343,0.0485952184367,0.6902934509118,0.6284869904654,0.3940011470283,0.2860014184721,0.1726954076260,0.5248428003965,0.0648095458266,-0.4447603880639,-0.3392126342444,-0.6029878280100,-0.3945100136564,0.6553996420484,0.2213340300277,0.7115425584933,-0.6092153995705,-0.0348188527910,-0.1631830621965,0.7774767888940,-0.3565187855845,0.6870888201104,-0.2193502131676,-0.3291672846952,0.1247638258789,0.1503041980493,-0.4515060616411,-0.4077611504499,-0.4732462605833,0.5110774417571,-0.1412367593551,-0.1620546709387,-0.1806693319843,0.2355810086598,-0.3934478022489,-0.6585462046623,-0.4223865526132,0.4520385274375,0.0351674237214,-0.5097319798306,0.4259009672898,0.2594365955639,-0.2986821258979,-0.1138151558248
0.0051136507997,0.0241573698982,0.5390165203998,0.3192867204080,0.1300735892747,0.5470452853893,0.3684551265968,0.2757099191584,0.5542025933475,0.0933807629743,0.2510528809210,1.0000000000000,0.2615062540493,0.6541247796918,0.5045911922336,0.4584689324422,-0.1872692327822,0.0277995168481,0.8058217064455,0.4059485391897,0.1579436895942,0.2645373081006,0.1767627955591,0.1339003442868,0.2524813463564,0.4831611528988,0.4341725639882,0.1862461697581,0.2846724363875,0.2905735914248,0.2945195234456,-0.1916752830130,0.5713056348647,0.3653018099171,0.3419741159682,-0.3260092563282,-0.3573547272464,-0.4148769418576,-0.0824204421930,-0.0457099917657,0.3482474688902,0.2345800744673,-0.4116240747364,0.1918339143387,0.0680303523707,0.0877588823112,0.5545934666732,0.0811792906973,0.3318479039588,0.2192435410994,0.3190589558168,-0.2160461648284,-0.3436211877611,0.2173205363470,-0.2075879100963,0.1596527369907,-0.3516362060965,-0.1772639212092,-0.2952236506294,0.0215138911288,0.1888501425566,-0.4294756490007,-0.1651423930950,-0.0747903745647,0.1691428013715,-0.4621471088186,-0.1746519298479,0.5237280838615,0.0782752638516,0.3290509634879
0.2318454236328,-0.0910023482683,0.2640708041621,0.1692216028621,0.7538936201528,0.3914712859176,0.6871612070711,0.3433884936430,0.4104996789500,0.1321552891343,0.7141905606656,0.2615062540493,1.0000000000000,0.1777437253962,0.4468942594234,0.5806273857070,0.1332985528130,0.2567523947811,0.2550541265053,0.2096500722425,0.7666124405584,0.4449421827864,0.1445736938927,0.3739035580911,0.3884400203688,-0.0024395882643,0.2540525474435,0.0369360999524,0.5529971021758,0.4746874083971,0.3255775999150,0.1984209525204,0.2174620763289,0.3684548427506,0.0294127662143,-0.3269145261880,-0.3350962664188,-0.5585555876245,-0.2653084915922,0.5970518942393,0.2244006605491,0.6598271238616,-0.4650551076297,-0.0365954847017,0.0845428491481,0.6028596967093,-0.1979653698232,0.8325517958520,-0.1857325592381,-0.1394946351878,0.3803988261101,0.0443817612485,-0.3068550346942,-0.3652789241650,-0.4153821785312,0.7455770668108,-0.1359533124881,-0.1564872297939,-0.1524762339103,0.2403251822366,-0.3170776124329,-0.6033141815075,-0.2890836284389,0.2744392142709,0.0411262387747,-0.4249712321130,0.2360743306806,0.2867010737540,-0.2686287181354,-0.0693776822064
0.1809615654685,0.0651270131239,0.4259943301867,0.5014547312462,0.0856445391265,0.3642698355144,0.0877966153893,0.2798808386589,0.3529388629108,0.2422009546935,0.0288248720422,0.6541247796918,0.1777437253962,1.0000000000000,0.3760399377381,0.3116826359566,-0.1064612628340,0.0475414253549,0.6952136808879,0.3720335462047,0.0787771264737,0.1686876235768,0.1156680459960,-0.0028745145696,0.1106179908112,0.6421822309109,0.4335443183407,0.3141699843574,0.1084232588950,0.1259403426843,0.1636544157277,-0.1216840155692,0.3860906883554,0.1124341302668,0.2071678313378,-0.0676780012155,-0.2783569646899,-0.2293145395451,0.0735258449627,-0.1080490106065,0.2927572535933,0.0878109391196,-0.1080584597680,0.1562377970127,0.2519796002685,-0.0434149260436,0.5388225906747,-0.0611630585203,0.3917983045884,0.3182717367456,0.3121120721592,-0.1096591822139,-0.1179771702673,0.1206967551170,-0.2103451329208,0.1295073586633,-0.1178193257383,-0.1162495464086,-0.0666288868687,-0.0710931023172,0.2362622626575,-0.2991925519431,0.1671201252431,-0.1997223925018,0.1127911456871,-0.2567338855422,-0.1145925973979,0.4244317142176,0.1243897086218,0.2638501347454
0.6047408296232,-0.0568783403189,0.4172774774279,0.3447532428656,0.2821499114313,0.3870602091016,0.6693075907920,0.5682775423030,0.6769795665161,0.2582093339218,0.5825656462023,0.5045911922336,0.4468942594234,0.3760399377381,1.0000000000000,0.5914269097049,0.0678900780209,0.2445430722702,0.4711328357395,0.4089401371939,0.3692080021772,0.3074398277962,0.2019044626137,0.2616733381832,0.4221056873433,0.2667959253680,0.4130379338248,0.1821916754535,0.3347187641814,0.6081663534651,0.4570061541610,0.0716084205844,0.3404342476296,0.4006213311370,0.2531025428996,-0.3846871242614,-0.3884862814945,-0.5161089655363,-0.0373085984570,0.1814660152711,0.3453953558789,0.3423708909871,-0.3984623526078,-0.0381278961353,0.1702313666974,0.1758550116110,-0.0964186586840,0.2808089631544,0.0388676395203,-0.1427596128399,0.3529067197164,-0.0733288660309,-0.4563227202947,-0.2831752241426,-0.5355688535972,0.2237214486129,-0.4550366733987,-0.2888378048609,-0.4262894301471,0.1153611845722,-0.0873885391151,-0.5321561244420,-0.2835526322209,-0.0635265598212,-0.2320962798960,-0.6234972083474,0.1721867888858,0.3050074674305,-0.3758915548676,-0.1129569062692
0.3384344710214,0.0221445245540,0.3568563233106,0.4019443973402,0.2674987015383,0.4716716559265,0.7163720616497,0.3031049044462,0.5938598122176,0.2915747811205,0.3994991601802,0.4584689324422,0.5806273857070,0.3116826359566,0.5914269097049,1.0000000000000,0.0499394336956,0.1714441977068,0.3245490746646,0.2833765252946,0.4153475065400,0.2762450300864,0.2834873305473,0.2337452026567,0.4230648678793,0.2901522731638,0.3339536263151,0.1382369722437,0.2376534619599,0.4080258864096,0.3473529710892,0.0260898645442,0.3821243424932,0.3066787816472,0.3780802971270,-0.4327931856607,-0.2734616957246,-0.4752883672367,0.1194389891911,0.1356827052706,0.4243482205647,0.4520736004388,-0.4365184233589,-0.0843663870535,0.2982848822307,0.0551252760101,-0.0321931754850,0.3245245966103,0.1242429851555,-0.2618067113741,0.5898448776044,-0.1250692697740,-0.3917024955107,-0.2603322091336,-0.4370691666742,0.2633594655224,-0.4635167931271,-0.1710322532624,-0.4111186276833,0.2116170471829,-0.0102013071189,-0.4791879664387,-0.2087710042842,-0.0785336905850,-0.3064433407038,-0.5700556957278,0.0681272896406,0.2623057293594,-0.3557543710507,0.0170880289029
0.1863499739820,0.1894531664095,0.2208017227652,0.1628804516207,0.2780221826515,0.0350618564890,0.1717379680181,0.1085722946775,0.0784803047935,-0.0354265091236,0.2740208618438,-0.1872692327822,0.1332985528130,-0.1064612628340,0.0678900780209,0.0499394336956,1.0000000000000,0.4283101179937,-0.1495125347069,0.2511856037050,0.0804659393393,0.6297597042238,0.4077031434408,0.7084053065114,0.2733415532914,0.0147606909458,0.1527252116557,0.2709900385940,0.3889651952978,0.3252879125736,0.4081999091334,0.3006230457635,-0.0762387095854,0.2702068620422,0.2039060404029,-0.1771006193570,0.1423733699552,0.0213285759166,-0.0319243886938,0.3310868605189,-0.0118579335496,0.0964835751764,-0.1405711627225,-0.2582120137858,0.0040153654617,0.1402754856331,-0.3353871672132,0.0892169299319,-0.2900831565425,-0.4235837667686,-0.0058078181999,0.8787788900863,0.0682189000625,-0.4484012233459,-0.2162081325017,0.0957524000541,0.3485848224689,0.3988319279641,0.4034616455736,0.3471091303172,-0.2660112228358,-0.1893293235711,0.1567566819399,0.4650665006128,-0.0617736674338,0.0455677301841,0.3786107064069,-0.0417894467604,-0.1450598702458,0.0906090473190
0.3203115486237,0.2158957509120,0.3703509523429,0.3558290952902,0.3672453815370,0.1178189866947,0.2113735459556,0.4445014900750,0.1502890237654,-0.0545812028036,0.3036369895518,0.0277995168481,0.2567523947811,0.0475414253549,0.2445430722702,0.1714441977068,0.4283101179937,1.0000000000000,0.0681598492661,0.7832028833573,0.2724115521840,0.5483100479211,0.4599143298844,0.6304029476963,0.3578101717681,0.1052986952848,0.5087971792019,0.3592217797219,0.4440390732245,0.3262383237232,0.6752429143527,0.3346516338899,-0.0385739070937,0.1911310838288,0.3545280204588,-0.1811236526098,0.0450867643934,-0.1262933886665,-0.0168427903060,0.3671975392241,0.0402285069176,0.0398326566837,-0.1218877482763,-0.3276249525154,-0.0432314177612,0.0453531992494,-0.2572375008387,0.2409338441641,-0.3008134985890,-0.4370248679370,-0.1287276132468,0.3586070851109,0.2331467352411,-0.3480059137906,-0.0603345710446,0.2446238482691,0.1041312527568,0.2392264634681,0.2022473138876,0.2979394470298,-0.2696323735364,-0.1428724433939,0.0772361696266,0.3030537175986,-0.1368429388815,-0.0416831399793,0.3967730479114,-0.0264663879974,-0.1464973650642,0.1409991526966
0.0916118830158,-0.0094520831140,0.5781889422864,0.2966000751852,0.1419714813327,0.5009067946065,0.2303261676559,0.3150684450483,0.4721585487740,0.0970464111866,0.2125783432541,0.8058217064455,0.2550541265053,0.6952136808879,0.4711328357395,0.3245490746646,-0.1495125347069,0.0681598492661,1.0000000000000,0.4596004453169,0.1446757772791,0.3051393080876,0.1752103687554,0.1322941907204,0.1655099678530,0.3993830042785,0.4604786546471,0.2963295171535,0.3053648813694,0.1681822103430,0.2705109017831,-0.1393581622259,0.4867219649699,0.2171200295327,0.1492732802778,-0.2378891538507,-0.3991493035009,-0.3669555825223,-0.1630812973428,0.0028992111520,0.1924871272739,0.1546332451914,-0.3396928648137,0.1113519371072,0.0705475794026,0.1143626715364,0.5027043284223,0.1056431201933,0.3283139295149,0.2608177659040,0.2419162382309,-0.1293847060861,-0.2314500835290,0.2920845592323,-0.1027665772315,0.2182557848423,-0.1457291490004,-0.1084498130933,-0.1187268622561,-0.0572119103250,0.1136031330972,-0.3859188999564,-0.0566275986856,-0.0341359266379,0.1567889369273,-0.3999115072857,-0.1593957536343,0.4767829756276,0.0590775064554,0.2812139665403
0.3675851785070,0.1813250783610,0.4941675676206,0.4905973307582,0.2788007676194,0.2327413921095,0.2326650426671,0.4242042550473,0.2618894912589,-0.0138997506179,0.2560161956441,0.4059485391897,0.2096500722425,0.3720335462047,0.4089401371939,0.2833765252946,0.2511856037050,0.7832028833573,0.4596004453169,1.0000000000000,0.2072211972965,0.4801226673981,0.5043360215618,0.5117012059626,0.3506995091161,0.4426681168892,0.6416767888706,0.4400539749884,0.4012749246916,0.4339897966245,0.6620230343487,0.1459995135926,0.1088329627352,0.3625460165511,0.5137647072604,-0.1745631667648,-0.0775859533395,-0.2250280927107,0.0656837009878,0.2413305523951,0.1576376468832,-0.0065973767917,-0.2206797141235,-0.2986410917945,-0.0096909060288,-0.0426877662383,0.0069272825012,0.0998149314813,-0.0047197295179,-0.2769984241796,-0.0238881342657,0.1996744697129,0.0165934755247,-0.1239100590924,-0.1166903404722,0.1793818317199,-0.0778700055417,0.1791066282949,0.0144293396436,0.2117924978768,-0.0029834675382,-0.2243805617133,0.0747459682358,0.0971059126863,-0.0125680273135,-0.1742873287496,0.2654507287225,0.1093101810684,-0.0274608619323,0.2885260461900
0.3020591025741,-0.0822254374906,0.2552442155346,0.2040574100139,0.7075332151987,0.1192932943375,0.4471785071604,0.2656222136796,0.1052101160266,0.1707708115266,0.4949502421767,0.1579436895942,0.7666124405584,0.0787771264737,0.3692080021772,0.4153475065400,0.0804659393393,0.2724115521840,0.1446757772791,0.2072211972965,1.0000000000000,0.3009916843537,0.1403245701364,0.2884471027975,0.4409306950394,0.0241718581603,0.2661309755272,0.0559605308507,0.3247533369942,0.3648808232429,0.3168177522030,0.0677107538142,0.0415394578360,0.2587617512480,0.1368789128889,-0.1314188366560,-0.1328356778551,-0.2858995857159,0.0269596168205,0.5747611759783,0.0280394670055,0.3313195807944,-0.2819927602316,-0.2217012141557,0.1684300453124,0.3804928468953,-0.1542291146471,0.7737308889284,-0.0595520323902,-0.2084250468571,0.2666148065795,0.0217849747644,-0.1283710501919,-0.2669188279355,-0.1681758345194,0.8761590679955,-0.1197262186279,-0.0154143433017,-0.1148013184092,0.3749378073038,-0.1328530801050,-0.3169319258458,-0.1662866796116,0.1432639282158,-0.0566609102361,-0.2596090086207,0.0113803585127,0.0520388616284,-0.1700883625796,-0.0115022596904
0.0154397112743,0.1221268290462,0.5712929514957,0.1949343868316,0.5179838046972,0.4054588089842,0.3875412206775,0.3180137261843,0.4189502928379,-0.1279370739420,0.5428407300861,0.2645373081006,0.4449421827864,0.1686876235768,0.3074398277962,0.2762450300864,0.6297597042238,0.5483100479211,0.3051393080876,0.4801226673981,0.3009916843537,1.0000000000000,0.5125129470426,0.8839692686331,0.3197601891303,0.0485768474031,0.3494032020737,0.3072122020151,0.6991784327182,0.4245739581835,0.6685914984796,0.4356227586345,0.2453062964618,0.4425613515200,0.2755170541530,-0.3454429603488,-0.2149422056245,-0.4228406045515,-0.3433424501901,0.4932798321279,0.1288815124480,0.3043553049857,-0.5038807890583,-0.1067823411437,-0.1390235105074,0.3674891108518,-0.0646706136924,0.3377321328629,-0.2448111651123,-0.2665578174863,0.0965779578777,0.6059664308957,-0.0648001617624,-0.3605455914307,-0.2539900909318,0.3457027956993,0.3064621410562,0.3088474758426,0.3501594196948,0.2586323548904,-0.3725515788543,-0.5566516514920,-0.0631313457924,0.5448663224179,0.1154247147078,-0.2001715877196,0.4328971823193,0.3178275403927,-0.0463766678929,0.3002449172712
0.2261704022305,0.4493224590618,0.4928967633133,0.5662120431659,0.2506786625905,0.1856048832045,0.2038551086588,0.2836755954695,0.2048843079712,0.1411815339899,0.2118407326433,0.1767627955591,0.1445736938927,0.1156680459960,0.2019044626137,0.2834873305473,0.4077031434408,0.4599143298844,0.1752103687554,0.5043360215618,0.1403245701364,0.5125129470426,1.0000000000000,0.5526186709809,0.5463177997126,0.4579849819731,0.5187034651588,0.5077806127463,0.4553136370265,0.2742098733506,0.6707596085054,0.0012527530000,0.0817786746758,0.3650209522385,0.4017122698707,-0.1710075846623,0.2047272751524,-0.1306327532524,0.2353810062619,0.2444043118919,0.1571822176332,-0.0188766422986,-0.1402074849403,-0.3667517696043,0.2250538591955,-0.0800472916596,-0.1374725920617,0.0395875018785,-0.0661244336527,-0.4150338346636,-0.0104464613059,0.3039556477933,-0.0200007622264,-0.2892603686568,-0.1415525922352,0.1206756208216,0.0201303559368,0.5888074549281,0.1042885658394,0.5244987351052,0.1310412845386,-0.1892133793363,0.2294969220381,0.2832374209885,-0.0669265725201,-0.0578699119441,0.1507083665576,0.0892071781959,-0.1088372344392,0.2749271365725
0.0600888217809,0.1731983139732,0.5054319143962,0.1992541637439,0.4881914061810,0.2647404848985,0.4023443804808,0.2223463673369,0.2982160494914,-0.1512731719084,0.5083090140571,0.1339003442868,0.3739035580911,-0.0028745145696,0.2616733381832,0.2337452026567,0.7084053065114,0.6304029476963,0.1322941907204,0.5117012059626,0.2884471027975,0.8839692686331,0.5526186709809,1.0000000000000,0.3156056571320,0.0169542413482,0.3607368033148,0.4023099013109,0.6756896059241,0.4742281540433,0.6428301622349,0.4250504613739,0.1287385697211,0.4895458459533,0.3473944500081,-0.3608844575403,-0.0325830291184,-0.2566023309553,-0.2296882096408,0.4959579894771,0.1204030687745,0.2636967354853,-0.4438033303220,-0.2461840548652,-0.1223165626317,0.2620178989672,-0.2451369188973,0.3327831354583,-0.3273853226322,-0.4465994025332,0.0277252755609,0.6548968025165,0.0186732745239,-0.4149605997733,-0.2419126673508,0.3015100672674,0.2731413044330,0.3861968123109,0.3679015887245,0.3239840266934,-0.3621860541341,-0.4323777136865,0.0370717665156,0.5766087269521,0.0465305946109,-0.0983103105900,0.4638783110776,0.1719996481232,-0.0980584057057,0.2451249826906
0.4644986253279,0.0758434433888,0.4348817816339,0.3529417561750,0.5119871998993,0.2185555642664,0.3799821596704,0.6441323883504,0.2363095183168,0.5331048413996,0.4104647921016,0.2524813463564,0.3884400203688,0.1106179908112,0.4221056873433,0.4230648678793,0.2733415532914,0.3578101717681,0.1655099678530,0.3506995091161,0.4409306950394,0.3197601891303,0.5463177997126,0.3156056571320,1.0000000000000,0.3513298060538,0.4289268849985,0.2944155729668,0.5609114298873,0.3212747313521,0.5310035423171,-0.0599264306270,0.0378977259535,0.2886597711927,0.1420458020120,-0.3147288959810,-0.0827827714263,-0.2374120188288,0.1120343166580,0.4384878605800,0.1189874680110,0.1289120366437,-0.1240978291703,-0.3498742049425,0.4651538118099,0.1033279497702,-0.2859868385238,0.3323986054698,0.0791531078559,-0.3952193294260,0.0780864839595,0.0954910937344,-0.3704080823893,-0.3437091718072,-0.3748473953255,0.3444037101693,-0.3294553206770,0.0474637939041,-0.3066664633087,0.8179224234993,0.1047370921324,-0.3124673617138,-0.0890870711876,0.3633329881823,-0.3239725473270,-0.4436551741540,0.1538005775279,0.0364380554290,-0.4089158634964,-0.1518669967670
0.3228851469830,0.2902112244651,0.4375345509546,0.7199251174042,-0.0357562092355,0.1478069447819,-0.0067229252785,0.2520968947693,0.1816914129736,0.3652528209112,-0.0979270351558,0.4831611528988,-0.0024395882643,0.6421822309109,0.2667959253680,0.2901522731638,0.0147606909458,0.1052986952848,0.3993830042785,0.4426681168892,0.0241718581603,0.0485768474031,0.4579849819731,0.0169542413482,0.3513298060538,1.0000000000000,0.5953396653027,0.4622363923553,0.0789679604509,0.1373502459312,0.2894533871654,-0.4116223672781,0.1228951741018,0.1722185434670,0.3643844076451,-0.0087201360202,0.1068341321679,0.0017927253233,0.4787630045376,-0.1726029857011,0.1592061399111,-0.1812918329815,0.0843040383449,-0.1097846784734,0.4597302455828,-0.3003140586371,0.2418065702935,-0.2212805003996,0.3612851611312,0.0094616013537,0.1954325520280,-0.0382218651261,-0.1096493159940,-0.0612910868240,-0.2249741145985,0.0068724981724,-0.2388855869168,0.1591927866691,-0.1497537082943,0.2655874032721,0.6293371060040,-0.0542298858666,0.3443306197472,-0.1787942276765,-0.0795088940318,-0.1155428456485,-0.1445160566670,0.0979712060879,-0.0024517771992,0.2478362365177
0.3337284475143,0.4144765641437,0.7179671398252,0.7004130791785,0.1599395051961,0.3147703938331,0.2110607852071,0.4586721121180,0.2949570078675,0.1845459919031,0.1667086750343,0.4341725639882,0.2540525474435,0.4335443183407,0.4130379338248,0.3339536263151,0.1527252116557,0.5087971792019,0.4604786546471,0.6416767888706,0.2661309755272,0.3494032020737,0.5187034651588,0.3607368033148,0.4289268849985,0.5953396653027,1.0000000000000,0.7230464696193,0.3461795055981,0.2213989276426,0.5601919898223,-0.0737305274679,0.2659924202416,0.2095572490604,0.3201284210891,-0.2706851089045,0.1156442588178,-0.1962541601427,0.2582167104671,0.0065251052121,0.2061393670635,-0.0148824111465,-0.1495622522389,-0.2267022034878,0.2303086443457,-0.1662853827914,0.0219581174188,0.0764692787343,-0.0777263646586,-0.2291128856717,0.1492273255555,0.0590485187912,0.0122791589073,-0.2147153698363,-0.2283536491032,0.2360166859101,-0.2118915797148,0.1828668058225,-0.0741103303933,0.2415539867986,0.1825275256389,-0.1171286435122,0.3843250860504,-0.0749600835059,-0.1782841358852,-0.2341346282183,0.0420808788111,0.2184248206948,-0.2128071805644,0.1841002841046
0.2072694150797,0.4069005724032,0.6690051252510,0.5238081390952,0.0466365710636,0.1402618646509,0.0491467082702,0.3088953176251,0.1282459325715,0.2751488852506,0.0485952184367,0.1862461697581,0.0369360999524,0.3141699843574,0.1821916754535,0.1382369722437,0.2709900385940,0.3592217797219,0.2963295171535,0.4400539749884,0.0559605308507,0.3072122020151,0.5077806127463,0.4023099013109,0.2944155729668,0.4622363923553,0.7230464696193,1.0000000000000,0.2615956572888,0.0465599756798,0.2714622800126,0.0388443735021,0.1045014432033,0.0849197601346,0.1236617952333,-0.2088060789752,0.2532542710209,0.1086259963291,0.2670991191526,0.0028844884833,0.1094566767105,-0.1523472719839,-0.0531399850371,-0.3456664820621,0.2968758536051,-0.2124280135015,-0.1031300898219,-0.0250738766577,0.0553033989710,-0.2784325402621,-0.0047692238544,0.2282297855657,0.0964618522921,-0.1879693311474,-0.0698162983774,0.0819562793319,0.0690976229424,0.2935942985649,0.1916124167039,0.2058280415000,0.2445087403019,0.0464693234664,0.7058267573605,0.1026699239086,-0.1778031785945,-0.1311561418448,0.1995405710195,0.0893048826581,-0.1589520375594,0.1032119820249
0.0954353192739,0.0063752263373,0.4941955713479,0.0845471637360,0.6501722537162,0.4310855089394,0.4875684683165,0.4967081152617,0.4234129960465,-0.0102859329868,0.6902934509118,0.2846724363875,0.5529971021758,0.1084232588950,0.3347187641814,0.2376534619599,0.3889651952978,0.4440390732245,0.3053648813694,0.4012749246916,0.3247533369942,0.6991784327182,0.4553136370265,0.6756896059241,0.5609114298873,0.0789679604509,0.3461795055981,0.2615956572888,1.0000000000000,0.4078807345527,0.6042193205200,0.2610549810315,0.1743151601914,0.4591274708218,0.0105810731011,-0.4795490873943,-0.2747662039557,-0.4917292071246,-0.4553798159762,0.6005787339793,0.1664054633633,0.4415003594664,-0.4244228807135,-0.0929378560349,-0.0335001768577,0.5186178488382,-0.2510787472793,0.4592871838870,-0.2368039142744,-0.2837931643550,0.0493974777329,0.3142184424586,-0.3397031895795,-0.3677691211206,-0.4451493305527,0.4001421726411,-0.0299797573952,0.0741018455397,-0.0094969321920,0.4354288169711,-0.3184732271233,-0.6194395626667,-0.2136726431814,0.7288111818683,0.0573737990363,-0.3571591167335,0.4788447475522,0.3412013806333,-0.2728016640651,-0.0049748700377
0.3764345336940,0.0827361854195,0.1371696626303,0.2813390999932,0.4789592812745,0.2563202651259,0.5820289433485,0.2108391098756,0.3272350038061,-0.0241384201748,0.6284869904654,0.2905735914248,0.4746874083971,0.1259403426843,0.6081663534651,0.4080258864096,0.3252879125736,0.3262383237232,0.1681822103430,0.4339897966245,0.3648808232429,0.4245739581835,0.2742098733506,0.4742281540433,0.3212747313521,0.1373502459312,0.2213989276426,0.0465599756798,0.4078807345527,1.0000000000000,0.4247125319197,0.2338108813971,0.1654307796534,0.8431869905584,0.5113476481198,-0.1802905060226,-0.0718991133532,-0.4182025608959,-0.0622508016541,0.4150780784947,0.3031393149672,0.4269860451066,-0.4664626759471,-0.1396370151006,-0.0958171607564,0.3150088354706,-0.2260074997927,0.3915493243360,-0.1807081099031,-0.2279313833748,0.2696113715273,0.2165836551832,-0.3225304428360,-0.3626508035996,-0.4416084632403,0.2852363651748,-0.1803996574598,-0.0070774480816,-0.1670114766729,0.2421132664200,-0.1427245061504,-0.4982970135972,-0.2345613259810,0.1801607647701,0.2671847763891,-0.3012609096649,0.3234090150603,0.2122968466666,0.0178862857301,0.1863643392643
0.3987695503264,0.1753889978239,0.5307813249657,0.4518655979559,0.3851009739181,0.2710994490064,0.3429591858289,0.5185777034213,0.3628069867344,-0.0402232727411,0.3940011470283,0.2945195234456,0.3255775999150,0.1636544157277,0.4570061541610,0.3473529710892,0.4081999091334,0.6752429143527,0.2705109017831,0.6620230343487,0.3168177522030,0.6685914984796,0.6707596085054,0.6428301622349,0.5310035423171,0.2894533871654,0.5601919898223,0.2714622800126,0.6042193205200,0.4247125319197,1.0000000000000,0.1405885249557,0.1015331230330,0.3759919942766,0.4438709628409,-0.2906837496427,-0.1483888015149,-0.3575202535607,-0.0373641517698,0.3426652617130,0.1085980583927,0.1022642256070,-0.2365151775751,-0.2327512967117,-0.0184961396438,0.0945843830078,-0.0609193997909,0.1638066630298,-0.2919818363915,-0.3882741151038,0.0373626352052,0.3066815922494,-0.1451680820451,-0.3500453934553,-0.3603212080728,0.2698112412138,-0.1013046394425,0.2836344516142,-0.0227341026266,0.3412238003485,-0.2591894002438,-0.4194489481642,-0.1017211042538,0.2652749270197,-0.1248762843777,-0.1444929495627,0.2307215228063,0.1253312176976,-0.2237990797374,0.1842711652039
-0.1056023698005,0.1955263265968,-0.0064081129671,-0.1469745614460,0.3409739750994,0.2473174182005,0.1737737940331,0.2061344694461,0.1323985246978,-0.1472240579570,0.2860014184721,-0.1916752830130,0.1984209525204,-0.1216840155692,0.0716084205844,0.0260898645442,0.3006230457635,0.3346516338899,-0.1393581622259,0.1459995135926,0.0677107538142,0.4356227586345,0.0012527530000,0.4250504613739,-0.0599264306270,-0.4116223672781,-0.0737305274679,0.0388443735021,0.2610549810315,0.2338108813971,0.1405885249557,1.0000000000000,0.1460363841769,0.1632944695916,0.1208463885776,-0.0778772099708,-0.0000905483900,-0.2928640115886,-0.3827779192923,0.3277966811591,0.1655898816591,0.2545770822656,-0.1817368057490,0.0832124925494,-0.2904240493550,0.2848062497409,-0.2657022427489,0.1809701900248,-0.4025761568623,-0.0429866358993,0.0109134786641,0.3150714085278,0.1404391736479,-0.4286536822674,-0.1974295703568,0.0607938214705,0.2405013043616,0.0706219726750,0.2684464968607,-0.1276077383837,-0.5540152772610,-0.3117886043931,-0.0617694541155,0.3009484754525,0.1255319446151,-0.0242463070757,0.7075222691529,0.2558657232206,0.0726360969117,0.1006793223925
-0.2279558926996,0.2092174445994,0.3808608987801,0.1673461783735,0.0301045206629,0.7747816162141,0.3394194034532,0.1362692936712,0.5530309181723,0.0209973919425,0.1726954076260,0.5713056348647,0.2174620763289,0.3860906883554,0.3404342476296,0.3821243424932,-0.0762387095854,-0.0385739070937,0.4867219649699,0.1088329627352,0.0415394578360,0.2453062964618,0.0817786746758,0.1287385697211,0.0378977259535,0.1228951741018,0.2659924202416,0.1045014432033,0.1743151601914,0.1654307796534,0.1015331230330,0.1460363841769,1.0000000000000,0.2606706335023,0.3153697307903,-0.3220571274220,-0.1526979555676,-0.3554275166681,-0.1542777474739,-0.1803886419556,0.5713254645289,0.4176471845262,-0.3458419081821,0.4862918627939,-0.0032102739456,0.1483708606002,0.3291258166508,0.0108379720010,0.0418777485983,0.3006167223630,0.4918002762055,-0.1272731434899,-0.1263295517307,0.0150968365114,-0.1720010192567,0.0132862432592,-0.1955864065564,-0.0618080581413,-0.1368584802788,-0.0974006616074,-0.0493096472486,-0.3452443845009,-0.1155253045527,-0.0637639774908,0.1916875167421,-0.3212227252803,-0.0234497572508,0.8220858723180,0.1414567177741,0.3977751841290
0.0863626651887,0.1686112089045,0.2208647802937,0.2447013728397,0.4202869837376,0.3286968860090,0.4796569038161,0.0828036532214,0.2858490230567,-0.0740649924111,0.5248428003965,0.3653018099171,0.3684548427506,0.1124341302668,0.4006213311370,0.3066787816472,0.2702068620422,0.1911310838288,0.2171200295327,0.3625460165511,0.2587617512480,0.4425613515200,0.3650209522385,0.4895458459533,0.2886597711927,0.1722185434670,0.2095572490604,0.0849197601346,0.4591274708218,0.8431869905584,0.3759919942766,0.1632944695916,0.2606706335023,1.0000000000000,0.5338884889145,-0.2084009470450,-0.0109497062015,-0.3712322576133,-0.0949476120543,0.3286307055715,0.3296693829834,0.3932960677965,-0.4961067861454,-0.0779077800012,-0.1167653354174,0.2940022632255,-0.0938838945975,0.2673690227260,-0.1150378927614,-0.1478700950190,0.2563002301911,0.1764144609986,-0.3111667112121,-0.1957286346545,-0.3483583867796,0.2026653522967,-0.1529152355854,0.1242588868631,-0.1231266141834,0.2486458067233,-0.0368460726114,-0.4536735443770,-0.1899895030814,0.2484729392122,0.3866401690547,-0.2363392739665,0.2529129584210,0.3092212032002,0.2070183398010,0.3419601358062
0.1160478162072,0.3930584327139,0.1805464401255,0.5492320973248,0.0455271822824,0.1920404392441,0.2114445493194,-0.0058955660893,0.1409720788739,-0.0727711301677,0.0648095458266,0.3419741159682,0.0294127662143,0.2071678313378,0.2531025428996,0.3780802971270,0.2039060404029,0.3545280204588,0.1492732802778,0.5137647072604,0.1368789128889,0.2755170541530,0.4017122698707,0.3473944500081,0.1420458020120,0.3643844076451,0.3201284210891,0.1236617952333,0.0105810731011,0.5113476481198,0.4438709628409,0.1208463885776,0.3153697307903,0.5338884889145,1.0000000000000,-0.0228603521010,0.2329220867499,-0.1021273955416,0.3956835016226,-0.0281966655735,0.3212555031342,0.0564232965660,-0.2161411753206,-0.0662961542315,-0.0382867522534,-0.1805133910344,0.1795223721327,-0.0660349474879,-0.0148251485200,-0.1583299630843,0.2510940482534,0.1404390128046,0.0832123531325,-0.0953723830473,-0.0739167287532,0.0293437920692,-0.0997145148493,0.3730713660727,0.0102386113227,0.1368530312096,0.1349974953982,-0.1122664060224,0.0557248414140,-0.1231181029015,0.1545338588660,0.0543265121122,-0.0043709739441,0.1633163089715,0.3301585653366,0.6162135098939
