1.0000000000000,0.4806539501821,0.3748585573133,0.7078015791042,0.5026330361366,-0.1588524673803,0.3756553967878,0.5069382407555,0.3355991032720,0.4511918896452,0.4067318553898,0.4569615402567,0.5497757907645,0.5247027491194,0.7539703771113,0.3680371519223,0.4253820201200,0.6006343613939,0.5378675399359,0.6899954004460,0.6746703759856,0.5928427694626,0.5625131942377,0.5898512141745,0.4658790666528,0.5914976106785,0.5357408523789,0.1465370223427,0.4813200493570,0.5793733458851,0.6342839990456,0.0187464429718,-0.1816632102035,0.4297815105353,0.5672868960649,0.1063718836279,0.4497189668775,0.1108826961942,0.6501733618230,0.3337843546850,-0.1140385082565,-0.0748455734760,0.2343390916101,-0.2662803111251,0.4207000860027,-0.1775787978144,0.0103312657795,0.4572952125800,0.2273615162583,-0.0693232086381,0.1827027543615,0.4611710560882,0.3906475372909,0.2095828134316,0.3294780985340,0.5877757396173,0.4138491025243,0.4577849472842,0.4226140517647,0.3672355790271,0.4154904932607,0.1898182619403,0.1981839985983,0.3158960637588,-0.0802786505468,0.1348467413105,0.1440436934566,-0.1830969497299,0.0294337667885,0.3402088501580
0.4806539501821,1.0000000000000,0.4029876596328,0.7439133747532,0.3782053357788,-0.2482776014299,0.0852708912763,0.3013625342301,0.1027305039054,0.3252320468778,0.1761226093349,0.3241462553720,0.2807580745919,0.3803659558646,0.3966863158064,0.2029987303434,0.3897444542832,0.5989200095669,0.4277593435069,0.6150345792115,0.3638508348019,0.5924873459910,0.7204927081694,0.6206598785394,0.4814999403343,0.7315088229043,0.6689795236908,0.3686573296455,0.4506562342543,0.3627014088964,0.6426206958382,0.0307276005397,-0.1454968122962,0.3045142353250,0.6135015531439,-0.0452376115084,0.8786807100331,0.1812630512063,0.6813391881315,0.2500429103043,-0.1049699700069,-0.2432255944550,0.2373586578663,-0.2942001896007,0.3048699585877,-0.3596821678387,-0.0250971712446,0.2203663141448,0.2154962196854,-0.2665200583257,-0.0094228896629,0.4672798707350,0.6556839653274,0.0517206279839,0.4632714682788,0.3180466745478,0.4897080654554,0.6562891300498,0.6065838142880,0.4506591602413,0.6191449995173,0.5161535908956,0.4987777035390,0.3604160005468,-0.2125104110202,0.3460136161938,0.1623216427496,-0.1488016881666,-0.0602121248303,0.4946505798912
0.3748585573133,0.4029876596328,1.0000000000000,0.4988042513829,0.2684454051585,-0.1798850536793,-0.0243702795157,0.3744887625356,0.2328659521278,0.1626702866635,0.0762184592382,0.5362054539484,0.0283003110406,0.4853028946846,0.3244792178501,0.1318078134213,0.2265429862940,0.4492981555660,0.5890984058928,0.4497414798688,0.1217496271254,0.4731617888354,0.3480960704479,0.4810792837525,0.3909156707998,0.4344419369835,0.7339274873106,0.8788089784789,0.4616041552542,0.0509528082643,0.3580657623521,-0.0678291410420,0.0270208400058,0.0508054576735,0.2145222292596,-0.2114674090930,0.3208622900383,0.5629628201978,0.3880283803405,0.1058094022190,0.0351261383283,-0.1472492241825,0.0491237151987,0.0700304598506,0.0954777222065,-0.3344740549116,0.2984195882925,-0.0761838401978,0.2563485710233,-0.1783139619324,0.0421581870785,0.2652013502237,0.1187519418660,0.3079167433994,0.0220602320763,0.0354612102626,0.0699155298030,0.2677100981032,0.3056646405609,0.1725242615805,0.2951281763224,0.3477053452190,0.8022516121266,0.3300027280710,-0.4376447858980,-0.2784057589132,-0.1129374036998,-0.2077004470913,-0.2871342099989,-0.0384189700164
0.7078015791042,0.7439133747532,0.4988042513829,1.0000000000000,0.5378955087819,-0.2745810496504,0.3855917879757,0.3757418241126,0.3244821112940,0.4257919473708,0.3914626650333,0.5503470498085,0.5296925925344,0.6349935208325,0.6345869203952,0.4834341886652,0.3880174229022,0.6442415395962,0.6480316755892,0.7790950910422,0.6670305601003,0.7040915798869,0.7770676278865,0.6619622851939,0.5689806603804,0.7941816541335,0.6622384521193,0.3772801219577,0.6246238566712,0.5359603641019,0.7508570225070,-0.0064407863849,-0.1325983104566,0.4619703559053,0.7525679632280,-0.0215767269251,0.7004744984674,0.2523305643475,0.8996450656053,0.3640837783632,-0.0194204709536,-0.0348507643899,0.1919924221610,-0.2555994192690,0.4824990163937,-0.3098110337685,0.1388359160842,0.4125278036761,0.4300469186768,-0.2124323342953,0.3096997862359,0.5245786467919,0.5533827166268,0.2196158375119,0.4766972856815,0.5807665811510,0.5075089394153,0.7047951375660,0.6373402804470,0.5012059759898,0.7053571857737,0.3708494009258,0.5009071939191,0.4816996720165,-0.1809566362922,0.2676252099071,0.0680991525698,-0.1230351753294,-0.0089172825638,0.5277591330842
0.5026330361366,0.3782053357788,0.2684454051585,0.5378955087819,1.0000000000000,-0.2558386712928,0.2531136807002,0.3954049931216,0.0937784239339,0.3355363441524,0.5101319975058,0.4137572081885,0.6119427267595,0.3679060975451,0.4134075445301,0.2615646232792,0.2842723894211,0.3956901762028,0.4125349308787,0.4414711528304,0.6873341232905,0.4972547964555,0.4273614934479,0.4673097348143,0.5273336362725,0.4332700775849,0.3998720496119,0.1318521100444,0.6192177473166,0.4111707281004,0.4114036455524,-0.0878990735197,-0.2814481883089,0.4091966913437,0.3905261756146,0.2434771372657,0.3801741557714,-0.0075164051088,0.4209981046463,0.8680472767207,-0.1377326019200,0.0334111159144,0.2320159569257,-0.1602276677955,0.3247050645335,0.1438747917859,0.1761965913499,0.6003495809224,0.2592632290497,0.0886819476429,0.1261697051290,0.3826563433158,0.3829837458625,0.2652974380045,0.2588186226632,0.6898472700160,0.3826690624024,0.4151603752010,0.3464634389395,0.4855963467077,0.4045986679829,0.1422040715241,0.2300117107331,0.5411145356683,0.1212564284852,0.1876682939154,0.0214808795021,-0.2655841819815,0.0790646426935,0.2779295243100
-0.1588524673803,-0.2482776014299,-0.1798850536793,-0.2745810496504,-0.2558386712928,1.0000000000000,0.1597237998884,0.1199272456858,0.2408834748262,-0.2506409004358,0.1423702577945,-0.2066335318284,-0.0547307371808,-0.2801343612167,0.0244199466184,0.1047345971551,0.1077564575912,-0.1527827511406,-0.3388156588566,-0.1787113296137,-0.1558105494888,-0.0884430458768,-0.2896377082160,-0.1231600598184,-0.1240132311343,-0.2206686323407,-0.1005442743171,-0.1675928495758,-0.1377932400481,0.0660827980445,-0.0847627470680,0.2989112343560,0.5910346767306,0.0452805679796,0.0254506939930,0.2409378641740,-0.1992853692932,-0.3302092437853,-0.2282889098325,-0.2827952138755,0.6238000049436,0.2317342054929,-0.0445822913827,0.3532260585103,-0.3317977098657,0.2654399214769,-0.1411341817383,-0.1146643861443,-0.5210395912863,0.3567226010347,0.0023427833507,-0.0848134875327,-0.3086531885118,-0.3244246620900,-0.2951448822704,-0.1705221425993,-0.2644662726763,-0.3705950915339,-0.3639512358273,-0.1036551167835,-0.3100333600549,-0.1788035937735,-0.2680597751292,-0.0939667596312,0.3504428642242,-0.1281818549209,0.3211206046103,0.4734077827393,0.4823580226210,0.1705188778481
0.3756553967878,0.0852708912763,-0.0243702795157,0.3855917879757,0.2531136807002,0.1597237998884,1.0000000000000,0.1257035394254,0.7028468555392,0.1838669994137,0.5751268789630,0.3821058571219,0.7459371502628,0.2846390083531,0.5797268442290,0.6665318129915,0.1037010434311,0.1738416247638,0.3391111763466,0.3173250858690,0.5100626373766,0.2282383628937,0.2125471838717,0.2190217793539,0.1522512377076,0.2143126366826,0.1413798662998,-0.1011136777522,0.2405928854058,0.6139062903047,0.2904506488281,0.0238792311223,0.1249479770932,0.4088776297085,0.4176558758055,-0.0349319868576,0.0900082778674,-0.2571459704057,0.3378760915736,0.1134630506716,0.2555774005354,0.6870694180418,-0.2201780836307,0.1861421960306,0.1445496753938,0.2013401360095,0.0513370420099,0.6930627377925,0.1153785704321,0.1822435777756,0.6001410780362,0.1150914508918,-0.0386065602290,0.0357645660050,0.0076519897008,0.4751594193589,0.0334737747863,0.0853931844732,-0.0013441968918,0.1265953698490,0.1851489851375,-0.1537618443096,-0.0510592291055,0.0849070907066,0.2406438863174,-0.0583074609824,0.0768756153728,0.2161790024358,0.1380217007927,0.2970916833833
0.5069382407555,0.3013625342301,0.3744887625356,0.3757418241126,0.3954049931216,0.1199272456858,0.1257035394254,1.0000000000000,0.1849002756467,0.3824948943572,0.4005582952274,0.2146553470597,0.3401552223469,0.4074991487185,0.5319597731189,0.3100177640324,0.2830660154864,0.4773475893431,0.2546027150288,0.5083629544676,0.2823328388894,0.4007716939622,0.2242932383203,0.3251727699508,0.6305943852843,0.5029905104423,0.6063365178553,0.2165865885061,0.6140917865785,0.3641730345803,0.4827778823888,0.3160435287473,-0.1532303742278,0.1609065825413,0.2545304885998,-0.0295039266812,0.2007784741674,-0.0325144982089,0.2344811641910,0.1702697890528,-0.1083679759414,-0.1531527843691,0.5304935981163,-0.1793615544477,0.2531165837260,-0.2218232912931,-0.1953790248891,0.2701382230828,-0.0325082718118,-0.0004409824608,-0.0044368756489,0.2220405802170,0.1185319916279,-0.0367129486377,0.0099568619862,0.2019859253904,0.0616779123326,0.0382782541769,-0.0320879442206,0.4598818688206,0.2363651324949,0.1669644714755,0.2032668301719,0.4033430085655,-0.1228801044016,-0.0778788558874,0.3944135554623,-0.1518147014223,0.0247978514939,0.0770594062414
0.3355991032720,0.1027305039054,0.2328659521278,0.3244821112940,0.0937784239339,0.2408834748262,0.7028468555392,0.1849002756467,1.0000000000000,0.0712255065571,0.5203893455200,0.4929256429268,0.3634698758521,0.3664197602743,0.5618352867425,0.4472314737056,0.2230234281954,0.2568453774512,0.4013130808348,0.3433991850247,0.2344896576568,0.3031996811447,0.2190604421843,0.2858042603816,0.1623471923120,0.2656499563050,0.3198963183488,0.1675258063941,0.2218596746444,0.3935434126411,0.3396236627165,-0.0969736396246,0.4415994821165,0.2430222515459,0.3359468862942,-0.2528425585826,0.0198370865948,-0.0481064309534,0.2549800987240,-0.0491372526221,0.4379537800190,0.4902527893187,-0.1967305425079,0.4697887532114,0.0101351085714,0.1478470273747,0.1648143792633,0.2678271305938,0.1238327166181,0.0771090217409,0.4324571892022,0.1984483510523,-0.1150153626971,0.0642932287132,-0.1064900530052,0.1417050064896,-0.0558112913597,0.0088393481644,0.0035913707224,0.0886152528803,0.1234929618617,-0.0566865161898,0.0975030456221,0.1213740812727,-0.1028024386287,-0.1909896628317,-0.1069694707483,0.2284717657245,0.0155493193695,0.2081513369408
0.4511918896452,0.3252320468778,0.1626702866635,0.4257919473708,0.3355363441524,-0.2506409004358,0.1838669994137,0.3824948943572,0.0712255065571,1.0000000000000,0.2684644068285,0.1742790878272,0.3977753916826,0.3296543199942,0.4253165665688,0.3266142590257,0.2320746555870,0.1766928306178,0.2119451702814,0.2147938158652,0.4289655767956,0.2174487863001,0.3997456951463,0.1653510777290,0.6678505286036,0.3921850215270,0.1998165034427,0.0213214082919,0.3643085199983,0.2326125741407,0.2920357315195,-0.1020891049666,-0.2302704600941,0.2769813349702,0.1845411505472,-0.1115424324760,0.3114978818566,0.1865419286937,0.4360982043604,0.2127195138859,-0.2247533926401,-0.1105374455766,0.3563499826617,-0.3220425456099,0.8335601302935,-0.1700454355991,-0.0372189937551,0.3575691349698,0.3481997982113,-0.1472722108326,0.3225853982643,0.2802792332186,0.1614759436426,0.0237802442209,0.0523992597554,0.4124055569520,0.2483973856745,0.3643313654660,0.2271786584490,0.5872479371613,0.4579136564895,0.0623485169373,0.1039345721669,0.3319029977606,-0.1544152172358,0.0703917812686,0.0104827436409,-0.1029885935480,-0.2470373307016,0.0473265388306
0.4067318553898,0.1761226093349,0.0762184592382,0.3914626650333,0.5101319975058,0.1423702577945,0.5751268789630,0.4005582952274,0.5203893455200,0.2684644068285,1.0000000000000,0.3685106780657,0.6365459901658,0.4074224961388,0.6497018540595,0.2790357451697,0.3563930522486,0.2833532971493,0.3270860529592,0.4517966769489,0.5410278997274,0.4570525593659,0.1768126884661,0.4264616706236,0.3117432085428,0.4242620259214,0.3295167511682,0.0178053875960,0.4505955898137,0.6443664211220,0.3693883309757,0.0306622695969,0.0324870371921,0.5134656355350,0.4343395565306,0.0772904399620,0.1435299096619,-0.2890451504580,0.3355413055893,0.3785233346175,0.2386563812501,0.3378550506350,0.0275527201873,0.2311834427412,0.1600586418923,0.5095686247105,-0.0554627514335,0.5523619827033,0.2251733797852,0.2824218153641,0.2656212778452,0.3709585403126,0.0458201074566,0.0628465597785,0.0038195048033,0.4101599984603,0.1991344596251,0.0954492990110,0.0840470316092,0.2966562982359,0.3819562220435,-0.0638626172504,0.0303582471583,0.3351313485262,0.2447652342970,-0.0052220224943,0.1966332703508,0.0014175938462,0.2285263221264,0.2795086025570
0.4569615402567,0.3241462553720,0.5362054539484,0.5503470498085,0.4137572081885,-0.2066335318284,0.3821058571219,0.2146553470597,0.4929256429268,0.1742790878272,0.3685106780657,1.0000000000000,0.2912738239130,0.6884540101264,0.5489013055192,0.3731132289744,0.1420643146704,0.3007742677173,0.8553035562500,0.4878071248044,0.4261302847157,0.3626352492749,0.3613038608453,0.3360098182491,0.3234555707508,0.4362410044186,0.5087501187480,0.4161695857831,0.3989213429640,0.2563259149197,0.3647811469733,-0.3121317194630,0.1707619994634,0.1599128131676,0.3897093223090,-0.1222106671027,0.2245750418537,0.2750343328927,0.4531233880586,0.3038388818072,0.2414955649700,0.1997361080309,-0.0354871333818,0.1621221838307,0.1839160265131,-0.0308685267905,0.7177927973269,0.2433818257537,0.5483925033537,0.1202138753764,0.3663372934788,0.2356567702143,0.2250140811548,0.6775385758616,0.1990812670458,0.3659932323378,0.0754761270910,0.2709232189744,0.2444951377586,0.1906982564592,0.4118620756717,0.2435260571986,0.4336724328188,0.2901148102087,-0.1535598396596,-0.0996182656509,-0.3269192109955,0.0131146815848,-0.1647195865761,0.2609101435602
0.5497757907645,0.2807580745919,0.0283003110406,0.5296925925344,0.6119427267595,-0.0547307371808,0.7459371502628,0.3401552223469,0.3634698758521,0.3977753916826,0.6365459901658,0.2912738239130,1.0000000000000,0.3280008563568,0.6451660233454,0.5958450636837,0.2040975880642,0.2802774188775,0.3332643497002,0.4217333298960,0.7920128194692,0.3999975785422,0.3166892755048,0.3902536824613,0.3326544777424,0.4132843231034,0.2809581107659,-0.0620709962707,0.4150151101422,0.7018738291196,0.3897143994692,0.0605526547044,-0.2491827718086,0.5484397635624,0.4535649689074,0.1339293283204,0.3139981105038,-0.2538541274463,0.4831341611345,0.4405841616176,-0.0939932440491,0.3424330198680,-0.0064018080642,-0.1534899200473,0.3184206368238,0.1590341708630,-0.0911322147233,0.9093359062744,0.1479331734659,0.1574514007001,0.4395365309580,0.2660704314141,0.1570870726503,0.0492722080013,0.1282595176522,0.7649684910371,0.2705821069470,0.2408638814897,0.1543164240296,0.3094303281654,0.4069890813073,-0.0042745354216,0.0587858642390,0.2252324848973,0.2835129724630,0.0619235468361,0.2171605367700,-0.0677949788139,0.1509328417249,0.2916781506645
0.5247027491194,0.3803659558646,0.4853028946846,0.6349935208325,0.3679060975451,-0.2801343612167,0.2846390083531,0.4074991487185,0.3664197602743,0.3296543199942,0.4074224961388,0.6884540101264,0.3280008563568,1.0000000000000,0.6060634526653,0.3707669908138,0.2301563404171,0.4830739699218,0.7720734670447,0.7044043446030,0.3974962612060,0.4536691041014,0.4329904606260,0.4030267254016,0.3803336123961,0.6780965397563,0.5778277351612,0.4141923660427,0.4824038325938,0.3935903982368,0.4503152194445,0.0947233617469,0.0102658151110,0.3046926049998,0.4666790399315,-0.1925404591389,0.2831657813186,0.2307572653537,0.5118864812150,0.2009420899593,-0.0017933045547,0.0225854855959,0.1548070757109,-0.0422488414985,0.3506842439614,-0.2027739881630,0.3050861302934,0.2185440731732,0.6992849457952,-0.0024658284419,0.2986253732298,0.3025640658250,0.2970643065929,0.4129956171086,0.3070885029077,0.2911264411541,0.2099400445623,0.3332719361251,0.3164718311379,0.2616277552429,0.4929120306795,0.2664108973651,0.4311695622035,0.3382594061037,-0.2135169643608,-0.0229828443984,-0.0214367521652,-0.1760267873385,-0.0762970846496,0.2490402167235
0.7539703771113,0.3966863158064,0.3244792178501,0.6345869203952,0.4134075445301,0.0244199466184,0.5797268442290,0.5319597731189,0.5618352867425,0.4253165665688,0.6497018540595,0.5489013055192,0.6451660233454,0.6060634526653,1.0000000000000,0.4947084198363,0.3384892813519,0.4463224205006,0.6068397216434,0.6412902329746,0.6074346682064,0.5164718221582,0.3714634963654,0.4787495525179,0.4114606833972,0.6076760339272,0.5611916528675,0.1727582697682,0.3949730999786,0.7734272624676,0.5111204709739,0.0481937016564,-0.0021415360651,0.5505229813105,0.5914188141912,0.0615297373804,0.3806707606183,-0.0480384416262,0.5832374121755,0.1757589508018,0.1246630189209,0.1232355798462,0.0552923931454,-0.0982632778180,0.2997762322139,-0.0698535869955,0.0208527859276,0.5277636659593,0.2813944875415,0.1566763102084,0.3718397379858,0.3822029813882,0.1757624571775,0.2175068466097,0.1085140756712,0.4978922318029,0.2023918112675,0.2723815512876,0.1783943383072,0.2992215056498,0.5263681768463,0.1551996801739,0.2255232166821,0.1849072648996,0.0786497125020,-0.0900208585549,0.2030519081333,-0.0233268812911,0.1095204217788,0.3501379377095
0.3680371519223,0.2029987303434,0.1318078134213,0.4834341886652,0.2615646232792,0.1047345971551,0.6665318129915,0.3100177640324,0.4472314737056,0.3266142590257,0.2790357451697,0.3731132289744,0.5958450636837,0.3707669908138,0.4947084198363,1.0000000000000,0.0531125811790,0.2325082888002,0.3231642676287,0.3268881840183,0.4584928298552,0.2295045800698,0.2914820279289,0.1565592309932,0.3647311024247,0.3644310498301,0.2191258722926,0.0270243551764,0.3500315771870,0.4138247201291,0.3712165814916,-0.0275654131979,0.0978437240428,0.2352284865508,0.4449870521316,-0.1236054632176,0.1777652268388,0.0119486745149,0.4182969397386,0.1209874482474,0.1984861588875,0.4183847338498,0.0957442957655,-0.0574028537310,0.3571332072590,-0.1525248712647,0.1557777334824,0.5608909348832,0.1678477183032,0.0361819469219,0.6842979464018,0.0747177798841,0.0729460516624,0.1035220007733,0.0696828954929,0.4601759350957,0.0210649244222,0.1686383901102,0.0436260745342,0.3205379045887,0.2730918655368,0.0155077878813,0.0852243644842,0.2416261296399,-0.0159124520287,0.0095911095658,-0.0082007675295,0.2051564218727,0.0147717097444,0.3323986900674
0.4253820201200,0.3897444542832,0.2265429862940,0.3880174229022,0.2842723894211,0.1077564575912,0.1037010434311,0.2830660154864,0.2230234281954,0.2320746555870,0.3563930522486,0.1420643146704,0.2040975880642,0.2301563404171,0.3384892813519,0.0531125811790,1.0000000000000,0.3745650131242,0.1619742295384,0.3843453569857,0.3498258042801,0.7427460806115,0.4603949297519,0.6634345639130,0.3831688204116,0.3939370082213,0.3281246948111,0.0910712666981,0.4847926837945,0.3435575782526,0.5719088805812,0.1288692714769,0.0551633612230,0.4259407806824,0.4158222328528,0.1696578624981,0.4088515504188,0.0601276716328,0.4337902393943,0.2089648215962,0.0766912955477,-0.1238585875499,0.1800383766764,-0.0138576653575,0.1832435409159,0.0181287523560,-0.0980999294550,0.0584091279445,0.0669860328617,-0.0518258888102,-0.0055378448428,0.8865802721870,0.2059967529646,-0.1270791686428,0.1032229507533,0.2622585827637,0.5949355379012,0.4754908588891,0.5461291654754,0.4144509915736,0.2415239678508,0.0654813126419,0.0959225901507,0.4984922092408,0.0057388807219,0.3291927025555,0.1894504506918,-0.0135774575102,0.2665268012618,0.3868074199444
0.6006343613939,0.5989200095669,0.4492981555660,0.6442415395962,0.3956901762028,-0.1527827511406,0.1738416247638,0.4773475893431,0.2568453774512,0.1766928306178,0.2833532971493,0.3007742677173,0.2802774188775,0.4830739699218,0.4463224205006,0.2325082888002,0.3745650131242,1.0000000000000,0.4311377649351,0.8702483740811,0.3196093129935,0.6475244014517,0.5690791712528,0.7140940619702,0.3878500930189,0.6138749082424,0.7349542095056,0.3275499256040,0.5730362899545,0.4828723530578,0.7491471748816,0.2144150322200,-0.1767371225567,0.3230496752909,0.6643066940522,-0.0616217854485,0.4864434907303,0.0260827544496,0.4531313270864,0.2430726317312,-0.1424810339935,-0.1736793598336,0.1736066445002,-0.1740442800449,0.1187543290239,-0.3258916422971,-0.1497258785585,0.1771072596228,0.1470557127827,-0.3107267261030,-0.0195675450642,0.3953742548609,0.6280966187028,-0.0120413469883,0.5087225863389,0.2047228556127,0.3847016427965,0.4304521767256,0.4856047713694,0.2696810022310,0.2796917339376,0.3029634948796,0.3127065743449,0.3660124571833,-0.2046588940611,0.2492682188298,0.2242686238812,-0.2869545581705,0.0577148181050,0.4199353190566
0.5378675399359,0.4277593435069,0.5890984058928,0.6480316755892,0.4125349308787,-0.3388156588566,0.3391111763466,0.2546027150288,0.4013130808348,0.2119451702814,0.3270860529592,0.8553035562500,0.3332643497002,0.7720734670447,0.6068397216434,0.3231642676287,0.1619742295384,0.4311377649351,1.0000000000000,0.6531881593643,0.4605835347040,0.4563959387711,0.4457310613931,0.4358264039319,0.3143697830666,0.5066654155378,0.6131184001278,0.4867109294955,0.4020198918633,0.3187865009446,0.4233098163266,-0.2364631195944,0.0173226321635,0.2627677918552,0.4370844153082,-0.1371294237047,0.3406812255847,0.3282606630787,0.5392624239899,0.2762414596667,0.0988354788592,0.0578326120110,-0.0202002603102,-0.0400606250993,0.2054768941189,-0.1649697979120,0.5634852628765,0.2809740827486,0.5822050927060,-0.0061475177102,0.2853162415388,0.2790508550160,0.3547589119020,0.6951783941789,0.3602135545107,0.3774197529899,0.2154282058263,0.3593415462940,0.4003559075339,0.1529519355634,0.4950570867872,0.3878712822477,0.5422451357000,0.2387178865202,-0.2248351279466,-0.0689372184997,-0.2314162076926,-0.1249921826434,-0.1641441394257,0.2680057281087
0.6899954004460,0.6150345792115,0.4497414798688,0.7790950910422,0.4414711528304,-0.1787113296137,0.3173250858690,0.5083629544676,0.3433991850247,0.2147938158652,0.4517966769489,0.4878071248044,0.4217333298960,0.7044043446030,0.6412902329746,0.3268881840183,0.3843453569857,0.8702483740811,0.6531881593643,1.0000000000000,0.4931755922072,0.6713460456985,0.5890587416566,0.6812446852546,0.3962478067153,0.7797285735895,0.7786141840931,0.3409115583322,0.5839826787298,0.6039360604418,0.7502258176743,0.1632123282744,-0.1447997810822,0.4552099621366,0.7432057572830,-0.0647234161173,0.5153674952898,0.0528668573065,0.6318775497949,0.2578933163598,-0.0542551395786,-0.0987599896766,0.1600231627777,-0.1942984826645,0.1990941201069,-0.2872489075720,-0.0190705592810,0.3004618457182,0.3368668439958,-0.2027609908030,0.1141124300548,0.4477503726709,0.5940889024797,0.1919994572720,0.5578470123323,0.3627944246393,0.4007381650059,0.4660072519230,0.4887222050416,0.2689334551744,0.4982397492935,0.3767474032826,0.3667211085701,0.3488887274355,-0.1461247314305,0.2183023885765,0.2167076013867,-0.2326874467456,0.1088633802673,0.5105376249279
0.6746703759856,0.3638508348019,0.1217496271254,0.6670305601003,0.6873341232905,-0.1558105494888,0.5100626373766,0.2823328388894,0.2344896576568,0.4289655767956,0.5410278997274,0.4261302847157,0.7920128194692,0.3974962612060,0.6074346682064,0.4584928298552,0.3498258042801,0.3196093129935,0.4605835347040,0.4931755922072,1.0000000000000,0.5211892809642,0.4843365983020,0.4470053838742,0.4152326856823,0.4602391958573,0.2871256561036,-0.0211172129982,0.4873265600156,0.5644906711021,0.5004391525869,-0.1053887091615,-0.2272734785950,0.5197672466349,0.5260869856541,0.2428632448825,0.4104113708840,-0.0255413762028,0.6864141299085,0.5568350900501,-0.0546977913143,0.1180140492286,0.0975279071139,-0.2823986342491,0.4377404412383,0.0932461729229,0.1316112108476,0.7224116976289,0.2819405728566,0.0342376888719,0.3437612126196,0.4521764971088,0.2955115546284,0.2581050600197,0.3243020861555,0.9294449351872,0.4562581985385,0.4522985971804,0.4020336344734,0.3753580900198,0.4998890492930,0.1096130039881,0.1009489828434,0.3594958174534,0.1478380742155,0.2189013546363,0.0523913340207,-0.0892179109340,0.1522028401698,0.3934374979702
0.5928427694626,0.5924873459910,0.4731617888354,0.7040915798869,0.4972547964555,-0.0884430458768,0.2282383628937,0.4007716939622,0.3031996811447,0.2174487863001,0.4570525593659,0.3626352492749,0.3999975785422,0.4536691041014,0.5164718221582,0.2295045800698,0.7427460806115,0.6475244014517,0.4563959387711,0.6713460456985,0.5211892809642,1.0000000000000,0.6725451432205,0.8954025018755,0.4426487978227,0.6131386220458,0.6108428406338,0.3649015647208,0.6507501871087,0.5358635667926,0.7851141923513,0.0919432906490,-0.0695224239579,0.5083751457018,0.6233892803391,0.1050096243125,0.5593857877218,0.1207907737013,0.6413464336859,0.4021347779916,0.0358379755023,-0.1164315516509,0.1478000575793,-0.1129606293390,0.2059802039444,-0.1218508085736,-0.0168607950737,0.2480726993274,0.1797018102910,-0.1901007671301,0.0485993250215,0.7631291809495,0.4036263687021,0.0466684126842,0.2574605413588,0.4114477623257,0.7387112073207,0.5991195489744,0.7130729429059,0.4199048693827,0.4494194955253,0.2304017684829,0.4269956910651,0.5498259026052,-0.0996538652636,0.3215952049065,0.1641412011697,-0.0843235753410,0.1637144688405,0.4588464471304
0.5625131942377,0.7204927081694,0.3480960704479,0.7770676278865,0.4273614934479,-0.2896377082160,0.2125471838717,0.2242932383203,0.2190604421843,0.3997456951463,0.1768126884661,0.3613038608453,0.3166892755048,0.4329904606260,0.3714634963654,0.2914820279289,0.4603949297519,0.5690791712528,0.4457310613931,0.5890587416566,0.4843365983020,0.6725451432205,1.0000000000000,0.6315630200652,0.5835540838898,0.6055788552244,0.4808071998765,0.2635444915937,0.5729131423067,0.3640924334661,0.7604276142695,0.0104058525813,-0.0741404852415,0.3681229040785,0.5732482320744,-0.0076686211095,0.6792643212695,0.3018226003118,0.7236299494693,0.3374120930430,-0.0834623121782,-0.0945180266529,0.2922772559799,-0.2597512518837,0.5187300414622,-0.3227566348061,0.0553751882880,0.2492949846129,0.3312352782219,-0.2994895028539,0.2017615718749,0.5316018302483,0.6051559685850,0.0894656601619,0.4862135627598,0.4455946483187,0.6581775716382,0.8378027641283,0.7558295726944,0.5927671891447,0.4865164218807,0.3414427473682,0.4055194452322,0.5351300413214,-0.1783897785191,0.4933066528434,0.0013270404192,-0.0354934367669,-0.0339815091776,0.4898144931484
0.5898512141745,0.6206598785394,0.4810792837525,0.6619622851939,0.4673097348143,-0.1231600598184,0.2190217793539,0.3251727699508,0.2858042603816,0.1653510777290,0.4264616706236,0.3360098182491,0.3902536824613,0.4030267254016,0.4787495525179,0.1565592309932,0.6634345639130,0.7140940619702,0.4358264039319,0.6812446852546,0.4470053838742,0.8954025018755,0.6315630200652,1.0000000000000,0.3459179359449,0.5647567574802,0.5948019726140,0.4170515641108,0.5729762382208,0.5461137379488,0.7122034090085,0.1295791535781,-0.1539295226409,0.4886042710835,0.6165594094535,0.0868043747031,0.5924117842362,0.0942435874694,0.5828352400441,0.3803165953032,-0.0655023952789,-0.1356182499373,0.0291685065532,-0.1248774489828,0.1239095609677,-0.0853363388272,-0.0864916581690,0.2577300219827,0.1504171693560,-0.2129872328209,-0.0164967636028,0.6914409725267,0.4574793211116,-0.0180780559890,0.3149544094120,0.3352428712672,0.6545835702036,0.5488484410315,0.6931983852529,0.3258367358357,0.3823714276513,0.1884570513397,0.4708044208297,0.4345902847783,-0.0544567634675,0.2758976844298,0.2287829457484,-0.1966777254961,0.1620032633655,0.4440010654003
0.4658790666528,0.4814999403343,0.3909156707998,0.5689806603804,0.5273336362725,-0.1240132311343,0.1522512377076,0.6305943852843,0.1623471923120,0.6678505286036,0.3117432085428,0.3234555707508,0.3326544777424,0.3803336123961,0.4114606833972,0.3647311024247,0.3831688204116,0.3878500930189,0.3143697830666,0.3962478067153,0.4152326856823,0.4426487978227,0.5835540838898,0.3459179359449,1.0000000000000,0.5364501420003,0.4986773727878,0.2100332939357,0.7597452262027,0.2318879883844,0.5702706289468,-0.0298371368782,-0.1105918144482,0.2046397706419,0.3315575660715,-0.0205226769606,0.4275278871015,0.2465667524741,0.5086707653730,0.3798588733955,-0.0906222447804,-0.1157070998466,0.5175031878306,-0.2253839387563,0.6421988670377,-0.2389038186988,0.0379575079862,0.2910140515685,0.2290979659017,-0.1628956566780,0.2268847542138,0.4267057226859,0.3026402572927,0.0285401116405,0.1572830276357,0.3924611684796,0.3066764363693,0.4740488757907,0.3260346613656,0.8959517100499,0.4342087718531,0.2422661728352,0.2730710443339,0.7189206028681,-0.1949855355136,0.1923158090379,0.0364372576916,-0.0926642758292,-0.1498511297387,0.1952698917238
0.5914976106785,0.7315088229043,0.4344419369835,0.7941816541335,0.4332700775849,-0.2206686323407,0.2143126366826,0.5029905104423,0.2656499563050,0.3921850215270,0.4242620259214,0.4362410044186,0.4132843231034,0.6780965397563,0.6076760339272,0.3644310498301,0.3939370082213,0.6138749082424,0.5066654155378,0.7797285735895,0.4602391958573,0.6131386220458,0.6055788552244,0.5647567574802,0.5364501420003,1.0000000000000,0.7117446914953,0.3458467221823,0.5483094967421,0.4923458457920,0.6920502559477,0.0269179529814,-0.1427431269070,0.3750213761594,0.6706202934483,-0.1129696484424,0.6332805101108,0.1704496538395,0.7252994997295,0.2644493919932,-0.0873599885257,-0.1245312882695,0.3236121072403,-0.1972208846031,0.4187013485983,-0.3046737257635,-0.0031323979222,0.2838774877877,0.4421695242060,-0.1546614553333,0.2004982233302,0.4533125016890,0.4758894830035,0.1520482016104,0.3693386383596,0.3506579052773,0.3521002845640,0.4981816815189,0.4289530960482,0.4879653682782,0.7734411466882,0.4458761499270,0.4167373962215,0.4280316383235,-0.2126829117279,0.2006666070604,0.1512298979485,-0.2126828019680,-0.0217154064334,0.4718607624173
0.5357408523789,0.6689795236908,0.7339274873106,0.6622384521193,0.3998720496119,-0.1005442743171,0.1413798662998,0.6063365178553,0.3198963183488,0.1998165034427,0.3295167511682,0.5087501187480,0.2809581107659,0.5778277351612,0.5611916528675,0.2191258722926,0.3281246948111,0.7349542095056,0.6131184001278,0.7786141840931,0.2871256561036,0.6108428406338,0.4808071998765,0.5948019726140,0.4986773727878,0.7117446914953,1.0000000000000,0.6461700201680,0.5838121396312,0.3799381890559,0.6191820069916,0.1339689558483,-0.0305393044025,0.2528729683362,0.4931202355566,-0.1249205254927,0.5271620621343,0.1809972726763,0.4913043958314,0.1605624199156,0.0109663858955,-0.1692136293516,0.1565182001345,-0.0509234846794,0.0736333891271,-0.3654014764800,0.0685782123170,0.1528508240315,0.1856356363197,-0.1401035069142,0.0142525051891,0.3660188620500,0.4277116939278,0.1872934948435,0.2663396248680,0.1823867185961,0.2067274402828,0.3438490404852,0.3387934126095,0.3036438290134,0.4585749251957,0.5542744440345,0.6312186077474,0.3648797507402,-0.2879530070282,-0.0395207242615,0.1626141604550,-0.2068651135568,-0.0703591744764,0.2419848592756
0.1465370223427,0.3686573296455,0.8788089784789,0.3772801219577,0.1318521100444,-0.1675928495758,-0.1011136777522,0.2165865885061,0.1675258063941,0.0213214082919,0.0178053875960,0.4161695857831,-0.0620709962707,0.4141923660427,0.1727582697682,0.0270243551764,0.0910712666981,0.3275499256040,0.4867109294955,0.3409115583322,-0.0211172129982,0.3649015647208,0.2635444915937,0.4170515641108,0.2100332939357,0.3458467221823,0.6461700201680,1.0000000000000,0.3019390268206,-0.0146091933968,0.2085492487687,-0.0188601163083,0.0448070773781,0.0308376055140,0.1058624292372,-0.2445162694239,0.2739407140792,0.5168227012890,0.2821425787863,0.0378649666213,0.0284234034727,-0.1591489734365,-0.0903617213376,0.1018435482869,-0.0393514690825,-0.2942341135211,0.2319044381820,-0.1422560691254,0.2515855408289,-0.2303794968185,-0.0366546233740,0.1335225900583,0.0894060118437,0.2033954426193,0.0119826630305,-0.1002209148904,0.0250679342418,0.1914995040861,0.2616766375880,0.0270642925537,0.2469805119261,0.3877126613315,0.9228806675636,0.1749738365915,-0.4420961338846,-0.2867605706146,-0.1135595372151,-0.1789858663963,-0.2529350476609,-0.0951058411689
0.4813200493570,0.4506562342543,0.4616041552542,0.6246238566712,0.6192177473166,-0.1377932400481,0.2405928854058,0.6140917865785,0.2218596746444,0.3643085199983,0.4505955898137,0.3989213429640,0.4150151101422,0.4824038325938,0.3949730999786,0.3500315771870,0.4847926837945,0.5730362899545,0.4020198918633,0.5839826787298,0.4873265600156,0.6507501871087,0.5729131423067,0.5729762382208,0.7597452262027,0.5483094967421,0.5838121396312,0.3019390268206,1.0000000000000,0.3716029521260,0.7008352300487,0.0972998509175,-0.1257525597004,0.3032230867969,0.4537974713696,-0.0699427931532,0.4025712665929,0.1510818962834,0.5162836457267,0.4398158256725,-0.0674854895183,-0.0126520010468,0.3836125554356,-0.0947131945253,0.3752038987758,-0.1434899555212,0.0463435100659,0.3244622748631,0.2380795371036,-0.1486379919718,0.2085200832534,0.5192843733988,0.3278561527602,0.0365866452324,0.2382517068290,0.4021043552801,0.4039531434763,0.4813031103248,0.4442698645751,0.6675003396755,0.3531014716823,0.1775623945749,0.3393790303279,0.8617267146295,-0.1034113862913,0.2802390550956,0.0901981651576,-0.1188082927248,-0.0270891123021,0.2610466378097
0.5793733458851,0.3627014088964,0.0509528082643,0.5359603641019,0.4111707281004,0.0660827980445,0.6139062903047,0.3641730345803,0.3935434126411,0.2326125741407,0.6443664211220,0.2563259149197,0.7018738291196,0.3935903982368,0.7734272624676,0.4138247201291,0.3435575782526,0.4828723530578,0.3187865009446,0.6039360604418,0.5644906711021,0.5358635667926,0.3640924334661,0.5461137379488,0.2318879883844,0.4923458457920,0.3799381890559,-0.0146091933968,0.3716029521260,1.0000000000000,0.5215140304270,0.2724947333302,-0.1304436927499,0.7745937596770,0.7114326136656,0.2130210824873,0.4029547195659,-0.3115872798508,0.4726476780138,0.2345581412762,0.0125144949237,0.1952681631858,-0.0413074960053,-0.1406902261191,0.1556681316524,0.0473708216835,-0.2959649285358,0.5866573814222,0.1262022958717,0.1341826760061,0.2662052288324,0.3410497530230,0.2392980411194,-0.0880757317393,0.1725572039442,0.4736933619317,0.3185825115567,0.2986867247589,0.1950859905250,0.2318838944778,0.3888711925737,0.0120430289884,0.0685993384376,0.1468563298656,0.4312258738883,0.1538734062170,0.3737384331266,-0.0503816256361,0.3936193781631,0.5118837670024
0.6342839990456,0.6426206958382,0.3580657623521,0.7508570225070,0.4114036455524,-0.0847627470680,0.2904506488281,0.4827778823888,0.3396236627165,0.2920357315195,0.3693883309757,0.3647811469733,0.3897143994692,0.4503152194445,0.5111204709739,0.3712165814916,0.5719088805812,0.7491471748816,0.4233098163266,0.7502258176743,0.5004391525869,0.7851141923513,0.7604276142695,0.7122034090085,0.5702706289468,0.6920502559477,0.6191820069916,0.2085492487687,0.7008352300487,0.5215140304270,1.0000000000000,0.0726878148525,-0.0198413314041,0.3528975071562,0.7113301386290,0.0133734031692,0.5470176270567,0.0803895791160,0.6519916826291,0.2919976131200,0.0080981200999,-0.0482350581807,0.3341339991424,-0.1599812776676,0.3145640012916,-0.2511140265442,-0.0335544277627,0.2670186708195,0.1478849226974,-0.2406885301297,0.1541740380581,0.5779087803206,0.5314405706624,0.0249801642133,0.4058096434685,0.4063026257309,0.5446993798189,0.5962282246921,0.6021185921175,0.5311788266901,0.4182184266269,0.2908300162215,0.2528506632562,0.5617696666723,-0.1389828685896,0.4855477033828,0.1473335412002,0.0004234583810,0.0629863336958,0.5632259608342
0.0187464429718,0.0307276005397,-0.0678291410420,-0.0064407863849,-0.0878990735197,0.2989112343560,0.0238792311223,0.3160435287473,-0.0969736396246,-0.1020891049666,0.0306622695969,-0.3121317194630,0.0605526547044,0.0947233617469,0.0481937016564,-0.0275654131979,0.1288692714769,0.2144150322200,-0.2364631195944,0.1632123282744,-0.1053887091615,0.0919432906490,0.0104058525813,0.1295791535781,-0.0298371368782,0.0269179529814,0.1339689558483,-0.0188601163083,0.0972998509175,0.2724947333302,0.0726878148525,1.0000000000000,-0.0840521250310,0.1948800246236,0.1068374625989,0.1892488476968,0.0785863282659,-0.2958914077063,-0.0828854760912,-0.2283242196928,-0.0863810709682,-0.0796718506140,0.1176334460346,-0.0846174875567,-0.1447245596930,-0.1506664904876,-0.5339387467972,-0.0040040699741,-0.2369631537578,0.0671132675375,-0.2359659239378,0.0356271064330,0.0642607764456,-0.5141642912067,0.0289036623125,-0.1216762058125,0.0816217889597,0.0051885169234,-0.0425800735511,-0.0282472460185,-0.1992352221033,-0.0779550599815,-0.0093254499946,-0.0209583274489,0.2431744054343,0.0499330931701,0.7535628026302,-0.0466728660354,0.4243949935744,0.0852442206196
-0.1816632102035,-0.1454968122962,0.0270208400058,-0.1325983104566,-0.2814481883089,0.5910346767306,0.1249479770932,-0.1532303742278,0.4415994821165,-0.2302704600941,0.0324870371921,0.1707619994634,-0.2491827718086,0.0102658151110,-0.0021415360651,0.0978437240428,0.0551633612230,-0.1767371225567,0.0173226321635,-0.1447997810822,-0.2272734785950,-0.0695224239579,-0.0741404852415,-0.1539295226409,-0.1105918144482,-0.1427431269070,-0.0305393044025,0.0448070773781,-0.1257525597004,-0.1304436927499,-0.0198413314041,-0.0840521250310,1.0000000000000,-0.1272730895207,0.0025973420225,-0.1686445699290,-0.1853468212169,0.0253592361452,-0.1190539833366,-0.2832642447722,0.7906224145784,0.3659057512818,-0.1345664622058,0.5917614118690,-0.2079527917240,0.1693135849892,0.3543419322289,-0.3038345717168,-0.0856987415674,0.2871247317310,0.2046260202917,-0.0855142027946,-0.1919458500969,0.0814717564984,-0.1707300993113,-0.2389208696685,-0.2374321732941,-0.1970756826131,-0.1484453230521,-0.0864061028930,-0.1723566590118,-0.0014649032447,-0.0561374432179,0.0053948467929,0.0001710695090,-0.1250190976635,-0.2139438712103,0.7118746099428,0.0742582745183,0.1746714417083
0.4297815105353,0.3045142353250,0.0508054576735,0.4619703559053,0.4091966913437,0.0452805679796,0.4088776297085,0.1609065825413,0.2430222515459,0.2769813349702,0.5134656355350,0.1599128131676,0.5484397635624,0.3046926049998,0.5505229813105,0.2352284865508,0.4259407806824,0.3230496752909,0.2627677918552,0.4552099621366,0.5197672466349,0.5083751457018,0.3681229040785,0.4886042710835,0.2046397706419,0.3750213761594,0.2528729683362,0.0308376055140,0.3032230867969,0.7745937596770,0.3528975071562,0.1948800246236,-0.1272730895207,1.0000000000000,0.6287632104051,0.3172663711019,0.4303760839997,-0.1725420272093,0.4751550514641,0.2993437787539,0.0199455232263,0.0967200678767,-0.1084750704153,-0.1263360921512,0.1802781790850,0.0989068720676,-0.2026424070392,0.4156063786113,0.2269098311344,0.0953651086188,0.2384808565711,0.4152890606617,0.2184275602675,-0.0534241056994,0.1934576633772,0.4413471851315,0.4162288408093,0.4263143728442,0.3174123185295,0.2062489666970,0.4295880894268,0.0485030205994,0.1104462031152,0.1889166383955,0.4458542119614,0.2342535110075,0.2243908882083,-0.1320139198938,0.5374026103665,0.5156648425236
0.5672868960649,0.6135015531439,0.2145222292596,0.7525679632280,0.3905261756146,0.0254506939930,0.4176558758055,0.2545304885998,0.3359468862942,0.1845411505472,0.4343395565306,0.3897093223090,0.4535649689074,0.4666790399315,0.5914188141912,0.4449870521316,0.4158222328528,0.6643066940522,0.4370844153082,0.7432057572830,0.5260869856541,0.6233892803391,0.5732482320744,0.6165594094535,0.3315575660715,0.6706202934483,0.4931202355566,0.1058624292372,0.4537974713696,0.7114326136656,0.7113301386290,0.1068374625989,0.0025973420225,0.6287632104051,1.0000000000000,0.1876913554748,0.6199009847258,-0.0389219609572,0.7145356642323,0.2743082796852,0.1588465664194,0.0662342069088,0.0897277186947,-0.1249591226802,0.2024313600256,-0.1211930426579,-0.0172691601694,0.3309377046958,0.2494909929573,-0.0652568431122,0.2607604823012,0.4656340749612,0.5333453478446,0.0653131810056,0.4681447378949,0.4235783720863,0.4189169969984,0.5539637678748,0.4834297831946,0.3285534989375,0.5525606832975,0.2256518757385,0.1767412885077,0.3328559406685,0.1545132369709,0.3722795724550,0.2104458476406,-0.0416966366040,0.3639076942104,0.8311003116781
