1.0000000000000,0.6663576115100,0.5354647797699,0.7903097504613,0.1325210951611,0.5865375919094,0.4447752941227,0.6100174460280,0.6287084647416,0.3125533040166,0.0751591239654,0.4820659383524,0.3370139205045,0.5321920106450,0.8046606956077,0.6333215228773,-0.0321224651771,0.6172792828127,0.4881259829475,0.7268511285333,0.1348652687473,0.1106287643190,0.5822988891402,0.3210677973740,0.4697725284696,0.6488912037937,0.5857827587726,0.3553124692642,0.2724922678104,0.6398920245910,0.5902805897672,0.6438184408030,0.2261266884921,0.4638482071407,0.6187524672976,0.2702093778880,0.2096359016568,-0.1251888742734,0.3706067456764,-0.0977190216295,0.2373876842111,0.1023216582766,0.0342277954087,-0.2062935672225,0.1480108881519,-0.3489817922869,-0.2000920781941,-0.0969821657005,-0.2133223850738,0.0541631431202,0.1948151364581,0.0900232952355,-0.3539643124367,-0.5398683116467,-0.5141930280689,-0.1378999572986,-0.4374522208348,0.0229582152547,-0.5260925366472,0.1574692574094,0.2553741123014,-0.1773343906700,0.2065070102222,-0.0540927039996,-0.1814146414991,-0.3699067428600,0.0759102240208,-0.1484144607288,0.0040871903462,0.4271302375119
0.6663576115100,1.0000000000000,0.5845706025918,0.8037338794388,0.2760075972452,0.5248266372691,0.3797931018713,0.5554425278504,0.5539262202393,0.2716663521155,0.1178566275952,0.4877312017327,0.2819981082233,0.5569304147408,0.6565202232180,0.5995936589700,0.0217506887473,0.6180907692765,0.4668711439628,0.7104227275047,0.1261308664629,0.2382981654645,0.6525285532298,0.4944457766348,0.4553701246566,0.7375802857167,0.7221338264696,0.4659971738876,0.3843937209001,0.6687620120842,0.6836581716852,0.6782403730936,0.2275016218958,0.5308498933092,0.7648268547745,0.1789278412283,0.5069969223745,-0.1235413969016,0.3920213174192,0.0424690538964,0.2532677851997,0.0075590662432,-0.0778244538176,-0.3195444747581,0.0437654100615,-0.3132436090334,-0.2112526026427,-0.0685955386094,-0.1359543676980,-0.2051948370661,0.1129762427000,0.1530742783254,-0.2741989837456,-0.5437763375802,-0.5308564399930,-0.1330081082909,-0.3402813812743,0.1211736371720,-0.3567230182557,0.0824851702240,0.4144039952295,-0.1327509662036,0.3054173291146,0.0483374325209,-0.1963442543887,-0.2211865239308,0.2037132545200,-0.0464472035925,0.1210514720156,0.5357080596969
0.5354647797699,0.5845706025918,1.0000000000000,0.6548865113043,0.1028283595582,0.4346471207390,0.2576017128556,0.7815507499825,0.4709354391111,0.4297675552406,-0.0227026379341,0.4958269782616,0.1201283528485,0.5542801103764,0.6012813438650,0.4330500255664,0.0248532009533,0.6818442539737,0.4950723058742,0.6060325331448,0.1558619051478,0.2083948588524,0.5504820075954,0.4843992359295,0.4790969686803,0.5772578060200,0.7294821424895,0.6278574544728,0.4073599636427,0.4340478162323,0.6629511088585,0.5702271403718,0.1927760362353,0.3023224765643,0.4030552311093,-0.0146832025682,-0.0439334583788,0.3462557062018,0.1379519797214,-0.1163309829974,0.2944576836277,-0.1699286031731,0.1661314215811,-0.4327110091360,0.1175034443607,-0.3832221178620,-0.0918556946514,-0.2591913955072,-0.1117655659841,-0.2330716852254,0.0411478082046,0.0299437630645,-0.3175052284946,-0.4605932885613,-0.5444683980581,-0.0613204947174,-0.3627236235959,-0.1119778771411,-0.3245649678581,0.1482417376698,0.1701145411997,0.0174393041248,0.5159282975427,0.0108738568025,-0.4306202370093,-0.3058201110507,0.1906519564601,0.0347904175028,-0.1805564546618,0.1848546800009
0.7903097504613,0.8037338794388,0.6548865113043,1.0000000000000,0.3909173605129,0.6604923882243,0.4834080538306,0.7555790279671,0.7079517639132,0.5034397221656,0.2457915070524,0.5528512903888,0.4952645561400,0.6777719030988,0.8358019419043,0.8120511860478,0.0240729483468,0.6024596894764,0.5108410388097,0.7641450011494,0.2087811861860,0.2633764512673,0.7317375913531,0.4521485715645,0.6597659598609,0.7915499707948,0.6591124376839,0.3638460088104,0.4749957911221,0.7677774839698,0.6875013802638,0.7813909103027,0.2196373748916,0.6089217430537,0.6964542102506,0.2008473057391,0.2111139520245,-0.0708459182092,0.4713254770531,0.1259446654284,0.3741008771470,0.0780940736190,0.1317614190305,-0.2937894971591,0.2901426285895,-0.2755300502634,-0.1426538210632,-0.0041260434347,-0.1948509108116,-0.0411630022946,0.2854035609454,0.1433079906436,-0.5229433921351,-0.6692983295566,-0.6961334253281,-0.0952457428935,-0.4280787550899,0.0627204021714,-0.5694699495541,0.3343614727528,0.3873233636734,-0.1534884530474,0.3247584226183,0.1087944743193,-0.2446984325044,-0.4057427434277,0.2062827195187,-0.0790471713196,0.0722959809124,0.5706032038404
0.1325210951611,0.2760075972452,0.1028283595582,0.3909173605129,1.0000000000000,0.1532090483265,0.2381507306245,0.3441267281744,0.3527405577724,0.2158130208262,0.7319077436677,0.0261600275235,0.5382409655586,0.0858734583491,0.2006574880049,0.4124898073885,0.2471849075108,0.0409977725824,0.1819051175034,0.0797954179840,0.3557332698393,0.4561157769385,0.3557583001153,0.3922885294434,0.4851711141354,0.1221928792345,-0.0134477848503,-0.2926474756498,0.6696449752792,0.3862288984047,0.3726239773186,0.1124825308459,0.0224494196271,0.3953037590425,0.1842424398100,0.3855474299535,0.0487044528825,-0.2234198065574,0.0578056621223,0.9007927133616,0.0912887573933,0.0457075146377,0.2175452111314,-0.1167347192848,0.1297954795011,0.5323573554175,-0.1741073834463,0.6056189316708,-0.1766948230133,-0.2447892234510,0.1585827064751,0.3332807245630,-0.3388595918299,-0.4235705608494,-0.3623508524900,0.3769475859554,0.2091972216281,0.1522542781362,0.0017203798639,0.5445238255449,0.0498686246349,-0.2918889652922,-0.1978582044394,0.7128985556437,-0.0122564465139,0.0184195525497,0.0742038626306,0.0401803863076,0.3530994976738,0.4566187297540
0.5865375919094,0.5248266372691,0.4346471207390,0.6604923882243,0.1532090483265,1.0000000000000,0.6556121355921,0.5009212493366,0.6784541224903,0.2218335401786,0.1733017839963,0.5822517050326,0.3164467589671,0.5685341898135,0.6701765414485,0.7116263200971,-0.1089359956362,0.3807106350213,0.5216381629831,0.5202376200694,0.0713173715279,0.0568081179562,0.4108864335012,0.1727345359317,0.3613374948636,0.5060250982000,0.3936961370342,0.2230979435841,0.2411561629059,0.5455156176855,0.4130895884303,0.5024043471600,0.5760170745895,0.3070443511105,0.4834817034591,0.2324435728964,0.0925898052619,-0.1267216297244,0.2052606299935,-0.0445355824228,0.4963882931602,0.4050920968226,0.0257020194850,0.0651730241221,0.0770766855608,-0.1968418715986,0.1380222462145,-0.1013656772451,0.0171962941894,0.0038796528646,0.4496687020401,-0.0261466919592,-0.4385714887938,-0.3903210445896,-0.5280470194896,-0.1340627575311,-0.4326928433946,-0.1677214800254,-0.5561267774678,0.0743810686785,0.1119806529686,-0.2481994941243,0.0885506563185,-0.0350561903815,-0.2125351060296,-0.3843857466251,0.0968747785581,0.0726923644724,-0.0700695954587,0.3430587250889
0.4447752941227,0.3797931018713,0.2576017128556,0.4834080538306,0.2381507306245,0.6556121355921,1.0000000000000,0.3891816408022,0.7733119137480,0.0909278149274,0.4945603124585,0.4579413083893,0.5829187711416,0.4414325961127,0.6454924139583,0.6615360060189,0.1133160202433,0.2647954285565,0.5514461874676,0.3794622820040,-0.0659110860503,0.3718268537431,0.2339538125565,0.4138766664701,0.3824241538168,0.1979288121708,0.2599724419097,0.0362921403293,0.3613847577764,0.6772312113565,0.4082437193051,0.2440373338123,0.5583802578227,0.3777077058042,0.2210891266477,0.2159721155041,-0.0309861728848,-0.4453124085895,-0.2419885701325,0.1583570186506,0.1545565655845,0.6886108032022,-0.2500348088275,0.0852855264199,-0.0229692287291,0.1879633772122,0.0344640305573,0.2695449571412,-0.2089162859524,-0.2497031525990,0.4150770992397,0.1580740174616,-0.5755028433061,-0.3656652172966,-0.5913659515296,-0.1694257302190,-0.1204339423632,-0.3205904476009,-0.4748345993589,0.2016907444964,-0.1645819926062,-0.3704753625177,-0.1658753428141,0.1549039540663,0.0343870750816,-0.3486234207006,-0.1869005685201,0.0185211805730,-0.0950002780880,0.1748558760212
0.6100174460280,0.5554425278504,0.7815507499825,0.7555790279671,0.3441267281744,0.5009212493366,0.3891816408022,1.0000000000000,0.6798224389805,0.4653147159543,0.2970942008917,0.4552857511249,0.3291240728461,0.4614946204353,0.7215246374926,0.5918070233753,-0.0634944418672,0.6136090780265,0.5047693899158,0.5863935939846,0.3180212634178,0.2675910505117,0.6839227710079,0.5032982464089,0.7590000320180,0.4662147513640,0.5478340547731,0.3236691035451,0.6743037277673,0.6025518816648,0.7113780324362,0.5230505009426,0.2440537939710,0.4940866612428,0.4262553510627,0.0434503926874,0.0075619445406,0.1851343851134,0.1460337202954,0.1080071274288,0.3932152173945,-0.0653407688852,0.4050930852046,-0.2366757700845,0.2295461470277,-0.1520294782838,-0.1089361342142,0.0299852986737,-0.2438819999174,-0.1064294294187,0.1148582338341,0.0177371631150,-0.4529200842722,-0.5561124428224,-0.5923674129956,0.1328279467630,-0.3627560812284,-0.0031765930557,-0.4548353660097,0.4674667712098,0.1342396617830,-0.0598002801009,0.3383892988511,0.3134714156340,-0.2897357881223,-0.3056436334013,0.0759027809776,0.1196355886445,-0.0004887728792,0.3653053214279
0.6287084647416,0.5539262202393,0.4709354391111,0.7079517639132,0.3527405577724,0.6784541224903,0.7733119137480,0.6798224389805,1.0000000000000,0.1467609120446,0.4843464011323,0.5697348675200,0.4650665591765,0.5506695472971,0.8259351148100,0.8007231670633,0.0175754306276,0.4638026138330,0.7466035211801,0.6300285743939,0.0769768793437,0.3326787974756,0.4882640550550,0.4479568514282,0.5110271537474,0.4094819916465,0.4497562348060,0.1192692539856,0.5513308078570,0.7722095594888,0.6503656672873,0.4280238714584,0.5384764141392,0.5392217848444,0.4722178170953,0.1156181827215,0.1012093608059,-0.2297272397898,-0.0059172481221,0.1482376171122,0.3184781628114,0.3866004477271,-0.0172741899218,0.1172296622412,-0.0674420756485,0.0121757581229,0.0337300669678,0.1015955044929,-0.2313265737617,-0.1924830412133,0.3108964992833,0.0936932556959,-0.6406245217690,-0.4495931342268,-0.6356674324093,-0.0833203672350,-0.2944684935957,-0.1961883677818,-0.5676872756030,0.2617148256079,0.0324025145132,-0.2869707966001,-0.0147102816003,0.2698639052085,-0.1813281873460,-0.3307881015109,-0.1438697815231,0.0065885613683,-0.0276733218228,0.4510115312989
0.3125533040166,0.2716663521155,0.4297675552406,0.5034397221656,0.2158130208262,0.2218335401786,0.0909278149274,0.4653147159543,0.1467609120446,1.0000000000000,-0.0339884354382,0.2534629366503,0.4034628232111,0.4349895065912,0.3165047367632,0.3899184046994,-0.0047842124687,0.1894425634199,0.1857408549136,0.2061998521666,0.3558956720534,0.0473927194426,0.3793518509462,0.1136083743809,0.6190870061609,0.4609020468563,0.2448297838604,0.2162622390407,0.1261651694777,0.2105356904836,0.1030205653286,0.4361859135382,-0.0189110592831,0.2626676456782,0.1969977451306,0.0570094947109,-0.0873446097171,0.0976508846513,0.3977308746516,0.0939666534622,0.1912975343417,-0.1115020175387,0.3441882745592,-0.3715181906012,0.7967684024227,-0.2045892636091,-0.0346716663210,0.1452780942180,0.0879932475780,0.1463375546385,0.2109374815919,0.0137269028940,-0.2920667614449,-0.3182703830110,-0.3521785909767,0.1922740581941,-0.2447827220775,0.0982098032808,-0.3397123117490,0.4828470226527,0.3691420102266,-0.0521720682897,0.3620910024868,-0.0243288551821,-0.1617968810212,-0.3928514520389,0.3030934082740,-0.0571643448444,0.0043096375454,0.1796118280958
0.0751591239654,0.1178566275952,-0.0227026379341,0.2457915070524,0.7319077436677,0.1733017839963,0.4945603124585,0.2970942008917,0.4843464011323,-0.0339884354382,1.0000000000000,0.0346949170394,0.4982688294948,-0.0218710117328,0.2757724082927,0.3992310253575,0.3370248494471,-0.0719706908072,0.1858612745667,0.0072630853049,0.0201277251230,0.6049385472871,0.2152367372191,0.4372058787092,0.3931097019580,-0.1297884682324,-0.1263497866912,-0.3661700082926,0.7086180329940,0.4977293008483,0.3524889485931,-0.0533743194780,0.1602823001489,0.4340185675451,0.0167236651152,0.3341180146513,-0.0905166502051,-0.3453492939618,-0.2640052009928,0.7577503055463,0.1128504111048,0.4314440246665,0.0235005408533,0.1932560081160,-0.0622019461173,0.8080551611146,-0.1200383928745,0.6308394053677,-0.3759761804761,-0.1953456786091,0.1241637326878,0.3808533407656,-0.4522296688212,-0.3729600627619,-0.3634875386908,0.1333173929795,0.3574729952783,0.0198711464264,-0.0325878682910,0.5100331087974,-0.1647308156646,-0.3196266570064,-0.3167498994817,0.7609871551681,0.2170904158561,0.0445989970054,-0.1947973554049,0.2228527723584,0.3183837244920,0.3086365934481
0.4820659383524,0.4877312017327,0.4958269782616,0.5528512903888,0.0261600275235,0.5822517050326,0.4579413083893,0.4552857511249,0.5697348675200,0.2534629366503,0.0346949170394,1.0000000000000,0.2912209486067,0.6895871560712,0.6123615228161,0.5529237370164,-0.0608842822678,0.3710397865271,0.6610808429743,0.5534778186678,0.0533343419842,0.0147980901090,0.3543879275673,0.1816258447394,0.2577090952054,0.5016618125497,0.4742518666004,0.4253816236339,0.2008328741747,0.4720894404295,0.3535176150317,0.5198856169290,0.4106127643185,0.2830370733854,0.4405450079624,0.0288599193964,0.1430517695943,-0.1073556355786,0.1807984804268,-0.1324839802239,0.3604690263140,0.2342601137488,-0.1113139565323,0.0208084884434,0.0194429311037,-0.2647936432088,0.3962527956422,-0.1270329311916,0.1251752393402,0.0418422429098,0.3013845075665,-0.0504233561781,-0.4305602278728,-0.1480335907413,-0.3976810145493,-0.1461710346944,-0.4180695366529,-0.1889548769647,-0.5069597643366,-0.0551021949004,0.2649878483671,-0.1706164588552,0.1845700849619,-0.1127392169374,-0.1463759695474,-0.3852499808954,0.1279865086145,0.0569600376929,-0.2301161112011,0.2464253374800
0.3370139205045,0.2819981082233,0.1201283528485,0.4952645561400,0.5382409655586,0.3164467589671,0.5829187711416,0.3291240728461,0.4650665591765,0.4034628232111,0.4982688294948,0.2912209486067,1.0000000000000,0.3000032844366,0.4535121214229,0.6082407194866,0.1720626326406,0.1183643344035,0.2871509694538,0.2747565435980,0.2854845109896,0.3736347264994,0.2685482562629,0.3841268734530,0.5442768506918,0.1899132690807,0.1341914068622,-0.0625255477208,0.4046252380458,0.5767309689825,0.2841811739105,0.2144948129871,0.0334768984391,0.5141589535010,0.1583430696371,0.1625472265431,-0.0104664575267,-0.4227777318996,0.0170815960066,0.4697997610907,0.1264733997569,0.4590274189244,-0.0944058387488,-0.1008373587964,0.3451038871612,0.2609511532346,-0.1339828763723,0.6974047948093,-0.3370626762916,-0.0604375833346,0.4254971593604,0.2370041274960,-0.4894752478315,-0.3725115687667,-0.4907925760991,0.1800845581769,-0.0048892596189,-0.0435009047573,-0.3474355776218,0.4769868903536,0.0729781970754,-0.3263103027599,-0.1214159182881,0.2611542002274,0.2491475767852,-0.2316303180213,-0.1531912523940,-0.1078826483109,0.0882953855383,0.2086230739605
0.5321920106450,0.5569304147408,0.5542801103764,0.6777719030988,0.0858734583491,0.5685341898135,0.4414325961127,0.4614946204353,0.5506695472971,0.4349895065912,-0.0218710117328,0.6895871560712,0.3000032844366,1.0000000000000,0.7252307298057,0.6129901743035,-0.0701891227124,0.3913960608912,0.6399460597935,0.6301861537091,0.0794658731477,0.0314788922272,0.2328612703079,0.1623566771518,0.3247586089108,0.7874380491018,0.6177380965857,0.5637882064312,0.0795922436594,0.5344304907095,0.3229622247805,0.7177269576064,0.3462407659679,0.2730982436852,0.4304279790624,0.0188302085977,-0.0038875642711,-0.1191687905321,0.2315073543844,-0.0888551022788,0.3594164830399,0.1643350624723,-0.0633663187266,-0.1035695855219,0.2417460004452,-0.4055259904016,0.2580520959973,-0.2095969709775,0.2295752787743,0.0774981360718,0.3367359228727,-0.0250659450938,-0.5611000914733,-0.2821010313392,-0.6139490577532,-0.1886086470033,-0.4984634811494,-0.3555180485861,-0.6661205388304,0.0095972542216,0.3010831681287,-0.1706391662230,0.4305653212752,-0.3096193012884,-0.4146543319629,-0.6031455954787,0.3953847006968,-0.0260642034227,-0.2293373434075,0.1703385227258
0.8046606956077,0.6565202232180,0.6012813438650,0.8358019419043,0.2006574880049,0.6701765414485,0.6454924139583,0.7215246374926,0.8259351148100,0.3165047367632,0.2757724082927,0.6123615228161,0.4535121214229,0.7252307298057,1.0000000000000,0.7767292347962,-0.0248470334919,0.6059696941620,0.6871394364322,0.8152523621023,0.0126507569973,0.2663853652500,0.4986088146585,0.4451280053962,0.5735190830870,0.6601725994259,0.6701234881036,0.4278314078196,0.4219595598309,0.8452064918339,0.6351539527597,0.6784830908215,0.3679962766855,0.5471512630519,0.5596797848094,0.0818351285214,0.0585505444082,-0.2175703774330,0.1488241068731,0.0038958862494,0.4144590352284,0.2695869114364,-0.0632742638926,-0.0879343702597,0.1270143922351,-0.2337470904362,-0.0707318849344,-0.0361493570981,-0.2708610657682,0.0541847656040,0.2980379001357,0.0758101049640,-0.6266274297033,-0.5470692995864,-0.7099895354066,-0.2366508117174,-0.4356358927983,-0.2268061328087,-0.6875289216714,0.2280085407511,0.1543065358400,-0.2100920743053,0.2797050000646,-0.0053968556036,-0.1853079511054,-0.5078330452871,0.0606114960390,0.0631827231255,-0.0746806690574,0.3281055584052
0.6333215228773,0.5995936589700,0.4330500255664,0.8120511860478,0.4124898073885,0.7116263200971,0.6615360060189,0.5918070233753,0.8007231670633,0.3899184046994,0.3992310253575,0.5529237370164,0.6082407194866,0.6129901743035,0.7767292347962,1.0000000000000,0.1196839201798,0.3646301532599,0.5706295372348,0.6443731970623,0.0501267125197,0.3572047298317,0.5346838564416,0.4001265089002,0.5875445992050,0.5791886629516,0.4439192330452,0.1275385398942,0.4653227710993,0.8025879987042,0.5830003411359,0.5998655792519,0.3390724088378,0.5994882378800,0.5814640804277,0.2040882190118,0.0809299442042,-0.2207786339034,0.2525719861346,0.2242647806796,0.3734675677558,0.3652581824622,0.0304044249446,-0.1076000426020,0.2150473395230,-0.0635707984822,-0.0425437018520,0.1336485834636,-0.1533801937620,-0.0566736323493,0.5768393549459,0.2135611929525,-0.6313902997990,-0.5491391086898,-0.6549206771807,-0.1526053917060,-0.2509300366219,-0.0440120303914,-0.5342204769356,0.3821183707781,0.1838349937044,-0.2958391145368,0.0479850113641,0.1981288776126,-0.0351279918691,-0.3143492697207,0.0040482166390,-0.0536884217232,0.0609060457056,0.5301058716441
-0.0321224651771,0.0217506887473,0.0248532009533,0.0240729483468,0.2471849075108,-0.1089359956362,0.1133160202433,-0.0634944418672,0.0175754306276,-0.0047842124687,0.3370248494471,-0.0608842822678,0.1720626326406,-0.0701891227124,-0.0248470334919,0.1196839201798,1.0000000000000,-0.0376847901557,-0.1248798911317,-0.0940656003902,-0.4318073567790,0.7635518330541,0.0871488662494,0.5900580049458,0.1815416338122,-0.1308907082239,-0.0285564510569,-0.0332556663057,0.3918185678219,0.2619177783938,0.2256873043273,-0.0317909771005,-0.1009552859888,0.3978198538514,0.0019812116296,0.2701269628987,-0.3141190052829,-0.1759469471684,-0.2288300617963,0.3234185730102,-0.3231977693738,0.2026397482150,-0.2387080212958,-0.2008395442536,-0.0193453862802,0.3919856698558,-0.2595983973589,0.1567947476645,-0.3118880622572,-0.3110555598731,-0.0206669316408,0.9128838772030,-0.2338570769891,-0.3464789501865,-0.2535355622429,-0.3631793127367,0.7250210941811,0.1956564495118,0.4581574736125,0.3655935578910,-0.1856509794365,-0.2852844543972,-0.2004461649052,0.4195318506634,0.3615018549502,0.2974866295557,-0.2729707472620,-0.0854871100574,0.2689786989187,0.0375042102265
0.6172792828127,0.6180907692765,0.6818442539737,0.6024596894764,0.0409977725824,0.3807106350213,0.2647954285565,0.6136090780265,0.4638026138330,0.1894425634199,-0.0719706908072,0.3710397865271,0.1183643344035,0.3913960608912,0.6059696941620,0.3646301532599,-0.0376847901557,1.0000000000000,0.4606513977402,0.7924858944783,0.1047008351913,0.1442075527448,0.4593437772394,0.5259244121059,0.3506399562729,0.5100454136486,0.7953264207200,0.5260384455061,0.3256147443942,0.4968057598554,0.6115864901138,0.5309875697385,0.1531198791350,0.3860795723111,0.6047069326250,-0.0022525906405,0.1043617365081,0.0855746189744,0.1801480690401,-0.2064643776733,0.1835499702971,-0.1083076353719,-0.0922622674998,-0.3568687404670,-0.0663388273692,-0.4060266491393,-0.2486562399218,-0.1861308839434,-0.2814862323177,-0.2651927539042,-0.0858209142969,0.0198347139304,-0.0535794919222,-0.4698811511191,-0.3687688887549,-0.1352700811962,-0.3632689900696,-0.0817226958326,-0.2692279151785,-0.0419290668394,0.1113754604337,0.1138751484771,0.2398393740998,-0.0973107908774,-0.2456067513160,-0.2692457637258,-0.0378763009340,-0.0388570266135,0.0695663273625,0.3090177739941
0.4881259829475,0.4668711439628,0.4950723058742,0.5108410388097,0.1819051175034,0.5216381629831,0.5514461874676,0.5047693899158,0.7466035211801,0.1857408549136,0.1858612745667,0.6610808429743,0.2871509694538,0.6399460597935,0.6871394364322,0.5706295372348,-0.1248798911317,0.4606513977402,1.0000000000000,0.6298957826252,0.1658620256790,0.0885442058827,0.2602532718907,0.2572469800480,0.2528766683871,0.4492784177198,0.4802825558159,0.3120649669732,0.2673575534200,0.5282900234829,0.4263046243851,0.3451609003135,0.6010433097137,0.3250555919080,0.4398990975401,-0.0691168146668,0.0491866187444,-0.1943942020669,0.0109897415807,0.0041216157093,0.3320946445269,0.2276683860500,-0.1069431489252,0.0477608407986,-0.0509367460983,-0.1608206016373,0.2805167689737,0.0075720459588,0.0909650822397,-0.1345445119599,0.2464963455345,-0.1079703022327,-0.4723530809678,-0.1047449834292,-0.4340879649258,0.0246228580853,-0.3924698574023,-0.3776095330602,-0.5588634466358,-0.0229729190271,0.1387170281090,-0.2421917392455,0.1093946658883,-0.0175579215262,-0.3137553491128,-0.4521940128436,0.0653898675054,0.1036040779986,-0.1065644694303,0.3062317713115
0.7268511285333,0.7104227275047,0.6060325331448,0.7641450011494,0.0797954179840,0.5202376200694,0.3794622820040,0.5863935939846,0.6300285743939,0.2061998521666,0.0072630853049,0.5534778186678,0.2747565435980,0.6301861537091,0.8152523621023,0.6443731970623,-0.0940656003902,0.7924858944783,0.6298957826252,1.0000000000000,0.0027207097329,0.1402156791710,0.4817599856476,0.4262502285039,0.3662896528836,0.7379865648993,0.8270649753277,0.5370819429784,0.2931396074387,0.7170200434582,0.6429522942886,0.7055294068950,0.1767448166734,0.4702403687897,0.7328309604431,-0.0727936281607,0.2114663034014,-0.0927653450061,0.3165223978524,-0.1546802365753,0.3259059932666,0.0502878939080,-0.1643469149773,-0.2406247186575,-0.0290747072470,-0.4596835986626,-0.1356186287984,-0.1884552335409,-0.1958774010802,-0.0483003747162,0.1880634765019,-0.0027270817264,-0.3038817922744,-0.4340984560499,-0.4392482655974,-0.2867199439135,-0.4636689720658,-0.1374581522497,-0.4952274728105,-0.0424001612469,0.2468064213804,-0.0145041549998,0.2728937397372,-0.1629788236776,-0.1736723249359,-0.3138709273159,0.0499622550283,-0.0642033795734,-0.0067356565576,0.3951410946246
0.1348652687473,0.1261308664629,0.1558619051478,0.2087811861860,0.3557332698393,0.0713173715279,-0.0659110860503,0.3180212634178,0.0769768793437,0.3558956720534,0.0201277251230,0.0533343419842,0.2854845109896,0.0794658731477,0.0126507569973,0.0501267125197,-0.4318073567790,0.1047008351913,0.1658620256790,0.0027207097329,1.0000000000000,-0.3273726198418,0.2432098514106,-0.1682871690916,0.1951405765950,0.1289863720153,-0.0405604972183,-0.0396343472589,0.0873152295657,-0.1135818949493,-0.0007156653746,0.0049220352175,0.0333172891615,0.0134167318301,0.0788170985968,0.0924190089370,0.2546141434176,0.1873593604040,0.2751823745963,0.1813685329662,0.2142185200284,-0.2543239797124,0.4482826734971,-0.0518615594289,0.2818749918734,-0.0613815943359,0.1388661633073,0.3633966902189,0.1721812747324,0.0174512698274,0.0235070948568,-0.3934973461117,0.1106749613320,0.0796763198160,0.0282153648655,0.9012767171468,-0.4053346411205,0.0982267428187,-0.2132827958359,0.1248931794871,0.2424032684853,0.1101872572364,0.2008598252908,0.0895402057645,-0.3419376047818,-0.2209241257299,0.2399019921448,-0.0312341900512,0.0615197425857,0.2857330274479
0.1106287643190,0.2382981654645,0.2083948588524,0.2633764512673,0.4561157769385,0.0568081179562,0.3718268537431,0.2675910505117,0.3326787974756,0.0473927194426,0.6049385472871,0.0147980901090,0.3736347264994,0.0314788922272,0.2663853652500,0.3572047298317,0.7635518330541,0.1442075527448,0.0885442058827,0.1402156791710,-0.3273726198418,1.0000000000000,0.2720591348655,0.8523573538454,0.4392635155980,-0.0320656392384,0.1225912002817,-0.0767868846392,0.6612458291561,0.5876010282539,0.5590352138214,0.0815409913481,0.0112156392320,0.6049661525907,0.1429611138292,0.2411536930221,-0.2061468742696,-0.2200425373759,-0.2997924785249,0.4687634740167,-0.1679730248936,0.2465126434409,-0.1543022802121,-0.2394140318305,-0.0000448864396,0.4523307536565,-0.3431347788418,0.3209209578782,-0.4292274049637,-0.4121665406950,0.0089513988731,0.7834073292210,-0.3998647169048,-0.5569263924647,-0.4613139542367,-0.2731005209863,0.6690186579588,0.1492831459213,0.2936415900835,0.5453057012474,-0.1544859531292,-0.2772322389430,-0.1425244001795,0.6252733508721,0.3204186375679,0.2383576912345,-0.2400384481427,0.0296613921875,0.3385158418322,0.2024769251053
0.5822988891402,0.6525285532298,0.5504820075954,0.7317375913531,0.3557583001153,0.4108864335012,0.2339538125565,0.6839227710079,0.4882640550550,0.3793518509462,0.2152367372191,0.3543879275673,0.2685482562629,0.2328612703079,0.4986088146585,0.5346838564416,0.0871488662494,0.4593437772394,0.2602532718907,0.4817599856476,0.2432098514106,0.2720591348655,1.0000000000000,0.4335771475256,0.6212320110952,0.4558127455735,0.3708919823051,0.1297209435671,0.5484597319886,0.5202941357879,0.6905811381754,0.4741295072327,0.1339117669388,0.5194333187636,0.5918911231838,0.2501353116361,0.3644404853906,0.1578793118255,0.4562279596139,0.1219722725104,0.2193892250245,-0.1122792916088,0.3354949773247,-0.2782728541307,0.2090622379012,-0.1243992663023,-0.1802685442106,0.0102951214953,-0.2475810458376,-0.0951801844441,0.0978238622234,0.1822711493903,-0.2063515579294,-0.5371185087806,-0.3710252754831,0.0464045003611,-0.1928272173780,0.5268961900079,-0.1825856494612,0.4226122209951,0.3229880216525,-0.0747159299206,0.1818031134512,0.3621051825103,-0.0532789773014,0.0369621441720,0.0237256866648,-0.0061591929897,0.1779206473294,0.6123435850887
0.3210677973740,0.4944457766348,0.4843992359295,0.4521485715645,0.3922885294434,0.1727345359317,0.4138766664701,0.5032982464089,0.4479568514282,0.1136083743809,0.4372058787092,0.1816258447394,0.3841268734530,0.1623566771518,0.4451280053962,0.4001265089002,0.5900580049458,0.5259244121059,0.2572469800480,0.4262502285039,-0.1682871690916,0.8523573538454,0.4335771475256,1.0000000000000,0.5315124099748,0.1556219738579,0.4726920055798,0.2236704516177,0.7341870646141,0.6839844173348,0.7331927058049,0.2488723608967,0.0558598039593,0.6613633142864,0.3594309410337,0.1496004280873,-0.0521298616065,-0.1674726728804,-0.2056728407094,0.2851672504245,-0.0540709455952,0.1355249443499,-0.2084892490388,-0.3771759770743,-0.0597734251360,0.1714230354076,-0.4180529961092,0.2218620733444,-0.5129464676904,-0.5123592646463,-0.0726251979624,0.6358426997770,-0.3476331925449,-0.6354385783587,-0.5362309979005,-0.2262139525384,0.3639112876482,0.0793743372213,0.1562217634846,0.4052087231425,-0.0626861818264,-0.1909585897754,0.0023357729176,0.4869870023603,0.1810553560759,0.0997957759723,-0.2355306865703,0.0333191279530,0.2464947889548,0.2498351408824
0.4697725284696,0.4553701246566,0.4790969686803,0.6597659598609,0.4851711141354,0.3613374948636,0.3824241538168,0.7590000320180,0.5110271537474,0.6190870061609,0.3931097019580,0.2577090952054,0.5442768506918,0.3247586089108,0.5735190830870,0.5875445992050,0.1815416338122,0.3506399562729,0.2528766683871,0.3662896528836,0.1951405765950,0.4392635155980,0.6212320110952,0.5315124099748,1.0000000000000,0.3438941943686,0.3838606708958,0.1540175458993,0.6547320987533,0.5994398310910,0.5495585748870,0.4205027538183,0.0854873978170,0.5750750561401,0.3292864137502,0.1745236514022,-0.0047284416388,-0.0478923395402,0.1586389285023,0.3398092794289,0.2175145210201,0.0975820849661,0.3397107245455,-0.2335616727793,0.4851339010569,0.0590838969302,-0.2904123711667,0.2941330637411,-0.3427325946479,-0.0409586239985,0.1843480291966,0.2973944177318,-0.4794529850211,-0.6256768129811,-0.5953931099356,0.0674478322989,-0.0666571864887,0.1779040209916,-0.2990999110368,0.8002508862736,0.1259646845601,-0.1813385434402,0.1799256993163,0.4141853157240,-0.0104891722720,-0.1548457609374,-0.0140956453299,0.0180391497696,0.1589548095560,0.2958683260151
0.6488912037937,0.7375802857167,0.5772578060200,0.7915499707948,0.1221928792345,0.5060250982000,0.1979288121708,0.4662147513640,0.4094819916465,0.4609020468563,-0.1297884682324,0.5016618125497,0.1899132690807,0.7874380491018,0.6601725994259,0.5791886629516,-0.1308907082239,0.5100454136486,0.4492784177198,0.7379865648993,0.1289863720153,-0.0320656392384,0.4558127455735,0.1556219738579,0.3438941943686,1.0000000000000,0.7153370044369,0.5970296006563,0.0801529405635,0.4882770163165,0.4050909927575,0.8684254454613,0.1508467091376,0.3101914329357,0.6802154598548,0.0427006476953,0.2701924576898,-0.0083632201051,0.6104462591515,-0.0934378539367,0.3657186810229,-0.0934139176602,0.0350475951942,-0.2977372322549,0.2606856727178,-0.5415196338432,-0.0299157798827,-0.2724694687124,0.1424816891341,0.1060921903937,0.2259633408287,-0.0328508331495,-0.3184751483175,-0.4249773638692,-0.4921360868334,-0.1919647819048,-0.5241174681871,-0.0497326761823,-0.5227398424139,-0.0088151098243,0.5408921477763,-0.0643426462887,0.4995701205844,-0.2883082082291,-0.4087220287713,-0.4485351879167,0.5001077563521,-0.0913617665943,-0.0349040842402,0.3898913326125
0.5857827587726,0.7221338264696,0.7294821424895,0.6591124376839,-0.0134477848503,0.3936961370342,0.2599724419097,0.5478340547731,0.4497562348060,0.2448297838604,-0.1263497866912,0.4742518666004,0.1341914068622,0.6177380965857,0.6701234881036,0.4439192330452,-0.0285564510569,0.7953264207200,0.4802825558159,0.8270649753277,-0.0405604972183,0.1225912002817,0.3708919823051,0.4726920055798,0.3838606708958,0.7153370044369,1.0000000000000,0.7603473537740,0.2442740737505,0.5709063901826,0.6094070373520,0.6851203641784,0.1067253790687,0.3655794141098,0.6291245298428,-0.0859960341541,0.1812993641179,-0.0022970102800,0.2297630686978,-0.2338664900206,0.2353289110772,-0.0460108925531,-0.2226216860039,-0.3660346730764,-0.0230831682420,-0.5242345833177,-0.2776192616581,-0.2954019172997,-0.2073017454296,-0.2041338271615,0.0125160935349,0.0479012372554,-0.2319623867221,-0.4564994606772,-0.4979679841895,-0.3276890029614,-0.4339264448089,-0.2026530472202,-0.3920208683415,-0.0784016867473,0.2520657819077,0.0614531508527,0.3984315229336,-0.2467650461697,-0.2794234253392,-0.2993676179987,0.1144325061977,-0.1126289240183,-0.0718700160345,0.1871245183388
0.3553124692642,0.4659971738876,0.6278574544728,0.3638460088104,-0.2926474756498,0.2230979435841,0.0362921403293,0.3236691035451,0.1192692539856,0.2162622390407,-0.3661700082926,0.4253816236339,-0.0625255477208,0.5637882064312,0.4278314078196,0.1275385398942,-0.0332556663057,0.5260384455061,0.3120649669732,0.5370819429784,-0.0396343472589,-0.0767868846392,0.1297209435671,0.2236704516177,0.1540175458993,0.5970296006563,0.7603473537740,1.0000000000000,-0.0299316029927,0.2290107454518,0.2633220774872,0.5260218089542,0.0765538093454,0.1402045563660,0.3445793170461,-0.2252069766530,0.0291275073437,0.1048679059577,0.1631418767182,-0.3931784250894,0.2495036418376,-0.0634588261382,-0.2127457901174,-0.2387135562360,0.0389242221654,-0.5562251617159,-0.0404110065248,-0.3816064043593,-0.0258600206255,-0.0147924783814,-0.0530687672900,-0.0253620307887,-0.1771164065259,-0.1537956999241,-0.3553930299694,-0.2640110328287,-0.3939312207566,-0.2529946056530,-0.3089130000091,-0.2088950881626,0.1912947764648,0.0069359728696,0.6699795229883,-0.4763635379504,-0.3468501802052,-0.3475295511961,0.2242042312682,0.0256948225428,-0.2229293777787,-0.1644435068489
0.2724922678104,0.3843937209001,0.4073599636427,0.4749957911221,0.6696449752792,0.2411561629059,0.3613847577764,0.6743037277673,0.5513308078570,0.1261651694777,0.7086180329940,0.2008328741747,0.4046252380458,0.0795922436594,0.4219595598309,0.4653227710993,0.3918185678219,0.3256147443942,0.2673575534200,0.2931396074387,0.0873152295657,0.6612458291561,0.5484597319886,0.7341870646141,0.6547320987533,0.0801529405635,0.2442740737505,-0.0299316029927,1.0000000000000,0.6005421367331,0.6907057623904,0.1831113131549,0.1011612375253,0.5766622343239,0.2695000307740,0.2181550889145,-0.0035896109874,-0.0584486077292,-0.1276182699935,0.5473715988672,0.1604255891818,0.0909874306521,0.1756828205228,-0.1381645190377,-0.0465117500074,0.4133589092541,-0.2578962524374,0.3751155480397,-0.4602326042153,-0.3486754683094,0.0139333560252,0.4463714727220,-0.4049541861499,-0.5608641978515,-0.4776540979013,0.0895890990537,0.2241064446058,0.1558369280494,0.0364452036281,0.5777308918458,-0.0639777498467,-0.1973605732328,-0.0810293824524,0.7941448729118,0.0995824641886,0.1375808244828,-0.1947816590997,0.1726794344138,0.2426285716326,0.3804787412022
0.6398920245910,0.6687620120842,0.4340478162323,0.7677774839698,0.3862288984047,0.5455156176855,0.6772312113565,0.6025518816648,0.7722095594888,0.2105356904836,0.4977293008483,0.4720894404295,0.5767309689825,0.5344304907095,0.8452064918339,0.8025879987042,0.2619177783938,0.4968057598554,0.5282900234829,0.7170200434582,-0.1135818949493,0.5876010282539,0.5202941357879,0.6839844173348,0.5994398310910,0.4882770163165,0.5709063901826,0.2290107454518,0.6005421367331,1.0000000000000,0.7277286278450,0.5390600919716,0.2441575487216,0.7466217672468,0.5978012911026,0.1871592775612,0.1155876457547,-0.3541856552867,0.0422887421515,0.2287339011020,0.2461645054856,0.3612699383759,-0.1866274543648,-0.1542616181552,0.0583453059388,0.0231781354043,-0.2335097921862,0.1750985626705,-0.4041448772924,-0.1383692481360,0.3076680207996,0.3717530705723,-0.5838467665977,-0.6286119537625,-0.6602799585629,-0.2965998897788,-0.0829566252221,-0.0467997814995,-0.4081299440994,0.3669081499091,0.1205809821334,-0.2353183689944,0.0706347948509,0.2617449173113,0.1765798064919,-0.2117864993721,-0.0969064967678,0.0380259087843,0.1741831389267,0.4615756797596
0.5902805897672,0.6836581716852,0.6629511088585,0.6875013802638,0.3726239773186,0.4130895884303,0.4082437193051,0.7113780324362,0.6503656672873,0.1030205653286,0.3524889485931,0.3535176150317,0.2841811739105,0.3229622247805,0.6351539527597,0.5830003411359,0.2256873043273,0.6115864901138,0.4263046243851,0.6429522942886,-0.0007156653746,0.5590352138214,0.6905811381754,0.7331927058049,0.5495585748870,0.4050909927575,0.6094070373520,0.2633220774872,0.6907057623904,0.7277286278450,1.0000000000000,0.4261534280734,0.1749949074963,0.6170995717145,0.5954929614063,0.2261763533515,0.2054895598197,-0.0035826532913,0.0698653217666,0.1534892537062,0.0941221159403,0.0351590155986,0.0324497458225,-0.3043700055755,-0.1191928277177,-0.0728349186715,-0.3258637162539,-0.0287218990675,-0.3801748230824,-0.4019544183513,0.0281563838175,0.3352083157570,-0.3553361657064,-0.6088231571277,-0.5581194564161,-0.1746832943473,-0.0615412558458,0.1486765375649,-0.1582935791616,0.3228671268017,0.0796423187375,-0.1670186185464,0.0727312903376,0.3919190553351,-0.0768331495096,0.1176175268777,-0.1410486579451,-0.0983479276364,0.1367171982462,0.4601506941283
0.6438184408030,0.6782403730936,0.5702271403718,0.7813909103027,0.1124825308459,0.5024043471600,0.2440373338123,0.5230505009426,0.4280238714584,0.4361859135382,-0.0533743194780,0.5198856169290,0.2144948129871,0.7177269576064,0.6784830908215,0.5998655792519,-0.0317909771005,0.5309875697385,0.3451609003135,0.7055294068950,0.0049220352175,0.0815409913481,0.4741295072327,0.2488723608967,0.4205027538183,0.8684254454613,0.6851203641784,0.5260218089542,0.1831113131549,0.5390600919716,0.4261534280734,1.0000000000000,0.1004419832962,0.3207844660475,0.5828439972038,0.0354414146076,0.1474419547968,-0.0075693544682,0.4709369132629,-0.0826937018492,0.3180999803966,-0.0807992118866,0.0550053140506,-0.3721596739700,0.2316080668724,-0.4666796231646,-0.1109521342071,-0.2701844547619,0.0009670553735,0.0571521086675,0.2494901228363,0.0669146943357,-0.3719974699027,-0.5671593423779,-0.5581316810682,-0.3023101745050,-0.4291371172636,-0.0216398803384,-0.4766797264864,0.0838580690691,0.3619159992758,-0.0943458129784,0.4141163113958,-0.1859407950214,-0.2897304821028,-0.4233247085814,0.4384519005028,-0.0598179324492,-0.0570054103617,0.3228632745808
0.2261266884921,0.2275016218958,0.1927760362353,0.2196373748916,0.0224494196271,0.5760170745895,0.5583802578227,0.2440537939710,0.5384764141392,-0.0189110592831,0.1602823001489,0.4106127643185,0.0334768984391,0.3462407659679,0.3679962766855,0.3390724088378,-0.1009552859888,0.1531198791350,0.6010433097137,0.1767448166734,0.0333172891615,0.0112156392320,0.1339117669388,0.0558598039593,0.0854873978170,0.1508467091376,0.1067253790687,0.0765538093454,0.1011612375253,0.2441575487216,0.1749949074963,0.1004419832962,1.0000000000000,0.0714779972742,0.2544418031175,0.1717670059274,0.0053704983201,-0.1649884498523,-0.0983504184842,-0.0709063660819,0.3000689416286,0.4599183358158,-0.0876368189234,0.3438583547034,-0.1236314992815,0.0070722011309,0.3709169839946,-0.0540998592159,0.2343769544474,-0.0926952510798,0.2229414918018,-0.0546350756751,-0.3352020168201,-0.0515154084150,-0.3162169590005,-0.0079247545670,-0.2045049109690,-0.2124002895673,-0.3329478592235,-0.0577080768072,-0.0308623415447,-0.2827454506395,-0.0702965922670,-0.0302979358849,-0.2503467254158,-0.2922529459352,0.0409807866194,0.3161540716367,-0.0858766461710,0.1826595457258
0.4638482071407,0.5308498933092,0.3023224765643,0.6089217430537,0.3953037590425,0.3070443511105,0.3777077058042,0.4940866612428,0.5392217848444,0.2626676456782,0.4340185675451,0.2830370733854,0.5141589535010,0.2730982436852,0.5471512630519,0.5994882378800,0.3978198538514,0.3860795723111,0.3250555919080,0.4702403687897,0.0134167318301,0.6049661525907,0.5194333187636,0.6613633142864,0.5750750561401,0.3101914329357,0.3655794141098,0.1402045563660,0.5766622343239,0.7466217672468,0.6170995717145,0.3207844660475,0.0714779972742,1.0000000000000,0.5628383494899,0.1714041524552,0.0987658398830,-0.2444238712091,0.1551404929774,0.2655146647657,0.1037749622970,0.2037925969080,-0.0325674755967,-0.1608012815334,0.1663506012667,0.1031298051989,-0.2952336053747,0.2749970202500,-0.4271232954236,-0.1207433158717,0.1248710145038,0.4855114261485,-0.4284492379606,-0.5657382329307,-0.4992116738634,-0.1094205685536,0.1191437037655,0.2021591624482,-0.1488950699537,0.4715048882769,0.2161470232389,-0.2279291623535,0.0710112589109,0.3840536331780,0.2378940839198,-0.0021336408733,-0.1725946238112,-0.0469839903335,0.4790966068312,0.5151608051450
0.6187524672976,0.7648268547745,0.4030552311093,0.6964542102506,0.1842424398100,0.4834817034591,0.2210891266477,0.4262553510627,0.4722178170953,0.1969977451306,0.0167236651152,0.4405450079624,0.1583430696371,0.4304279790624,0.5596797848094,0.5814640804277,0.0019812116296,0.6047069326250,0.4398990975401,0.7328309604431,0.0788170985968,0.1429611138292,0.5918911231838,0.3594309410337,0.3292864137502,0.6802154598548,0.6291245298428,0.3445793170461,0.2695000307740,0.5978012911026,0.5954929614063,0.5828439972038,0.2544418031175,0.5628383494899,1.0000000000000,0.1898220766073,0.4514211761298,-0.1051173117100,0.5521388651213,-0.0597649778400,0.3198081141181,0.0241471707037,-0.0538096252040,-0.1648465091878,0.0169529657084,-0.3664382703130,-0.1271100173595,-0.1600105871822,-0.0717270133459,-0.0511119449236,0.1646357541928,0.1423601173367,-0.1326481028342,-0.4324379788490,-0.3248369457104,-0.1752513639439,-0.3026332101640,0.2299672713813,-0.2553189733915,0.0285884898043,0.4920559422023,-0.0577332505988,0.1581684176593,-0.0156312050072,-0.0845764489406,-0.0909298004487,0.1274845912116,-0.0428269891371,0.2956048823166,0.7372002894640
