1.0000000000000,0.3224795846815,0.1667141816598,0.3442067939023,0.2330685534817,-0.2508506817029,-0.4016027612265,0.3483129917528,-0.4740431840279,0.5094525410861,-0.2876775579159,-0.0266351632580,0.1283497995800,-0.0401751009585,-0.1926326820134,-0.1605472132676,0.2985864948424,0.1876478196044,-0.1189025510611,0.3077700038194,0.3297900318060,0.2766351854457,0.3718261062176,0.2300191510691,0.4351915470651,0.2555131417267,0.1842875617376,0.1700612570116,0.3079196266635,0.1695480090816,0.4120341383470,-0.1146082095770,-0.1998049162147,0.2062308131745,0.3035509340711,0.5272941959027,0.0913361870544,0.0801837854810,0.1735987293585,0.1233259381176,-0.2318476328536,-0.3142799661447,0.4091041381192,-0.3949914716407,0.4049015044293,-0.3925063357563,-0.0007987541640,-0.0302255264844,-0.0107595312735,-0.1959173403939,-0.0308183498517,0.1012186417530,0.0327263734391,-0.1260388990841,-0.0703423463942,0.2474999020718,0.1823532244016,0.4011936697664,0.0721447821084,0.4418511639186,0.0362494887291,-0.1224300141757,0.1907790333214,0.1574874404660,0.0051368841984,0.2746993245681,0.1083672595352,-0.2758110984061,-0.0557927716073,0.1653240857847
0.3224795846815,1.0000000000000,0.3707942798317,0.7077619314896,0.2876822368572,-0.3534557579612,-0.5028334228475,0.3477528109480,-0.4670571897174,0.3390214974352,-0.3593534840613,-0.0513460805376,0.0376831960610,-0.0928377969255,-0.4400909397622,-0.2111544756874,0.4174219644491,0.4679141836487,-0.2081265309326,0.3169873058171,0.0290553634121,0.5266757852347,0.6367347863766,0.6127564508826,0.3081606043199,0.4266237400113,0.3197452031568,0.5446558615102,0.4176767412001,0.2136770274561,0.5735087640990,-0.1152910611573,-0.2290960236588,0.3304210706972,0.3940648973441,0.1354282324008,0.2636670715059,0.2461735495728,0.0790293520253,0.0713133919424,-0.3816555125761,-0.4896186491921,0.2267323495968,-0.4454103511157,0.2727499245836,-0.3486959737379,-0.2135379942013,-0.2488868395961,-0.0845527774315,-0.3629608843225,-0.2584430161683,0.2209851122520,0.2811582663077,-0.2298451413677,-0.0709879623249,-0.0239223669437,0.3887577522836,0.5291418742883,0.3657554452593,0.3015085647574,0.1719035146942,-0.2669397145843,0.3680929330222,0.2328160160431,0.0298519517275,0.3426488258574,-0.0306014357359,-0.3846438993996,0.2166130750516,0.2721555142601
0.1667141816598,0.3707942798317,1.0000000000000,0.2282871040084,-0.0692441752078,-0.3403735861912,-0.4122906750917,0.2346417848642,-0.2085648242876,0.0918894664234,-0.1481156991472,0.0431620666640,-0.1708415553265,-0.1123946758357,-0.0727689008551,-0.3479631349330,0.3488792844101,0.2396411805375,0.1037859290822,0.1699992503776,-0.0934676343220,0.3368118053385,0.1508461896326,0.4901954849934,0.2453209951494,0.2637736757789,0.2879068335593,0.7321041872386,0.2772697316564,0.0286153798014,0.2446701240510,-0.0238340557261,-0.3681370529871,0.0313646995203,0.0649664377208,-0.0915097288557,0.1270740329061,0.3949001440112,0.1306844930897,-0.0866797581724,-0.3463235003185,-0.4232775309689,0.2698425140830,-0.3321543204237,0.1707948397739,-0.2519754815009,-0.1256682562720,-0.2079804445646,0.0458429630202,-0.2331633224940,-0.3100089032266,0.2602878634219,-0.0309850676064,-0.0946628864351,-0.0703256239550,-0.1292986219666,0.1280352994436,0.1785232244710,0.2724990923153,0.2283306796788,0.3234084772278,0.0980428442016,0.5437606607965,0.2033262460137,-0.1121119815826,0.0495382736967,-0.0493009184481,-0.3173209857023,-0.1298157785390,-0.1648749037966
0.3442067939023,0.7077619314896,0.2282871040084,1.0000000000000,0.3423497558323,-0.1586331340355,-0.2380946831428,0.3487472756846,-0.2195283770269,0.3668728429892,-0.3415171407308,0.1880043581278,0.0680360984268,0.1707173577224,-0.2346842759567,0.0467498097427,0.0925227005172,0.2565019427610,0.0840306459988,0.5002139554049,-0.0535808503840,0.1712513285481,0.5130883704317,0.2607791847645,0.3079979371329,0.6107228155097,0.3778322618791,0.3587865256412,0.3699799137474,0.1883569031018,0.4868511379240,-0.0936244348459,-0.0979059898387,0.2095782198479,0.2873658091306,0.0768400180667,-0.0659915084788,0.0224197444957,0.1466049097697,0.0345356945462,-0.1919430239459,-0.2298446967056,0.2436360224215,-0.2229974395608,0.3566290153755,-0.2380723297678,-0.0324335434536,-0.2019150248109,0.0271154890511,-0.0976665094227,-0.1088226339499,-0.1421271241497,0.0750039462185,-0.1477519907100,-0.1583022561296,-0.0584247632814,0.0032553410825,0.2929759448438,-0.0397381135497,0.3341797102175,0.1668771267177,-0.3972689491362,0.1102049667175,0.1337976896538,-0.0550123606560,0.0863367754412,0.2066410751142,-0.2854058157448,0.0384421881392,0.2164175456077
0.2330685534817,0.2876822368572,-0.0692441752078,0.3423497558323,1.0000000000000,-0.1846669178144,-0.1188323714250,0.5067214517890,-0.2098199786796,0.4813813317299,0.1535659387986,-0.1043742640516,0.5667852810324,-0.0289884025342,-0.2088137810393,0.0328692994991,0.2819637775231,0.1159053086327,-0.1779960542826,0.1759533173045,0.4510963200452,0.2266127292349,0.3307079400580,0.1267670745224,0.5321703993775,0.2133681546865,0.1029357982598,0.1018914753682,0.5862795088377,0.2279122302493,0.3407253461624,-0.1266143529558,-0.0557664528831,0.3453334213253,0.1125848148430,0.3281287959356,-0.2187960358324,-0.1955834341952,-0.2415951927155,0.7912442153399,-0.1964335264973,-0.0544011741699,0.3321100673812,-0.0812997422037,0.3927946159207,0.2113256903208,-0.2177994932717,0.3537562898776,-0.0843517100635,-0.0577735478876,0.1595420655917,0.1496370990800,0.0484646356104,-0.2438791464886,-0.0786581378496,0.4858252175843,0.2117718743823,0.0929826711361,0.0154392200284,0.5039665348029,-0.2722328572138,-0.4614032428223,-0.1252357985305,0.3867924779523,0.2604211663078,0.0263893887044,0.0879666766752,-0.0970844976612,0.2394820682344,0.0959145916814
-0.2508506817029,-0.3534557579612,-0.3403735861912,-0.1586331340355,-0.1846669178144,1.0000000000000,0.7254399558045,-0.3313790825244,0.5831619430093,-0.1918470753338,0.0302756578809,0.1744774931404,-0.0012195162837,0.2749746424609,0.5288150217914,0.5985594286416,-0.3381020642223,-0.3887376797514,0.1946113763992,-0.3216031032975,-0.0800569099028,-0.3814132189482,-0.2080833991548,-0.4713087539929,-0.2294117803561,-0.2282582970190,-0.0554152036483,-0.3433959628288,-0.3218685995630,0.1395226259444,-0.2821168217535,0.1925172147540,0.8286799812538,-0.0445177033144,0.0204663927246,-0.1173390886889,-0.1937435522181,-0.4303359955747,-0.1312205823096,-0.1618457391482,0.9203559840259,0.6065194354834,-0.3140965652883,0.6475985276863,-0.1859440714174,0.0898831042659,0.1375142519948,0.0270330282596,-0.0498355969806,0.5858254993265,0.3896980661787,-0.2448018351753,-0.1295458037072,0.1442123767969,-0.1721018737679,-0.1521654608588,-0.2891764843599,-0.2758014839244,-0.2638240640765,-0.2557866951411,-0.2164821173892,-0.0925207035684,-0.5180237807778,-0.3193572945218,0.2061742636841,-0.1107428922771,-0.0087791050825,0.7764147822141,0.0450683788680,0.1703582755141
-0.4016027612265,-0.5028334228475,-0.4122906750917,-0.2380946831428,-0.1188323714250,0.7254399558045,1.0000000000000,-0.4421089001701,0.7400940056693,-0.2393564548260,0.4207566520120,0.1156910498263,0.2326259104598,0.2439347792781,0.5771538903247,0.6790054307651,-0.4285378998624,-0.3794220574428,0.1679764806037,-0.2961498953865,0.0136255673687,-0.4955604857891,-0.3719307669955,-0.5420058041116,-0.2999305550951,-0.3448664070149,-0.1578893969563,-0.4648043537339,-0.3605214457742,0.1365173306705,-0.4968412322672,0.1536127657843,0.5719734280136,-0.0840318020103,-0.2605712528085,-0.1187902410272,-0.2602452207358,-0.4929975833082,-0.1467107484809,-0.0015455196947,0.6905400252155,0.8364398095631,-0.3776051076570,0.6885875027702,-0.1878159437894,0.4800989856414,0.1208426221341,0.3740692544954,-0.0465956633213,0.5095107417874,0.4733321581179,-0.2731052972655,-0.1612426589270,0.1034771619386,-0.0898617124247,-0.0173735877902,-0.4308213714663,-0.4247591299215,-0.3637253497127,-0.3198049662114,-0.2629125054273,-0.0630840354042,-0.5799700026624,-0.3351281557942,0.1877494502457,-0.3315693030202,-0.0090068489225,0.6228488601127,0.0252371909457,-0.1004356549972
0.3483129917528,0.3477528109480,0.2346417848642,0.3487472756846,0.5067214517890,-0.3313790825244,-0.4421089001701,1.0000000000000,-0.2788852809685,0.3611128864680,-0.1103884539888,-0.0314847326912,0.0137873760492,-0.0065751533131,-0.1402487801208,-0.1629291281581,0.3110846173655,0.1588426076452,-0.0470667161981,0.2892964897935,-0.0123587347109,0.3448388678851,0.3428333666721,0.2081426078782,0.5803677843115,0.4206327230692,0.1477651874040,0.3045973914372,0.6539252168048,0.0447519046168,0.6342178599942,-0.2852301267974,-0.2178120892606,0.0221128589255,-0.0170036781137,0.1311911615386,-0.0984057005035,0.2074444222559,-0.0536175295416,0.3302015264196,-0.3346932825602,-0.4039321022525,0.4840493888822,-0.3463105655183,0.2732965923048,-0.1130472788805,-0.1400737132132,-0.2246087429642,-0.1294975930352,-0.2206952577433,-0.2074640884009,0.0996451545626,-0.0585314648511,-0.3857377310722,-0.2414967364441,0.0674203301868,0.2112209027956,0.1523590734196,0.0458749472295,0.4784783220880,0.0809422841758,-0.1926524904379,0.2781720696671,0.5468982772577,-0.0768377844752,0.1067909645144,0.1482812855403,-0.2042669385046,-0.0931211585316,-0.0693941801183
-0.4740431840279,-0.4670571897174,-0.2085648242876,-0.2195283770269,-0.2098199786796,0.5831619430093,0.7400940056693,-0.2788852809685,1.0000000000000,-0.4602369610860,0.3415387320945,0.2743541659756,-0.1339039289491,0.3172787478983,0.8382941805393,0.5033236185644,-0.3678349510953,-0.4406572821766,0.3981629540298,-0.1704074870065,-0.2654240780592,-0.4830099277521,-0.5173017561419,-0.5400901830452,-0.3165443907470,-0.1218162217915,-0.1451565291669,-0.2958064031245,-0.2163785412471,0.1651259240609,-0.4666946827338,0.1273802075275,0.3685912470666,-0.1783720306335,-0.3108993320316,-0.2508846045763,-0.2441133034683,-0.3262997155699,-0.0542407085506,-0.1894885334053,0.5083112443281,0.5141498084795,-0.3605905307379,0.7127428039389,-0.3590343610660,0.3810707464529,0.1880648213806,0.0021458879308,-0.1492757447836,0.5282623100435,0.2984964201451,-0.2549158255276,-0.2257859491087,-0.0135138610485,-0.1248613400512,-0.2776930941206,-0.4017129606930,-0.5472965730062,-0.3620971783249,-0.3940444490064,0.0275288255382,-0.0270341897298,-0.3755848655401,-0.1516933755124,0.1283992697284,-0.3588174201686,0.0556217258306,0.5794543210038,-0.0236786023383,-0.1206527794592
0.5094525410861,0.3390214974352,0.0918894664234,0.3668728429892,0.4813813317299,-0.1918470753338,-0.2393564548260,0.3611128864680,-0.4602369610860,1.0000000000000,-0.1685353645137,-0.2677746735999,0.4277008612386,-0.0375371953954,-0.3574226433430,0.0301825427798,0.3277607033644,0.1941616082271,-0.2827105456371,0.0764374194609,0.4855514218297,0.3374747985584,0.5685521033805,0.1921137958671,0.6553809537971,0.1064655044577,-0.0835286192778,0.0284989019528,0.3478293489527,0.1759498495554,0.3609517947320,-0.0519276874719,-0.0996814512412,0.3534297655608,0.1342567074325,0.3289884543531,0.1420384773469,0.0313263823449,0.1589832329535,0.5285513319569,-0.1473725720812,-0.1164518978500,0.4671192851046,-0.3372615819511,0.8391849822942,-0.1940093262085,-0.1982050205710,0.2559169184658,-0.0265883010702,-0.2395341524143,0.1031875868868,0.2581768753758,0.0855706290988,-0.2141215962645,-0.1063550415611,0.4945465718719,0.2800116153326,0.4679585025510,0.2066352061163,0.6669832349955,-0.1288444116811,-0.2384412288362,0.0125566384152,0.2408529139728,0.2057716399563,0.2405898118193,0.0536521494715,-0.1601274288253,0.1554453851897,0.1180255545528
-0.2876775579159,-0.3593534840613,-0.1481156991472,-0.3415171407308,0.1535659387986,0.0302756578809,0.4207566520120,-0.1103884539888,0.3415387320945,-0.1685353645137,1.0000000000000,-0.0317416593169,0.3748447844525,-0.0139551980764,0.2562564880025,0.0870794969314,-0.1484375914748,-0.1986289871414,-0.0364928467563,-0.1894736033725,0.2695045266095,-0.1349941878907,-0.3436320578360,-0.1530613814324,-0.1354274121255,-0.2800007137704,-0.1540423480523,-0.1584108524787,-0.0076909102200,0.0335940668227,-0.3227282491424,0.1476518841684,-0.0128136803919,0.0618915081973,-0.3232546455417,-0.0651405257111,-0.1507293870035,-0.1313927606314,-0.2079518486474,0.3341265607652,0.0470372607806,0.3505764773506,-0.1286400072009,0.3068083897860,-0.1005729411988,0.8223498022179,-0.0982276109467,0.5280268157568,0.0018090065659,0.1320446290537,0.2685567622981,0.0154164026659,-0.1138867047703,0.0341855194834,0.0903813712352,0.3530623478316,-0.1341016971972,-0.2934005092728,-0.0966419809677,-0.1449128521278,-0.2127387344546,0.0666664327762,-0.2397775397237,0.0627392156311,0.1455911773336,-0.3487839987959,-0.0908605111887,0.1114954993137,0.0802626434014,-0.3005426849791
-0.0266351632580,-0.0513460805376,0.0431620666640,0.1880043581278,-0.1043742640516,0.1744774931404,0.1156910498263,-0.0314847326912,0.2743541659756,-0.2677746735999,-0.0317416593169,1.0000000000000,-0.3128932936719,0.4171286915819,0.3184683768803,0.0490035554655,-0.2822372745257,-0.3693478475014,0.5801013712141,0.1570711850125,-0.2127215023118,-0.3860593654098,-0.2982299782510,-0.2325703471625,-0.2562008741231,0.2649013915008,0.5233655621082,0.0780136599307,-0.1047642094084,-0.0447192727816,-0.1777517603216,0.0155610082105,0.1652422932595,-0.2448482126775,0.0687539228396,-0.2244355289256,-0.4807305971928,-0.2697668161168,-0.2283273492955,-0.2664141710828,0.0841334923320,0.1232937879602,-0.1018127300480,0.2830562687426,-0.2219689358018,-0.0405495805157,0.5418413290247,-0.2028295002236,0.6324969481295,0.4147344793183,0.1336231617033,-0.3814068030093,-0.3123403150213,0.5452901101880,0.0297473147965,-0.1991600917172,-0.3360920691291,-0.3509210371023,-0.4369450009959,-0.2056760216118,0.2642851138426,-0.0201201551776,-0.2337922488190,-0.2240704312873,0.0055316757963,-0.2802493013465,0.0017635387174,0.0204237472693,-0.2493704807887,-0.0406996533364
0.1283497995800,0.0376831960610,-0.1708415553265,0.0680360984268,0.5667852810324,-0.0012195162837,0.2326259104598,0.0137873760492,-0.1339039289491,0.4277008612386,0.3748447844525,-0.3128932936719,1.0000000000000,0.0242241160301,-0.1678426163831,0.2468278628977,0.0877117192077,0.0844134774625,-0.2051096148367,0.0074987764634,0.7205172135152,0.1208829269247,0.2308507796608,0.0304589315072,0.2313475345593,-0.1405183211054,-0.1315092479862,-0.1559696293567,0.1769042346155,0.2622865322612,0.0442579801084,0.0123292001875,0.1072750354090,0.3138528560577,-0.0688867775500,0.2692135063124,-0.0000096471371,-0.2228412343480,-0.1261388558068,0.6548115424145,0.0424003111439,0.2705936936772,0.1328795311383,0.0108036848453,0.3749173264860,0.3566643756964,-0.2288155506928,0.7963479768666,-0.0975392198677,-0.1156380673130,0.2336671724452,0.0996575543922,0.1289077085998,-0.1833448894653,-0.0833798638821,0.6835760693263,0.0662910005495,0.1378474484633,0.0638326515186,0.2437111549261,-0.4514165050127,-0.2931802512613,-0.2521852104201,0.0803849175974,0.2244741799251,0.0225880584044,0.1289360633346,0.0227325960517,0.1936766811395,0.0122259170106
-0.0401751009585,-0.0928377969255,-0.1123946758357,0.1707173577224,-0.0289884025342,0.2749746424609,0.2439347792781,-0.0065751533131,0.3172787478983,-0.0375371953954,-0.0139551980764,0.4171286915819,0.0242241160301,1.0000000000000,0.3389523882737,0.2713352729898,-0.2237571888606,-0.3164023177129,0.5420813687271,0.1069291405912,-0.0874885651271,-0.2165958326221,-0.0724436202948,-0.2647258484248,-0.1019289262096,0.1240961604689,0.1083593023650,-0.0637954448593,-0.1213229001533,0.2754475526275,-0.1024107244428,0.2212408193867,0.2444111174924,0.0379562534758,-0.2174013324673,-0.0640064247476,-0.1715133937924,-0.2090278040789,-0.0869164582748,-0.0869865965398,0.2674019675202,0.2613036304731,-0.0725685156404,0.3256880378248,-0.0352717383917,0.1283983514454,0.3884888947793,-0.0915447105290,0.3643146697840,0.3454807649642,0.2126823516023,-0.2381367593913,-0.3066378793760,0.0926614168258,-0.3355351432480,-0.1108333063683,-0.2537992447638,-0.1387853863430,-0.2604929862720,-0.1372662634754,-0.1719217183457,-0.3090446686719,-0.2374604329378,-0.1623428130959,0.0645326790511,-0.1784821236964,0.6346688724883,0.2041753881427,-0.0482262330054,-0.0980861603660
-0.1926326820134,-0.4400909397622,-0.0727689008551,-0.2346842759567,-0.2088137810393,0.5288150217914,0.5771538903247,-0.1402487801208,0.8382941805393,-0.3574226433430,0.2562564880025,0.3184683768803,-0.1678426163831,0.3389523882737,1.0000000000000,0.4036112132425,-0.2938879102984,-0.4376405827407,0.5157520161823,-0.0469097529133,-0.2463632929265,-0.3918152873161,-0.4868226043600,-0.4604036996337,-0.2383555273134,0.0078135243328,-0.0501595524424,-0.1671621052692,-0.1870882706333,0.3446969014139,-0.4071530260533,0.0257018472002,0.3013108182752,-0.1291253949251,-0.2144314318747,-0.1151300433298,-0.1859159868813,-0.1790547061452,0.0236042059058,-0.2075155611101,0.4612403551638,0.3774613431867,-0.2636521397769,0.5795628970931,-0.2647393030345,0.2134454663062,0.2471789138131,-0.0916410273297,-0.1001865875507,0.5319258659099,0.3200418353409,-0.1977521096395,-0.2925716254058,-0.0350189145833,-0.1917534435406,-0.2944606018912,-0.3559664911497,-0.4750105889190,-0.3295405798478,-0.3193863142080,0.0726748160354,0.0130993875380,-0.2108117465965,-0.1297610387393,0.1294118554009,-0.3487406920104,0.1504503599624,0.5579516847692,-0.0850048412702,-0.0982946067594
-0.1605472132676,-0.2111544756874,-0.3479631349330,0.0467498097427,0.0328692994991,0.5985594286416,0.6790054307651,-0.1629291281581,0.5033236185644,0.0301825427798,0.0870794969314,0.0490035554655,0.2468278628977,0.2713352729898,0.4036112132425,1.0000000000000,-0.3036897092473,-0.2218807057229,0.0574360166000,-0.1912875058865,0.0360355890753,-0.2958491797635,-0.1205277890751,-0.3659212525923,-0.1350594858082,-0.1855356362292,-0.2294457875147,-0.3358677140121,-0.1909976836975,0.2652102947576,-0.2054432393365,0.1829407550930,0.5115062985463,-0.0528812995256,0.0049439231075,0.1449373975923,-0.1715135139423,-0.3936929342992,0.0304144840611,0.0100391688959,0.5506289415506,0.4789061177446,-0.0918944579259,0.4054304090640,0.0726578095271,0.1767648262628,0.0590501799279,0.1492131335041,-0.1049301482139,0.3678755765802,0.5219193468368,-0.2924377806854,0.0478211051275,0.0172291168456,0.0271759834160,-0.0277577335694,-0.2516722837963,-0.1829444291518,-0.2323288950951,-0.1598088312870,-0.0834095198893,-0.2618548831955,-0.4513930905547,-0.2454035013417,0.1986860731133,-0.0675220887604,0.0681229429016,0.5564624470802,0.1418388060995,0.1973351849426
0.2985864948424,0.4174219644491,0.3488792844101,0.0925227005172,0.2819637775231,-0.3381020642223,-0.4285378998624,0.3110846173655,-0.3678349510953,0.3277607033644,-0.1484375914748,-0.2822372745257,0.0877117192077,-0.2237571888606,-0.2938879102984,-0.3036897092473,1.0000000000000,0.2636556425260,-0.3345191981554,0.0429951505255,0.2243520879090,0.7690018858348,0.4834997196789,0.6274477113134,0.5980154949982,0.1287799612856,0.0430917988462,0.4082712495423,0.6096502557923,0.1542212098454,0.4086955580614,-0.1551508247679,-0.2709889799102,0.3359381585858,0.2386858790445,0.2415075712199,0.2309591857643,0.2303554079176,0.0057615016342,0.2837375739543,-0.3589220364863,-0.3793977091442,0.2242303807091,-0.3787584582191,0.2997951733763,-0.2263049449312,-0.3077229191222,-0.0664795560706,-0.1453837449773,-0.3828919580414,-0.0964143390521,0.8349728412952,0.1670869240078,-0.3809005664726,-0.0686776388200,0.1505046589941,0.7117380487609,0.4805610077302,0.6770021663893,0.5324572761864,0.0061186252107,-0.1134214945684,0.4321678615773,0.5639427211971,0.1800343377493,0.4004036360130,-0.0520954420696,-0.2045984283166,0.2497667551709,0.1328671124193
0.1876478196044,0.4679141836487,0.2396411805375,0.2565019427610,0.1159053086327,-0.3887376797514,-0.3794220574428,0.1588426076452,-0.4406572821766,0.1941616082271,-0.1986289871414,-0.3693478475014,0.0844134774625,-0.3164023177129,-0.4376405827407,-0.2218807057229,0.2636556425260,1.0000000000000,-0.2532287214273,0.3879370824371,0.0375469610755,0.5225017125869,0.4822938716186,0.6140384740692,0.1734136525219,0.0484088195419,-0.0465018429578,0.2462288636085,0.2074611073699,0.1731019466717,0.5744948237263,-0.1212448343061,-0.3134910542984,0.2851912090776,0.2923992346132,0.1646106662451,0.4807133234068,0.3393116615740,0.2500856643114,0.1148376104806,-0.3765367682208,-0.4149864856037,0.1184197987356,-0.5219941890515,0.1169875028697,-0.2505991290852,-0.3345129678902,-0.0822881089484,-0.2774577057020,-0.5657182819317,-0.3700004086739,0.2258349619891,0.6666917765988,-0.2832411665567,0.2904767295276,-0.0199665696680,0.4199402081740,0.4578963191887,0.5089673500617,0.1206554444576,0.0258988532258,0.0712701060523,0.3588587693411,0.1675540478829,-0.0523441745330,0.4453132128606,-0.0399645900073,-0.2521023719934,0.2988440898476,0.1650709662468
-0.1189025510611,-0.2081265309326,0.1037859290822,0.0840306459988,-0.1779960542826,0.1946113763992,0.1679764806037,-0.0470667161981,0.3981629540298,-0.2827105456371,-0.0364928467563,0.5801013712141,-0.2051096148367,0.5420813687271,0.5157520161823,0.0574360166000,-0.3345191981554,-0.2532287214273,1.0000000000000,0.3688847287109,-0.3391109590195,-0.3831349916809,-0.3380362304113,-0.3160556148551,-0.2294258706987,0.3066018949718,0.2277307716036,0.0429933895482,-0.1001937587398,0.2081554060449,-0.1638839907983,-0.0424298214706,0.0680821333227,-0.2403291988466,-0.1899522778017,-0.2911658518119,-0.2309718934787,-0.0166885921382,-0.0295699667350,-0.2360965960383,0.1831455808559,0.1468423383084,-0.1161703440664,0.2879887294356,-0.2495796862652,-0.0153838328220,0.4461877479521,-0.2510686688119,0.3287276946618,0.3829327158383,0.0627975164524,-0.3010952754326,-0.3458534512464,0.2175359522959,-0.2385250640782,-0.3043275057591,-0.4310816224383,-0.3700344967643,-0.3726322791545,-0.2529614983504,0.0826770703022,-0.0160815261065,-0.0700249985155,-0.0725533157952,-0.0450213571657,-0.3130497579601,0.5059914187923,0.1685251404863,-0.2329146234332,-0.1750339510777
0.3077700038194,0.3169873058171,0.1699992503776,0.5002139554049,0.1759533173045,-0.3216031032975,-0.2961498953865,0.2892964897935,-0.1704074870065,0.0764374194609,-0.1894736033725,0.1570711850125,0.0074987764634,0.1069291405912,-0.0469097529133,-0.1912875058865,0.0429951505255,0.3879370824371,0.3688847287109,1.0000000000000,-0.1929126162053,0.0936858169785,0.1499049820013,0.1817158735505,0.1231284267708,0.7337956892053,0.3753775222986,0.2412878821476,0.3180958648867,0.2579638407292,0.3134217011871,-0.4162730447475,-0.2590136741154,0.0466384067294,0.1910066809279,-0.0066919516067,0.0135375176098,0.1994630723100,0.1074496935634,-0.0163022630821,-0.2765689707790,-0.2163115314882,0.0197136236824,-0.1864648256604,0.0193949147844,-0.1570222671493,0.1671782237605,-0.2398698191875,-0.0116384436696,-0.1164708728838,-0.1085515354741,-0.1167656304240,0.0166217572677,-0.2522346716539,-0.1322335040353,-0.1243534670019,-0.0609867049081,0.0702015959075,-0.0708020468068,0.0797282190086,0.1317140068254,-0.0548607705510,0.2762943739955,0.2371675125597,-0.1380886324569,-0.0789782691808,0.4995479517675,-0.1857321088284,-0.1372277519977,0.1327039396490
0.3297900318060,0.0290553634121,-0.0934676343220,-0.0535808503840,0.4510963200452,-0.0800569099028,0.0136255673687,-0.0123587347109,-0.2654240780592,0.4855514218297,0.2695045266095,-0.2127215023118,0.7205172135152,-0.0874885651271,-0.2463632929265,0.0360355890753,0.2243520879090,0.0375469610755,-0.3391109590195,-0.1929126162053,1.0000000000000,0.2360469549981,0.2339382828704,0.1437015230162,0.3226628928802,-0.2899310577408,-0.1461539206022,-0.1696104205420,0.1329981372766,0.0739874638373,0.0747873810821,0.0987827282778,-0.0506851348772,0.3704641018230,0.1292005774207,0.3789587140449,0.0744902904341,-0.1769993796563,-0.0235186435485,0.6090750526751,-0.0748359931922,0.0672808854487,0.2337735974592,-0.1452428556186,0.4224742105128,0.1103547820507,-0.1305283227563,0.7115433010826,0.0354933317867,-0.1852554328067,0.2271630355759,0.2578624221366,0.1559636018790,-0.0133673956844,0.1156607092780,0.8629563382485,0.2539558175459,0.2637947676145,0.2024799745747,0.3581408041990,-0.2654269590309,-0.1124873892839,-0.1793846088589,0.0423824111924,0.2173655999762,0.2299228805455,-0.1234113235320,-0.0622873405068,0.1883848552107,0.0954990017606
0.2766351854457,0.5266757852347,0.3368118053385,0.1712513285481,0.2266127292349,-0.3814132189482,-0.4955604857891,0.3448388678851,-0.4830099277521,0.3374747985584,-0.1349941878907,-0.3860593654098,0.1208829269247,-0.2165958326221,-0.3918152873161,-0.2958491797635,0.7690018858348,0.5225017125869,-0.3831349916809,0.0936858169785,0.2360469549981,1.0000000000000,0.6302537849996,0.8402375096632,0.4570466216715,0.0507378934940,-0.0872473763962,0.3788154497303,0.5456454017922,0.2297827689551,0.6352918421988,-0.0955099987250,-0.3139811583160,0.4334212065118,0.2996508411625,0.2107409215449,0.4027324743564,0.3538666836901,0.1103203885472,0.2663363772727,-0.3798271548205,-0.4984776821811,0.1860704817360,-0.5154107121149,0.2757173793773,-0.2501370796969,-0.3959737307447,-0.0846939098658,-0.2177766358067,-0.5399704624947,-0.2309975276596,0.6477135014896,0.3821923812503,-0.4012834086910,0.0332995863913,0.1782258828953,0.8021067501159,0.6442544400774,0.8148087564604,0.3988679255323,-0.0298479598496,-0.0979139117910,0.4622605193651,0.5109286198568,0.1368033095152,0.5316265703716,-0.0462912855633,-0.2349773344319,0.3709582379912,0.1948887881035
0.3718261062176,0.6367347863766,0.1508461896326,0.5130883704317,0.3307079400580,-0.2080833991548,-0.3719307669955,0.3428333666721,-0.5173017561419,0.5685521033805,-0.3436320578360,-0.2982299782510,0.2308507796608,-0.0724436202948,-0.4868226043600,-0.1205277890751,0.4834997196789,0.4822938716186,-0.3380362304113,0.1499049820013,0.2339382828704,0.6302537849996,1.0000000000000,0.5030963025921,0.5575972638976,0.1167490706497,0.0008534029846,0.2356968388530,0.4053152751864,0.2445904919748,0.7059778332743,-0.0546214279766,-0.1376263050660,0.4499069830701,0.2679332468241,0.3242797464396,0.3663889109551,0.2133697635002,0.1422552820642,0.3007609669256,-0.2354516072318,-0.3241049416437,0.3511205493720,-0.4855188562773,0.4865466926561,-0.2980736842703,-0.3238906472397,-0.0104362690691,-0.1781273591040,-0.4403058836518,-0.1824722213328,0.3336151808285,0.3608914737984,-0.3223687774176,-0.0735351586272,0.1672667054538,0.5538316650735,0.8238398918389,0.5194717954878,0.5530329199634,-0.1758208160706,-0.2651540992868,0.2326442535079,0.2900951007274,0.1463500982216,0.5637919657343,0.0113973949481,-0.2859498018222,0.2910863513711,0.2577354372850
0.2300191510691,0.6127564508826,0.4901954849934,0.2607791847645,0.1267670745224,-0.4713087539929,-0.5420058041116,0.2081426078782,-0.5400901830452,0.1921137958671,-0.1530613814324,-0.2325703471625,0.0304589315072,-0.2647258484248,-0.4604036996337,-0.3659212525923,0.6274477113134,0.6140384740692,-0.3160556148551,0.1817158735505,0.1437015230162,0.8402375096632,0.5030963025921,1.0000000000000,0.2147483178769,0.1205705790548,0.1202255632581,0.5582836380519,0.3482176624462,0.1348740598483,0.5620666138912,-0.1191683380556,-0.3717713680211,0.3558911314531,0.3778565147749,0.1553801410365,0.2780873779817,0.3673340242298,0.0370956187941,0.1073298990954,-0.4682046689728,-0.5185435702548,0.0994074826362,-0.5140545955233,0.1934277712412,-0.2406651099336,-0.2865012462687,-0.1309943036834,-0.0212609015694,-0.5028565776361,-0.2825527752735,0.5290330296593,0.4622043604905,-0.1851928917678,0.1719057709151,0.0812056391313,0.6377792967708,0.5101379537470,0.7530922436798,0.2135611135286,0.1149589175343,-0.0745553528278,0.4747325690137,0.2645374627608,0.0162267178510,0.4180559194640,-0.1158417935067,-0.3629374224714,0.3125893586202,0.1707111290676
0.4351915470651,0.3081606043199,0.2453209951494,0.3079979371329,0.5321703993775,-0.2294117803561,-0.2999305550951,0.5803677843115,-0.3165443907470,0.6553809537971,-0.1354274121255,-0.2562008741231,0.2313475345593,-0.1019289262096,-0.2383555273134,-0.1350594858082,0.5980154949982,0.1734136525219,-0.2294258706987,0.1231284267708,0.3226628928802,0.4570466216715,0.5575972638976,0.2147483178769,1.0000000000000,0.2026063509896,0.0585080375997,0.1389462993044,0.7559961491913,0.1450910676637,0.4643907851628,-0.1571402598295,-0.2007797970366,0.3051973339395,0.0712770637875,0.3073850182201,0.1166510810670,0.1081415818360,0.1211068605875,0.5597758215425,-0.2257642796543,-0.2385475686294,0.6012719902444,-0.3609152546250,0.6024300246552,-0.1958772935897,-0.2693138355948,0.0720598496607,-0.1698001475056,-0.2904113636651,-0.0484564749503,0.4733368277143,-0.0244783292236,-0.4236304195167,-0.2235537101520,0.3182488513450,0.4160201616500,0.4692228785387,0.2631549896445,0.9277039937737,-0.0638626335762,-0.1553284043937,0.1852902468891,0.6583463033909,0.1466495955869,0.3157411824986,0.0612338928498,-0.1756126802731,0.0986512043328,-0.0016780232786
0.2555131417267,0.4266237400113,0.2637736757789,0.6107228155097,0.2133681546865,-0.2282582970190,-0.3448664070149,0.4206327230692,-0.1218162217915,0.1064655044577,-0.2800007137704,0.2649013915008,-0.1405183211054,0.1240961604689,0.0078135243328,-0.1855356362292,0.1287799612856,0.0484088195419,0.3066018949718,0.7337956892053,-0.2899310577408,0.0507378934940,0.1167490706497,0.1205705790548,0.2026063509896,1.0000000000000,0.4946497829461,0.3728895856800,0.3559263774078,0.0983336880771,0.2522126662137,-0.4546865731555,-0.1297357119736,-0.0664919101998,0.2613136818607,-0.1100278347884,-0.0761568480045,0.1563013563284,0.1275013530263,-0.0728578168472,-0.2312465097005,-0.2883824179984,0.0499744991474,-0.1376646949303,0.0736361908040,-0.2463188723146,0.2016050246269,-0.3937845253979,0.0369689889121,-0.0036449416643,-0.1422494287371,-0.0940225612338,-0.2086300524145,-0.2883857237737,-0.3363866482868,-0.1860884354899,-0.0905500098698,0.0038667221313,-0.1414046547893,0.1636774933201,0.3612981600247,-0.0914558130562,0.3461378197632,0.2525280821052,-0.2349993379936,-0.1565979150916,0.4181698108726,-0.1870964963263,-0.2238459098273,0.2002480012036
0.1842875617376,0.3197452031568,0.2879068335593,0.3778322618791,0.1029357982598,-0.0554152036483,-0.1578893969563,0.1477651874040,-0.1451565291669,-0.0835286192778,-0.1540423480523,0.5233655621082,-0.1315092479862,0.1083593023650,-0.0501595524424,-0.2294457875147,0.0430917988462,-0.0465018429578,0.2277307716036,0.3753775222986,-0.1461539206022,-0.0872473763962,0.0008534029846,0.1202255632581,0.0585080375997,0.4946497829461,1.0000000000000,0.4933136982382,0.1711508470332,-0.0975749415534,0.1226546039671,-0.1287377055217,0.0273150603738,-0.0564767953076,0.2339985450932,-0.1434115179326,-0.4256921005442,-0.1555965948937,-0.3337908849007,-0.1133767866285,-0.1130792500276,-0.0561755449243,0.0150407825923,-0.0117665425807,-0.0605362588619,-0.1584252503617,0.1807654442816,-0.1480694150219,0.4013991657357,0.1185545999662,-0.1252109216840,-0.1433020024055,-0.2157146816826,0.2186937615099,-0.1389716112805,-0.1071575032708,-0.1618740614189,-0.1388306205958,-0.2562917789653,0.0935691963358,0.1837280907995,0.0852786657775,0.0354232263777,-0.0767148171222,-0.1044177536618,-0.1764312028695,0.0259850651111,-0.2071278460255,-0.2489707636866,-0.0254909082154
0.1700612570116,0.5446558615102,0.7321041872386,0.3587865256412,0.1018914753682,-0.3433959628288,-0.4648043537339,0.3045973914372,-0.2958064031245,0.0284989019528,-0.1584108524787,0.0780136599307,-0.1559696293567,-0.0637954448593,-0.1671621052692,-0.3358677140121,0.4082712495423,0.2462288636085,0.0429933895482,0.2412878821476,-0.1696104205420,0.3788154497303,0.2356968388530,0.5582836380519,0.1389462993044,0.3728895856800,0.4933136982382,1.0000000000000,0.3029015288366,0.0776369933062,0.3464351985386,0.0607455881906,-0.3162349579383,0.1313832817914,0.1857534606445,-0.0750002459709,-0.0415565783469,0.3356661255488,-0.0558681239255,-0.0579300018040,-0.3923853087614,-0.4956838976839,0.1178239069573,-0.3547843667687,0.0793486672973,-0.2183565444937,-0.1981506066769,-0.2691489437850,0.0611825990985,-0.2468182346909,-0.2704040818533,0.2705803711714,-0.0122316413732,-0.0795510686432,-0.0428608642914,-0.1578248146586,0.1994040642971,0.1411322548395,0.2878418918185,0.1433162653925,0.2278562201118,-0.0771779736250,0.5506861667171,0.1976347540245,-0.1042818596223,-0.0111484619470,-0.0482600013143,-0.3738638745252,-0.0818323429249,-0.0383521863536
0.3079196266635,0.4176767412001,0.2772697316564,0.3699799137474,0.5862795088377,-0.3218685995630,-0.3605214457742,0.6539252168048,-0.2163785412471,0.3478293489527,-0.0076909102200,-0.1047642094084,0.1769042346155,-0.1213229001533,-0.1870882706333,-0.1909976836975,0.6096502557923,0.2074611073699,-0.1001937587398,0.3180958648867,0.1329981372766,0.5456454017922,0.4053152751864,0.3482176624462,0.7559961491913,0.3559263774078,0.1711508470332,0.3029015288366,1.0000000000000,0.1855752713105,0.5246433856503,-0.2315710194707,-0.2554191850008,0.2171969402269,0.0909559542899,0.1171088329785,-0.0620605164141,0.0384994052504,-0.0581129931019,0.4609187286113,-0.3296326583439,-0.3481725478072,0.4765464256041,-0.2808054002454,0.2847761935580,-0.0951067706504,-0.2949700849619,-0.0615823442525,-0.1975287063320,-0.2804553020891,-0.1325966685158,0.3543915078825,0.0257390104304,-0.4282162586546,-0.1803097403856,0.1543748457428,0.4451392823508,0.2805126284162,0.2364258076976,0.6773247782980,0.0519261666633,-0.2481103824044,0.2265122379622,0.8627195090224,0.1395178988928,0.2528102496794,0.0859637580694,-0.1754677693112,0.1407659522722,-0.0178019778862
0.1695480090816,0.2136770274561,0.0286153798014,0.1883569031018,0.2279122302493,0.1395226259444,0.1365173306705,0.0447519046168,0.1651259240609,0.1759498495554,0.0335940668227,-0.0447192727816,0.2622865322612,0.2754475526275,0.3446969014139,0.2652102947576,0.1542212098454,0.1731019466717,0.2081554060449,0.2579638407292,0.0739874638373,0.2297827689551,0.2445904919748,0.1348740598483,0.1450910676637,0.0983336880771,-0.0975749415534,0.0776369933062,0.1855752713105,1.0000000000000,0.1509033185773,0.0643886810259,0.0693069359749,0.5762798148135,0.1918784231790,0.3270389443375,0.1617973928187,-0.0082466964997,0.0788813607498,0.2032959391012,0.1353873864381,0.0314474698325,-0.0034694855866,0.0726773149598,0.1938474203567,0.0608801253532,-0.0548662416799,0.0250944639835,-0.1304683403103,0.1218193973968,0.2905868808316,0.1454974842616,0.1779340494597,-0.2055541194813,-0.0964427906124,0.0217003501944,0.1918325655229,0.1532218513117,0.2011162258186,0.1035995132712,-0.1859621812076,-0.3200045719429,-0.0435616124456,0.1613339511505,0.5587227154277,0.1364890799401,0.3088465005610,0.2083112218261,0.4862603947423,0.2896328964118
0.4120341383470,0.5735087640990,0.2446701240510,0.4868511379240,0.3407253461624,-0.2821168217535,-0.4968412322672,0.6342178599942,-0.4666946827338,0.3609517947320,-0.3227282491424,-0.1777517603216,0.0442579801084,-0.1024107244428,-0.4071530260533,-0.2054432393365,0.4086955580614,0.5744948237263,-0.1638839907983,0.3134217011871,0.0747873810821,0.6352918421988,0.7059778332743,0.5620666138912,0.4643907851628,0.2522126662137,0.1226546039671,0.3464351985386,0.5246433856503,0.1509033185773,1.0000000000000,-0.1471066576250,-0.1843493706027,0.2490614859050,0.2818473519852,0.2252489305778,0.1610447458085,0.2307721842629,0.0171604479272,0.2070359094793,-0.3250675488267,-0.4640651835991,0.3618288536566,-0.4629488066050,0.2099282586888,-0.3070070662592,-0.2775039202778,-0.2219875714314,-0.2189123272969,-0.3788121558529,-0.3455199410831,0.2276058480996,0.3794270023928,-0.3237188646412,-0.0541018360790,0.0491019913233,0.4543988819711,0.5044752648885,0.3891577620893,0.4143039968508,-0.0383182355490,-0.1910758890350,0.2558247420271,0.3630739154409,-0.0044205912831,0.5450355086145,0.0566710170812,-0.2767543876268,0.2093771690688,0.1645194783262
-0.1146082095770,-0.1152910611573,-0.0238340557261,-0.0936244348459,-0.1266143529558,0.1925172147540,0.1536127657843,-0.2852301267974,0.1273802075275,-0.0519276874719,0.1476518841684,0.0155610082105,0.0123292001875,0.2212408193867,0.0257018472002,0.1829407550930,-0.1551508247679,-0.1212448343061,-0.0424298214706,-0.4162730447475,0.0987827282778,-0.0955099987250,-0.0546214279766,-0.1191683380556,-0.1571402598295,-0.4546865731555,-0.1287377055217,0.0607455881906,-0.2315710194707,0.0643886810259,-0.1471066576250,1.0000000000000,0.0693731188694,0.1976718684963,0.0655096071220,0.0213268912509,-0.0951562297060,-0.2193294523784,-0.0765610479424,-0.0463309588333,0.1563298634155,0.0525358196019,-0.0018866333461,0.0908314736354,0.0268954517485,0.1131020758968,-0.2601060587386,0.1604473773803,0.1555848838335,0.1007602203350,0.1160995712372,-0.0766478422623,0.0057603305447,0.3899390387664,0.3181902827077,0.0639503636563,-0.0833499009514,-0.0807131505574,-0.0217599925511,-0.0913700876850,-0.1281018858121,-0.0778643818595,-0.3264937622138,-0.2456275255155,0.3045571927957,-0.0828923803249,-0.1889462497200,0.0563182679127,0.2079098254215,0.0535811219032
-0.1998049162147,-0.2290960236588,-0.3681370529871,-0.0979059898387,-0.0557664528831,0.8286799812538,0.5719734280136,-0.2178120892606,0.3685912470666,-0.0996814512412,-0.0128136803919,0.1652422932595,0.1072750354090,0.2444111174924,0.3013108182752,0.5115062985463,-0.2709889799102,-0.3134910542984,0.0680821333227,-0.2590136741154,-0.0506851348772,-0.3139811583160,-0.1376263050660,-0.3717713680211,-0.2007797970366,-0.1297357119736,0.0273150603738,-0.3162349579383,-0.2554191850008,0.0693069359749,-0.1843493706027,0.0693731188694,1.0000000000000,-0.1093254565670,0.0266437782757,-0.0850416812223,-0.2220702528814,-0.4344892478398,-0.3231164886515,-0.0811277899518,0.7736096791619,0.5704034534198,-0.2472474865172,0.6242760537858,-0.1753204744705,0.0853585056634,0.1631126397033,0.0386695122330,0.0637192565761,0.5644411475336,0.2940084716265,-0.2078550146042,-0.0852957901801,0.1951783518700,-0.2055371657143,-0.0961433319883,-0.2119688194028,-0.2334354637376,-0.2460333780712,-0.2114441502505,-0.3236274524695,-0.1851282378473,-0.5264690134987,-0.2807303098429,0.1493296956416,-0.0527743838820,0.0137755582650,0.6674534294922,0.0674105860735,0.2022116115781
0.2062308131745,0.3304210706972,0.0313646995203,0.2095782198479,0.3453334213253,-0.0445177033144,-0.0840318020103,0.0221128589255,-0.1783720306335,0.3534297655608,0.0618915081973,-0.2448482126775,0.3138528560577,0.0379562534758,-0.1291253949251,-0.0528812995256,0.3359381585858,0.2851912090776,-0.2403291988466,0.0466384067294,0.3704641018230,0.4334212065118,0.4499069830701,0.3558911314531,0.3051973339395,-0.0664919101998,-0.0564767953076,0.1313832817914,0.2171969402269,0.5762798148135,0.2490614859050,0.1976718684963,-0.1093254565670,1.0000000000000,0.4031453075989,0.3096646136567,0.1807931776290,-0.0420599993245,0.0466335965319,0.3438788920665,-0.0201290184928,-0.1016221664287,0.0482048181357,-0.0989944229520,0.3704512864689,0.0530554308083,-0.2702507202138,0.1833595163748,-0.1392692676985,-0.1186322369119,0.2068046796030,0.3260735874144,0.2433570067336,-0.1748511567925,0.0614170375603,0.3384105032828,0.4103081502508,0.3395803198419,0.4030499308013,0.3056490608438,-0.2916828796593,-0.2587952564364,-0.0521107654488,0.1559457645785,0.4765007416715,0.2349256657622,-0.0362970013246,-0.0278989098762,0.5931081078424,0.3152975664780
