1.0000000000000,0.7550461634476,0.7938094768604,0.8078436090340,0.8290497762404,0.7720366390919,0.7258721708798,0.7601629258749,0.5649793693828,0.8150327811471,0.6899528945160,0.7235261840482,0.8789815739709,0.5980607868119,0.8047333370694,0.7395434173342,0.8210433241675,0.8887328698045,0.5757310670272,0.8478376947241,0.8473583070778,0.8720440730396,0.7612318892539,0.8868036562445,0.8077846906298,0.7784488971322,0.7850913670289,0.8450899834584,0.7972372524937,0.8602456356529,0.8858994952097,0.3602596547806,0.6410317352610,0.8729204209115,0.8920567899786,0.8644545651898,0.7084568985378,0.6695256112163,0.8247319483223,0.7200976759168,0.5810271530555,0.6044242363261,0.6339617472831,0.5118390728313,0.7805621907613,0.7078588192979,0.7148055373556,0.7724150959401,0.6899080259584,0.6331526207156,0.7396121445449,0.7959802917247,0.6871694478973,0.6085918215610,0.5679846895450,0.7754174953804,0.7730194463453,0.7493977548082,0.7914809066799,0.7613618034973,0.8010271848272,0.6687466760806,0.8036826511013,0.7136767602819,0.6720880832675,0.6740433657934,0.5062578171491,0.3795769590356,0.7658721148933,0.8005734818361
0.7550461634476,1.0000000000000,0.8171869720818,0.9381051249381,0.8902456069275,0.7158773123989,0.6329723695650,0.7525367228871,0.5218318579562,0.8274643842640,0.7652316194875,0.7255322045676,0.8250467690053,0.5913152241097,0.7368228145890,0.7229367394309,0.7975646913441,0.7779864014843,0.5355712003503,0.7795023293678,0.8405724829818,0.8217232269582,0.8581430326398,0.8450556018075,0.8028175077471,0.8421304863299,0.8120976095931,0.8899915304551,0.8345471642383,0.7764941662289,0.8825743093437,0.4062681898707,0.6600860531817,0.6477394982483,0.8166657912563,0.7804198049859,0.8886900622843,0.7330520871384,0.9103282758943,0.8279543239074,0.5746271577727,0.5992847479281,0.7364371539871,0.5081607135663,0.8193014184255,0.8254587349894,0.7030784240731,0.7884761648165,0.6814194953720,0.6804474243248,0.7576856004778,0.7803186174970,0.7892093870332,0.6668279945616,0.6965029010824,0.8344075048790,0.8366423644656,0.8715967605376,0.8614397372698,0.8323768746561,0.8329636171500,0.7844477736839,0.8933037458491,0.8127581710761,0.6917682517770,0.7896107278978,0.5736658836766,0.3807079292661,0.5879935795463,0.7128956329016
0.7938094768604,0.8171869720818,1.0000000000000,0.8236009409692,0.8235752809230,0.6880271081194,0.6567127874256,0.7931104064888,0.5715940400803,0.8099169627952,0.7298574699741,0.7091129494878,0.7978924636100,0.6320975786368,0.7618280663434,0.6937471394419,0.8484137745972,0.8431278420666,0.6131698374681,0.8242294427932,0.8376789133969,0.8413668092519,0.8025792207696,0.8779610687364,0.8329112276780,0.8183409737026,0.8720033130584,0.9337166877254,0.9044598995015,0.7608427310649,0.8704006429681,0.3871034098894,0.6405045078664,0.6806762040438,0.8087207174423,0.7421091947163,0.7034132183189,0.7831651627444,0.8352294476080,0.7245552010705,0.5305179136704,0.6104180811652,0.6503465039372,0.5430149349361,0.7681309009177,0.7678964210091,0.7181243314309,0.7905866330318,0.6974494908055,0.6904239153549,0.7293438507594,0.8363080156564,0.6717687991283,0.6781029767128,0.6769166014186,0.8163857465304,0.8246229804327,0.7853760254610,0.8400984976525,0.8294111609549,0.8174922494955,0.7678396521085,0.8654702318475,0.8311662798564,0.6565707040283,0.6673584565922,0.5528582250735,0.2583980035462,0.6372257437497,0.6922653543493
0.8078436090340,0.9381051249381,0.8236009409692,1.0000000000000,0.9135161330258,0.7637295234411,0.6898331637156,0.7899729766036,0.5766629453860,0.8797999444500,0.7743871199589,0.7770151958363,0.8732926249788,0.6381647156431,0.7826528973167,0.7863344528157,0.8166534122857,0.7934417362503,0.5621065889547,0.7824628733694,0.8763645495653,0.8560649443142,0.8933636286207,0.8675312044929,0.8472278815995,0.8533796116924,0.8066470509475,0.8977089913218,0.8390055683983,0.8272312602703,0.9064921150056,0.4098082761237,0.6841799103025,0.7386289581201,0.8443414383498,0.8510823372890,0.8548867064974,0.7805518350920,0.9643890395378,0.8612830058256,0.6014872910603,0.6653050473094,0.7921742843800,0.5589196796732,0.8948530359375,0.8304181591981,0.7636177246019,0.8328950065615,0.7326132565027,0.7276098601553,0.8161012498338,0.7912371193679,0.8000455112230,0.6912426076724,0.7084250315423,0.8552526332605,0.8863163616899,0.8889281480122,0.8945148422248,0.8727625097596,0.8776747451702,0.8008556122713,0.9110303556871,0.8266839209744,0.7372001466200,0.8251957022630,0.5899723387496,0.3719348318978,0.6910299296193,0.7977041906357
0.8290497762404,0.8902456069275,0.8235752809230,0.9135161330258,1.0000000000000,0.7444668161715,0.6640658080560,0.8267773629855,0.5231454988324,0.9001406403737,0.8098501545808,0.6997665516035,0.8850732378969,0.6136365607307,0.7338922557310,0.7087216269286,0.8127379317942,0.7988721895310,0.5402498927234,0.7690028035749,0.9186272788871,0.8553660672679,0.8234596934250,0.8641274455303,0.8757468569828,0.7956477341319,0.8375377221534,0.8859632292731,0.8892252565968,0.7753732108777,0.9095174013418,0.3897530456809,0.6533993460775,0.7178912726591,0.8252932614853,0.8293613571458,0.8339824040696,0.7874256846468,0.9139826151129,0.9462224942782,0.5746612333555,0.6157882241624,0.7814316996388,0.5158471312997,0.8835038978826,0.8981854704760,0.7136210033687,0.8389479166940,0.7322887876898,0.6851510219088,0.7697572938446,0.7880816126856,0.7960473835571,0.6735086558652,0.6964969875625,0.9047628791195,0.8719121698047,0.8328565922193,0.8890692371562,0.8944469529388,0.8377778819705,0.8170448531216,0.9021329950204,0.8414089167152,0.6677753205200,0.7915996653828,0.5921724161705,0.3414286345952,0.6750384385808,0.7267002857595
0.7720366390919,0.7158773123989,0.6880271081194,0.7637295234411,0.7444668161715,1.0000000000000,0.8467247715409,0.5822949994130,0.7319430444770,0.7545903383296,0.6621211723381,0.8092008994967,0.8011546184452,0.5471165896142,0.7834931738014,0.8283198033073,0.7192618340431,0.6943772308992,0.7050003491451,0.6928168540631,0.7421312436827,0.7993668762823,0.7066103142769,0.7929551284705,0.7477108406338,0.7871381819123,0.6620120821918,0.7459355909537,0.7061139450257,0.8278836467777,0.7863874162946,0.3323282703185,0.7209828952109,0.6877491099056,0.7829238474377,0.7402394359237,0.7009752716172,0.7160897762851,0.8047816359695,0.6494631791601,0.8144071032864,0.7011480583246,0.6648856344298,0.6031668196345,0.7715599094854,0.6496155703280,0.8296115176344,0.7376721139465,0.7446853340064,0.6866305534017,0.8374246534088,0.7090140806016,0.6304541253140,0.7284214606485,0.5312190811831,0.6742272771495,0.7793454973575,0.7394756185811,0.7930181472900,0.7323834631902,0.7891497104070,0.6473989184330,0.7670181270593,0.7158737088609,0.6637225604923,0.7393315598828,0.4059997927694,0.5917430352450,0.5878296084690,0.7774466435822
0.7258721708798,0.6329723695650,0.6567127874256,0.6898331637156,0.6640658080560,0.8467247715409,1.0000000000000,0.5093256138083,0.9017875660315,0.6639136345619,0.7024609883649,0.8134401462022,0.8113380114506,0.5638821485183,0.8428126602207,0.8622717588639,0.6795428441874,0.6740799114757,0.7476408546371,0.6940532462358,0.7173425803178,0.7419121601711,0.6305362246065,0.7439373133920,0.6309957948952,0.7371040558331,0.5972255922372,0.7007961720563,0.6398715077641,0.8268980444561,0.7262983079456,0.2629189347571,0.6905258083461,0.6634749231486,0.7391513709383,0.7049850027235,0.6029321227271,0.7051512432310,0.7436192767634,0.5485266262771,0.7381962191476,0.8567005045963,0.4957694485996,0.7724122046495,0.7071157039863,0.6053115921974,0.8429594503878,0.7849002487308,0.7279097807350,0.6972134903319,0.8506427781666,0.6431283423094,0.5215043180775,0.6913676943906,0.4439067627876,0.6301691617767,0.7107729304069,0.6527239572171,0.7418003626421,0.6123069801366,0.7119710122854,0.5595027104117,0.7049502155986,0.6418224492777,0.6289193753996,0.6642606886685,0.2759149341820,0.4583269951167,0.5295809884426,0.7632442063844
0.7601629258749,0.7525367228871,0.7931104064888,0.7899729766036,0.8267773629855,0.5822949994130,0.5093256138083,1.0000000000000,0.3798268626084,0.8143536327166,0.6238321734042,0.6089335080301,0.7306686866916,0.5626941459353,0.6189078225438,0.5869630929949,0.7027288974458,0.7190877796538,0.4033909525440,0.6777174478645,0.7450673084929,0.7688892174758,0.7607441555323,0.7609230692600,0.8067977555384,0.6918160732545,0.7283445637361,0.8037404787203,0.8199032702734,0.6659186680795,0.8432581144912,0.2860045211268,0.6047211128838,0.6239630049585,0.7705816878370,0.6895750864230,0.6515771408040,0.5672077376965,0.7803738624017,0.7861907809838,0.3872836305277,0.5339076502257,0.5970716223061,0.4598153689051,0.7406833592577,0.7018264939407,0.5748524511622,0.6432300207918,0.6147811882830,0.6270812379852,0.6027574721031,0.7338492991149,0.6146033549581,0.5162539656492,0.5742093799617,0.7159401760218,0.7170923096043,0.7482620997653,0.7215676158258,0.8375069178838,0.7297016232929,0.6586629427587,0.7571060850088,0.6811242121881,0.6517620543173,0.5832906874043,0.5354459850837,0.1738920748043,0.5597526895230,0.5603436621870
0.5649793693828,0.5218318579562,0.5715940400803,0.5766629453860,0.5231454988324,0.7319430444770,0.9017875660315,0.3798268626084,1.0000000000000,0.5405518341099,0.6351111748734,0.7466266843072,0.6571399095892,0.5395945138116,0.8322867879848,0.7578074020950,0.5573653212032,0.5393535679629,0.7284355056115,0.5653009665624,0.5848749121363,0.5825211418534,0.5041721977110,0.6055248269334,0.4735991095248,0.6347306469991,0.4761868369195,0.6079321039176,0.5133019579691,0.6786629155217,0.5801380124853,0.2115190514820,0.6395670198943,0.5127914228706,0.5658377112422,0.5719815649373,0.4753137758968,0.6719815227485,0.6190569961121,0.4235176042875,0.6712853601736,0.8471960112573,0.3740093146150,0.8234854893364,0.6003759819378,0.4923123207795,0.7587150055734,0.6753936072161,0.6557279336188,0.6550967108880,0.8020816843324,0.5129139867580,0.3767245377030,0.5880630513921,0.3536232167047,0.5204992339659,0.6108752319273,0.5104467584608,0.6388791355856,0.4572208971775,0.5896880401407,0.4452282604179,0.5984671434749,0.5247608027255,0.4733904231469,0.5302013927073,0.1427249727890,0.3468373510751,0.4153613113973,0.6317060622783
0.8150327811471,0.8274643842640,0.8099169627952,0.8797999444500,0.9001406403737,0.7545903383296,0.6639136345619,0.8143536327166,0.5405518341099,1.0000000000000,0.6837761430897,0.6829345623702,0.8260040028360,0.6023281597188,0.7166730835077,0.7167523685039,0.7743145790432,0.7621926530239,0.5356230501235,0.7265874076789,0.8205643555717,0.8046260591026,0.8611119891061,0.8137098241739,0.8781822964239,0.8061073121590,0.7712614514858,0.8383844481654,0.8097604871014,0.7367174161879,0.8491288295715,0.3139965493696,0.6391813380011,0.6829513868741,0.7948708904651,0.7724759202006,0.7619376282147,0.7432916453024,0.8650434769514,0.8341496134955,0.6179755810413,0.5883116277557,0.7612263884429,0.4867312498155,0.9138027675504,0.7704141268556,0.6750980631422,0.7562065277260,0.7003098393042,0.6457904494042,0.7428824700606,0.7710123588974,0.6680752727189,0.6163376093917,0.6120403441655,0.7965996856117,0.8206179184114,0.8409102377787,0.8218734296980,0.8750046816927,0.8311695029181,0.7122185929521,0.8209568529615,0.7719084948926,0.6158111248685,0.6980710434003,0.5118520199595,0.4183347917432,0.6148293614299,0.6878713609387
0.6899528945160,0.7652316194875,0.7298574699741,0.7743871199589,0.8098501545808,0.6621211723381,0.7024609883649,0.6238321734042,0.6351111748734,0.6837761430897,1.0000000000000,0.6908196337612,0.8316394712124,0.6366352838178,0.8220014128017,0.6832487265569,0.7214599266290,0.7125368504694,0.6266033370344,0.7522447987177,0.9189688616560,0.7132052280659,0.5891142349333,0.7282539053534,0.6285184761182,0.7897733459408,0.7794103356433,0.7938696626173,0.7920290632917,0.7636173525341,0.7770120566618,0.5424212265057,0.6327720130508,0.6556754768387,0.6930080259741,0.7158720618446,0.6502385102730,0.7511237367486,0.8100815970487,0.7388942481034,0.4630154996783,0.6490788943887,0.5167712361926,0.5972321205335,0.7673123967003,0.9180606896241,0.7575905400948,0.9067284020519,0.7221222537627,0.6593074156919,0.7712874675984,0.6686196968285,0.6381436189948,0.7168673008421,0.6721848674432,0.9126691083087,0.7701581172196,0.6212179070591,0.8006320074224,0.6790713577709,0.7801434475172,0.7408336794203,0.8178668181401,0.7862650355943,0.5876662417946,0.6647965354566,0.6126194830092,0.1532586062311,0.6486520667667,0.7019872683752
0.7235261840482,0.7255322045676,0.7091129494878,0.7770151958363,0.6997665516035,0.8092008994967,0.8134401462022,0.6089335080301,0.7466266843072,0.6829345623702,0.6908196337612,1.0000000000000,0.8048190650838,0.7550799407322,0.8210861236247,0.8548612888978,0.6931661751665,0.7132851337083,0.8248932085083,0.7406499018921,0.7249064993960,0.7542935801701,0.6745781684452,0.7512404514089,0.6676989423269,0.8243144924199,0.6981873964144,0.7769502326855,0.6965733180739,0.8546434097179,0.7747823261990,0.5107187345574,0.7704329325152,0.6301947833536,0.7898981638098,0.7218138839117,0.6540980597220,0.6745518292187,0.8021038846746,0.6167091720215,0.6783119058343,0.7955991059962,0.5932223466526,0.6810296846853,0.7189853665413,0.6615638922854,0.8887852791598,0.7852000241717,0.8527351322773,0.8073860683349,0.8377295430248,0.6662518071590,0.5819725629081,0.7820435722928,0.5808952375473,0.6811249656455,0.7404839160182,0.7015559150488,0.7387962136719,0.6692771341020,0.7798319522641,0.6419441301974,0.7610668466779,0.6779954007522,0.7889562559173,0.7076583574953,0.5611404637591,0.3710515444077,0.5438348380510,0.7333897338996
0.8789815739709,0.8250467690053,0.7978924636100,0.8732926249788,0.8850732378969,0.8011546184452,0.8113380114506,0.7306686866916,0.6571399095892,0.8260040028360,0.8316394712124,0.8048190650838,1.0000000000000,0.6588664701926,0.8498976628996,0.8355278062835,0.8422969677512,0.8462020841681,0.6405856767978,0.8491140409899,0.9241220850307,0.8874259399317,0.7744963878540,0.8871866703964,0.7929688377367,0.8518891668093,0.8182009136419,0.8745908461381,0.8225171928434,0.9008065709140,0.9000645719287,0.4341426069245,0.6929549564004,0.8335583684721,0.8921972768064,0.8711099009859,0.7882536995837,0.7740264606933,0.8944483529234,0.7872103339871,0.6357424257292,0.7347618343721,0.6671268891377,0.6503833924638,0.8481809761100,0.8396155536843,0.8219383135836,0.9384924793715,0.7643639373585,0.7442997848579,0.8563492605062,0.8002260532729,0.7539229405124,0.7468486789980,0.6655717959606,0.8697605701906,0.8398080333465,0.7824684772573,0.8768295282018,0.7931623405597,0.8476374898276,0.7617269247499,0.8779957341009,0.7868358240538,0.7453027615766,0.7769290118115,0.5645856231927,0.3896217852350,0.7469070476031,0.8530625711219
0.5980607868119,0.5913152241097,0.6320975786368,0.6381647156431,0.6136365607307,0.5471165896142,0.5638821485183,0.5626941459353,0.5395945138116,0.6023281597188,0.6366352838178,0.7550799407322,0.6588664701926,1.0000000000000,0.7248887667672,0.6453637726721,0.6033784007316,0.5851678187830,0.5953898660363,0.6245610443306,0.6582701569849,0.5827754976567,0.5471132803791,0.6271169557910,0.5470747037219,0.7656096445846,0.6355098534688,0.6742242217657,0.6449806403462,0.6974550187410,0.6637161682241,0.5773833645042,0.6366044617978,0.5718029794978,0.6680884261481,0.5954394628469,0.4567934243322,0.5860219917181,0.6359724352773,0.5611649302832,0.4687565603290,0.6659033692778,0.4626631428676,0.6514346270151,0.6504192154168,0.6176863385959,0.7172745444262,0.6853140192539,0.8621066929920,0.7625867511542,0.6877695210238,0.5990209162408,0.4029899462675,0.6311227700692,0.4716746513598,0.6282750062009,0.6274893921453,0.5691644816316,0.5960259058796,0.5885520604365,0.6501136802817,0.5311797807236,0.6418578376050,0.6191045565152,0.6351231499557,0.5398446265542,0.6708411448539,0.1560913274865,0.5232419534073,0.5598163691260
0.8047333370694,0.7368228145890,0.7618280663434,0.7826528973167,0.7338922557310,0.7834931738014,0.8428126602207,0.6189078225438,0.8322867879848,0.7166730835077,0.8220014128017,0.8210861236247,0.8498976628996,0.7248887667672,1.0000000000000,0.8423541756182,0.7740706768994,0.7792700713766,0.7236018104216,0.8233330501422,0.8129718416818,0.7889368949408,0.6802482155146,0.8233220966051,0.6636556120799,0.8510707516852,0.7227090470423,0.8159427463078,0.7369783924603,0.8940272315456,0.8154457699191,0.4094377778878,0.7769977587383,0.7613181867965,0.8049669671715,0.7877439962702,0.6148120979840,0.7640353142826,0.8005357929973,0.6457894716394,0.6174597178510,0.8112348553001,0.5448153310620,0.7694659581163,0.7894347073080,0.7226204582754,0.8195512150022,0.8548209034595,0.7633474425249,0.7987534333518,0.8722658592021,0.7230677652843,0.5841833458558,0.6961746874000,0.5650068914222,0.7525970237512,0.7787756799210,0.6819129240392,0.8038573926027,0.6586664648644,0.7896659590327,0.6176798568316,0.7909389969542,0.7182682421870,0.6845762014209,0.6541849033011,0.4748381299765,0.3212876225196,0.6846328656236,0.8037429904126
0.7395434173342,0.7229367394309,0.6937471394419,0.7863344528157,0.7087216269286,0.8283198033073,0.8622717588639,0.5869630929949,0.7578074020950,0.7167523685039,0.6832487265569,0.8548612888978,0.8355278062835,0.6453637726721,0.8423541756182,1.0000000000000,0.7260853333710,0.6877091681154,0.6847425848512,0.7192981043032,0.7350713252672,0.7872814796876,0.6980840313400,0.7843054427729,0.6993618465821,0.8368533193982,0.6431406281026,0.7652945718739,0.6870265950524,0.8958213513396,0.7824590660225,0.3657828124040,0.7189399394120,0.7011057177043,0.8093275398595,0.7290542125713,0.6739260160222,0.6984479252146,0.8161528901657,0.6140880800126,0.6701891601242,0.8023192981128,0.5959333539839,0.6981087764986,0.7888989718011,0.6262920979619,0.8312712785762,0.7913380756359,0.7620927125554,0.7585684373659,0.9083129102112,0.6863839142110,0.6292365578722,0.7419918039420,0.5433247220887,0.6565788407078,0.7443968102532,0.7083783264354,0.7730752241760,0.6797586515241,0.7959842855023,0.6085694417217,0.7624019202949,0.6683210648533,0.7451849922220,0.6826655380192,0.4122831422386,0.4237615410716,0.6079533336693,0.8337542134653
0.8210433241675,0.7975646913441,0.8484137745972,0.8166534122857,0.8127379317942,0.7192618340431,0.6795428441874,0.7027288974458,0.5573653212032,0.7743145790432,0.7214599266290,0.6931661751665,0.8422969677512,0.6033784007316,0.7740706768994,0.7260853333710,1.0000000000000,0.7763937319734,0.5203207212768,0.7753525943086,0.8261240830965,0.9152064080086,0.7950249079123,0.9399083841195,0.8476016069392,0.8170271033181,0.7433050893759,0.8618590430595,0.8629906598078,0.8197397643047,0.8920179639677,0.3652862681155,0.6068615323691,0.7848800154655,0.8478320249182,0.7939476567945,0.7383665347641,0.7563208241629,0.8299837063270,0.7012276367016,0.5614425299123,0.6041276122342,0.7156456865476,0.5473428968343,0.7903185664442,0.7311589287360,0.7139070154810,0.7831100317167,0.6806968067422,0.6414188692321,0.7424073277525,0.9484126280074,0.6577007529265,0.6219119352437,0.5776424027846,0.7950552029327,0.8522687105902,0.8065179858429,0.8576176400746,0.8314777304389,0.8066367505131,0.6650086011210,0.8071796611973,0.8035599404442,0.6528428961759,0.7508265270573,0.5067496690224,0.3485121828565,0.6901229700319,0.7980912983534
0.8887328698045,0.7779864014843,0.8431278420666,0.7934417362503,0.7988721895310,0.6943772308992,0.6740799114757,0.7190877796538,0.5393535679629,0.7621926530239,0.7125368504694,0.7132851337083,0.8462020841681,0.5851678187830,0.7792700713766,0.6877091681154,0.7763937319734,1.0000000000000,0.6445255544556,0.9389080275770,0.8525575405324,0.8128678279228,0.7355096219011,0.8574613528162,0.7218787750369,0.7760448875963,0.8698132162547,0.8492789837798,0.7935454969806,0.8303919288355,0.8564673573723,0.3581478786329,0.6572720712766,0.8098970869370,0.8829168244337,0.8258322714090,0.6918173332185,0.6845899251849,0.8020129634406,0.6933747271536,0.5373564394073,0.5849008663764,0.5554838036532,0.4946964297160,0.7102041563854,0.7564972105299,0.6927637554693,0.8059379976596,0.6459652773862,0.6515819701051,0.7006186256629,0.7633040765050,0.7196912840761,0.6566110141331,0.7050303707534,0.8132498772242,0.7768830869758,0.7165254714630,0.8129951451169,0.7129521958133,0.7789200504229,0.7178648578183,0.7944302393996,0.7398877974576,0.7249089975350,0.6674817317963,0.5487839227533,0.3294155342160,0.7578221959751,0.7505354152200
0.5757310670272,0.5355712003503,0.6131698374681,0.5621065889547,0.5402498927234,0.7050003491451,0.7476408546371,0.4033909525440,0.7284355056115,0.5356230501235,0.6266033370344,0.8248932085083,0.6405856767978,0.5953898660363,0.7236018104216,0.6847425848512,0.5203207212768,0.6445255544556,1.0000000000000,0.7028274840246,0.6243048088858,0.5670053017078,0.4571745762596,0.5764666076747,0.4746868431325,0.6517464946104,0.6465941970910,0.6334215698914,0.5707782276332,0.6794356458343,0.5775541563104,0.4418166437616,0.6691210475703,0.4692412520523,0.5580290647789,0.5620254052024,0.4648749465894,0.6325909073949,0.6236861820505,0.4459555532767,0.6381374712155,0.6614443718954,0.3862677947583,0.5696809551793,0.5517548726051,0.5834883517777,0.7863456867046,0.7054256081140,0.7263420516791,0.6224119601244,0.7251303246560,0.4788093992921,0.4657571847946,0.7715429140147,0.5685955119531,0.6028482734069,0.6028414421058,0.4903209550831,0.6262019255244,0.4630970040895,0.6203534121152,0.5897340641715,0.6167543443865,0.5739447704681,0.5303225018469,0.5328613251666,0.4450925020623,0.2855849345431,0.4345954906628,0.5818698556309
0.8478376947241,0.7795023293678,0.8242294427932,0.7824628733694,0.7690028035749,0.6928168540631,0.6940532462358,0.6777174478645,0.5653009665624,0.7265874076789,0.7522447987177,0.7406499018921,0.8491140409899,0.6245610443306,0.8233330501422,0.7192981043032,0.7753525943086,0.9389080275770,0.7028274840246,1.0000000000000,0.8473724986353,0.8051435749588,0.7187483197817,0.8472676132037,0.7021513276463,0.8148084061593,0.8939605856429,0.8491086115201,0.7925010851224,0.8538347035750,0.8421460161509,0.4427405652403,0.6852901086555,0.7656078036494,0.8538173762727,0.8122647335585,0.6643753363683,0.6979154775380,0.8017325804048,0.6516650376319,0.5275453855080,0.6315050119137,0.5571613006392,0.5517816610137,0.7215333985160,0.7690705344325,0.7408430674910,0.8370603732167,0.6836925838165,0.6808644480928,0.7485911409017,0.7450745086052,0.7144894605638,0.7302360541441,0.7367392303875,0.8010834891096,0.7691477943989,0.7182751398394,0.8078071592249,0.6922624043438,0.7921015909083,0.7448169280458,0.8060706464205,0.7544656869525,0.7083412715019,0.6727235975359,0.5933270778231,0.2781614108605,0.7062956211108,0.7720290195724
0.8473583070778,0.8405724829818,0.8376789133969,0.8763645495653,0.9186272788871,0.7421312436827,0.7173425803178,0.7450673084929,0.5848749121363,0.8205643555717,0.9189688616560,0.7249064993960,0.9241220850307,0.6582701569849,0.8129718416818,0.7350713252672,0.8261240830965,0.8525575405324,0.6243048088858,0.8473724986353,1.0000000000000,0.8385457497371,0.7393936630715,0.8536604350714,0.7794315065386,0.8383214244190,0.8856057462874,0.9008791971861,0.8860914648006,0.8322111727950,0.8863988605452,0.4959406939925,0.6426998068756,0.7961008587822,0.8212578786635,0.8498885116609,0.7560975134877,0.8084356688470,0.9011298929756,0.8227363246779,0.5431909902901,0.6386046122092,0.6403923290894,0.5609861481755,0.8467381024120,0.9409317795873,0.7806733580292,0.9394518244714,0.7573150603609,0.6930239569734,0.7970075268140,0.7824058224742,0.7926043024117,0.7417216513417,0.7479472688027,0.9731056274458,0.8665632245739,0.7492101845437,0.9001024664828,0.8040809703570,0.8582508132206,0.8404374408778,0.9118196251044,0.8498486084860,0.6798259200499,0.7501293069898,0.6498554253177,0.2512945375277,0.7805360325329,0.8019360132829
0.8720440730396,0.8217232269582,0.8413668092519,0.8560649443142,0.8553660672679,0.7993668762823,0.7419121601711,0.7688892174758,0.5825211418534,0.8046260591026,0.7132052280659,0.7542935801701,0.8874259399317,0.5827754976567,0.7889368949408,0.7872814796876,0.9152064080086,0.8128678279228,0.5670053017078,0.8051435749588,0.8385457497371,1.0000000000000,0.8212428187689,0.9642422254965,0.8764951245457,0.8136801831849,0.7839491082067,0.8771502972345,0.8903454282875,0.8734314286009,0.9415874150022,0.3619855707794,0.6709923350844,0.8065207319536,0.8851654481621,0.8296819478119,0.7617090343206,0.7368614643763,0.8677367426698,0.7513618720111,0.6043558101467,0.6508495908998,0.7236729014957,0.5495883168393,0.8098170428616,0.7343965928302,0.7433371925148,0.7921871590161,0.6929860310902,0.6768764166508,0.7757233716302,0.8708880836378,0.7294758195770,0.6655786329241,0.5973440689975,0.7848341731549,0.8694729086405,0.8308076261693,0.8869227586987,0.8505315795057,0.8117524112824,0.7053662680553,0.8450421949666,0.8011396237589,0.7205448122544,0.7790653368909,0.5093735240540,0.3872885173615,0.7002043749431,0.8194539772301
0.7612318892539,0.8581430326398,0.8025792207696,0.8933636286207,0.8234596934250,0.7066103142769,0.6305362246065,0.7607441555323,0.5041721977110,0.8611119891061,0.5891142349333,0.6745781684452,0.7744963878540,0.5471132803791,0.6802482155146,0.6980840313400,0.7950249079123,0.7355096219011,0.4571745762596,0.7187483197817,0.7393936630715,0.8212428187689,1.0000000000000,0.8520319194500,0.8578504679793,0.7767584414232,0.7206370598020,0.8151687137221,0.7885857710351,0.7535043030477,0.8785586816211,0.2850756991241,0.5908906718401,0.6850071446493,0.8153964856466,0.7739536993830,0.7853630443709,0.7011280061295,0.8492852948351,0.7460152873245,0.5887068299618,0.5756511145043,0.7781231485646,0.4986511146374,0.8087985052930,0.6798918856664,0.6786279566219,0.6916478066794,0.6449550330144,0.6458324072716,0.6882696184861,0.8154183062280,0.6692484061412,0.5730390358288,0.5812899589037,0.7081162522854,0.8192848222375,0.9710931967630,0.8293515398799,0.8726860232644,0.8037107467685,0.6845925476421,0.8103837034753,0.8000225321084,0.6583743583233,0.7778987448921,0.4872448275892,0.4157921844814,0.5849457055656,0.7089886182800
0.8868036562445,0.8450556018075,0.8779610687364,0.8675312044929,0.8641274455303,0.7929551284705,0.7439373133920,0.7609230692600,0.6055248269334,0.8137098241739,0.7282539053534,0.7512404514089,0.8871866703964,0.6271169557910,0.8233220966051,0.7843054427729,0.9399083841195,0.8574613528162,0.5764666076747,0.8472676132037,0.8536604350714,0.9642422254965,0.8520319194500,1.0000000000000,0.8678383614693,0.8406875105711,0.8078175238712,0.9036370316596,0.8918990339482,0.8854206585368,0.9510572386570,0.3656774751105,0.6812392227216,0.8258113994293,0.9189896841953,0.8437575219821,0.7653551170850,0.7546523155907,0.8701576648383,0.7454764883250,0.6087190408036,0.6709929088712,0.7148737919256,0.5957865634512,0.8183825775462,0.7457206126326,0.7572343827090,0.8001252617661,0.7141715693653,0.6951481096106,0.7909231392758,0.9029119237397,0.7220921773977,0.6646284237770,0.6040715273943,0.7957017709045,0.8780144855030,0.8529218132979,0.8927043465043,0.8424343241255,0.8260079344846,0.7025371449270,0.8571426182055,0.8091682282858,0.7305344063523,0.7725727625834,0.5177292142212,0.3933347927546,0.7284901406485,0.8277373804744
0.8077846906298,0.8028175077471,0.8329112276780,0.8472278815995,0.8757468569828,0.7477108406338,0.6309957948952,0.8067977555384,0.4735991095248,0.8781822964239,0.6285184761182,0.6676989423269,0.7929688377367,0.5470747037219,0.6636556120799,0.6993618465821,0.8476016069392,0.7218787750369,0.4746868431325,0.7021513276463,0.7794315065386,0.8764951245457,0.8578504679793,0.8678383614693,1.0000000000000,0.7633137164265,0.7502340444397,0.8426512019584,0.8804216465967,0.7471931838567,0.8767753246675,0.3227571388411,0.6061494952722,0.6903121544146,0.8072037947323,0.7844411049037,0.7745837835944,0.7382343234479,0.8544544402219,0.7907421375992,0.5910817194963,0.5647744454248,0.8401368694396,0.4698576318923,0.8626424831017,0.7123238476215,0.6943658951507,0.7180792348489,0.6958009851423,0.6189667349271,0.7348147669251,0.8620550428050,0.6974700446959,0.6231545496252,0.6002237870283,0.7444899894398,0.8329055632964,0.8621841006520,0.8136919769519,0.9506536239652,0.8086013651753,0.7312892455652,0.8253651751207,0.8363831795626,0.6239344269688,0.7584426724595,0.5306136841932,0.3843908485542,0.6149995294166,0.7248015972231
0.7784488971322,0.8421304863299,0.8183409737026,0.8533796116924,0.7956477341319,0.7871381819123,0.7371040558331,0.6918160732545,0.6347306469991,0.8061073121590,0.7897733459408,0.8243144924199,0.8518891668093,0.7656096445846,0.8510707516852,0.8368533193982,0.8170271033181,0.7760448875963,0.6517464946104,0.8148084061593,0.8383214244190,0.8136801831849,0.7767584414232,0.8406875105711,0.7633137164265,1.0000000000000,0.8132024376440,0.8786202991942,0.8113051085758,0.8937849610724,0.8616646008418,0.4937385979393,0.7546918952586,0.6965115116125,0.8563565196680,0.7559858735793,0.7393730356750,0.7597480643621,0.8584094583251,0.7011987790106,0.6519373482034,0.6958711694759,0.6568380771976,0.6471686277442,0.8292422522563,0.7690392219463,0.8101716175122,0.8352775995505,0.7939449929018,0.7973288202165,0.8333457263876,0.7850517547308,0.6533464623118,0.7586132074587,0.6419880232874,0.7941072174406,0.8093347409277,0.8002160795354,0.8205327259136,0.7756698743364,0.8844397864070,0.7124932371944,0.8567532116736,0.7797363207084,0.7500970650744,0.7217223231060,0.6043205779694,0.4046042023002,0.6340092240682,0.7788427952470
0.7850913670289,0.8120976095931,0.8720033130584,0.8066470509475,0.8375377221534,0.6620120821918,0.5972255922372,0.7283445637361,0.4761868369195,0.7712614514858,0.7794103356433,0.6981873964144,0.8182009136419,0.6355098534688,0.7227090470423,0.6431406281026,0.7433050893759,0.8698132162547,0.6465941970910,0.8939605856429,0.8856057462874,0.7839491082067,0.7206370598020,0.8078175238712,0.7502340444397,0.8132024376440,1.0000000000000,0.9085154800575,0.8475330543267,0.7624132330523,0.8316788433720,0.5186733432310,0.6230157431360,0.6770764110915,0.7787763458333,0.7554769977012,0.7150660245046,0.7394767495095,0.8298991696768,0.7343565076029,0.4863577289605,0.5314900342698,0.6150401473871,0.4564895187657,0.7516243122459,0.8322657288509,0.7021703806324,0.8294408520990,0.7179345411687,0.6646847660420,0.6947629654552,0.7086595769027,0.7726463380704,0.7316389467942,0.7765011526197,0.8650138040370,0.7873023604300,0.7262741831716,0.8194348326237,0.7581498697910,0.8158559388241,0.8760602955781,0.8894213643756,0.7976476246483,0.6412209319555,0.6748578464313,0.6733702193582,0.2179797987505,0.6664543506627,0.6798882407453
0.8450899834584,0.8899915304551,0.9337166877254,0.8977089913218,0.8859632292731,0.7459355909537,0.7007961720563,0.8037404787203,0.6079321039176,0.8383844481654,0.7938696626173,0.7769502326855,0.8745908461381,0.6742242217657,0.8159427463078,0.7652945718739,0.8618590430595,0.8492789837798,0.6334215698914,0.8491086115201,0.9008791971861,0.8771502972345,0.8151687137221,0.9036370316596,0.8426512019584,0.8786202991942,0.9085154800575,1.0000000000000,0.8985100522029,0.8320087246430,0.9056368923979,0.4468984164986,0.6953374898307,0.7329914538621,0.8491800435660,0.8173627645931,0.8011966296589,0.8244540508856,0.9075225652665,0.7883495242104,0.5707697634885,0.6581037408657,0.6908029687702,0.5803111457837,0.8379494161342,0.8274871568754,0.7581365096048,0.8508609109169,0.7554258577640,0.7276137228209,0.8046205580570,0.8270607825468,0.7780905520362,0.7133186766936,0.7115911489393,0.8665704464290,0.8685673861404,0.8138813938011,0.8877039633277,0.8387125119529,0.8745949417426,0.8358950119544,0.9600595562236,0.8220861481561,0.7087465564709,0.7336157676346,0.5876454512823,0.2937752615784,0.6908291669703,0.7718117925103
0.7972372524937,0.8345471642383,0.9044598995015,0.8390055683983,0.8892252565968,0.7061139450257,0.6398715077641,0.8199032702734,0.5133019579691,0.8097604871014,0.7920290632917,0.6965733180739,0.8225171928434,0.6449806403462,0.7369783924603,0.6870265950524,0.8629906598078,0.7935454969806,0.5707782276332,0.7925010851224,0.8860914648006,0.8903454282875,0.7885857710351,0.8918990339482,0.8804216465967,0.8113051085758,0.8475330543267,0.8985100522029,1.0000000000000,0.7764250533259,0.9203129207872,0.4671342810523,0.6405981900919,0.6924271337718,0.8145275431615,0.7516913258853,0.7264903806848,0.7725850707734,0.8558248044059,0.7986783171697,0.5018010715518,0.5897677583356,0.6805934656821,0.5159719374722,0.7950197493912,0.8401763552091,0.7230369031847,0.8042467455772,0.7341550691490,0.6628941578627,0.7363485979879,0.8459513242494,0.7181618863248,0.6937472359034,0.6807992749268,0.8619793082853,0.8457509197571,0.7999114880481,0.8610069622887,0.8703490154518,0.8114836571896,0.7753955528086,0.8654008487554,0.8920032370024,0.6524963827611,0.7139519793603,0.6339931004533,0.2100600697836,0.6460202613268,0.7053586461227
0.8602456356529,0.7764941662289,0.7608427310649,0.8272312602703,0.7753732108777,0.8278836467777,0.8268980444561,0.6659186680795,0.6786629155217,0.7367174161879,0.7636173525341,0.8546434097179,0.9008065709140,0.6974550187410,0.8940272315456,0.8958213513396,0.8197397643047,0.8303919288355,0.6794356458343,0.8538347035750,0.8322111727950,0.8734314286009,0.7535043030477,0.8854206585368,0.7471931838567,0.8937849610724,0.7624132330523,0.8320087246430,0.7764250533259,1.0000000000000,0.8937767868138,0.4476862993170,0.7555223261802,0.8332855172058,0.9136156128928,0.8312380397314,0.7025809770838,0.7225101245641,0.8425590018355,0.6654224561849,0.6434328591857,0.7465028692039,0.6153540697314,0.6648932781749,0.7944096705186,0.7149877406462,0.8372772008953,0.8491425708412,0.7688041724312,0.7754010040295,0.8486866775177,0.7756348010945,0.6848725623294,0.7364452391552,0.5948571959743,0.7515471990530,0.7897729282796,0.7727983548698,0.8217513080838,0.7343437806797,0.8219002375890,0.6610939540973,0.8181715466039,0.7453671719080,0.8198534569741,0.7463337392386,0.5445482678221,0.4087773019990,0.7324556812231,0.8717237731830
0.8858994952097,0.8825743093437,0.8704006429681,0.9064921150056,0.9095174013418,0.7863874162946,0.7262983079456,0.8432581144912,0.5801380124853,0.8491288295715,0.7770120566618,0.7747823261990,0.9000645719287,0.6637161682241,0.8154457699191,0.7824590660225,0.8920179639677,0.8564673573723,0.5775541563104,0.8421460161509,0.8863988605452,0.9415874150022,0.8785586816211,0.9510572386570,0.8767753246675,0.8616646008418,0.8316788433720,0.9056368923979,0.9203129207872,0.8937767868138,1.0000000000000,0.4229278622125,0.6985867450718,0.8080317110610,0.9283911257864,0.8438590891584,0.8047595671398,0.7516698382398,0.9005183528718,0.8123002330569,0.5932884043770,0.6673501662278,0.7276636049872,0.5897606838987,0.8343519170672,0.8032397927279,0.7740134222583,0.8215205393993,0.7490613159866,0.7188690257898,0.7891344762919,0.8741569847102,0.7321388283991,0.6850235595762,0.6375015873727,0.8395811733641,0.8620116643625,0.8872143208752,0.8841388795787,0.8798227312284,0.8477598102620,0.7365811537000,0.8819671044986,0.8516119449225,0.7498720938019,0.8136624153962,0.5959558849010,0.3524459049113,0.7086377204067,0.7958148279182
0.3602596547806,0.4062681898707,0.3871034098894,0.4098082761237,0.3897530456809,0.3323282703185,0.2629189347571,0.2860045211268,0.2115190514820,0.3139965493696,0.5424212265057,0.5107187345574,0.4341426069245,0.5773833645042,0.4094377778878,0.3657828124040,0.3652862681155,0.3581478786329,0.4418166437616,0.4427405652403,0.4959406939925,0.3619855707794,0.2850756991241,0.3656774751105,0.3227571388411,0.4937385979393,0.5186733432310,0.4468984164986,0.4671342810523,0.4476862993170,0.4229278622125,1.0000000000000,0.3040895172946,0.3314908981423,0.3613038498721,0.3529145364345,0.2945467964853,0.3296564876006,0.4271748672181,0.3345511580279,0.1839189589157,0.2773091141545,0.2899045724344,0.2105766885812,0.3835930483248,0.4987358221850,0.5201915627113,0.5069163852156,0.6080631585389,0.3789778887330,0.4113029707445,0.3327613685566,0.2758337135223,0.5436662419911,0.3811461393959,0.5121575558626,0.3762034821575,0.3134596868915,0.3509043977538,0.3447897229481,0.4182896365421,0.4273881214200,0.4573033530534,0.4526665930795,0.3531859205216,0.3509259472840,0.7505715797884,-0.0486914210035,0.3532462153767,0.3790758456061
0.6410317352610,0.6600860531817,0.6405045078664,0.6841799103025,0.6533993460775,0.7209828952109,0.6905258083461,0.6047211128838,0.6395670198943,0.6391813380011,0.6327720130508,0.7704329325152,0.6929549564004,0.6366044617978,0.7769977587383,0.7189399394120,0.6068615323691,0.6572720712766,0.6691210475703,0.6852901086555,0.6426998068756,0.6709923350844,0.5908906718401,0.6812392227216,0.6061494952722,0.7546918952586,0.6230157431360,0.6953374898307,0.6405981900919,0.7555223261802,0.6985867450718,0.3040895172946,1.0000000000000,0.5776870542680,0.7326248139411,0.6754786153960,0.5453564574774,0.6405341794662,0.6993158798544,0.5994767720013,0.6318699393519,0.7115135411506,0.5222779486806,0.6103848685605,0.6733856741549,0.6173641065721,0.6933461061991,0.6740425803884,0.6652957449241,0.7736602422120,0.7442667287226,0.6179645384901,0.5281738711590,0.6447837483748,0.5733739751608,0.6081006571776,0.6903806955129,0.6132715146396,0.6907571967585,0.6157224565400,0.7236777477318,0.5583658211942,0.6780155328889,0.6100429636426,0.7068322025449,0.5983445926390,0.4706194684654,0.4166239346667,0.5536366776232,0.6669341734639
0.8729204209115,0.6477394982483,0.6806762040438,0.7386289581201,0.7178912726591,0.6877491099056,0.6634749231486,0.6239630049585,0.5127914228706,0.6829513868741,0.6556754768387,0.6301947833536,0.8335583684721,0.5718029794978,0.7613181867965,0.7011057177043,0.7848800154655,0.8098970869370,0.4692412520523,0.7656078036494,0.7961008587822,0.8065207319536,0.6850071446493,0.8258113994293,0.6903121544146,0.6965115116125,0.6770764110915,0.7329914538621,0.6924271337718,0.8332855172058,0.8080317110610,0.3314908981423,0.5776870542680,1.0000000000000,0.8532868487812,0.8677154829553,0.6082751143847,0.6104840139538,0.7385793021599,0.6203256103906,0.5386123512003,0.5676991435407,0.5600957854614,0.4978086517773,0.7033068333319,0.6531209452560,0.6756482283366,0.7600118263398,0.6309046682110,0.6002911066201,0.6916400303258,0.7689989220644,0.6186951832537,0.5309092661789,0.5051893656059,0.7284833528846,0.7145522896107,0.6636596362199,0.7386553594454,0.6750439179710,0.7401036245859,0.5834309300531,0.7130242401596,0.6493713933810,0.6760611466020,0.6701695639717,0.4746051152631,0.3671988781619,0.9129066886301,0.8502491371471
0.8920567899786,0.8166657912563,0.8087207174423,0.8443414383498,0.8252932614853,0.7829238474377,0.7391513709383,0.7705816878370,0.5658377112422,0.7948708904651,0.6930080259741,0.7898981638098,0.8921972768064,0.6680884261481,0.8049669671715,0.8093275398595,0.8478320249182,0.8829168244337,0.5580290647789,0.8538173762727,0.8212578786635,0.8851654481621,0.8153964856466,0.9189896841953,0.8072037947323,0.8563565196680,0.7787763458333,0.8491800435660,0.8145275431615,0.9136156128928,0.9283911257864,0.3613038498721,0.7326248139411,0.8532868487812,1.0000000000000,0.8501697845359,0.7575080338815,0.6629468265350,0.8429835961151,0.7172604077237,0.6127850430005,0.6781729910237,0.6521909405811,0.5975286063029,0.7819943738910,0.7198850541084,0.7640108822981,0.7868591176613,0.7363289468952,0.7470950202788,0.7775039195211,0.8506787970663,0.6789463630125,0.6560677344691,0.6005218981492,0.7499027242163,0.7995891477247,0.8221293792038,0.8200921239402,0.8030900994480,0.8448312302317,0.6532178268732,0.8126595292241,0.7491880150767,0.8356322115667,0.7642039002452,0.5501085589844,0.4370667222550,0.7429612619592,0.8180282043138
