1.0000000000000,0.2048798894607,0.3816018442788,0.3419635124648,-0.0444956228848,-0.1647188218536,0.0135331319128,0.4951133533867,0.1113360451180,0.1954166140909,-0.0057947824806,-0.0099129087795,0.0958428279928,0.1982385031818,0.5742642592677,0.1790914073281,0.1726614932836,0.5203598703964,0.2390663594492,0.3797198634881,0.0989648653980,0.2199967182428,0.1204508088648,0.3347708446702,0.1226565438101,0.4140960809406,0.3126232583883,0.3023247176638,0.0150862987585,0.3443926437493,0.3214459224529,-0.3172567828492,0.0368557919229,0.2395749409378,0.1681510872061,0.2617646639780,0.0607790126468,0.2512187830113,0.1586340973678,-0.0794821573150,-0.0794361730703,-0.0890619129274,-0.0056698116071,-0.3375562353240,0.0603198702245,-0.1416428046711,0.0116601298196,0.0264483071503,0.0618285106148,0.1072717659046,0.1010432380562,0.2191920548995,0.0317514374826,-0.1741172039539,-0.0884609562287,0.0323470899716,0.0694551720764,-0.0274346431629,0.1877222817807,0.0118917048394,0.2965466622998,0.1191412509508,0.2805456304823,-0.0649394583371,0.0588275798499,-0.1766410135548,-0.0987872458930,0.2580860150358,0.2178153935591,0.0887421238309
0.2048798894607,1.0000000000000,0.3193496250984,0.6640908109003,-0.1828933981903,0.0436448416119,-0.0070841453712,0.3923828392060,0.2311544792862,0.0535858050066,-0.2276755228629,-0.1885229400442,-0.1875625281143,-0.0090737189890,0.2294568202720,-0.0022779487053,0.0877946314752,0.4347086295845,0.0335909114851,0.3027387794037,-0.1393125785789,-0.1400098164762,0.3789586398068,0.1096918029503,0.1316634748628,0.5882761621403,0.4797363766280,0.5007563294366,-0.1417727299427,0.3741168313216,0.3711476076565,-0.0463446329408,0.2864619546989,0.4440748684676,0.5113134460357,0.0844203094220,0.7351779532051,0.3911308788046,0.4493460138090,-0.1625061386838,0.0735123952931,-0.1249586745625,-0.0119977160294,-0.4091327410525,0.0021218290302,-0.2069301515579,-0.2186004037684,-0.2764357632085,-0.1605059952510,-0.2899577441099,0.0364755523358,-0.0594237941531,0.2392135449814,-0.4219422430637,-0.0348636885952,-0.1382405402378,-0.3262382552657,0.2731340647785,-0.0815017411772,-0.0116893193929,0.3267338613463,0.3882105456403,0.4457813192765,-0.0973007980861,-0.2981988275649,-0.2924426656159,-0.3411358202834,0.2219467004298,0.0059508425721,0.2607739009994
0.3816018442788,0.3193496250984,1.0000000000000,0.4339114153675,-0.2292074986319,0.1256248700430,0.0714496568248,0.7102328467734,0.3532191572866,0.0072581746198,-0.2452982680183,-0.1983393235622,-0.2180984480831,-0.0929542224455,0.4106682471825,0.1075953418637,0.2157883833829,0.4322604287199,0.0497651720003,0.1887777934008,-0.1987238584580,0.1567335505080,0.1013105243469,0.4265026724469,0.1827445331579,0.4398058543298,0.6849342772269,0.7421548756336,0.1291822700589,0.1341292194428,0.5702538082811,-0.1480922195359,0.1307652520104,0.2032294082818,0.0357787181840,-0.2526944484018,0.0174096255584,0.7067608002785,0.2415729873854,-0.1675548647844,0.0924519424866,-0.2372589095501,0.1168786061357,-0.2825206083651,-0.1018652943032,-0.3794201928910,-0.2605874540120,-0.2861632444895,-0.2177146798347,-0.2812687623656,-0.0213194782341,0.1853483161575,-0.0643527329454,-0.4512524595088,-0.2623259143726,-0.1858461019829,-0.1521263356554,-0.0622175490439,0.2389119310085,-0.0890524895620,0.1840877673824,0.3073043252559,0.6594553518637,0.0656722579590,-0.4119255605673,-0.1860046931218,-0.2050309883381,0.1302764810996,-0.0933169424366,-0.1859443941432
0.3419635124648,0.6640908109003,0.4339114153675,1.0000000000000,-0.0281759214121,0.2269452700953,0.2113683004565,0.6533388100110,0.4433201524217,0.3946841400430,-0.1305808201390,-0.1487334590664,-0.0320753484497,0.0521201905044,0.5093626596974,0.3142460603885,0.1908496548925,0.4345574386734,0.0101067754655,0.3846475375065,-0.0725668799015,-0.0169388838606,0.5518521445805,0.1965910266319,0.4564708459704,0.6792603862379,0.6182257902535,0.4418469878737,0.1496187031550,0.3527199794281,0.5858390119373,-0.0338496372444,0.1803780422268,0.3324763322749,0.3988072298860,-0.0567935930179,0.3429602443545,0.4063453809998,0.6447434969391,-0.0147426107231,0.2371746876736,-0.1304589295985,0.1465397931201,-0.3700069096895,0.3016273836154,-0.2608565286317,-0.2771609075762,-0.1439852757352,-0.1719268960477,-0.2420078657746,0.1678157928790,0.0138982131736,0.0069962585987,-0.5871521677149,-0.3166575194853,-0.0982351839541,-0.3259815661313,0.3221077005522,-0.1128373390423,0.2845094564440,0.3606129099216,0.2832167516181,0.4030196893915,0.1217733572821,-0.4743774269188,-0.2981750750501,-0.2158164260694,0.3375267843840,-0.1336864563323,0.0754848419240
-0.0444956228848,-0.1828933981903,-0.2292074986319,-0.0281759214121,1.0000000000000,-0.0858914142226,0.3347091540359,-0.1377520003340,-0.1865979622461,0.3372402016735,0.7362089910529,-0.0471572804647,0.7168121040080,0.0707885758275,-0.1868078069482,0.0664482191731,0.2978512779750,-0.0530337448508,-0.0272952491512,0.0441441325921,0.8509948156004,0.5821933218856,0.2662649902373,0.3546229207978,0.5293602947789,-0.2753419443355,-0.2324625000267,-0.3459217399803,0.5895920725352,0.2326190309594,0.0543083721575,-0.1477422154042,-0.2610042968724,0.0648459165970,-0.0247704171710,-0.1955145295354,-0.1500868475497,-0.3724229633766,-0.3241881171030,0.9272900997999,0.0941032960622,0.3249109335416,-0.2532890943289,-0.0994372837035,0.3089173086869,0.5196844790876,-0.0352820438458,0.8042531771411,-0.1338073414912,-0.2257807624003,0.0299902982422,0.3637501637977,-0.3576125704453,0.0208608574103,-0.2824743857275,0.8513082908831,0.6010695768467,0.3265452194776,0.3026378591790,0.5879398226023,-0.4567005615310,-0.5168487606455,-0.3992134222299,0.5530597822266,0.3145339918225,0.2935083994041,0.2641917902761,0.0183068563803,0.2437616064281,0.0272316019215
-0.1647188218536,0.0436448416119,0.1256248700430,0.2269452700953,-0.0858914142226,1.0000000000000,0.4412352028607,0.2174246436456,0.5935111802430,0.1131289352318,-0.1712870575470,0.0288902603263,-0.1100506039678,-0.0288539075422,0.3970145162697,0.4404898176589,-0.1654578848626,-0.3022616250016,-0.0747666602999,-0.2371618852900,-0.2040970340797,-0.2017502007694,-0.0186146838195,-0.2747430950157,0.1186038842496,-0.0223099360107,0.2385068432171,0.1258925018331,0.0562567852707,-0.0413455414222,0.0938600750342,0.3417576921159,0.2917745782558,0.0353445073698,-0.1361861175576,-0.1948869131434,-0.1446024733310,0.1666161365525,0.2061921528649,-0.0554963525277,0.5700418178100,0.1853207245427,0.2552459282789,0.4005169992268,0.0808886080219,-0.0926455888086,-0.1569015095295,-0.1703957367270,-0.0636210060589,0.1351835632353,0.2578674991212,-0.3235242784631,-0.2894483773248,-0.2899648820797,-0.3203761240777,-0.1935531914736,-0.3040183080174,-0.0947810117478,-0.3506098185246,0.0708528053590,-0.1203854938853,0.0641421289291,0.0416477391650,0.0507587326293,-0.3907596499966,-0.2250371581285,-0.0026466481664,-0.1089449956028,-0.3057625143420,-0.4011000749434
0.0135331319128,-0.0070841453712,0.0714496568248,0.2113683004565,0.3347091540359,0.4412352028607,1.0000000000000,0.2335747669457,0.6311041927841,0.2242715491486,0.4147652290032,0.0041917195030,0.4463106264453,0.1422685232564,0.3103790990111,0.5565464585324,-0.1362975093012,-0.0570597366959,0.1661608055753,-0.0007967424812,0.3098486723644,0.0992558939894,-0.0177930928946,0.0205245885533,0.2375284140100,-0.0557674710467,0.1202224576270,-0.0742147487434,0.3578536679736,0.2259327306598,0.1494258404892,0.0860668407830,0.2043795522120,0.0537235421788,-0.0885965333508,-0.4418620945772,-0.2693105600583,0.0326117504432,-0.0972012220059,0.3541443016273,0.4974103342496,0.6237486870614,-0.2122029807117,0.1934789152920,0.1121715250151,0.2944579579981,-0.0481122882559,0.3866353166870,-0.0283659045861,-0.0047311425579,0.4017804994666,-0.1668074669505,-0.4362953752105,-0.2881221928603,-0.5050638244197,0.3498695759399,-0.0133026269455,-0.1203495925085,-0.1529155992169,0.0994301764855,-0.2304199565835,-0.1833049354919,-0.1452974018543,0.3748939038524,-0.1345848383445,-0.2761652608375,0.2114070448566,0.1087397391755,-0.1011310546428,-0.2255351704991
0.4951133533867,0.3923828392060,0.7102328467734,0.6533388100110,-0.1377520003340,0.2174246436456,0.2335747669457,1.0000000000000,0.4644143488433,0.2591952967502,-0.2005312672199,-0.3240342768824,-0.0751533497410,-0.1311917096538,0.6053926526915,0.3342502748006,0.1990364790964,0.3677790761811,-0.0731802756658,0.1826346229532,-0.1667920284500,0.0696636140412,0.2252499469747,0.2194399203261,0.4386997709813,0.5777123073403,0.7320316603225,0.5403423972530,0.2833104331892,0.1842534116095,0.6733222525840,-0.0442116239771,0.1407813770242,0.2658390456784,0.0402538217292,-0.2078743781727,-0.0290404077286,0.6101116256157,0.3944029958530,-0.0592902698951,0.1860713868186,-0.1652234637176,0.3097810543544,-0.3914711003398,0.0657357432160,-0.3548514002943,-0.4193845371279,-0.2139290685398,-0.2662742148987,-0.1915595261143,0.1140417160525,0.0418455781444,-0.1857506857894,-0.6675077082369,-0.3637612579315,-0.1631998665976,-0.2677231266307,-0.0086971922183,-0.0249769342320,0.0963189949713,0.2736469224513,0.2796426314498,0.4551257973279,0.1722205670008,-0.5265516370588,-0.3025225351020,-0.2822324813224,0.3409052061788,-0.0922088554395,-0.2764309148613
0.1113360451180,0.2311544792862,0.3532191572866,0.4433201524217,-0.1865979622461,0.5935111802430,0.6311041927841,0.4644143488433,1.0000000000000,0.1377730380295,-0.1806178498536,0.1129213591090,-0.1227445443459,0.0892825259416,0.6519852778246,0.5682795901024,-0.1696013162497,0.0079414562202,0.2697038704767,0.0345724577662,-0.2432051371061,-0.1888753384058,0.0397705286913,-0.0996441041176,0.0777840849973,0.2005547091975,0.3682308700639,0.3139489934045,0.0345593255340,0.1507697574432,0.3056548994958,0.1678498565641,0.3758900423718,0.1477808312532,-0.0315081360808,-0.2893185178572,-0.0518354526921,0.3795994542028,0.2657205421545,-0.1486467275925,0.3335334466095,0.2142951275767,0.0567834454003,0.2733874033074,0.0477926014019,-0.2469982078257,-0.0316644418638,-0.2284648129597,0.0254914733522,0.1506505318521,0.3470994338611,-0.3193090644755,-0.2448783996017,-0.3453296412428,-0.3854774336872,-0.2076652895085,-0.3749861641458,-0.1548270172859,-0.2742355130902,-0.0690522238997,0.0579029509580,0.2135148819297,0.2329615905179,0.0757314026163,-0.4431427184063,-0.4407827378721,0.0368798395637,-0.0639572272207,-0.2728816417364,-0.2579742267779
0.1954166140909,0.0535858050066,0.0072581746198,0.3946841400430,0.3372402016735,0.1131289352318,0.2242715491486,0.2591952967502,0.1377730380295,1.0000000000000,0.1215292604140,0.1660953711879,0.4080243182306,0.2809448148460,0.2684285992578,0.4027261123597,0.1504335750115,-0.0311168850635,0.1333634443498,0.0734803592278,0.2670934181445,0.0565335427028,0.4918136480082,0.0870993373855,0.5435290877368,0.1126743737640,0.0377654487839,-0.0068883012396,0.1114282488630,0.0402121193741,0.0640405130056,0.0475162287483,-0.1720350288090,-0.0889274788659,0.0056200415388,-0.0530572929351,0.0872732256547,-0.0267105434979,0.2562664678907,0.3589014638509,0.1530847787169,0.0705436272749,-0.0144202950793,-0.0893901846395,0.7954958649183,0.0154871697623,0.0236071420009,0.3738325936583,0.0756459927223,0.0917856008685,0.1679021753442,0.0119228102592,-0.2973618449435,-0.0617382922246,-0.2416056156978,0.2310475318127,-0.0298310194181,0.2942516575503,-0.1271956505358,0.5044552940927,0.1525935332956,-0.1753409644391,-0.0960004161827,0.0939913353982,-0.0750634776771,-0.1487816111462,0.1522231864810,-0.0747752011989,0.0085901781084,-0.0023344735631
-0.0057947824806,-0.2276755228629,-0.2452982680183,-0.1305808201390,0.7362089910529,-0.1712870575470,0.4147652290032,-0.2005312672199,-0.1806178498536,0.1215292604140,1.0000000000000,0.0234864440540,0.6442789993459,0.1725168674590,-0.1869936591970,-0.0227489715818,0.0189738479929,-0.0532147601815,0.0500880986849,0.0545302223158,0.6866322330736,0.4634522185585,-0.0153700036401,0.2437338435311,0.2450442233286,-0.1907312274597,-0.2724936268283,-0.3710194097205,0.5678907262053,0.0894906803289,-0.1022946299986,-0.1823113284299,-0.2717209420755,-0.1337828609540,-0.1091389738346,-0.2522826060995,-0.2474594740022,-0.3860030825157,-0.3453156519173,0.7474580352756,0.0220500889632,0.4525860401188,-0.3351684950658,0.0012570565891,0.0758850496917,0.8180808361468,0.0682259674437,0.7439007607078,-0.0030069036024,-0.1850806344671,-0.0553934321913,0.2050675038916,-0.3642541647438,0.0753251241201,-0.3495305437859,0.7631553637341,0.4756014541823,0.0389429858567,0.1834894925502,0.3015332650668,-0.3670139827021,-0.4879870463475,-0.3859225346787,0.5651130015177,0.2294075677915,0.1031903528562,0.2945088810782,0.0609899990285,0.0507045348044,-0.0555374998803
-0.0099129087795,-0.1885229400442,-0.1983393235622,-0.1487334590664,-0.0471572804647,0.0288902603263,0.0041917195030,-0.3240342768824,0.1129213591090,0.1660953711879,0.0234864440540,1.0000000000000,0.0154427376431,0.7679464468341,0.1297197042052,0.0931890476243,-0.0540114441127,-0.0403483744411,0.7365977651598,0.2926445625591,0.0892048313854,-0.1472736635316,0.0644674277605,-0.0298195435828,-0.0690667657839,-0.2020134326891,-0.4017222345098,-0.1114378336834,-0.1859378421789,-0.0599159577426,-0.3260054318069,0.2370195293900,-0.0391955868465,-0.2545739245279,0.1617667128322,0.2750260922266,0.1448635395970,-0.3275925268933,-0.1055845442268,-0.1151977683811,0.0796732929652,0.2010968465729,-0.2989702336137,0.5281873487573,0.2538046709761,0.0667922549181,0.8890944668070,0.0867958864717,0.6727416302545,0.3436346828176,0.0959348642558,0.0084965598393,0.1239660729441,0.7382617578403,0.0988593247507,0.0118432560393,-0.0441856107617,0.0827703878930,-0.1004608148585,0.0485743965597,-0.0433594758691,-0.1029640161625,-0.1248115384189,-0.1290690998461,0.2737259306505,-0.1284629976406,0.6413810603202,-0.4676461502261,-0.1143502256435,0.3440226133103
0.0958428279928,-0.1875625281143,-0.2180984480831,-0.0320753484497,0.7168121040080,-0.1100506039678,0.4463106264453,-0.0751533497410,-0.1227445443459,0.4080243182306,0.6442789993459,0.0154427376431,1.0000000000000,0.2027476167906,-0.0675561785777,0.1874648725302,0.0994587754790,0.1216859613560,0.1369114987094,0.1143521597678,0.7759275727015,0.4237701834766,0.0751823839588,0.2834056265287,0.2415161221967,-0.2737965293710,-0.1726059931072,-0.2889277356616,0.4200188564033,0.1189031326633,0.0278469998453,-0.1325246328930,-0.2735724787810,-0.1914574361806,-0.2056402145204,-0.1999474712814,-0.2212228538719,-0.3914953248911,-0.3919046413274,0.6671570409552,0.1292863810066,0.4972324298277,-0.3794915980684,-0.1165719786735,0.2371119108625,0.5036780171825,0.0463585204148,0.9354994675251,0.0088828233245,-0.0941224600445,0.0929874754064,0.1767231390580,-0.3776922398989,0.0370179812043,-0.3036458551550,0.7407706905835,0.4456094663808,0.0480084812774,0.1720838126537,0.1923888479120,-0.2906966218597,-0.5002098896372,-0.3303090304647,0.3514410239515,0.2950010516555,0.1363051626446,0.2753203453304,0.0952360711722,0.1865162876241,0.0201372308523
0.1982385031818,-0.0090737189890,-0.0929542224455,0.0521201905044,0.0707885758275,-0.0288539075422,0.1422685232564,-0.1311917096538,0.0892825259416,0.2809448148460,0.1725168674590,0.7679464468341,0.2027476167906,1.0000000000000,0.1929649132621,0.1379537263357,0.0214393679879,0.2357922963792,0.7491530663082,0.4824239274510,0.1960484799989,0.0340691538523,0.1405676886530,0.1590088827415,0.0674961624418,-0.0000215821819,-0.2391156514936,-0.0304309752317,-0.0467695155541,0.1047167849617,-0.1290674516566,0.0580855220855,-0.0232867660485,-0.1669930328216,0.2371726717981,0.2337328517594,0.1227793966982,-0.2872956649877,-0.1488107414990,-0.0339984820368,0.1100747886468,0.2570784723629,-0.4110603327164,0.2739743938275,0.2774792224043,0.1851102755994,0.7928204760383,0.2234129975935,0.7407875724296,0.1854901600218,0.1506167506714,0.0673850286788,0.0821022875359,0.5321379586032,-0.1343003722736,0.1268967003653,0.0137073977341,0.0751981098142,-0.0562302021781,0.0906375107050,0.0375168817393,-0.1428764843383,-0.0635973619280,-0.0507714631511,0.2350083312589,-0.1749240398845,0.6290152662066,-0.2855255963577,-0.0681630276853,0.3746447048379
0.5742642592677,0.2294568202720,0.4106682471825,0.5093626596974,-0.1868078069482,0.3970145162697,0.3103790990111,0.6053926526915,0.6519852778246,0.2684285992578,-0.1869936591970,0.1297197042052,-0.0675561785777,0.1929649132621,1.0000000000000,0.4909526241454,-0.0471760801688,0.2511505251979,0.3096133650122,0.2549724767632,-0.1925870960852,-0.0448203860493,0.1696227636459,0.0334581651572,0.1495266960097,0.3826531593774,0.4384173817379,0.3738687441219,-0.0039566408922,0.2089546193762,0.4026441979421,-0.0151778540108,0.2631994300056,0.1349723474362,0.0429337915514,0.0642414574901,-0.0203002237793,0.3370297688064,0.3615629422622,-0.1797138159304,0.2011422260984,-0.0032940561632,0.1893021397055,0.0762424833957,0.1699580839850,-0.2964151360757,-0.0193233068741,-0.1974282358579,0.1244682577655,0.2802425428346,0.2924208993974,-0.1424202849386,-0.2227802255072,-0.2736953233905,-0.3184006407059,-0.2225472511982,-0.3015366593950,-0.0736470431946,-0.2046098373161,0.0223966495530,0.2768953265773,0.1771964512187,0.2752575485299,-0.0932449431964,-0.3434461391892,-0.4060271046585,-0.0406076732198,0.0512814863309,-0.0922528767902,-0.1880347204751
0.1790914073281,-0.0022779487053,0.1075953418637,0.3142460603885,0.0664482191731,0.4404898176589,0.5565464585324,0.3342502748006,0.5682795901024,0.4027261123597,-0.0227489715818,0.0931890476243,0.1874648725302,0.1379537263357,0.4909526241454,1.0000000000000,-0.1709661682643,-0.0404648015750,0.1197055287014,-0.0308322838572,-0.0102076678020,-0.0517022176549,0.1031158965500,-0.0821066769441,0.1581810435098,0.0572029645366,0.1112716640043,-0.0411453067355,0.0840079102974,0.0994308115959,0.1790696921082,0.0448195432313,0.0557812410799,0.0503603799593,-0.0449326902109,-0.1496082033014,-0.1581832565390,0.1123661970666,0.2432589672462,0.0580668714498,0.2620382249743,0.1534442145474,0.0945602586685,0.1454099216089,0.3137433296803,-0.1195210568823,-0.0119163230423,0.0916497077665,0.1526286653940,0.2280723080237,0.6843927894027,-0.2196973885302,-0.2813937826172,-0.2029137563500,-0.3635030076047,-0.0308278824626,-0.1566751044359,-0.0902305773282,-0.1890236785483,0.0701162147496,0.1356867562913,-0.1584197941208,-0.0886243996125,0.0569382597575,-0.1089395248790,-0.2219348717342,0.0206308500783,0.0837992367750,-0.0275066138844,-0.2065591394641
0.1726614932836,0.0877946314752,0.2157883833829,0.1908496548925,0.2978512779750,-0.1654578848626,-0.1362975093012,0.1990364790964,-0.1696013162497,0.1504335750115,0.0189738479929,-0.0540114441127,0.0994587754790,0.0214393679879,-0.0471760801688,-0.1709661682643,1.0000000000000,0.2197855093153,-0.0607175677794,0.1818239210463,0.3328557486055,0.5263541444997,0.5042273478264,0.5941731190648,0.4947622435538,0.1619183175237,0.1246736714798,0.2013267071136,0.2679779882793,0.2876170739619,0.3856616660165,-0.1967223106734,-0.0569495675705,0.2745882432110,0.2802691390394,0.0686830353619,0.0622365057031,0.0682806245007,0.0081426245880,0.2703965520700,-0.0251262926576,-0.2231515662017,-0.0656735576525,-0.3645835900587,0.1746295472246,-0.1824092039173,-0.0762696046767,0.1520279256928,-0.1739904842314,-0.3291640299527,-0.1565561964305,0.8278097296570,0.0233441722765,-0.1167526152273,-0.0401532777127,0.2426788615567,0.4350713152496,0.5362767084180,0.5195648859943,0.4270559669659,-0.0872186553034,-0.0608266576794,0.1902361313702,0.1611689794889,0.1176008944839,0.3077651032734,0.0327638503732,0.0393563649567,0.2643874800202,0.2356745124235
0.5203598703964,0.4347086295845,0.4322604287199,0.4345574386734,-0.0530337448508,-0.3022616250016,-0.0570597366959,0.3677790761811,0.0079414562202,-0.0311168850635,-0.0532147601815,-0.0403483744411,0.1216859613560,0.2357922963792,0.2511505251979,-0.0404648015750,0.2197855093153,1.0000000000000,0.2732242157321,0.7839460304452,0.1464870656047,0.3043977230620,0.2037261373877,0.5796137573492,0.0764894250366,0.4014749190940,0.4003905209194,0.4104201774632,0.0994042153549,0.4933829847231,0.5170504822582,-0.3345318331282,0.1147304279231,0.3276594731973,0.4492308444967,0.1498986113114,0.2692216179489,0.1698531025853,0.0217671149916,-0.1547394913262,-0.0563275053615,-0.0888388096241,-0.2473727520658,-0.4856483515949,-0.0924840009884,-0.1615347086790,0.0339105544173,0.0025387398302,0.0358171387719,-0.3071192174384,0.0234248579145,0.2938301453066,0.3925683188164,-0.1426001924771,-0.0487507316937,0.0644251743100,0.0718425843916,0.0837167221675,0.3378640770137,-0.0981249195310,0.1683076513564,0.1394677836202,0.3912233265732,0.0020934537618,0.0681776825488,-0.0348954916508,-0.0549367399694,0.3510332770539,0.2653252386395,0.4272516756656
0.2390663594492,0.0335909114851,0.0497651720003,0.0101067754655,-0.0272952491512,-0.0747666602999,0.1661608055753,-0.0731802756658,0.2697038704767,0.1333634443498,0.0500880986849,0.7365977651598,0.1369114987094,0.7491530663082,0.3096133650122,0.1197055287014,-0.0607175677794,0.2732242157321,1.0000000000000,0.5529219114534,0.1233732696000,-0.0534225688240,0.0688152349854,0.1683648053437,-0.0832635118085,-0.0635454368331,-0.1752382218570,0.1729873923289,-0.1686355994093,0.1459180192444,-0.1210325802203,0.0188904234847,0.0301054314325,-0.0727369961832,0.1359058902726,0.1736852854418,0.1758043586562,-0.1451223698384,-0.2557123360229,-0.0731566663888,-0.0491522301677,0.3003929848241,-0.4867758779705,0.2610573072065,0.1268057865164,0.0843819550459,0.7709339960564,0.1421478219432,0.5951178207628,0.2416260515247,0.0536796766411,-0.0317829438008,0.0446866463414,0.5664927798410,-0.0107015492272,0.1414064876692,-0.0370342772938,0.0069279547209,0.0150104540294,-0.1134130537447,-0.0741144405485,-0.0126995584900,0.1055607082981,-0.0977818601665,0.2095546256756,-0.2658769620024,0.5699407152651,-0.3666354236786,-0.0070546068705,0.3175656591243
0.3797198634881,0.3027387794037,0.1887777934008,0.3846475375065,0.0441441325921,-0.2371618852900,-0.0007967424812,0.1826346229532,0.0345724577662,0.0734803592278,0.0545302223158,0.2926445625591,0.1143521597678,0.4824239274510,0.2549724767632,-0.0308322838572,0.1818239210463,0.7839460304452,0.5529219114534,1.0000000000000,0.2138482058995,0.2061764012473,0.3126673470959,0.4720807571167,0.1667045960051,0.3187991157904,0.1534210795575,0.2625124607557,0.0805215451323,0.4596264484888,0.2972805991266,-0.1923488733486,-0.0230193048355,0.2354559372606,0.5022256430979,0.2119576278010,0.2732761251978,-0.0944174024525,-0.0184162678408,-0.0654849780962,-0.0782738976016,0.0345496582735,-0.3615134662317,-0.2526766080592,0.0795795988121,-0.0130572865712,0.3259726710153,0.0723910201786,0.2665127462751,-0.1941087188143,-0.0117248738419,0.2593598636900,0.3087318988399,0.1672156948071,0.0053712655551,0.1510777346560,0.0445665232937,0.2297933557723,0.2278875373744,0.0778561695508,0.0421873735772,0.0464389373689,0.2331058196105,0.0712183944374,0.1346144205059,-0.1086834460995,0.2674548605888,0.1307911329127,0.1945446407785,0.4921120315423
0.0989648653980,-0.1393125785789,-0.1987238584580,-0.0725668799015,0.8509948156004,-0.2040970340797,0.3098486723644,-0.1667920284500,-0.2432051371061,0.2670934181445,0.6866322330736,0.0892048313854,0.7759275727015,0.1960484799989,-0.1925870960852,-0.0102076678020,0.3328557486055,0.1464870656047,0.1233732696000,0.2138482058995,1.0000000000000,0.5807442426047,0.1982045921016,0.4561762036391,0.4349821429858,-0.2639205029097,-0.2774750599953,-0.2838055410306,0.4997127266066,0.3051101033274,0.0272629691659,-0.1677905440645,-0.2336163952944,0.0886819966380,0.0946568712249,-0.0651349567223,-0.0646040889810,-0.4065609916776,-0.4195859620959,0.7736546645149,0.0701721799238,0.3717526304012,-0.3988110140513,-0.1369071047235,0.2364857563481,0.4944379679206,0.1240943880378,0.8207403060347,-0.0315376096460,-0.1821985295488,0.0284670187289,0.4607710608477,-0.1756766017585,0.1551068144220,-0.1532629055499,0.9198744473014,0.6254268086396,0.2718630006380,0.3969736989342,0.4481020677303,-0.4610413080734,-0.4870084544755,-0.3181604806051,0.4469599556248,0.4266697085220,0.2356683177836,0.3290085894847,0.0586628148661,0.3427081823408,0.2329523045519
0.2199967182428,-0.1400098164762,0.1567335505080,-0.0169388838606,0.5821933218856,-0.2017502007694,0.0992558939894,0.0696636140412,-0.1888753384058,0.0565335427028,0.4634522185585,-0.1472736635316,0.4237701834766,0.0340691538523,-0.0448203860493,-0.0517022176549,0.5263541444997,0.3043977230620,-0.0534225688240,0.2061764012473,0.5807442426047,1.0000000000000,0.2188080501559,0.8249700874658,0.3268299835905,-0.0808452116004,-0.0403250714897,-0.0279748301344,0.6094177241361,0.4462848926931,0.4485120380872,-0.4175750018371,-0.1759098460574,0.2528458937765,0.1044197857598,-0.1678201425753,-0.2434028355233,-0.1529393098583,-0.3161984026842,0.5182260185258,-0.0212182030151,0.1012358693040,-0.2836902468540,-0.2676000181430,0.0253756148709,0.2025611784093,-0.1216342194761,0.4624484922377,-0.1807060068107,-0.3347830724247,-0.0434059856693,0.7035651358441,-0.2117441781104,-0.0989349321599,-0.2994715180876,0.5545165624233,0.8501769871677,0.2716176498682,0.7602270892444,0.3050292082069,-0.3499724838227,-0.4765858743650,-0.0484815858388,0.5066394628216,0.3922351964751,0.4891028519085,0.0750186218073,0.1849890543509,0.4755317308486,0.1016671031806
0.1204508088648,0.3789586398068,0.1013105243469,0.5518521445805,0.2662649902373,-0.0186146838195,-0.0177930928946,0.2252499469747,0.0397705286913,0.4918136480082,-0.0153700036401,0.0644674277605,0.0751823839588,0.1405676886530,0.1696227636459,0.1031158965500,0.5042273478264,0.2037261373877,0.0688152349854,0.3126673470959,0.1982045921016,0.2188080501559,1.0000000000000,0.3734220997292,0.5225770655810,0.2615295761591,0.0887928472512,0.1609032434007,0.1463492654719,0.3454507086263,0.3949088513836,-0.1873977083023,-0.0572736204224,0.2710463404475,0.4365851048088,0.1003853415934,0.4155267164548,0.0708078474534,0.3548776317832,0.2538303650928,0.0614384854922,-0.2052334884444,-0.0451850579634,-0.3322271081576,0.5009530303590,-0.1832895999148,-0.0204364709067,0.0944231997879,-0.1177512599153,-0.2790188913502,0.0338994446983,0.3664073214226,0.0124853147188,-0.1311939662558,-0.1570301124772,0.1479120178180,0.0833479512727,0.8588540119770,0.1782409758478,0.5592721138611,0.1508128862054,-0.0469037055290,0.1471764151689,0.1470838219859,-0.0273866521703,0.1128718275460,0.0283774298512,-0.0452290588810,0.2001135126035,0.3230034830838
0.3347708446702,0.1096918029503,0.4265026724469,0.1965910266319,0.3546229207978,-0.2747430950157,0.0205245885533,0.2194399203261,-0.0996441041176,0.0870993373855,0.2437338435311,-0.0298195435828,0.2834056265287,0.1590088827415,0.0334581651572,-0.0821066769441,0.5941731190648,0.5796137573492,0.1683648053437,0.4720807571167,0.4561762036391,0.8249700874658,0.3734220997292,1.0000000000000,0.3128070709819,0.1437668909184,0.1327082030244,0.2873549309123,0.4422042764619,0.5196728413673,0.5841728984626,-0.4295902865604,-0.1139104903132,0.2957007404997,0.2999938941079,-0.1297101981077,0.0239907390871,0.0771073338372,-0.1896922821413,0.3025366446608,-0.0813795764091,-0.0567575155115,-0.3987557991100,-0.4334358272132,0.0509550478978,-0.0398819233788,-0.0223069566817,0.2900284053403,-0.1144876044285,-0.4463338867933,-0.1093682876356,0.7489592456599,0.0169229781166,-0.0995194247640,-0.2455914180685,0.4041359873386,0.6230311901404,0.3757119646224,0.8307152382882,0.2119668149151,-0.1548293583377,-0.2399434787882,0.2659368515231,0.3792296265116,0.2779153299046,0.3728419108076,0.0504662084434,0.1310995107648,0.3924389414639,0.3127180207653
0.1226565438101,0.1316634748628,0.1827445331579,0.4564708459704,0.5293602947789,0.1186038842496,0.2375284140100,0.4386997709813,0.0777840849973,0.5435290877368,0.2450442233286,-0.0690667657839,0.2415161221967,0.0674961624418,0.1495266960097,0.1581810435098,0.4947622435538,0.0764894250366,-0.0832635118085,0.1667045960051,0.4349821429858,0.3268299835905,0.5225770655810,0.3128070709819,1.0000000000000,0.2514848789508,0.2047830255056,0.0245287297991,0.5684386642085,0.2113458128178,0.3171177970670,-0.0573095496612,-0.0664909500949,0.2316845951231,0.2288852419839,-0.0927727045697,0.0177495888239,0.0657956394402,0.1970852657220,0.5524140575020,0.2294815856493,0.0676556442461,0.1619368402371,-0.2412659075941,0.5192311307864,0.0880311046887,-0.1793084791845,0.2682762777080,-0.2206101408749,-0.2601434514507,0.0436425756916,0.3366236507241,-0.2203763325564,-0.2846216003856,-0.3181372626890,0.4208831189563,0.1465311391295,0.4349899467420,0.1089355035943,0.8347486686100,-0.1115709622561,-0.1354447483697,-0.0618978000011,0.4758327790018,-0.1766709949256,0.0031225114225,0.0643678884755,0.1144252252295,0.0754930807616,-0.0339075189728
0.4140960809406,0.5882761621403,0.4398058543298,0.6792603862379,-0.2753419443355,-0.0223099360107,-0.0557674710467,0.5777123073403,0.2005547091975,0.1126743737640,-0.1907312274597,-0.2020134326891,-0.2737965293710,-0.0000215821819,0.3826531593774,0.0572029645366,0.1619183175237,0.4014749190940,-0.0635454368331,0.3187991157904,-0.2639205029097,-0.0808452116004,0.2615295761591,0.1437668909184,0.2514848789508,1.0000000000000,0.6474376488297,0.4901536263429,-0.0222855451945,0.2131916591372,0.4494130360472,-0.1007287756358,0.1210922539660,0.2861155133158,0.4318179275516,0.0315412397220,0.2873168133574,0.4712718004627,0.6196703602728,-0.2390126600506,-0.0328284842583,-0.3070970654622,0.1526719568927,-0.4687821401812,0.0279248242108,-0.2943777108975,-0.2756504286405,-0.3354138503025,-0.0947031887989,-0.2115833009062,-0.0414770461889,0.0779332422430,0.1534845809954,-0.5097989576271,-0.0822379489284,-0.2929247594254,-0.3599470585316,0.1021416520498,-0.0610379808743,0.0617335369629,0.6253916706554,0.4831914854911,0.4675495046416,-0.0570209035355,-0.4676822068992,-0.3068081057917,-0.3944556290771,0.3376709094380,-0.1158868520394,0.1130388920061
0.3126232583883,0.4797363766280,0.6849342772269,0.6182257902535,-0.2324625000267,0.2385068432171,0.1202224576270,0.7320316603225,0.3682308700639,0.0377654487839,-0.2724936268283,-0.4017222345098,-0.1726059931072,-0.2391156514936,0.4384173817379,0.1112716640043,0.1246736714798,0.4003905209194,-0.1752382218570,0.1534210795575,-0.2774750599953,-0.0403250714897,0.0887928472512,0.1327082030244,0.2047830255056,0.6474376488297,1.0000000000000,0.6532881703240,0.0996269554546,0.1305331071385,0.6131421097303,0.0696862913976,0.1817028472416,0.2194435248813,0.0560533054640,-0.2036269157948,0.0412182297953,0.6148646638135,0.4438446730598,-0.1672960543769,0.1798638235279,-0.1925921175360,0.2902917697511,-0.3346541045337,-0.1204026035416,-0.3453592498057,-0.4977504645602,-0.3110915468389,-0.3153656530988,-0.2242141753829,-0.0397004996978,-0.0343208133951,-0.0305704623838,-0.7116554808546,-0.2370054513419,-0.2654450519837,-0.3697999422200,-0.0948338919613,-0.0664361558875,-0.0715021548057,0.2926518648499,0.5576224491064,0.5571578189931,-0.0047814316411,-0.5941252702332,-0.2498819297080,-0.3602494999464,0.3742273888628,-0.2097246016883,-0.2366004890705
0.3023247176638,0.5007563294366,0.7421548756336,0.4418469878737,-0.3459217399803,0.1258925018331,-0.0742147487434,0.5403423972530,0.3139489934045,-0.0068883012396,-0.3710194097205,-0.1114378336834,-0.2889277356616,-0.0304309752317,0.3738687441219,-0.0411453067355,0.2013267071136,0.4104201774632,0.1729873923289,0.2625124607557,-0.2838055410306,-0.0279748301344,0.1609032434007,0.2873549309123,0.0245287297991,0.4901536263429,0.6532881703240,1.0000000000000,-0.1321912993250,0.1219433911493,0.4301828583390,0.0652405829751,0.1739718035619,0.1990929518028,0.0574964595683,-0.0454623813437,0.2986630172002,0.5723707393583,0.2459197972943,-0.2832209645125,0.0022826879593,-0.2460526302334,0.0597218773964,-0.2403421615003,-0.1775546116744,-0.3969536504043,-0.1676037299432,-0.3723298774189,-0.1453847098441,-0.1693899103124,-0.1866249155767,0.0952406784144,0.0550089544782,-0.3273439853164,-0.0777193712942,-0.2600998488882,-0.2635347787585,0.0468654047829,0.1238972125801,-0.1870199729154,0.2355493721906,0.4457524432162,0.9049705109438,-0.1173362329699,-0.4026777706881,-0.2490572707961,-0.2583810856415,0.0843908079016,-0.1585658457417,-0.0359021704171
0.0150862987585,-0.1417727299427,0.1291822700589,0.1496187031550,0.5895920725352,0.0562567852707,0.3578536679736,0.2833104331892,0.0345593255340,0.1114282488630,0.5678907262053,-0.1859378421789,0.4200188564033,-0.0467695155541,-0.0039566408922,0.0840079102974,0.2679779882793,0.0994042153549,-0.1686355994093,0.0805215451323,0.4997127266066,0.6094177241361,0.1463492654719,0.4422042764619,0.5684386642085,-0.0222855451945,0.0996269554546,-0.1321912993250,1.0000000000000,0.1571474575348,0.3861058814646,-0.1250229539376,-0.1574353671778,0.0675758558364,-0.0825659008572,-0.3577097400631,-0.3603329749974,-0.1355303030788,-0.1963381308057,0.5963666371874,0.2277729427100,0.2714706481310,0.0371794232774,-0.0829438728109,0.0546042721362,0.3583327048660,-0.2149130374990,0.4402709808737,-0.2683462181898,-0.3154883812042,0.0178348294227,0.3176938691026,-0.3375710644888,-0.2726481655129,-0.5033880846665,0.5284069618601,0.4504720888154,0.1531178251393,0.3285341914361,0.4378280457841,-0.3837520097694,-0.3847907329959,-0.1711054422679,0.8885906257382,-0.0462150043507,0.2937498145259,0.1168762102326,0.2636372545823,0.0303390760486,-0.2496407301438
0.3443926437493,0.3741168313216,0.1341292194428,0.3527199794281,0.2326190309594,-0.0413455414222,0.2259327306598,0.1842534116095,0.1507697574432,0.0402121193741,0.0894906803289,-0.0599159577426,0.1189031326633,0.1047167849617,0.2089546193762,0.0994308115959,0.2876170739619,0.4933829847231,0.1459180192444,0.4596264484888,0.3051101033274,0.4462848926931,0.3454507086263,0.5196728413673,0.2113458128178,0.2131916591372,0.1305331071385,0.1219433911493,0.1571474575348,1.0000000000000,0.4618529500409,-0.2648966340887,0.2540963248337,0.7117849405180,0.6024513971046,0.0570515292281,0.2553678355737,0.1063028067931,0.0329905396022,0.1351228565873,0.1961573613615,0.1114447284459,-0.3152346781402,-0.3389211527829,0.0105020100870,-0.0610500971285,-0.0604558423785,0.0804162329090,-0.1327529401813,-0.2384913342986,0.1762027945713,0.3420940191898,0.1767019626327,-0.2043796080072,-0.0798107684938,0.2396092956237,0.3082592058646,0.3368516705395,0.4101852076369,0.1393012590338,-0.0734774376337,-0.0363445040084,0.1236842353927,0.1624746444144,0.3820362283024,0.0879707975835,0.0054251084414,0.3462852889698,0.5636820771964,0.3778495789364
0.3214459224529,0.3711476076565,0.5702538082811,0.5858390119373,0.0543083721575,0.0938600750342,0.1494258404892,0.6733222525840,0.3056548994958,0.0640405130056,-0.1022946299986,-0.3260054318069,0.0278469998453,-0.1290674516566,0.4026441979421,0.1790696921082,0.3856616660165,0.5170504822582,-0.1210325802203,0.2972805991266,0.0272629691659,0.4485120380872,0.3949088513836,0.5841728984626,0.3171177970670,0.4494130360472,0.6131421097303,0.4301828583390,0.3861058814646,0.4618529500409,1.0000000000000,-0.2209993855283,0.0610189765303,0.3672003997663,0.2622158966003,-0.2281222067720,0.0026774536710,0.4364993301956,0.2593482043014,0.0488118179711,0.1353732353177,-0.1986532393965,0.0493865086723,-0.4530891867875,-0.0385590395546,-0.3756340678490,-0.3935950396729,-0.1040807285200,-0.3162134112896,-0.3861811848874,0.0416666417943,0.3281490967778,-0.0246045887121,-0.5984089188738,-0.4004707923317,-0.0302621869306,0.0785066475704,0.2364859224139,0.3534849940658,0.1160964425112,0.1449094789856,0.1714070566287,0.3894375831751,0.2621490085617,-0.2433822855390,0.1737549378964,-0.2663276940889,0.3538907420819,0.1141603471711,0.0280628792780
-0.3172567828492,-0.0463446329408,-0.1480922195359,-0.0338496372444,-0.1477422154042,0.3417576921159,0.0860668407830,-0.0442116239771,0.1678498565641,0.0475162287483,-0.1823113284299,0.2370195293900,-0.1325246328930,0.0580855220855,-0.0151778540108,0.0448195432313,-0.1967223106734,-0.3345318331282,0.0188904234847,-0.1923488733486,-0.1677905440645,-0.4175750018371,-0.1873977083023,-0.4295902865604,-0.0573095496612,-0.1007287756358,0.0696862913976,0.0652405829751,-0.1250229539376,-0.2648966340887,-0.2209993855283,1.0000000000000,0.1474849946843,-0.1545696166773,-0.1750202487159,-0.0280534369360,0.0058801004459,-0.0995168392832,0.0342229887855,-0.1073408147549,0.2577679420267,0.1133547547236,0.1907854142080,0.3768052481777,0.0048644850680,-0.0510622987080,0.0656624156107,-0.1372134741249,0.1869805221013,0.3417072973977,-0.0005563494526,-0.3493244477334,-0.0032904567810,0.1051060530497,0.1960968382734,-0.1813896166835,-0.3144785861208,-0.1443325099902,-0.3766344998748,-0.0844414537711,-0.0667627105743,0.1896186542328,0.0348963247129,-0.0726363851738,-0.1706307700572,-0.1288873183467,0.1065372252965,-0.0436847237401,-0.3386272073392,-0.1766490936096
0.0368557919229,0.2864619546989,0.1307652520104,0.1803780422268,-0.2610042968724,0.2917745782558,0.2043795522120,0.1407813770242,0.3758900423718,-0.1720350288090,-0.2717209420755,-0.0391955868465,-0.2735724787810,-0.0232867660485,0.2631994300056,0.0557812410799,-0.0569495675705,0.1147304279231,0.0301054314325,-0.0230193048355,-0.2336163952944,-0.1759098460574,-0.0572736204224,-0.1139104903132,-0.0664909500949,0.1210922539660,0.1817028472416,0.1739718035619,-0.1574353671778,0.2540963248337,0.0610189765303,0.1474849946843,1.0000000000000,0.3213293427750,0.2258019515256,0.0880858782122,0.1640547490185,0.2828628230073,0.1122281916734,-0.2784872023579,0.4064415247825,0.1392630450574,0.0963440988931,0.0335882983571,-0.1170039154015,-0.2013323981188,-0.0843860880622,-0.3148412438217,-0.0390593740161,0.0683365393979,0.2591916137323,-0.1823934526081,0.2226724547229,-0.1942112849822,0.0980630795830,-0.2297736093945,-0.2292268748969,-0.0597085251745,-0.1370659433732,-0.1166611906537,0.0752230498043,0.2776724017006,0.1822961085406,-0.1525556577148,-0.1248713497391,-0.1597988743064,-0.2047006295924,0.1745456147844,-0.0232070989548,0.0261825260857
0.2395749409378,0.4440748684676,0.2032294082818,0.3324763322749,0.0648459165970,0.0353445073698,0.0537235421788,0.2658390456784,0.1477808312532,-0.0889274788659,-0.1337828609540,-0.2545739245279,-0.1914574361806,-0.1669930328216,0.1349723474362,0.0503603799593,0.2745882432110,0.3276594731973,-0.0727369961832,0.2354559372606,0.0886819966380,0.2528458937765,0.2710463404475,0.2957007404997,0.2316845951231,0.2861155133158,0.2194435248813,0.1990929518028,0.0675758558364,0.7117849405180,0.3672003997663,-0.1545696166773,0.3213293427750,1.0000000000000,0.5608745817695,0.0964396643700,0.3154419693275,0.2162308977227,0.1924374926002,0.0231473785057,0.1006603679936,-0.0559760183760,0.0312032502860,-0.3321319726224,-0.0372830624311,-0.1832755316462,-0.2539449638792,-0.1929468366041,-0.2797755246942,-0.1914564285442,0.1313877753491,0.2264134033204,0.2354750344722,-0.3079474108023,0.1136759169309,0.0808277606703,0.1685682410108,0.3199527070682,0.3256636655363,0.1613080157888,-0.0071038319605,0.1071536977007,0.1863030164396,0.0773130142736,0.1281530502298,0.0652158786088,-0.2077398690023,0.3095853525712,0.5751734709330,0.2288426382554
