1.0000000000000,0.0257661091450,0.2709313191053,0.2191304770882,0.2882313233211,-0.0373791791307,0.0541644495253,0.2606488861146,0.0975475536829,0.1490205148373,0.1093063914030,0.0974560878102,0.2375861759494,0.0466613133729,0.4607329990885,0.2098386886676,0.4255635717531,0.4402195018981,-0.0359669677890,0.3669050805478,0.3182447450444,0.3708001449329,0.4446396165788,0.4149301888141,0.2583008719033,0.0607088676510,0.0379463661193,-0.0406135870340,0.3037096174375,0.5449962036808,0.2947228968548,0.1463632945186,-0.1087267777224,0.3855348416584,0.3672170757350,0.6983487962225,-0.1133602533439,0.0777916806673,0.1119567621848,0.1624065510396,-0.0266746098543,-0.1385788750957,-0.0117218655772,-0.0832329311653,0.1035812957111,0.0584675505967,-0.0030196434777,0.1081532036274,-0.1060856623659,0.1089560963267,0.1458624209505,0.2622484600281,0.2793455764525,-0.0681218790731,0.1610970294075,0.2529775912049,0.3492620565926,0.2509672864982,0.2586321614078,0.2307080524850,-0.1945156506552,-0.0830020126690,-0.1918561047739,0.1956255902432,0.3156448049707,-0.0388874760288,0.1465187680839,-0.1144753408248,0.3373080175554,0.3446864023153
0.0257661091450,1.0000000000000,0.0758317610531,0.6249086942305,-0.1707242833346,0.2501518991002,-0.0404586598470,0.0412921829575,0.0477120500728,-0.1517946355054,-0.0953310889249,0.1678820681625,-0.1479854133175,0.1867113809911,-0.0904252973368,-0.0911898720704,-0.0828731446916,0.2573527683452,0.1961203565006,0.1112644348315,-0.1243199816863,-0.0321946991430,0.0236555728862,0.0809514822409,-0.0339967745519,0.5177057366522,0.4589078507562,0.3890665917468,-0.0366054808712,-0.1462072735361,0.2905388384555,0.1678408870198,0.3003715782247,0.1943371347826,0.5277270634104,0.0273867785207,0.6577503129926,-0.1590529845857,0.4938024709064,-0.2016491725815,0.2612314503499,-0.0333269215609,0.3094529734271,0.0809991046311,-0.1394510802228,-0.1204744881160,-0.0539753790439,-0.1270445677804,0.0468937349204,-0.1076064488503,0.0320098829493,0.0683707700727,0.2030952289824,-0.1013254288742,-0.0736504527405,-0.0981302463819,-0.0080454156441,0.0207594010288,0.0745762570294,-0.0129493258397,0.3659415317688,0.1848231481469,0.3669169855694,-0.0060619533706,-0.1220305258808,0.3586272345441,0.0497994159974,0.1588641304242,-0.0350836957694,0.3956596024210
0.2709313191053,0.0758317610531,1.0000000000000,0.1684922492839,-0.0665630870879,-0.0224858827796,-0.1645953308915,0.2004270038546,0.0702292573849,0.2733466346444,-0.1586587076254,0.1517875908512,-0.0535968520639,0.2315213334037,0.1033221487408,-0.0586643084940,0.2315924079209,0.4949994389357,0.1721169012523,0.3805581401957,0.1765073401466,0.3151240219750,0.2260448202192,0.5594071328108,0.3986073438191,0.1528859222173,0.2965602391650,0.5320559848067,0.3571330328213,0.0034784473003,0.4284326710534,-0.0776427430598,-0.0323994485409,0.0682791075065,0.1785670747697,0.1009763535229,-0.1111339965794,0.1195214028932,-0.0202835588110,-0.0959019855644,-0.0252304203264,-0.2015148132835,-0.0613327109071,-0.1448348086789,0.1251943790249,-0.2053219061958,0.0413772898857,-0.1218578537766,0.0465933086000,-0.2261679225100,-0.2283579490029,0.2028309780234,0.3242864980920,-0.0088693278219,0.0280164951219,0.1130414434255,0.1660929857838,0.0784446921453,0.2926884256615,0.1300033648746,0.0281709781720,-0.2533951860291,0.1505682500324,0.1073291771623,-0.2038711779761,-0.0696996117592,-0.2583572171977,-0.0941361646866,-0.0414911122197,-0.0188142602281
0.2191304770882,0.6249086942305,0.1684922492839,1.0000000000000,0.0938536936864,0.1867683511515,0.1874008092586,0.1548662002750,0.1260801711936,0.2642435417416,0.0726009682760,0.2063315087338,0.1209973625265,0.2313504223471,0.0765557389925,0.2083682263310,-0.0005157417622,0.1185399378849,0.1388175514908,0.0774507838889,0.0833604666483,-0.0072214165711,0.3601938352354,0.0852504843355,0.3248079055322,0.5091254703756,0.4721658143320,0.2040795345451,0.1870212036358,0.1297623526525,0.2775421496879,0.2142312008489,0.0795875193079,0.1473220609344,0.4056114082255,0.1186540835104,0.5693797487609,0.0685456704940,0.6535080059098,0.0490361426986,0.2888414461799,0.0513852351236,0.4044974069279,0.0962748794633,0.2886682748008,0.0484769003202,0.1006403376757,0.0738014127705,-0.0189870269662,0.0903890404375,0.2530297072108,0.0413467124155,0.2158445835221,-0.0624687682570,-0.2065218130809,0.0721579873394,-0.0385411353886,0.3272156232498,-0.0073658479295,0.4289519576690,0.3638428475742,0.3221352568073,0.4418926279409,0.1807880981333,0.0618891156221,0.2885825954310,0.0891250120218,0.1603498556595,0.0714272937617,0.3729213912133
0.2882313233211,-0.1707242833346,-0.0665630870879,0.0938536936864,1.0000000000000,-0.1400764140253,0.3876155609726,0.1728863470142,-0.0981455152987,0.1786942843272,0.5294824271060,-0.2079965692579,0.8700055956294,-0.1580090021507,0.0883268547606,0.4298001254545,-0.0257982581140,-0.0326705594146,-0.1617702560803,-0.0019277701336,0.8207437206965,-0.0837359121605,0.1195606816084,-0.0627554330974,0.2714453287395,-0.1760187657191,-0.0737103378993,-0.2334192164136,0.4251185168952,0.1686937653909,-0.0845350782576,0.0885142052057,-0.1799311517088,0.0419677544904,-0.1695761365996,0.1579762257734,-0.1073196499094,-0.0284235636208,0.0060019543989,0.9085728247343,-0.1033232562054,0.1106093000908,-0.0447308673928,-0.1294323680883,0.2658658115480,0.4930474609373,-0.1921704235022,0.8069486950463,-0.2136034152870,0.0927966777024,0.3602632472857,-0.0917979042769,-0.0093228447210,-0.1693844479397,-0.0930378212162,0.7975811756391,-0.0990325051986,0.0797752758792,-0.1028850171765,0.3924242776884,-0.2019393030763,0.0261606553035,-0.1207748922869,0.4697072443498,0.0674962662298,-0.2267825756705,0.0440853685833,-0.1603087100158,0.1350630649471,-0.1168995936460
-0.0373791791307,0.2501518991002,-0.0224858827796,0.1867683511515,-0.1400764140253,1.0000000000000,0.3449514467311,-0.0717490727490,0.6620390437545,-0.1035587502178,0.0126846979865,0.4616810367345,-0.2129640961860,0.2200931309349,0.4205899153401,0.3310813315224,-0.0645388020700,-0.0726573974737,0.2454791710904,-0.0745375892051,-0.2191106205490,0.1009745583572,-0.0263878558216,0.0124995028464,-0.0363895795679,0.2126831018105,0.1530333655638,0.0690002132786,-0.0234822331928,0.2062265366178,0.1076237889484,0.3508015657856,0.7809466359395,0.1446784386400,0.1659152996445,0.0306532293785,0.1041091036937,-0.1186776102840,-0.0494586248597,-0.2253671569047,0.6106101780152,0.4479155533638,0.0610536451662,0.5207826312790,-0.1797647720844,-0.1485612626320,0.1603241448020,-0.2646451264982,0.2353731705356,0.3003339196672,0.2437993946584,-0.0132188917653,-0.1391146561055,0.0969403255768,-0.2808851152181,-0.2419580348738,0.0133463688121,-0.0727805481434,-0.1303861175697,-0.0945632828968,0.1012612553291,0.0441750590560,0.0789900362693,-0.0876052391044,0.0583169607344,0.1128378165670,0.3235046763867,0.5522628210580,-0.0227728587808,0.0309162705379
0.0541644495253,-0.0404586598470,-0.1645953308915,0.1874008092586,0.3876155609726,0.3449514467311,1.0000000000000,-0.0123130359901,0.5870988578323,-0.0366685756104,0.6226460742974,0.1471293116404,0.4711679658485,0.0126479289204,0.3696313530882,0.7578124975327,-0.0467687702651,-0.1684067869179,0.0063530691491,-0.1164857594706,0.2278359294436,-0.1381187621524,-0.0993592719674,-0.2760914930309,0.0350789395349,-0.1582228465879,-0.0051502949236,-0.4078854497591,0.1729928334098,0.1973887792698,-0.1906174248678,0.0295272210178,0.1249215135433,0.0106382776828,-0.0980862639611,-0.0439046690201,-0.0394201510932,0.1746423794027,-0.1523165813516,0.3362670286745,0.2564107396944,0.7946267448722,-0.1522604314800,0.4068670697715,0.0621693041341,0.5246441067152,0.2849439284497,0.4515193900455,-0.0440863469626,0.2092223791535,0.6388487887677,-0.1691972389705,-0.0185817769494,0.2085314483868,-0.0497370424720,0.2584918086308,-0.2967052559861,-0.1747241420821,-0.3634981835844,0.1550739120029,-0.1907979582160,0.2450707979595,-0.0985713025043,0.1207091743168,0.0295745195980,-0.2782645701663,-0.0479494942337,0.1895248644622,-0.0570384370143,-0.0315825850435
0.2606488861146,0.0412921829575,0.2004270038546,0.1548662002750,0.1728863470142,-0.0717490727490,-0.0123130359901,1.0000000000000,-0.2270767511246,0.3163765622643,0.3911607081202,-0.4670286679602,0.2609030181623,-0.0533568585214,-0.0508823692908,-0.0062481974990,0.2079111137834,0.0819174641490,-0.5079888774963,-0.0344025994527,0.2605995767084,0.0189673100322,0.1840055713042,0.0308180007555,0.3345184597714,-0.0545626941924,-0.1683613772706,0.1113506774885,0.2344848322676,-0.0599156862829,0.3577680950381,0.1156730921071,-0.0520822424435,-0.0161288512542,-0.2411229991056,0.0898415766962,-0.1993452803389,0.1567333099793,-0.0955093381504,0.2117676514723,-0.3193959172751,-0.3198882881961,0.4598470626287,-0.4534537577519,0.2679145560145,0.2907214420684,-0.3362139829340,0.2420080146817,0.0460481002308,-0.0489166107142,-0.1229034308242,-0.0380763594107,-0.0566806182534,-0.3894094739056,-0.0207595206860,0.2901262080633,-0.0954124343269,-0.1282017793455,-0.1177112783619,0.2634530891813,-0.0983402673938,-0.0797744823083,0.0435551163091,0.1476134532378,-0.1571173104032,-0.1618876482976,0.2369941259477,-0.2465523797649,-0.0474970231122,-0.1768405619347
0.0975475536829,0.0477120500728,0.0702292573849,0.1260801711936,-0.0981455152987,0.6620390437545,0.5870988578323,-0.2270767511246,1.0000000000000,-0.2178931907111,0.0485506362387,0.6062386991184,-0.1633664624084,0.2194996749567,0.6489086829434,0.5452447445204,0.1538391934825,0.0170677504113,0.3909058401376,0.0807284535001,-0.1754344501442,0.1881403760115,-0.0052901538172,0.1187280692019,-0.0903750000598,0.1116312215234,0.1648344226688,-0.1013243190983,0.0831012826549,0.3486151962978,0.0957786167951,-0.0366416084479,0.4509719694057,0.1319474141066,0.2242052489981,0.0269848469766,-0.0785667353294,0.1422698467774,-0.1480657213908,-0.2322233229733,0.4571724561762,0.6415610472610,-0.2767342629212,0.7047972677656,-0.2824183006459,-0.1388799506771,0.4726813161306,-0.2170399542296,0.0928005329889,0.2349223876431,0.3732059343635,0.1100154341439,-0.0631083918094,0.3781027808921,-0.1281351836118,-0.2023028184346,0.0087991431696,-0.1224741845035,-0.0391244120271,-0.1458494589115,-0.0757147465484,0.0883810985025,-0.0643661518294,-0.0946932222091,0.0500110439608,-0.0462735067447,-0.0869416090757,0.3808764298853,0.0105317707952,0.1537893689217
0.1490205148373,-0.1517946355054,0.2733466346444,0.2642435417416,0.1786942843272,-0.1035587502178,-0.0366685756104,0.3163765622643,-0.2178931907111,1.0000000000000,0.0911629048900,-0.1587087321551,0.2464134624585,0.2722279287701,-0.1007420210757,0.1286129293209,0.1059504969418,-0.0158853607455,-0.2592320064919,-0.0776606894655,0.2712837416604,0.0846161547510,0.4808392413338,0.1149147197894,0.5917234473852,0.1826266866742,-0.0395559030140,0.1369134722555,0.1748943071595,0.0125731687354,0.1021511693052,0.1224284471221,-0.1670595298682,-0.0263373322829,-0.2231183756190,0.0673787374312,-0.0227317655640,0.0553151771436,0.0839616737282,0.1974176919742,-0.0814149514060,-0.1768880391395,0.1650177701618,-0.3027370041756,0.8562034658632,0.1309247680371,-0.0430312663512,0.1945008096709,0.2762323349348,0.0439337166703,-0.0085283241202,-0.0443942442577,0.0136257630631,-0.3139984676111,-0.1815135582535,0.2289753385139,0.0052970594297,0.4007769969514,-0.0880825998395,0.5657693256120,0.1874649808860,-0.1033629777094,0.0951131992722,0.0583726844829,-0.0189299745920,-0.1048579434612,0.0463191907496,-0.1244022886698,0.0503148020631,-0.1633161597928
0.1093063914030,-0.0953310889249,-0.1586587076254,0.0726009682760,0.5294824271060,0.0126846979865,0.6226460742974,0.3911607081202,0.0485506362387,0.0911629048900,1.0000000000000,-0.2711771571355,0.6566630666455,-0.1327482587449,0.1181585007289,0.3819800946622,-0.0338899513884,-0.1433223891296,-0.2738608183929,-0.0882670816555,0.4695252718526,-0.1840808878537,-0.0440461667852,-0.2646051033014,0.1542147755252,-0.1962476369909,-0.0568977191729,-0.2382719180164,0.2760415788801,0.0621629009065,-0.1614558675212,0.1442044244812,-0.1029621466363,0.0551178951735,-0.2519875600656,0.0156308689627,-0.0939731766699,0.0322762080869,-0.1285214252916,0.5931544767453,-0.1025038969037,0.2794441353742,0.0449759473591,-0.0976139095649,0.1966366450273,0.8840287027678,-0.1431765466659,0.6343614540686,-0.1030724991299,0.1339841628870,0.3329391955870,-0.1821677493067,-0.1211036234323,-0.0775417192180,-0.0651794853120,0.5327754089923,-0.2929137167209,-0.1721522042307,-0.3579091571726,0.1993257635491,-0.1723159255818,0.1114033943026,-0.0462880900988,0.3337500178705,-0.0312124582470,-0.3598735430002,0.1147328246708,-0.1215167227915,0.0032221769428,-0.1868408540019
0.0974560878102,0.1678820681625,0.1517875908512,0.2063315087338,-0.2079965692579,0.4616810367345,0.1471293116404,-0.4670286679602,0.6062386991184,-0.1587087321551,-0.2711771571355,1.0000000000000,-0.3211624082281,0.4448988898196,0.5899218370327,0.2023062149543,-0.0286557091426,0.2083365601640,0.7250255813359,0.3646272199778,-0.2510013926211,0.1026155197979,0.0076390068473,0.1590173487883,-0.2040516498986,0.4140955887603,0.3879849551677,0.1919189601360,-0.1109805353742,0.3469515862818,-0.0788581952491,0.1259559870202,0.3366852712861,0.0672939247754,0.4188050075879,0.1706536204991,0.1293357740729,-0.0604528746927,0.1571852411861,-0.3181561536363,0.5285821603643,0.3411550905590,-0.2231426982309,0.5296635969709,-0.2425809952899,-0.3347667009425,0.6181853314269,-0.3624515081646,0.2316213484148,0.2800068206520,0.1540926498476,0.1224321524899,0.0072090163891,0.5234875455452,-0.1276805417197,-0.3073695852139,0.1642202746367,0.0672827197500,0.1091649335217,-0.2657858288049,0.2897676676529,0.0351880630043,0.1200839212329,-0.1889351752992,0.1546605883746,0.0681089999097,-0.0510374195163,0.3954817102364,0.0634460245015,0.2406449062540
0.2375861759494,-0.1479854133175,-0.0535968520639,0.1209973625265,0.8700055956294,-0.2129640961860,0.4711679658485,0.2609030181623,-0.1633664624084,0.2464134624585,0.6566630666455,-0.3211624082281,1.0000000000000,-0.1986169939577,0.0212445069359,0.4304684356671,-0.0926224033743,-0.0117036649336,-0.2595664397122,-0.0108383235160,0.8183095029713,-0.2012896383685,0.0472005371191,-0.1954514781306,0.2582219984897,-0.2173267290830,-0.0498241373285,-0.2400335068064,0.3369700389590,0.0885489503444,-0.1416513521906,0.0842188326063,-0.2576895175278,0.0467465675621,-0.2520293950955,0.0797250612006,-0.0578765021730,0.0290401468085,-0.0170066042353,0.8858200519803,-0.1839958159144,0.1273491698519,-0.0033446196156,-0.2256852127978,0.3810778967727,0.6276342367668,-0.1943492318802,0.9422558014199,-0.2312980497955,0.0361556031614,0.3360074280519,-0.2181720044465,0.0071259572946,-0.1479677985975,-0.0429575407740,0.8576221868981,-0.2488506282069,0.0069000290358,-0.2853186948944,0.3832045798923,-0.1955139453729,0.0696431394378,-0.0914347737628,0.3940283159160,0.0310284293902,-0.3189620516062,0.0163362466493,-0.1905162695991,0.0832370669391,-0.1588580259813
0.0466613133729,0.1867113809911,0.2315213334037,0.2313504223471,-0.1580090021507,0.2200931309349,0.0126479289204,-0.0533568585214,0.2194996749567,0.2722279287701,-0.1327482587449,0.4448988898196,-0.1986169939577,1.0000000000000,0.2994865691133,0.0992541075806,0.0472148201614,0.0959808794974,0.4077725940870,0.2482994868757,-0.1781350559333,0.1592192223274,0.1048547254404,0.2401383629979,-0.0171813679068,0.5933279929823,0.0999595238699,0.3650807219578,0.0331672164306,0.1020377166116,0.0182719910516,0.3357783529215,0.1709319159116,0.0033456422707,0.1736625671415,0.0785355494145,-0.0222431582633,-0.1371810940870,0.0301509609808,-0.2031646911035,0.4352799746110,0.1021357469417,0.0112676187696,0.1485218790496,0.1764571077285,-0.0729495610585,0.1718180865536,-0.2277189964421,0.7106524864597,0.1003359995220,0.0841112146236,0.2425373718192,-0.0628984721027,0.0731404009268,-0.2437112020022,-0.1945932929599,0.1943717892930,0.1663447322027,0.1738069350289,-0.1121118241267,0.3511066924860,-0.3214510451976,0.1136686676186,-0.0355291898573,-0.0624472072234,0.0788506584087,0.0549465990810,0.2827449728959,-0.0515291293425,-0.0186185457682
0.4607329990885,-0.0904252973368,0.1033221487408,0.0765557389925,0.0883268547606,0.4205899153401,0.3696313530882,-0.0508823692908,0.6489086829434,-0.1007420210757,0.1181585007289,0.5899218370327,0.0212445069359,0.2994865691133,1.0000000000000,0.4374689681179,0.1099304735996,0.1954526143836,0.3824798341638,0.3288169474201,-0.0129678348120,0.1739065138417,0.0471166951562,0.1203191427993,-0.0762901518155,0.1885894600088,0.1310378892583,-0.0185683377981,-0.0105537326433,0.5965093955766,0.0138207682464,0.2467246589866,0.3160003004385,0.1959686583118,0.2507624658916,0.4048863945434,-0.2101377183237,0.0504036384669,-0.1299262829443,-0.0551144888207,0.3786739155705,0.3098885655058,-0.1889513243267,0.3729948216164,-0.1707820189463,-0.0437073392732,0.2835708258182,-0.0837889268469,0.1541409751769,0.4700427018625,0.2941959466170,0.0790542309716,-0.0802980568419,0.3588358095615,-0.1699227018987,-0.0847301409150,0.1602726613736,-0.0514009644598,-0.0358264245446,-0.1513565179506,-0.0797274198722,-0.0578703079441,-0.0978063094070,-0.1086902011672,0.2234551893548,-0.1403948065724,0.2107864683631,0.3007101594085,0.1442057732108,0.1289340130397
0.2098386886676,-0.0911898720704,-0.0586643084940,0.2083682263310,0.4298001254545,0.3310813315224,0.7578124975327,-0.0062481974990,0.5452447445204,0.1286129293209,0.3819800946622,0.2023062149543,0.4304684356671,0.0992541075806,0.4374689681179,1.0000000000000,0.0359097227028,-0.1253139139864,0.0333785640284,-0.0751794833636,0.2526900595680,0.0022591758713,0.0951461587199,-0.1013767827194,0.1287808942341,-0.0899700592465,-0.0720133046147,-0.2962134393248,0.1761851328817,0.3433645956574,-0.0835066731237,-0.0097102705033,0.1195532083112,0.0210916283909,-0.0421365087483,0.1431929208273,-0.0802305095760,0.2442901398085,-0.0706762776446,0.3302314764861,0.2676979816795,0.6358198501759,-0.1155400334052,0.3481540258911,0.1636543347251,0.2936160917424,0.2875299294010,0.3956825184582,0.0151406149533,0.2567882901259,0.7354348697233,-0.0510188373873,-0.0217932097019,0.1833652770531,-0.0395276192490,0.2627649811295,-0.1180774810588,0.0182813963142,-0.1714595000309,0.2510367535531,-0.1695032556701,0.0898930407591,-0.0617799806414,0.1243865605088,0.1003377611750,-0.1544266814356,-0.0674970414494,0.1904766441610,0.0469453991500,0.0235289060600
0.4255635717531,-0.0828731446916,0.2315924079209,-0.0005157417622,-0.0257982581140,-0.0645388020700,-0.0467687702651,0.2079111137834,0.1538391934825,0.1059504969418,-0.0338899513884,-0.0286557091426,-0.0926224033743,0.0472148201614,0.1099304735996,0.0359097227028,1.0000000000000,0.0966337044640,-0.1698814608476,0.0400401405505,-0.0367071320456,0.6663634801873,0.4362765055324,0.6118165477241,0.2852986550445,-0.1158594029851,-0.2358711734351,-0.0697424708457,0.4505092195014,0.3199937710058,0.4336300487354,-0.2548627030063,-0.0436489924432,0.2863648982486,0.1475354231153,0.3989030733472,-0.2602009161315,0.1034962850312,-0.1449541627965,-0.1032400389047,-0.2072924188474,-0.1333108685235,-0.1945479171588,-0.0534428435953,0.0215763449217,-0.0474687799060,0.1334602690102,-0.1481310181439,0.0721306975910,-0.0985044808843,-0.0511380826724,0.7838973883140,0.0738136943946,-0.0413678411536,0.1278563026777,-0.0658927153506,0.5190349536575,0.2122401871429,0.5099990463016,0.1994337906751,-0.1984399867636,-0.1889144223055,-0.2855698157004,0.2898439710604,0.1966816536881,0.0315001390100,-0.1231430945530,-0.1190594716263,0.2357191439619,0.2178539238764
0.4402195018981,0.2573527683452,0.4949994389357,0.1185399378849,-0.0326705594146,-0.0726573974737,-0.1684067869179,0.0819174641490,0.0170677504113,-0.0158853607455,-0.1433223891296,0.2083365601640,-0.0117036649336,0.0959808794974,0.1954526143836,-0.1253139139864,0.0966337044640,1.0000000000000,0.3824185866598,0.8233725346298,0.1275263171564,0.2260985864186,0.1114681154143,0.4441728135736,-0.0136173912644,0.1474342862909,0.4115659199854,0.3341856341777,0.1073499658594,0.1897491024034,0.2879399178418,0.1594708913688,-0.0868252262738,0.3050408374035,0.5462083670990,0.1119240845233,-0.0362146550395,-0.0747487174494,0.0751381458189,-0.1202428501710,-0.0132544110471,-0.2616854647830,-0.0645244077920,-0.1653791889467,-0.1272522056223,-0.2275110160542,-0.1438222143672,-0.1047359946846,-0.1703866306026,-0.3227059745142,-0.1775969532213,0.1457081136484,0.3398371757904,0.1068450221474,0.2638828533227,0.0816763805823,0.2342204110887,-0.0632354203088,0.2299213791298,-0.2334421600864,-0.1644244719417,-0.1561782312006,-0.1143699953734,-0.0229270469821,-0.0275324008536,0.0175353972136,0.0390070951377,-0.1481548120501,0.1369259310666,0.2331156169623
-0.0359669677890,0.1961203565006,0.1721169012523,0.1388175514908,-0.1617702560803,0.2454791710904,0.0063530691491,-0.5079888774963,0.3909058401376,-0.2592320064919,-0.2738608183929,0.7250255813359,-0.2595664397122,0.4077725940870,0.3824798341638,0.0333785640284,-0.1698814608476,0.3824185866598,1.0000000000000,0.6515405229835,-0.2220406416194,0.0832700004396,-0.1103512910520,0.2178039850009,-0.2673394782714,0.3852883155874,0.5374725059875,0.3457846956219,-0.0450539076463,0.1753624759189,-0.1035496371978,0.1697266715811,0.1727326977154,0.0610902024377,0.4481120067387,-0.0578552474342,0.1551012393720,-0.2567638158127,0.1624243927862,-0.2233549523239,0.5028416558947,0.1955838142063,-0.1314777084471,0.4173798921920,-0.3084786852967,-0.2805733000627,0.2075364448088,-0.3086902228668,0.0718173114396,0.0609068408037,0.0684318822170,0.2196745673906,-0.0193283366360,0.5446240471105,-0.0934692802943,-0.2565887151714,0.1931454858593,0.0496259660813,0.2044741612735,-0.3796978398796,0.2149989881557,-0.0511756012263,0.1041872946781,-0.0101938229133,0.0583632158123,0.1883206643275,-0.1037087076111,0.3302722562868,0.0291124102634,0.1284112509728
0.3669050805478,0.1112644348315,0.3805581401957,0.0774507838889,-0.0019277701336,-0.0745375892051,-0.1164857594706,-0.0344025994527,0.0807284535001,-0.0776606894655,-0.0882670816555,0.3646272199778,-0.0108383235160,0.2482994868757,0.3288169474201,-0.0751794833636,0.0400401405505,0.8233725346298,0.6515405229835,1.0000000000000,0.0557895291090,0.1974595654651,0.0331350242288,0.3838467781216,-0.1441049177320,0.2228194434886,0.4529313244752,0.3403359262561,0.0928232810359,0.2644860126119,0.0497601148469,0.2314841316570,-0.1164742187675,0.2652023002774,0.4862716083971,0.1083149057687,-0.0835385066108,-0.1524396308280,0.1071154148035,-0.0716605951334,0.1030768374605,-0.1711072508842,-0.0628820727077,-0.0587175237771,-0.1577747542476,-0.1304680876623,-0.1103456451990,-0.1037761819300,-0.0852625937265,-0.2088009954639,-0.0773256106464,0.2326915296475,0.1387527957492,0.3435474770647,0.1942571661844,0.0210839789941,0.2782834379496,-0.0252394001375,0.2418425844915,-0.3303803458770,-0.0792863938263,-0.2052498323225,-0.1007353479473,0.0824526493255,0.0521014547564,0.0113158017051,0.0484456893891,-0.0328335104175,0.1776428417833,0.1593752398628
0.3182447450444,-0.1243199816863,0.1765073401466,0.0833604666483,0.8207437206965,-0.2191106205490,0.2278359294436,0.2605995767084,-0.1754344501442,0.2712837416604,0.4695252718526,-0.2510013926211,0.8183095029713,-0.1781350559333,-0.0129678348120,0.2526900595680,-0.0367071320456,0.1275263171564,-0.2220406416194,0.0557895291090,1.0000000000000,-0.1259831100806,0.1497509175062,0.0288243044068,0.3224219677612,-0.1015690692475,-0.0123794952788,-0.0281321776072,0.4070439816686,0.0273260636335,0.0220356224251,0.0133271299651,-0.2652952469076,0.0756317525753,-0.1292892675904,0.1278838979561,-0.0948738014719,0.0744036137403,0.0431637040674,0.7624014317154,-0.2314962010653,-0.0561289153963,-0.0403563843833,-0.2667014430284,0.3061178681539,0.4109032005046,-0.2154627992903,0.7296387179510,-0.2348683753955,-0.0603026943893,0.1523844557536,-0.1736955426564,0.1227045275962,-0.2652491191917,-0.0116355046432,0.9136921823355,-0.1605265467778,0.0302561670175,-0.0499991557070,0.3523589116716,-0.1332648870765,-0.0315255424539,-0.0294964922533,0.3586181354745,-0.0822424236124,-0.2876115464891,-0.0811914925407,-0.3092258728141,0.1324241490119,-0.1078277478273
0.3708001449329,-0.0321946991430,0.3151240219750,-0.0072214165711,-0.0837359121605,0.1009745583572,-0.1381187621524,0.0189673100322,0.1881403760115,0.0846161547510,-0.1840808878537,0.1026155197979,-0.2012896383685,0.1592192223274,0.1739065138417,0.0022591758713,0.6663634801873,0.2260985864186,0.0832700004396,0.1974595654651,-0.1259831100806,1.0000000000000,0.4220806467204,0.8612995815521,0.1823056755908,-0.1061786345391,-0.1376965838868,0.0016315340023,0.4540730412947,0.5246564790823,0.5120277313743,0.0027265292832,0.0987077425610,0.5353524688401,0.3262958183594,0.3689733281786,-0.2059177821157,-0.0469615211049,-0.1479447668350,-0.2035597919551,0.0600213883858,-0.1061452771079,-0.1376105900498,0.0289028050598,-0.0359401111530,-0.2135374946566,-0.0441291848443,-0.3085294803261,0.0931421341562,-0.1687222475435,-0.0919952541989,0.6928429662276,0.1694411064932,-0.0638024626418,0.0960709875113,-0.2096145707999,0.8466889480640,0.3756760110182,0.7025703757450,0.0381783886639,-0.2527073415279,-0.3454690863389,-0.3204656950508,0.3851373394514,0.3853082628616,0.3476562751704,0.0352656975880,0.0974991200100,0.4237514001296,0.2373693134284
0.4446396165788,0.0236555728862,0.2260448202192,0.3601938352354,0.1195606816084,-0.0263878558216,-0.0993592719674,0.1840055713042,-0.0052901538172,0.4808392413338,-0.0440461667852,0.0076390068473,0.0472005371191,0.1048547254404,0.0471166951562,0.0951461587199,0.4362765055324,0.1114681154143,-0.1103512910520,0.0331350242288,0.1497509175062,0.4220806467204,1.0000000000000,0.4199111808788,0.4828240036425,0.1666528186670,0.0549686368401,0.0799565732061,0.3882520274087,0.3955092430541,0.4508063036993,0.0841854287508,-0.1768251329208,0.3567770312913,0.2544949815292,0.3228929151096,0.1524183032350,-0.0274282272512,0.2195646209455,0.0367357020675,0.0431039642718,-0.2111856286081,0.0063490489671,-0.1098016004721,0.3660281847687,-0.0891837350068,0.0165984844407,-0.0412528829570,-0.0646164697999,0.0059694517971,0.0353126331303,0.3156670134445,0.1198691056429,-0.2551501439861,-0.0682310687554,0.1001374611478,0.3263658208227,0.7693956396385,0.2338929285810,0.4646957069152,0.0011725632566,-0.0361702457529,-0.0368215958604,0.2688945992854,0.3188355530760,0.2468686144975,0.0897336812863,-0.0379741429487,0.3759397371523,0.3557846109569
0.4149301888141,0.0809514822409,0.5594071328108,0.0852504843355,-0.0627554330974,0.0124995028464,-0.2760914930309,0.0308180007555,0.1187280692019,0.1149147197894,-0.2646051033014,0.1590173487883,-0.1954514781306,0.2401383629979,0.1203191427993,-0.1013767827194,0.6118165477241,0.4441728135736,0.2178039850009,0.3838467781216,0.0288243044068,0.8612995815521,0.4199111808788,1.0000000000000,0.2376327046368,0.0896956753267,0.0759373445550,0.2759002425650,0.5425263081042,0.3910704778807,0.5819078002240,-0.0071240482581,0.0152288468999,0.4531194580743,0.4390717857218,0.3171418292941,-0.1662767492241,-0.0628010931484,-0.0066133614983,-0.1921650386634,0.0162639808343,-0.2711376069843,-0.1192548744514,-0.0739363067369,-0.0382506561358,-0.2997914125596,-0.0877084153392,-0.3345249802010,0.0583137854750,-0.2941000133317,-0.1882990472376,0.6917372926435,0.2633311566067,-0.0825702642362,0.0794188941222,-0.0890631651760,0.7468964057992,0.3332397398876,0.7779514418440,0.0283419810219,-0.1269507930326,-0.4103819182364,-0.1800661004471,0.3856321224415,0.1886106862766,0.2886003530404,-0.0696026312073,-0.0279849866925,0.3477578413745,0.2304266859509
0.2583008719033,-0.0339967745519,0.3986073438191,0.3248079055322,0.2714453287395,-0.0363895795679,0.0350789395349,0.3345184597714,-0.0903750000598,0.5917234473852,0.1542147755252,-0.2040516498986,0.2582219984897,-0.0171813679068,-0.0762901518155,0.1287808942341,0.2852986550445,-0.0136173912644,-0.2673394782714,-0.1441049177320,0.3224219677612,0.1823056755908,0.4828240036425,0.2376327046368,1.0000000000000,0.0438532934782,0.1481541124939,0.0495181728563,0.5323041714429,0.0192436747759,0.3877912114507,0.0280604391869,-0.1638943077576,0.0930434407516,-0.0816975916913,0.1661474420199,0.0604440160479,0.1137529165441,0.1425959300728,0.3216768580681,-0.0836574263604,-0.1410058771332,0.2315178945586,-0.1634935592601,0.5699695171318,0.1390439588393,-0.1162496325549,0.1963586284115,-0.0443008635085,0.0286509447564,-0.0395356473103,0.0999885311275,0.0816417954688,-0.3588685539034,-0.1421392977236,0.3004424151712,0.0052528006503,0.3678636793744,0.0086674245010,0.8459090278758,0.0672688261456,0.0663591465193,0.0516599438215,0.4120066998530,-0.0262902876398,0.0027512290216,-0.0076730271840,-0.1647320093207,0.0849462284808,-0.0831712525251
0.0607088676510,0.5177057366522,0.1528859222173,0.5091254703756,-0.1760187657191,0.2126831018105,-0.1582228465879,-0.0545626941924,0.1116312215234,0.1826266866742,-0.1962476369909,0.4140955887603,-0.2173267290830,0.5933279929823,0.1885894600088,-0.0899700592465,-0.1158594029851,0.1474342862909,0.3852883155874,0.2228194434886,-0.1015690692475,-0.1061786345391,0.1666528186670,0.0896956753267,0.0438532934782,1.0000000000000,0.4868220985215,0.5566458261392,-0.0918055698781,-0.0329230939071,0.0594839893942,0.3502632362280,0.1857003570065,0.0356138382118,0.4113263726231,0.1021564954235,0.3707738526348,-0.2459541112518,0.5281716841756,-0.2090322532361,0.4243993609959,-0.1195404010847,0.2330189042311,0.1351269778944,0.1198770239865,-0.2049446092742,0.0669497220008,-0.2693589049630,0.3681076026608,0.1746681377530,-0.0233877506737,0.0724610020005,-0.0174253158920,0.0169036395457,-0.3060601224905,-0.1220830779389,-0.0477377411176,0.2110907278825,0.0196285163472,-0.0121819520106,0.7279472598075,0.0662951452518,0.4340359165321,-0.1216423118591,-0.1406393241944,0.1408122594738,0.1592238807646,0.1715568345113,-0.0479812441652,0.2167471549842
0.0379463661193,0.4589078507562,0.2965602391650,0.4721658143320,-0.0737103378993,0.1530333655638,-0.0051502949236,-0.1683613772706,0.1648344226688,-0.0395559030140,-0.0568977191729,0.3879849551677,-0.0498241373285,0.0999595238699,0.1310378892583,-0.0720133046147,-0.2358711734351,0.4115659199854,0.5374725059875,0.4529313244752,-0.0123794952788,-0.1376965838868,0.0549686368401,0.0759373445550,0.1481541124939,0.4868220985215,1.0000000000000,0.4141414602941,0.0490035558848,-0.0181695703485,0.1289405943072,0.2924768607485,0.0030045495246,0.0835142075200,0.4301474632310,-0.0643473148052,0.4187935235235,-0.2067430857110,0.4023062558198,-0.0915455910864,0.3193840831277,-0.0432158367789,0.1689209523827,0.1539606267721,-0.0516213446756,-0.1315795261283,-0.0362835653794,-0.1121363229105,-0.2228604500383,-0.0516989061924,-0.0846980792371,-0.0892209093811,0.0953922936657,0.1843629015921,-0.1516342676111,-0.0303686984053,-0.1417595013641,0.0986387040918,-0.1400141916413,0.0192491051874,0.2910171492887,0.3441000852661,0.3110902009187,0.0413050185992,-0.1474068574177,0.1512696609954,0.0423088134858,0.0267919479343,-0.0701607018482,0.1235391561581
-0.0406135870340,0.3890665917468,0.5320559848067,0.2040795345451,-0.2334192164136,0.0690002132786,-0.4078854497591,0.1113506774885,-0.1013243190983,0.1369134722555,-0.2382719180164,0.1919189601360,-0.2400335068064,0.3650807219578,-0.0185683377981,-0.2962134393248,-0.0697424708457,0.3341856341777,0.3457846956219,0.3403359262561,-0.0281321776072,0.0016315340023,0.0799565732061,0.2759002425650,0.0495181728563,0.5566458261392,0.4141414602941,1.0000000000000,-0.0700269336307,-0.2585316997969,0.1462225490839,0.1751811812493,0.1969747788380,-0.0466904304943,0.1622919477820,0.0002083094131,0.1662114038039,-0.1967846317555,0.2001502347689,-0.2197105981599,0.1255279694467,-0.3839137413470,0.1462463754041,-0.2334881492866,0.0400282317221,-0.2956867937185,-0.1643583084757,-0.2598418280060,0.2578022407027,-0.1087948631696,-0.3115177203679,0.1713330649883,-0.0095183836262,-0.0428594307242,-0.2720476703427,-0.0808079134224,0.0578971251832,0.0540417978993,0.1730260768406,-0.1533090754347,0.4385295927507,-0.2248988691933,0.5991736016705,-0.0886050464352,-0.3677391067372,0.0136002772879,0.0156780885566,0.0329835633117,-0.1793016637388,-0.0772280575246
0.3037096174375,-0.0366054808712,0.3571330328213,0.1870212036358,0.4251185168952,-0.0234822331928,0.1729928334098,0.2344848322676,0.0831012826549,0.1748943071595,0.2760415788801,-0.1109805353742,0.3369700389590,0.0331672164306,-0.0105537326433,0.1761851328817,0.4505092195014,0.1073499658594,-0.0450539076463,0.0928232810359,0.4070439816686,0.4540730412947,0.3882520274087,0.5425263081042,0.5323041714429,-0.0918055698781,0.0490035558848,-0.0700269336307,1.0000000000000,0.2352634040312,0.4985433248852,0.0017048383162,-0.1109035695982,0.2169522482942,0.1089689823013,0.1624521884271,-0.1186365481171,0.0151159520960,-0.0083359827135,0.3659393995813,-0.0211339986087,0.0098747424461,0.0474571580625,-0.0034373924479,0.1345854424953,0.2517368601519,-0.1513935685231,0.2110045729282,-0.1066037429811,-0.2080649537324,0.0783474935299,0.3941973648483,0.2187597846592,-0.1916951188988,0.0545111470168,0.3724555891075,0.2662851177346,0.2525279239153,0.3491160355200,0.4211254925590,-0.1880767237905,-0.1088175343479,-0.2099480062207,0.7952834069495,0.0802929254072,0.1752458795029,-0.0780023651553,-0.1049908740011,0.1771417784190,0.0286501149619
0.5449962036808,-0.1462072735361,0.0034784473003,0.1297623526525,0.1686937653909,0.2062265366178,0.1973887792698,-0.0599156862829,0.3486151962978,0.0125731687354,0.0621629009065,0.3469515862818,0.0885489503444,0.1020377166116,0.5965093955766,0.3433645956574,0.3199937710058,0.1897491024034,0.1753624759189,0.2644860126119,0.0273260636335,0.5246564790823,0.3955092430541,0.3910704778807,0.0192436747759,-0.0329230939071,-0.0181695703485,-0.2585316997969,0.2352634040312,1.0000000000000,0.1844993958972,0.2267912081803,0.0626138835402,0.5666560244244,0.4113534364226,0.4848418407384,-0.0654454293023,0.0181332176813,-0.0124255198302,0.0143772758145,0.2551461005814,0.1328847346137,-0.1602990748447,0.1828673619404,-0.0389836195990,-0.0467823402392,0.1292142598385,-0.0593034726564,-0.0725813445533,0.2208788289674,0.2794943649455,0.2774034181155,0.0784578154022,0.1507862445603,0.0322127548529,-0.0470927740936,0.5165626229633,0.3666627544344,0.2602938655749,0.0252952105969,-0.2456533964458,-0.1044305760521,-0.3180864371228,0.2226198256812,0.7533015288447,0.1753448887319,0.2746075357907,0.2477867153064,0.6337949004343,0.4193887639341
0.2947228968548,0.2905388384555,0.4284326710534,0.2775421496879,-0.0845350782576,0.1076237889484,-0.1906174248678,0.3577680950381,0.0957786167951,0.1021511693052,-0.1614558675212,-0.0788581952491,-0.1416513521906,0.0182719910516,0.0138207682464,-0.0835066731237,0.4336300487354,0.2879399178418,-0.1035496371978,0.0497601148469,0.0220356224251,0.5120277313743,0.4508063036993,0.5819078002240,0.3877912114507,0.0594839893942,0.1289405943072,0.1462225490839,0.4985433248852,0.1844993958972,1.0000000000000,-0.0268559309656,0.0940776995376,0.2512033571950,0.3494873098351,0.1868141131459,0.0082780062514,0.0709419243995,0.0495826286699,-0.1605572445565,-0.0209087464041,-0.2630266061380,0.1875526960278,-0.0421583342332,-0.0281751457616,-0.2292348041384,-0.1656675985249,-0.2239906425762,-0.0806461243199,-0.2077126799267,-0.1953737830544,0.2980792042563,0.2889235967430,-0.3294050328432,0.0469744557938,-0.0627427482549,0.2941546897252,0.2088474191013,0.3644738284031,0.2314623447656,-0.1100214115296,-0.0733058763812,-0.0619838449835,0.2574371420627,0.0267054523379,0.4666201281738,0.0003258496938,-0.0794346304959,0.0909859576596,0.2193798445490
0.1463632945186,0.1678408870198,-0.0776427430598,0.2142312008489,0.0885142052057,0.3508015657856,0.0295272210178,0.1156730921071,-0.0366416084479,0.1224284471221,0.1442044244812,0.1259559870202,0.0842188326063,0.3357783529215,0.2467246589866,-0.0097102705033,-0.2548627030063,0.1594708913688,0.1697266715811,0.2314841316570,0.0133271299651,0.0027265292832,0.0841854287508,-0.0071240482581,0.0280604391869,0.3502632362280,0.2924768607485,0.1751811812493,0.0017048383162,0.2267912081803,-0.0268559309656,1.0000000000000,0.1954601359775,0.2709683146112,0.1994231827366,0.1667822510234,0.1081801446854,-0.3980415374187,0.0931501155479,0.0508924101468,0.4621877946085,-0.1060384885603,0.3195880374528,-0.0881983493710,0.1102832043612,0.1048864667224,-0.4152951308846,-0.0159747186070,0.1529197053299,0.1008853300207,-0.0004257071038,-0.0757373937447,-0.0959221726882,-0.1736898306612,-0.2776486749923,-0.0206988077832,0.1254759885886,0.1614204814131,-0.1657689094118,-0.0839570530574,0.0834638807006,-0.0796762604364,0.0230054355818,0.1266480608293,0.1460101380066,0.1580757712680,0.8161997952663,0.2383213043187,0.1063344819744,-0.0556850423453
-0.1087267777224,0.3003715782247,-0.0323994485409,0.0795875193079,-0.1799311517088,0.7809466359395,0.1249215135433,-0.0520822424435,0.4509719694057,-0.1670595298682,-0.1029621466363,0.3366852712861,-0.2576895175278,0.1709319159116,0.3160003004385,0.1195532083112,-0.0436489924432,-0.0868252262738,0.1727326977154,-0.1164742187675,-0.2652952469076,0.0987077425610,-0.1768251329208,0.0152288468999,-0.1638943077576,0.1857003570065,0.0030045495246,0.1969747788380,-0.1109035695982,0.0626138835402,0.0940776995376,0.1954601359775,1.0000000000000,0.0142322297613,0.0820857512998,0.0306281611556,0.0499557313186,-0.1280096005284,-0.0696202450698,-0.2354248253134,0.4429935432837,0.2726085137268,0.0448389331663,0.4100487311537,-0.2139673154850,-0.2270857739453,0.1089258551395,-0.2554013516258,0.3637124070777,0.2653187469290,0.1082560912082,0.0411658100652,-0.1171517580558,0.0525757796122,-0.2866632849260,-0.2676917648960,0.0545736929816,-0.2055883604032,-0.0347827915400,-0.1694370915737,0.1621737771583,-0.0057536337196,0.1716414276281,-0.1812376736907,-0.0736637202992,0.1031684503410,0.2638339140131,0.5393719200706,-0.1900051923169,-0.0251485425853
0.3855348416584,0.1943371347826,0.0682791075065,0.1473220609344,0.0419677544904,0.1446784386400,0.0106382776828,-0.0161288512542,0.1319474141066,-0.0263373322829,0.0551178951735,0.0672939247754,0.0467465675621,0.0033456422707,0.1959686583118,0.0210916283909,0.2863648982486,0.3050408374035,0.0610902024377,0.2652023002774,0.0756317525753,0.5353524688401,0.3567770312913,0.4531194580743,0.0930434407516,0.0356138382118,0.0835142075200,-0.0466904304943,0.2169522482942,0.5666560244244,0.2512033571950,0.2709683146112,0.0142322297613,1.0000000000000,0.5568549528546,0.3611063721109,0.1761258930369,-0.1198253323116,0.1467156221912,-0.0498995872998,0.1121162171410,-0.0521856749361,-0.0552473614233,0.0383344561401,-0.0247836639812,-0.0063280542210,-0.1965110548240,-0.0648423616500,-0.1327753020795,-0.0730464135025,0.0132595778471,0.3186224148153,0.2052793452305,-0.0660406715143,0.1423078541301,0.0551369879863,0.5449907341804,0.3528414040081,0.3476434473903,0.0103353913154,-0.1999095146434,-0.1382171642486,-0.2270546449618,0.2966763655379,0.5875753669194,0.2699533136177,0.2737908204099,0.1077385900411,0.7775916715405,0.5080901075990
