1.0000000000000,0.5287666354448,0.3276268673794,0.4955200925257,0.2535783561838,0.0166645443757,0.2116791230241,0.0954305409855,0.1920573562395,0.1780607270019,0.3136448368227,0.2837909620343,0.3945848638685,0.3319081962485,0.3893996918390,0.2246501921071,0.3039859695655,0.3431306540788,0.2907897463928,0.5509742608863,0.5210740326859,0.3520152884044,0.1389602980951,0.4074882903198,0.2241915396483,0.5340847894758,0.5066607522726,0.5229344164922,0.2782765581749,0.3991475519490,0.2156193214281,-0.2174590812269,-0.1220143151085,0.2149852610281,0.5160950870602,0.5777238253118,0.3545148807267,0.0389063177886,0.5217871039549,0.2657891825537,0.0631249243244,0.1718407955550,-0.0295160033606,0.0985774447603,-0.0119330588485,0.2334554462523,0.2755092488553,0.4017500733960,0.0846625214213,0.1230701276063,0.0036464019746,0.2696125940750,0.1060463840524,0.1019712177387,0.2498258848366,0.4062833582825,0.2116007494565,0.1405713417807,0.3679837269288,0.1603697521841,0.4337502652668,0.2184798054904,0.4068234414767,0.1154709897838,0.3672428773008,0.0643227412187,-0.1718230204015,-0.0157246801912,0.1550075216311,0.4849499300297
0.5287666354448,1.0000000000000,0.3281268345346,0.8573062605712,0.3426033677861,0.0364060746369,0.0970545522082,0.1862496253077,0.1566062233878,0.2522546713938,0.2455298373391,0.4227001580656,0.3225246657799,0.5713995596074,0.2902220750123,0.3706093169235,0.1276319505395,0.4353904332925,0.2155590690858,0.4294385231037,0.3564773479459,0.2537487009812,0.4276186355316,0.3790230158741,0.3510982514129,0.7612989771132,0.6139302323626,0.6243558538972,0.1667565812962,0.4298967522606,0.2730342087468,-0.1309879701902,-0.0145941411532,0.4761814907731,0.6714947141928,0.4311472323822,0.7443255341748,0.0629891499351,0.6558408333870,0.2739603847583,0.0815032742504,0.0753126432152,0.1479744322189,0.0633487362631,0.1649944467505,0.0440254419900,0.2769033242023,0.0843565215444,0.0085696846032,0.0774282284814,-0.0545900723993,0.1053314607683,0.1897712769263,-0.1328145068828,0.0372851188042,0.2605110328336,0.1244217353196,0.4006585906722,0.2281342091776,0.3662877360718,0.3046606059306,0.0537114038414,0.5054511705014,-0.0089679646271,0.2135339863458,0.1449870181970,0.0841754630118,0.0433459401162,0.2765270596328,0.6979966029134
0.3276268673794,0.3281268345346,1.0000000000000,0.4101579681422,0.3069642019876,-0.2918530366658,-0.0354378902850,0.6846882753480,-0.0966389933288,0.3670126533286,0.0507646607240,0.0047972055751,0.2891099464888,0.1633174190798,0.0912957651852,0.0971217801647,0.3335632190078,0.5005163763355,0.0884995884551,0.4431524518009,0.3617791415771,0.4084730200174,0.4923420389627,0.5769943863150,0.6422840886842,0.2993717397066,0.5845042098000,0.6410768347078,0.6071659977668,0.1674267134802,0.6033708609903,-0.1838355760379,-0.0556203847710,0.0560580681427,0.3485142178219,0.0535555046538,0.0775918475251,0.5648321653582,0.4183505062033,0.1368354469455,-0.2555479747410,-0.2491706238298,0.4580933272577,-0.2979904881395,0.1734529279813,-0.1106962293642,0.0324158208118,0.1840414679513,-0.0940876414179,-0.2907649998107,0.1121831353518,0.2119192119860,0.3191221510670,-0.1236827640267,0.1492123774532,0.3151974225279,0.0944787698840,0.3098279113617,0.3099470501768,0.5484784405438,0.1250728562164,0.2109395891873,0.5488799169941,0.3874372825849,0.0597267172663,0.3187124384291,-0.1356058230907,-0.1080620880727,0.0117899241468,0.2895306257266
0.4955200925257,0.8573062605712,0.4101579681422,1.0000000000000,0.4954027516200,0.0329183937086,0.2451372886235,0.3064206189260,0.2041311740755,0.3683838671800,0.3898785712929,0.4425385341564,0.3929413787214,0.5798564356545,0.4274046166818,0.4407275203639,0.1482144868417,0.4650115848663,0.2511008259066,0.4796431261065,0.4618727447650,0.3097989157652,0.5237533309309,0.4215378529070,0.4582650697645,0.7584461697198,0.7176323760500,0.6216417400976,0.2961020776838,0.6005598289222,0.3648669093390,-0.1289810028295,0.0157913904821,0.4991562108139,0.6089828452984,0.4333478541073,0.5758980705493,0.1074963875520,0.7029602021746,0.3748529651339,0.0699727492448,0.1238668226754,0.2717088724511,0.1154133278380,0.3483516143533,0.1376832478359,0.2309831634868,0.1773149041849,-0.0608792742441,0.1731649875958,0.0344958244843,0.0955077142664,0.2201884503338,-0.1192678500074,-0.0009649515642,0.3598316860891,0.1463569394353,0.4341297553152,0.2260105418716,0.4945938618587,0.2450256532417,0.0073959808819,0.5116180775181,0.1234182476186,0.2360488848429,0.2130666698135,0.1808683030449,0.0857320048397,0.3616669170228,0.6602131846610
0.2535783561838,0.3426033677861,0.3069642019876,0.4954027516200,1.0000000000000,-0.2481653849903,0.0767941903762,0.4977354677022,-0.1004912960128,0.5587092285314,0.5765805459479,0.1522025880740,0.5313968336582,0.1376284973588,0.2900531661605,0.1717517902673,0.1459707818581,0.5521371552568,-0.0249910463468,0.2965770462958,0.7708425049197,0.3341380973555,0.5575758620826,0.4319670891243,0.5591068202553,0.1529571962386,0.4475159868754,0.2275521498657,0.5142712333139,0.4928702435613,0.5578866075759,0.0550697173567,0.0520886046570,0.4247814779987,0.2351368638701,0.3448232061614,0.1685304151470,-0.0433300385114,0.2342508346530,0.8629431527265,-0.2197748374069,-0.1135664768862,0.4691823945562,-0.1593026749938,0.4819457266531,0.3800608126339,-0.0832704751263,0.4389413418844,-0.2039090427302,0.0813869870287,-0.0625193176519,0.0635061973405,0.4725751782839,-0.2225710144140,0.0753345493817,0.6572831174484,0.2020868075769,0.4625731033138,0.3461074539918,0.5934135237339,-0.0571426240323,0.0480379646807,0.1738938101245,0.3675677518135,0.3162054330796,0.4456872465358,0.2040814925214,-0.0642289273106,0.5074898719959,0.2825025339425
0.0166645443757,0.0364060746369,-0.2918530366658,0.0329183937086,-0.2481653849903,1.0000000000000,0.5879998211314,-0.4543761875535,0.8864876359846,-0.3402392113293,-0.0933736738596,0.3875769125959,-0.3760501832371,0.2602731044965,0.5332263848001,0.5523750972359,-0.3630268390799,-0.3491217876424,0.6105552527674,-0.1152509666315,-0.2476749403200,-0.2100859666882,-0.3517670343524,-0.4065512312121,-0.4917252989888,0.1418213425202,-0.1578299793734,-0.1335162096889,-0.4452151997047,0.2412598357057,-0.4986354038995,-0.1996184673259,0.3129275774302,0.0212441224605,-0.0386649256361,-0.0089348743765,-0.0828955350338,-0.3012263763214,-0.0298077623289,-0.2620714536386,0.9395583039681,0.7851552719562,-0.5450844163155,0.8231766669926,-0.1300324968082,-0.1608975782564,0.3820081019467,-0.3902798496259,0.1894697503036,0.4614343128679,0.4684291369825,-0.3160775042136,-0.5460212726099,0.3720178007843,-0.2707162673293,-0.2867190815824,-0.1408387764995,-0.4175800010767,-0.3991708375613,-0.5182409890981,0.0540157203330,-0.3579134324432,-0.2660061321973,-0.4069683346053,0.0871542713878,-0.4756888133603,0.0928465074876,0.6326394570481,0.0537187831497,-0.0152290991040
0.2116791230241,0.0970545522082,-0.0354378902850,0.2451372886235,0.0767941903762,0.5879998211314,1.0000000000000,-0.2181765470887,0.7271432308822,-0.0845581480178,0.4001841450503,0.4674494288229,0.1931903630622,0.2865728575479,0.7402150711866,0.6653888317160,-0.1378843499071,-0.0891411919371,0.6328315905842,0.1690121025619,0.0929789502729,0.0931605092093,-0.1086694675674,-0.0727173201259,-0.1786457122667,0.1587117891159,0.0675342401285,-0.0184742330976,-0.0103718212755,0.5723213859339,-0.1395690432937,0.0088433922337,0.3578177627970,0.0514533797528,0.0268709649457,0.1732728459571,-0.0957302797162,-0.2625471838935,0.0940544211860,0.0558332631549,0.5368924630666,0.7455065291436,-0.3090476225483,0.5971819450158,0.1340069484704,0.2648306108949,0.2975923188515,0.2116983454491,0.1401521914240,0.5028195932252,0.6466224883203,-0.1041864379002,-0.2539897349303,0.3659928227702,-0.1327551218027,0.1048591697479,0.0762625926955,-0.1780038013254,-0.1286728256861,-0.1424850057969,0.0065390363401,-0.2793819408575,-0.1445018348326,-0.0280510027434,0.3020819032992,-0.1521967439271,0.3264588830480,0.4377310515674,0.1654363631554,0.0225175270700
0.0954305409855,0.1862496253077,0.6846882753480,0.3064206189260,0.4977354677022,-0.4543761875535,-0.2181765470887,1.0000000000000,-0.3400364592395,0.5288318011725,0.1857798368685,-0.0186195358874,0.3139360481307,0.1634243525420,0.0743697775522,0.0168615848568,0.2666515240487,0.4438297797004,-0.1722789520343,0.1985855447313,0.3619198935584,0.3519713110215,0.5398990962532,0.4914559502195,0.7899305379804,0.1627754310373,0.4933559591656,0.5005004005125,0.6233657825397,0.1139132670547,0.7568113052807,0.1670783753563,0.0709790096143,0.1088485320941,0.1939787036257,-0.1248625779127,-0.0911333481809,0.3431877261623,0.2019840974871,0.2713779453737,-0.4768409426200,-0.4688416469100,0.7563013448910,-0.4845219013463,0.3600735001249,-0.0333238852594,-0.2912805180227,0.1503696607657,-0.2132353012486,-0.2912723973512,-0.0780160246427,0.1387386803875,0.2765876963149,-0.3665644145925,-0.0788344242877,0.3534986841413,0.0309906898044,0.3384475107819,0.1938129668971,0.7075490679724,-0.1255846006970,-0.0202891926020,0.3808956235156,0.4521980576696,-0.1660100772502,0.3777923706434,0.0635125160828,-0.2138248895604,0.0474181547653,0.0650043438899
0.1920573562395,0.1566062233878,-0.0966389933288,0.2041311740755,-0.1004912960128,0.8864876359846,0.7271432308822,-0.3400364592395,1.0000000000000,-0.2251670512264,0.0691281524772,0.4669134478545,-0.2427535265452,0.3315103064297,0.6671082331278,0.6413141724701,-0.3150829955317,-0.1899004684940,0.7259520140731,0.0984741747133,-0.0215022725869,-0.1287059204763,-0.2444650343320,-0.2961117571551,-0.3681270630732,0.2475121705183,0.0386371047018,0.0257840130333,-0.3021387186074,0.3721756275635,-0.3781210797571,-0.1980573480764,0.2285310265897,0.1102019391430,0.0344578467311,0.0878474693238,-0.0242178897821,-0.2263440594039,0.1436824548510,-0.1827201167725,0.8606326136984,0.7922848795579,-0.4792210536109,0.8093424314562,-0.0220608571155,-0.0667372513739,0.4794690426343,-0.2643169627680,0.1954190060738,0.4807026531615,0.5174006324324,-0.2932003665123,-0.4030944005841,0.3925361733481,-0.1352693128797,-0.0812333509356,-0.1283397701657,-0.3679107954001,-0.3388956700951,-0.4197284998720,0.1634424510327,-0.2411582683276,-0.1235836858912,-0.3055693413584,0.2110260649142,-0.4384407885292,0.1324312286085,0.5526612356274,0.1752302113987,0.1217267882685
0.1780607270019,0.2522546713938,0.3670126533286,0.3683838671800,0.5587092285314,-0.3402392113293,-0.0845581480178,0.5288318011725,-0.2251670512264,1.0000000000000,0.1648680119711,-0.1160265512411,0.4411718543247,0.3928748251477,0.1725816460771,0.1582355850093,0.0360733173159,0.4530685790097,-0.0801620547473,0.2222736395496,0.4775524571109,0.1256836375915,0.4432221054650,0.2812837608271,0.6897753724383,0.2098221212237,0.4702081029240,0.4033241151738,0.2617390463650,0.1579080909025,0.3320438476128,-0.0799947667880,-0.0171597611567,0.1123313836052,0.1243272371995,0.0229143470534,0.1591340155519,0.1197099240742,0.2530879316710,0.3874325547245,-0.3319972027109,-0.3010190364698,0.4318004099123,-0.3519891608363,0.7733759375255,0.0077309504622,-0.1007575850223,0.3590153226785,0.0823185797358,-0.0432783597755,0.0055281708673,-0.0163760423336,0.2467958738793,-0.2374265270403,0.0603825617174,0.4945032739309,0.0041909645473,0.3064040812179,0.1219302904888,0.5681473477635,0.0132028836240,0.0551062426718,0.2964404260084,0.0840505550614,0.0779444237369,0.1378601582411,0.1519046929241,-0.1244644713409,0.1819090204351,0.1087488537170
0.3136448368227,0.2455298373391,0.0507646607240,0.3898785712929,0.5765805459479,-0.0933736738596,0.4001841450503,0.1857798368685,0.0691281524772,0.1648680119711,1.0000000000000,0.3094459353428,0.5505609190496,0.1053039282760,0.5020203579532,0.2436131914210,0.1305782968463,0.3171090548715,0.1196094656603,0.1772887547058,0.5195161548619,0.3062110195654,0.2570245388515,0.2835326245686,0.1833493279034,-0.0002807703487,0.2095105922091,0.0092026753828,0.2877878128651,0.5362740007294,0.4001618373223,0.2582680752438,0.0907800720822,0.4200654438671,0.1720363128365,0.3586640052299,0.1570255216046,-0.2418337090379,0.0706102843022,0.6044958676372,-0.1196468047935,0.1100517102658,0.1611155581647,0.0132351359483,0.1882032591669,0.8010053845245,0.0107622260675,0.5499761064765,-0.0976672790711,0.3093891760654,-0.0187283154617,0.0951794175166,0.3478307957091,0.0181730611862,0.0761211893246,0.5261504661744,0.1817932306254,0.2589203520536,0.2698112788146,0.2315232249148,-0.0772571205877,-0.0007943279855,-0.0117360081580,0.2803749468180,0.2722525378941,0.2290749365914,0.2965033161548,-0.0709826565210,0.4170983689945,0.2885601828478
0.2837909620343,0.4227001580656,0.0047972055751,0.4425385341564,0.1522025880740,0.3875769125959,0.4674494288229,-0.0186195358874,0.4669134478545,-0.1160265512411,0.3094459353428,1.0000000000000,0.0911162196692,0.4751669467690,0.5293123588285,0.5164458163120,-0.0155630026943,-0.0515730625503,0.4734781751771,-0.0007081174909,0.2089089615836,0.2056791079060,-0.0045243744504,0.1286118626241,0.0215981476118,0.3786799389793,0.1805368599740,0.1991065750431,0.0170411904659,0.4872376628664,0.0107569017839,0.2395297300664,0.1706765851250,0.3180325852450,0.2816475006333,0.2793019841644,0.1144250140108,-0.3077204743685,0.2268890078760,0.0675509246940,0.3667315842559,0.3826706481884,-0.0935418380602,0.4654100470194,-0.0857904653611,0.2306558911076,0.3176608909214,-0.0329997023847,0.0436895377747,0.4095450747103,0.1128434810074,0.0056883883030,-0.2112922788290,0.1009733371112,-0.3855493143522,0.2433313823242,0.1990494247197,-0.0137301138861,0.0304388769836,0.0352128305315,0.0345383228729,-0.3727295257506,-0.0245809158621,-0.0544115588032,0.0615960690334,0.0171398365423,0.3533807094713,0.1744433262310,0.2224992673970,0.2736442936533
0.3945848638685,0.3225246657799,0.2891099464888,0.3929413787214,0.5313968336582,-0.3760501832371,0.1931903630622,0.3139360481307,-0.2427535265452,0.4411718543247,0.5505609190496,0.0911162196692,1.0000000000000,0.1910324184193,0.2328109494582,0.2048631806620,0.3190948339832,0.5415929054840,0.0127651279766,0.3729476557591,0.4701906488702,0.3189041409641,0.3508798547882,0.4433764746383,0.4248738101070,0.2335060229096,0.3780737078038,0.2788983007185,0.3756120780067,0.4093295734922,0.4391705643451,0.0870696324041,0.0125411070078,0.1807745173524,0.4321066465447,0.2959995312522,0.2159101665241,0.1016370676728,0.2018968938604,0.5422035425192,-0.4115781398289,-0.0642596977866,0.3381879223646,-0.2410106205310,0.3438727624189,0.3993536054126,-0.0974354626357,0.8070980021346,-0.0403431755693,0.0604138163854,0.0031021275914,0.2733006928469,0.4406069310577,-0.0764659931340,0.1337228378104,0.4762216574925,0.2287504494971,0.3658693208587,0.4161616700248,0.4571963201629,-0.0806372944950,0.0977967396658,0.2991972309593,0.2900430197116,0.3780776961185,0.4077837767692,0.1200293306946,-0.2027590645996,0.2696310475921,0.3103992545899
0.3319081962485,0.5713995596074,0.1633174190798,0.5798564356545,0.1376284973588,0.2602731044965,0.2865728575479,0.1634243525420,0.3315103064297,0.3928748251477,0.1053039282760,0.4751669467690,0.1910324184193,1.0000000000000,0.5028803370979,0.5895515963387,-0.0366438527475,0.1248045511068,0.4872062243443,0.2378607006960,0.1315481709570,0.0720653749178,0.1566354999590,0.1046884825343,0.3106047629976,0.6870653868717,0.5029677827227,0.5657030804366,-0.0926883478236,0.3645879202365,-0.0027311839557,-0.1310583130258,0.0505297044236,0.1957970764250,0.3983126946579,0.1447753736188,0.3326798098188,-0.0353791985047,0.4450975094944,-0.0322687853095,0.2606855453471,0.2664000108857,0.0640423244706,0.2681683037354,0.3718969117494,-0.1490713282981,0.3276031544082,-0.0514598411728,0.4013683531585,0.3277774569048,0.2379211439186,-0.0424701249616,-0.1847246423118,0.1223941190690,-0.2277790854856,0.1352884975484,-0.0703235267766,0.0639819748115,-0.0754090813245,0.2375351370423,0.1743590469089,-0.2166331373814,0.3962388740155,-0.2426742438444,0.0641373774008,-0.1772947337563,0.3823658805348,0.2134808329667,0.1333790110161,0.3470069760616
0.3893996918390,0.2902220750123,0.0912957651852,0.4274046166818,0.2900531661605,0.5332263848001,0.7402150711866,0.0743697775522,0.6671082331278,0.1725816460771,0.5020203579532,0.5293123588285,0.2328109494582,0.5028803370979,1.0000000000000,0.6768502117238,-0.1559308753084,0.1742558234018,0.6733958491414,0.2787014774318,0.2716262074162,0.1306544619704,0.0646434481069,0.0648495998521,0.0668690758894,0.2801143179084,0.3125743539075,0.2158690967540,-0.0138781345213,0.7161881704310,0.0624765400274,-0.0222010878371,0.3645231833364,0.2653282255656,0.1812784134945,0.1828879153784,-0.0063946576126,-0.2899180546988,0.1310183506708,0.1784631145356,0.4933512318656,0.5603736832061,-0.1257666292256,0.4852890058862,0.2571293152132,0.2668260158776,0.2283443099401,0.1373715874715,0.0602085322452,0.5354650989917,0.4295495188932,-0.1775566668676,-0.1621585089232,0.2199566451295,-0.1635103402247,0.2633762540914,-0.0285336740017,-0.0800522844233,-0.1030234611465,-0.0191532500248,-0.0357400905635,-0.3367643075039,-0.0422833564100,-0.1135219959640,0.2365941172936,-0.1627495743149,0.3767838918495,0.4435692321708,0.3399111172592,0.1718761782230
0.2246501921071,0.3706093169235,0.0971217801647,0.4407275203639,0.1717517902673,0.5523750972359,0.6653888317160,0.0168615848568,0.6413141724701,0.1582355850093,0.2436131914210,0.5164458163120,0.2048631806620,0.5895515963387,0.6768502117238,1.0000000000000,-0.1444784217214,0.1536695508901,0.6400464880955,0.2559134722140,0.1115844665795,0.0622443131803,0.0273927309360,0.0018924860839,0.0139066096281,0.4053900245865,0.2856151028049,0.2417652073007,-0.0913929549775,0.5127397222958,-0.0915807770562,-0.0477206487128,0.3343795004119,0.3245175900564,0.3614976634953,0.1396342414266,0.0598619463129,-0.2405903136841,0.2490908759484,0.0357527112031,0.5123736166459,0.6235081114806,-0.1451747411033,0.5082474725096,0.3155085890228,-0.0115912586221,0.2663770564813,-0.0153833292443,0.1768735475701,0.4058013237673,0.5117129828721,-0.1595876598379,-0.1987416615457,0.2238203140342,-0.2340259689908,0.0548289921599,-0.0685731806406,-0.1089586674129,-0.1666079637542,-0.0124581234180,-0.0280192807575,-0.3885359545035,0.0164991172067,-0.2703346624852,0.2338472743172,-0.1905207026711,0.3472970027539,0.3892661473911,0.3307955749196,0.2729957289505
0.3039859695655,0.1276319505395,0.3335632190078,0.1482144868417,0.1459707818581,-0.3630268390799,-0.1378843499071,0.2666515240487,-0.3150829955317,0.0360733173159,0.1305782968463,-0.0155630026943,0.3190948339832,-0.0366438527475,-0.1559308753084,-0.1444784217214,1.0000000000000,0.2395441113732,-0.1822016507976,0.1572833961809,0.2625989735751,0.7332680047160,0.1956834262184,0.7745687868099,0.3531073273915,0.0823361810343,0.2332249774668,0.3332672820198,0.6323222431672,0.1623538161399,0.5364623221282,0.0202288330009,-0.1586172375448,0.1933205460174,0.2716164951351,0.2889813343383,0.0755207617853,0.3363027435992,0.1864596409999,0.2619706641686,-0.3410210596965,-0.2575097304129,0.2284185334640,-0.3308388189094,-0.1316741679473,0.0618096309887,-0.1281215618845,0.3830943439334,-0.1153930707585,-0.3002298316630,-0.2527879799309,0.9282406101216,0.2787102880422,-0.1294135909124,0.1117619398987,0.0994208946063,0.6704114416028,0.3505030389765,0.7756194422761,0.4552918934033,0.0726735039336,0.2266883406218,0.4202728438418,0.5500455302116,-0.0011683231701,0.4240408031116,-0.0804500666397,-0.2447928073663,-0.0272150603301,0.1943096720066
0.3431306540788,0.4353904332925,0.5005163763355,0.4650115848663,0.5521371552568,-0.3491217876424,-0.0891411919371,0.4438297797004,-0.1899004684940,0.4530685790097,0.3171090548715,-0.0515730625503,0.5415929054840,0.1248045511068,0.1742558234018,0.1536695508901,0.2395441113732,1.0000000000000,0.0243967424208,0.6408227269693,0.5074027497834,0.2539537992086,0.3706291940086,0.5033415294163,0.4093720522037,0.2708900245266,0.5951384905302,0.4524612100443,0.3233268947348,0.3576914338356,0.4775498427715,-0.1177305343436,-0.0295988435042,0.4121523157852,0.5406404723304,0.1987962399504,0.2670902470616,0.2284119273018,0.3000572795163,0.4290497154270,-0.3296895203724,-0.2383881212900,0.2991825858664,-0.3501182383227,0.3167927447504,0.0841867173558,-0.1363451496249,0.3154330153677,-0.2588143553186,-0.2274101273127,-0.1106184648624,0.1622286588016,0.6991154038528,-0.2039978555774,0.2776404336737,0.3825425057124,0.0354769685628,0.2762305275995,0.3298560789092,0.3713407541107,-0.0029673759322,0.1854053458635,0.3418656832862,0.1154205419173,0.2088624509136,0.2627316941845,-0.0581392496109,-0.1690065328809,0.4411280427112,0.4518689725887
0.2907897463928,0.2155590690858,0.0884995884551,0.2511008259066,-0.0249910463468,0.6105552527674,0.6328315905842,-0.1722789520343,0.7259520140731,-0.0801620547473,0.1196094656603,0.4734781751771,0.0127651279766,0.4872062243443,0.6733958491414,0.6400464880955,-0.1822016507976,0.0243967424208,1.0000000000000,0.3973267013377,0.0310158454877,-0.0460014734540,-0.0966420046513,-0.1212461207086,-0.1867674196785,0.2736591935778,0.2353392108475,0.2134558921813,-0.1951354679344,0.4438555655539,-0.2050822985542,-0.2553373536028,0.1977128888398,0.1249291505070,0.2300782370777,0.0807270000377,0.0309266091249,-0.0964700878424,0.1942466641895,-0.0898652789168,0.6016596483796,0.6000158629490,-0.3139059901542,0.5275806665285,-0.0272220299533,-0.0606640402175,0.5459965521073,-0.0931194626433,0.3088921696321,0.3922923231619,0.4006437025499,-0.2194280159213,-0.2386009078896,0.6287382410606,0.0514825398329,-0.0271713122938,-0.1594351782324,-0.2360139125168,-0.2147202557257,-0.2637271235305,0.1349319390057,-0.0995168734840,0.0613480665491,-0.2718528539613,0.3123367522828,-0.3483835632024,0.2468683354430,0.3887619857074,0.1479603400116,0.2536676083993
0.5509742608863,0.4294385231037,0.4431524518009,0.4796431261065,0.2965770462958,-0.1152509666315,0.1690121025619,0.1985855447313,0.0984741747133,0.2222736395496,0.1772887547058,-0.0007081174909,0.3729476557591,0.2378607006960,0.2787014774318,0.2559134722140,0.1572833961809,0.6408227269693,0.3973267013377,1.0000000000000,0.3870807543834,0.1305812196700,0.2085016070412,0.2798734549671,0.2470411895749,0.4651737966440,0.6962249010728,0.4834583666109,0.2698107465205,0.4393394109324,0.2135992777803,-0.3790458635626,-0.0776401540535,0.2429403197839,0.5918145821945,0.2662686421457,0.3248653498297,0.2334272090074,0.4630207472985,0.2052675595274,-0.0591410615561,0.0961644205313,0.0666940731529,-0.0644934990808,0.1351418984084,-0.0131994314460,0.1732054970959,0.2286863219866,-0.0534158832493,-0.0461798873290,0.0420594429427,0.0637446575162,0.3991041037459,0.2150029094572,0.5181485146399,0.2137077253688,-0.0478080614428,0.1080055016696,0.1928672974581,0.1867423262349,0.3050360432158,0.3361032604706,0.4137869234877,0.0755025066174,0.3991240137023,0.0497934522259,-0.1468964459248,-0.0337488760418,0.2701749685858,0.5444625358987
0.5210740326859,0.3564773479459,0.3617791415771,0.4618727447650,0.7708425049197,-0.2476749403200,0.0929789502729,0.3619198935584,-0.0215022725869,0.4775524571109,0.5195161548619,0.2089089615836,0.4701906488702,0.1315481709570,0.2716262074162,0.1115844665795,0.2625989735751,0.5074027497834,0.0310158454877,0.3870807543834,1.0000000000000,0.3624900669877,0.3282381414334,0.4630642578265,0.4517320656215,0.2172094087508,0.4740427534522,0.3041920492764,0.4818160635326,0.4362281371376,0.4378963959407,-0.0290789525235,-0.1200752551405,0.4302420482988,0.2748532519117,0.4887004578905,0.2021591862821,0.0299383953149,0.3995047799431,0.6714507767362,-0.2001186811152,-0.1262849872556,0.2051266163930,-0.1685237831641,0.3320893246312,0.3847321922370,0.0910745779615,0.5499041955720,-0.0946480854332,0.0224345594788,-0.1069994430402,0.1692151099142,0.4408425827967,-0.1422786706665,0.2399542170623,0.8718598385025,0.2404085249280,0.2580342260129,0.4079373877954,0.4394445442594,0.2661527324691,0.2339956598859,0.2339613574590,0.3242374790919,0.3222552769204,0.2543218584939,0.0483230594660,-0.1151823255159,0.4050372270731,0.3662619186864
0.3520152884044,0.2537487009812,0.4084730200174,0.3097989157652,0.3341380973555,-0.2100859666882,0.0931605092093,0.3519713110215,-0.1287059204763,0.1256836375915,0.3062110195654,0.2056791079060,0.3189041409641,0.0720653749178,0.1306544619704,0.0622443131803,0.7332680047160,0.2539537992086,-0.0460014734540,0.1305812196700,0.3624900669877,1.0000000000000,0.4080387648480,0.8793320816795,0.3685995719887,0.1156711023735,0.2830882539027,0.3331188461799,0.6938573412962,0.3987644184517,0.6510291481993,0.0714131446909,-0.0374278132755,0.2929415184306,0.2885748912552,0.3920272920738,0.0427933369919,0.1116421331955,0.1715530486229,0.4238347877910,-0.1825744778128,-0.0901377954795,0.2316277818959,-0.1634932929318,0.0098776277256,0.1736029282336,-0.1155031076189,0.3696226672953,-0.1633458584691,-0.1708316915494,-0.0447645119772,0.6858085401092,0.2321879236418,-0.1710399116804,-0.0446947192276,0.2045651015392,0.7736258571800,0.4770074329732,0.7911708227914,0.4933917376672,-0.0103339850676,0.0017513140188,0.2882046204168,0.5348557354320,0.0736128370844,0.5061756692772,0.0986860087272,-0.1259396444889,0.1119557336804,0.1997306718811
0.1389602980951,0.4276186355316,0.4923420389627,0.5237533309309,0.5575758620826,-0.3517670343524,-0.1086694675674,0.5398990962532,-0.2444650343320,0.4432221054650,0.2570245388515,-0.0045243744504,0.3508798547882,0.1566354999590,0.0646434481069,0.0273927309360,0.1956834262184,0.3706291940086,-0.0966420046513,0.2085016070412,0.3282381414334,0.4080387648480,1.0000000000000,0.4823061901703,0.6249645327979,0.2454960387557,0.3981343628454,0.4327071574098,0.4923890030034,0.2767921486223,0.6927824549267,-0.0705965335367,-0.0501966160398,0.1818960330098,0.2961592417496,0.1709100238692,0.3258614565321,0.2000318886977,0.3842155639139,0.4711902242993,-0.3185612695664,-0.3013857620152,0.5886565968552,-0.3163791393756,0.3183572979826,0.0792630604236,-0.0092560951127,0.2218042001489,-0.0745682004639,-0.1070916778126,-0.0581455501605,0.1027647771946,0.3599443133524,-0.2076729540511,0.0915220182877,0.2776087902179,0.2033442002611,0.8512466893401,0.3744130067858,0.6722924388368,0.0326562389515,0.1592991512399,0.4736723510216,0.4052285984167,0.1968484142161,0.5254676703886,0.1040133101674,-0.1457797017526,0.1903870406194,0.3370260224263
0.4074882903198,0.3790230158741,0.5769943863150,0.4215378529070,0.4319670891243,-0.4065512312121,-0.0727173201259,0.4914559502195,-0.2961117571551,0.2812837608271,0.2835326245686,0.1286118626241,0.4433764746383,0.1046884825343,0.0648495998521,0.0018924860839,0.7745687868099,0.5033415294163,-0.1212461207086,0.2798734549671,0.4630642578265,0.8793320816795,0.4823061901703,1.0000000000000,0.5501507369698,0.2040404473472,0.4588324854797,0.4766627342949,0.7366533220385,0.3794274059997,0.7415856450535,0.0302190110599,-0.0486582446263,0.3612421632155,0.4201630062869,0.3750714382871,0.1431730430618,0.2665137794700,0.2657335613554,0.4570290436106,-0.3719528328437,-0.2980770822466,0.3762563456521,-0.3802860082697,0.0809503526457,0.1394097785529,-0.1758275158362,0.4187288383306,-0.2581178389030,-0.2921067621492,-0.1596623961154,0.7134924545121,0.3987295494066,-0.2995274674713,0.0233389208967,0.3165874772190,0.6522102304670,0.5362902594310,0.8132814951452,0.6286859756810,-0.0237867531005,0.0881100012971,0.4190220339058,0.4990257180696,0.0562865946338,0.5741192974075,0.0523750928074,-0.2108957091208,0.1635223781801,0.3151316334059
0.2241915396483,0.3510982514129,0.6422840886842,0.4582650697645,0.5591068202553,-0.4917252989888,-0.1786457122667,0.7899305379804,-0.3681270630732,0.6897753724383,0.1833493279034,0.0215981476118,0.4248738101070,0.3106047629976,0.0668690758894,0.0139066096281,0.3531073273915,0.4093720522037,-0.1867674196785,0.2470411895749,0.4517320656215,0.3685995719887,0.6249645327979,0.5501507369698,1.0000000000000,0.3198604401053,0.5778524501422,0.5685751226733,0.6528636298927,0.2242668592921,0.6802315803076,0.0410215329847,-0.0525871524481,0.0959428196194,0.2491900922956,0.0785226698694,0.1774154392075,0.3258455638448,0.3821560072474,0.3701562158719,-0.4767289678683,-0.4460425355318,0.7157132295384,-0.4560810299921,0.4736305854293,0.0459631767384,-0.1509908515775,0.3247934568000,-0.0945710893885,-0.1558665225645,-0.0826506832946,0.2632865323037,0.2869596740196,-0.3374193406515,0.0019746507761,0.4633467617544,0.1702820395993,0.5215641829984,0.3380053459963,0.8941012980228,0.0085776603861,0.1100897559652,0.4994432268570,0.4586287870240,0.0187118628218,0.4506625280226,0.0915186257834,-0.2335004518537,0.1002072069397,0.1937452338313
0.5340847894758,0.7612989771132,0.2993717397066,0.7584461697198,0.1529571962386,0.1418213425202,0.1587117891159,0.1627754310373,0.2475121705183,0.2098221212237,-0.0002807703487,0.3786799389793,0.2335060229096,0.6870653868717,0.2801143179084,0.4053900245865,0.0823361810343,0.2708900245266,0.2736591935778,0.4651737966440,0.2172094087508,0.1156711023735,0.2454960387557,0.2040404473472,0.3198604401053,1.0000000000000,0.6755805654738,0.7022849049739,0.0873330449779,0.4233488989719,0.0889320945117,-0.2306165830973,-0.0282873127240,0.2324054744778,0.6432427251509,0.3764010541777,0.5302331415586,0.1622357356908,0.7482801507361,0.0053456134920,0.1666053184069,0.2046481169190,0.1206919639188,0.2133500631325,0.2046684054192,-0.1941342513457,0.2910062876665,-0.0088092317096,0.1326519513286,0.1299758899656,0.1651204291680,0.0817241403732,-0.0161444566163,-0.0830606294634,-0.0608694878398,0.1275172106590,0.0239559927299,0.1806768476946,0.0625003546859,0.3203064170012,0.4416502204871,-0.0062557352321,0.5846512843960,-0.0727321777240,0.2292129565125,0.0546625714953,0.0030032901485,0.1403668512624,0.1845603789958,0.5653410595731
0.5066607522726,0.6139302323626,0.5845042098000,0.7176323760500,0.4475159868754,-0.1578299793734,0.0675342401285,0.4933559591656,0.0386371047018,0.4702081029240,0.2095105922091,0.1805368599740,0.3780737078038,0.5029677827227,0.3125743539075,0.2856151028049,0.2332249774668,0.5951384905302,0.2353392108475,0.6962249010728,0.4740427534522,0.2830882539027,0.3981343628454,0.4588324854797,0.5778524501422,0.6755805654738,1.0000000000000,0.6937420224913,0.4093373834219,0.5167175750090,0.3934854960897,-0.1916815830841,-0.0597434289720,0.3483883711615,0.5640728226833,0.3341433777863,0.3284993087923,0.2570228288073,0.5314905285792,0.2522314292765,-0.1241494587252,-0.0595152497703,0.3442204554152,-0.1062779215135,0.3328925687652,0.0044384459467,-0.0091320396295,0.1970858956026,-0.1520202459168,-0.0857103136725,-0.0125111700588,0.1403342462960,0.2582758507886,-0.1420443246214,0.0762191120724,0.3680378270055,0.0871353901680,0.2751380593933,0.2317260045068,0.5165884471122,0.1648123723146,0.1291913399536,0.5374733893565,0.1706582945568,0.1416136957019,0.2100608284395,0.0237247443227,-0.0452495392542,0.2628194340067,0.4696765843917
0.5229344164922,0.6243558538972,0.6410768347078,0.6216417400976,0.2275521498657,-0.1335162096889,-0.0184742330976,0.5005004005125,0.0257840130333,0.4033241151738,0.0092026753828,0.1991065750431,0.2788983007185,0.5657030804366,0.2158690967540,0.2417652073007,0.3332672820198,0.4524612100443,0.2134558921813,0.4834583666109,0.3041920492764,0.3331188461799,0.4327071574098,0.4766627342949,0.5685751226733,0.7022849049739,0.6937420224913,1.0000000000000,0.3428361924032,0.2640141353602,0.3995535894729,-0.2086359957619,-0.0740900492883,0.1132068828752,0.5277529657715,0.1658255255266,0.4120846013685,0.4164553599151,0.6776402999855,0.0399249054206,-0.1076146420571,-0.1576984169333,0.3315408840218,-0.1684435151373,0.2295365906718,-0.2359834437935,0.2074719143001,0.0771209575071,0.1249086821249,-0.1134639255792,0.0600866402085,0.2746636036576,0.1695644552898,-0.1102347504171,0.0710585055692,0.2450919362165,0.1117548494789,0.2874177004085,0.2692205721090,0.4725849564285,0.3687081488058,0.1373279414242,0.8041497661856,0.1504321892661,0.0901892461688,0.1211750898114,-0.0616087166497,-0.0512963653410,0.1119429850252,0.4580222735937
0.2782765581749,0.1667565812962,0.6071659977668,0.2961020776838,0.5142712333139,-0.4452151997047,-0.0103718212755,0.6233657825397,-0.3021387186074,0.2617390463650,0.2877878128651,0.0170411904659,0.3756120780067,-0.0926883478236,-0.0138781345213,-0.0913929549775,0.6323222431672,0.3233268947348,-0.1951354679344,0.2698107465205,0.4818160635326,0.6938573412962,0.4923890030034,0.7366533220385,0.6528636298927,0.0873330449779,0.4093373834219,0.3428361924032,1.0000000000000,0.2828439306265,0.7613187776469,0.0509597777774,-0.0274170629029,0.1013960094760,0.1571700872261,0.2257516082050,-0.0081992154698,0.2846768024513,0.2192595021185,0.4671996653526,-0.4100052057332,-0.2749050174695,0.5265280964827,-0.3648439109621,0.1279104678280,0.2067717256034,-0.1855716699597,0.4268840022848,-0.3161207971912,-0.2874640889858,-0.0372591963480,0.5233180419584,0.3160764054924,-0.2647641833038,0.0877250125521,0.3880429148338,0.5059533461329,0.5082076844458,0.6025035170002,0.7257993377583,-0.0087344357087,0.1478321133672,0.3347165784263,0.8317413618627,0.0551128131763,0.6013195286871,-0.0315056208891,-0.1976053188751,0.0119880830450,0.0938511113076
0.3991475519490,0.4298967522606,0.1674267134802,0.6005598289222,0.4928702435613,0.2412598357057,0.5723213859339,0.1139132670547,0.3721756275635,0.1579080909025,0.5362740007294,0.4872376628664,0.4093295734922,0.3645879202365,0.7161881704310,0.5127397222958,0.1623538161399,0.3576914338356,0.4438555655539,0.4393394109324,0.4362281371376,0.3987644184517,0.2767921486223,0.3794274059997,0.2242668592921,0.4233488989719,0.5167175750090,0.2640141353602,0.2828439306265,1.0000000000000,0.3012076723210,0.0375279148259,0.1997557360477,0.4744337867068,0.4169834246105,0.4992336565706,0.1779281366184,-0.1755824916075,0.2651100307996,0.4290136804639,0.2176226499292,0.3726085637220,0.0149734119175,0.2751947760865,0.2567524037746,0.3181619604475,0.0967040326027,0.3293523413528,-0.1526543440097,0.3164398781190,0.2600644085675,0.1111492607828,0.1159354186882,0.0466042842667,-0.0904331047409,0.3298204455875,0.3205502558443,0.2309901910688,0.2665658243196,0.2735735929845,-0.0205479346480,-0.1991470624657,0.1034488489673,0.1282478769608,0.4484927065400,0.2697655408701,0.3474008318087,0.2278020108434,0.5270897105338,0.3848804469501
0.2156193214281,0.2730342087468,0.6033708609903,0.3648669093390,0.5578866075759,-0.4986354038995,-0.1395690432937,0.7568113052807,-0.3781210797571,0.3320438476128,0.4001618373223,0.0107569017839,0.4391705643451,-0.0027311839557,0.0624765400274,-0.0915807770562,0.5364623221282,0.4775498427715,-0.2050822985542,0.2135992777803,0.4378963959407,0.6510291481993,0.6927824549267,0.7415856450535,0.6802315803076,0.0889320945117,0.3934854960897,0.3995535894729,0.7613187776469,0.3012076723210,1.0000000000000,0.0950935959136,-0.0343650857827,0.1737955669283,0.2981029979352,0.1462906462334,0.1090445772650,0.2839182329399,0.2348445510549,0.4931767025787,-0.5008698721827,-0.4329941297613,0.6407041391111,-0.4891498210709,0.1203688080308,0.1928933797015,-0.1611215501551,0.3802217683289,-0.2213693707333,-0.2766818575305,-0.1553061213577,0.3945569906251,0.4791840598546,-0.2835190645729,0.1091041914674,0.3674910925694,0.3634551375118,0.6458901081820,0.5678004160411,0.7135820294027,-0.0373553648464,0.1709277539740,0.4285957985477,0.6316655445659,0.0752252820813,0.6603246425551,0.0139690456029,-0.2802322731381,0.0951031129162,0.2563342078713
-0.2174590812269,-0.1309879701902,-0.1838355760379,-0.1289810028295,0.0550697173567,-0.1996184673259,0.0088433922337,0.1670783753563,-0.1980573480764,-0.0799947667880,0.2582680752438,0.2395297300664,0.0870696324041,-0.1310583130258,-0.0222010878371,-0.0477206487128,0.0202288330009,-0.1177305343436,-0.2553373536028,-0.3790458635626,-0.0290789525235,0.0714131446909,-0.0705965335367,0.0302190110599,0.0410215329847,-0.2306165830973,-0.1916815830841,-0.2086359957619,0.0509597777774,0.0375279148259,0.0950935959136,1.0000000000000,0.2546994879967,0.1213876188039,-0.1900033460792,-0.0265692867747,-0.2354614100677,-0.2830804637437,-0.2901740249447,0.0444217939079,-0.2806186703228,-0.1605374371514,0.1622798094145,-0.1465406009512,0.0146076757218,0.3050396094396,-0.4103509735864,0.0489798577558,-0.2305100763485,-0.0081991448766,-0.0985388784127,0.0958306336921,-0.0379944436649,-0.2692574001089,-0.3698010694449,0.0765920465643,0.1021045653671,-0.0227361434442,-0.0177820870653,0.1108915297578,-0.4367553222751,-0.3688081602888,-0.3229169089759,0.0781031249727,-0.2219373004763,0.2113847032420,0.5049691613903,-0.1934227993285,0.1301424550742,-0.2641648541513
-0.1220143151085,-0.0145941411532,-0.0556203847710,0.0157913904821,0.0520886046570,0.3129275774302,0.3578177627970,0.0709790096143,0.2285310265897,-0.0171597611567,0.0907800720822,0.1706765851250,0.0125411070078,0.0505297044236,0.3645231833364,0.3343795004119,-0.1586172375448,-0.0295988435042,0.1977128888398,-0.0776401540535,-0.1200752551405,-0.0374278132755,-0.0501966160398,-0.0486582446263,-0.0525871524481,-0.0282873127240,-0.0597434289720,-0.0740900492883,-0.0274170629029,0.1997557360477,-0.0343650857827,0.2546994879967,1.0000000000000,0.0235379340499,0.0351260841395,-0.1207627821896,-0.2325242679897,-0.2508706142187,-0.1499235718998,0.0115945458506,0.2217937336515,0.2804166953839,-0.0502774703682,0.1733858479340,0.0608017830885,0.0228675441323,-0.1721223124034,-0.0908235600365,-0.1624037687063,0.1470056704313,0.3716323246397,-0.0862516407616,-0.2173703029456,-0.0595262434601,-0.3469896496250,-0.0842716818018,-0.0619443202596,-0.1371420389741,-0.1692097299054,-0.0463324532389,-0.3411709681283,-0.4653137079042,-0.2775583923932,-0.1164773633173,-0.0537357672305,-0.0173563233818,0.2834296028133,0.6247521062167,0.0539018096706,-0.1434938680644
0.2149852610281,0.4761814907731,0.0560580681427,0.4991562108139,0.4247814779987,0.0212441224605,0.0514533797528,0.1088485320941,0.1102019391430,0.1123313836052,0.4200654438671,0.3180325852450,0.1807745173524,0.1957970764250,0.2653282255656,0.3245175900564,0.1933205460174,0.4121523157852,0.1249291505070,0.2429403197839,0.4302420482988,0.2929415184306,0.1818960330098,0.3612421632155,0.0959428196194,0.2324054744778,0.3483883711615,0.1132068828752,0.1013960094760,0.4744337867068,0.1737955669283,0.1213876188039,0.0235379340499,1.0000000000000,0.4528232964287,0.4510978319497,0.1982170266314,-0.2170715205723,0.1798591924154,0.4252799434402,0.0512489776204,0.0582708508910,0.0282331237391,0.0431693241329,0.1432049395666,0.2770573758594,-0.0504124158751,0.0448501820211,-0.2828502695028,0.0921895124427,-0.2545616882458,0.1552640920579,0.2193379323459,-0.1540444310016,-0.0556510581542,0.2140999212130,0.2163104739057,0.1784827754563,0.2591709380696,0.1523943474348,-0.0722056974191,-0.1218145686404,-0.0145523574985,-0.1137503093190,0.1064443609209,0.0645138873130,0.2459140751015,0.0385805227454,0.6337375862292,0.5008590295000
0.5160950870602,0.6714947141928,0.3485142178219,0.6089828452984,0.2351368638701,-0.0386649256361,0.0268709649457,0.1939787036257,0.0344578467311,0.1243272371995,0.1720363128365,0.2816475006333,0.4321066465447,0.3983126946579,0.1812784134945,0.3614976634953,0.2716164951351,0.5406404723304,0.2300782370777,0.5918145821945,0.2748532519117,0.2885748912552,0.2961592417496,0.4201630062869,0.2491900922956,0.6432427251509,0.5640728226833,0.5277529657715,0.1571700872261,0.4169834246105,0.2981029979352,-0.1900033460792,0.0351260841395,0.4528232964287,1.0000000000000,0.4030471533809,0.4820275512859,0.1368355032784,0.5592395207456,0.2151993958751,-0.0410732065339,0.0884342215824,0.1074211880424,0.0193082124728,-0.0461306976211,-0.0147368985247,0.1852517397350,0.1483944970407,0.0149203282281,0.0002111299358,-0.0887620879847,0.2097176891049,0.2949031369204,-0.0112864760405,0.1334544525945,0.1330450677719,0.1295248547210,0.2631644373491,0.3551814755562,0.2530657070138,0.2621647640346,0.1181158008329,0.4923919697063,-0.0740953771877,0.3633636332278,0.2147230067396,-0.1004213330633,-0.0270448464440,0.3422785854053,0.8184571398358
