1.0000000000000,0.6512999965839,0.6991304633747,0.7844166320058,0.7243026728186,0.2970915975343,0.7465371030738,0.6751440455077,0.7078682808504,0.5874629858689,0.7897742380640,0.7334262355869,0.8071563823683,0.6083034860573,0.8476439147932,0.7155919281039,0.7241286979231,0.8076097374818,0.4510196119335,0.7491134918267,0.8101730124571,0.7605434796637,0.7626801785385,0.8087383245228,0.7125617653484,0.5929809063300,0.6645991023819,0.6823072771217,0.7384927637146,0.8457248803055,0.7547130189365,0.3334005027023,0.5657106275835,0.7601045866984,0.8221267707839,0.7943795158706,0.7222084470239,0.3644946489153,0.7842202807114,0.7326384481122,0.3474319014422,0.6674089070653,0.5894501481137,0.3396527598217,0.5614942372145,0.6318554845935,0.5304891150713,0.7510264306651,0.6824396351609,0.3558711087367,0.6691810957700,0.7263231353395,0.6338660017715,0.4631634037668,0.4143895671526,0.7092026026482,0.6329307459968,0.7086513896675,0.6787715349679,0.6576926062454,0.6556241960780,0.5367291885181,0.6551262864371,0.6564175394990,0.5837021461671,0.6949758062885,0.2468181824335,0.2704240930206,0.5727597991687,0.7093206487259
0.6512999965839,1.0000000000000,0.7284192230090,0.7972029230999,0.5587373035440,0.3230455164137,0.6126432552272,0.6292980220452,0.5049817231498,0.5232341310177,0.5664663041364,0.6305160965632,0.6358085846587,0.4834952600201,0.5940243398843,0.6337493338577,0.5767570588467,0.8021139401964,0.3567861123277,0.6634147134186,0.6605877373352,0.5798988357430,0.7852995867763,0.7447412687640,0.6763116644318,0.6862907603825,0.7676766661585,0.6600005799667,0.6739145435522,0.6921919418726,0.7924817850734,0.2085717413050,0.5157219316403,0.5947223328311,0.7877896598018,0.5852575625251,0.9230009730439,0.6156200448404,0.8151996464399,0.6177723880257,0.2183692813896,0.4315188588293,0.6372544589670,0.1484227057164,0.5153536929007,0.4077855098016,0.4699589598023,0.5203126317527,0.4294965266512,0.2886584841604,0.5625820126404,0.5768279980879,0.7608332785316,0.4676447890552,0.5584649075267,0.5925763791473,0.5077196924867,0.7474811051952,0.7227827359424,0.6450628589476,0.7185421815797,0.6359854503457,0.6839459876661,0.6226665380639,0.5760018525544,0.7271457471441,0.1570750930956,0.2870831052647,0.6056892710219,0.7689204785389
0.6991304633747,0.7284192230090,1.0000000000000,0.8471866301477,0.5944062435093,0.3392605199884,0.5430647456316,0.8809821303953,0.5700612598128,0.6724207873690,0.5423379798959,0.6178241136710,0.6102796803106,0.6622307576122,0.7194938311953,0.5906018589036,0.5991025560397,0.8206665479282,0.5237618912337,0.7539101092319,0.7361469565371,0.5885625694619,0.7962615216797,0.7658981880963,0.7644034935554,0.6822473825332,0.7933474580475,0.8662941109353,0.6852096423430,0.5980394439239,0.7331249821908,0.2104011439504,0.4804412170689,0.5961893591769,0.7068646081006,0.6662220710515,0.7651538895988,0.6729667450438,0.8339945059269,0.6557704398567,0.2784386621582,0.5447846877909,0.7450286904374,0.3435999295480,0.5615596347643,0.5312112718861,0.4622119487268,0.5513220877946,0.5908651931130,0.4979098849755,0.5528053161392,0.6047003616961,0.7415779090801,0.5813438326273,0.5920116497078,0.6670726314551,0.5649240594459,0.6837600886879,0.7105982862418,0.6518451327778,0.7499029370652,0.6918574379784,0.7383667001535,0.6249520591478,0.5699294989304,0.6969173909589,0.0669342741392,0.2461076579449,0.5815144411965,0.6928184300725
0.7844166320058,0.7972029230999,0.8471866301477,1.0000000000000,0.6923443119930,0.3875861041110,0.6592517618085,0.7892561944052,0.6186582107272,0.7362056920614,0.7138319348581,0.7117716397898,0.7550213895079,0.7213075946241,0.7449731088128,0.7094315631640,0.6813350539174,0.8088847228704,0.4561816750726,0.7134148653108,0.8536416140910,0.6596475611162,0.8730861138951,0.7673304584851,0.8389819453591,0.7913646673316,0.7820677759666,0.8156538835354,0.7356360464134,0.7171489392852,0.7493917330918,0.2737580838607,0.5368301377073,0.7410665934083,0.8343504241839,0.7806227316451,0.8716979902996,0.6767211610431,0.9646706573812,0.7323580702767,0.3690418863439,0.6878422843940,0.7844746453320,0.4381198748885,0.7063022754054,0.6651830952328,0.5328600605054,0.6912028433077,0.6972761177873,0.5468239089627,0.6836509242495,0.7078107129747,0.8042930893135,0.5904791059846,0.6256672216994,0.7662044987891,0.6172328967099,0.8188081395683,0.7365172963671,0.8044984128175,0.8803215803276,0.7850613684306,0.8383028849437,0.7245553579765,0.6665523616594,0.7549300359742,0.2050852038726,0.3202696997713,0.6142639072197,0.8130519744300
0.7243026728186,0.5587373035440,0.5944062435093,0.6923443119930,1.0000000000000,0.2177078648019,0.5725998117165,0.6222829435245,0.4549126985466,0.5976121593922,0.7877412544839,0.5027321816603,0.8071621459482,0.5479142389853,0.5664760923251,0.5886610655453,0.7496024440307,0.6126436128221,0.3293362689749,0.4850391298547,0.8222240710495,0.7900054413441,0.7005089581303,0.7488295451744,0.7050975953971,0.5438951241098,0.4536169444484,0.6568758829648,0.7084449800922,0.6633506727892,0.6154341584533,0.2749094510295,0.3968314152774,0.7020958233068,0.6442579158022,0.7528087607018,0.6310382748873,0.3645097147406,0.6950719335102,0.9605720129964,0.2222895158794,0.5892802480252,0.6054529000659,0.2982054550395,0.5942680599504,0.7469893375538,0.4107490446577,0.7788827320719,0.5956798525534,0.4917786345082,0.6130867083298,0.7544673408244,0.6059671507922,0.4103232823790,0.4391762771783,0.7964366862750,0.7708074904659,0.6537373863070,0.7245158320297,0.7233995258372,0.5874293199141,0.5046044859206,0.6455796471845,0.7460854645078,0.6656149127199,0.6891791462089,0.1147539752810,0.2579204707663,0.5860257919996,0.6409618710927
0.2970915975343,0.3230455164137,0.3392605199884,0.3875861041110,0.2177078648019,1.0000000000000,0.5056765757607,0.2313113728995,0.6258578519317,0.1708682426388,0.2865910497736,0.4438322383623,0.3402541107480,0.3681435495764,0.3223184919449,0.5131854967115,0.1701258319202,0.3233267850073,0.2443046967086,0.2849043980791,0.3008869553441,0.1979356634877,0.2521659353040,0.2813165313465,0.2423262634423,0.2598310969451,0.4054377074599,0.3885255185245,0.2294685032001,0.2210641376671,0.2568045906171,0.1681319554980,0.5034561339160,0.1864292985171,0.3749355102190,0.2509933669557,0.3389806330084,0.3803963696290,0.4169163673484,0.2249425312236,0.6679953801916,0.5640211182781,0.2239667818320,0.6962401701796,0.1059827129681,0.3088596367800,0.4357785418067,0.2900216308734,0.3393519625680,0.4017432172411,0.4842337285138,0.1927231166782,0.3606059139613,0.3896032641863,0.2907101561504,0.2420277256071,0.1973725906423,0.2272239500392,0.2903942176127,0.2098474997986,0.3698151176636,0.5251415111621,0.4128361140477,0.1844071604541,0.2459121284484,0.2193376142919,0.1524826781808,0.3406948417079,0.3369376254705,0.3737834280016
0.7465371030738,0.6126432552272,0.5430647456316,0.6592517618085,0.5725998117165,0.5056765757607,1.0000000000000,0.4690929157521,0.8074029455155,0.4246667394909,0.7240425218579,0.7545645072298,0.7597143137576,0.5547066948581,0.6743062078223,0.8070088555646,0.5068378786484,0.6693812620140,0.3568051806386,0.5544142495630,0.6821976066684,0.6283769257561,0.5336946369837,0.6191343229531,0.5392691931525,0.4910462222197,0.5917388294080,0.5240245809826,0.5892860289879,0.7331143788836,0.6399515829244,0.3826884569318,0.6540146956472,0.5283406799054,0.7660094142168,0.5240657886508,0.6547676626023,0.4262070219806,0.7055217670105,0.6059887874438,0.4503798038029,0.6752152760517,0.4817734522699,0.4371800579068,0.4356225389387,0.5481433911872,0.5603621706009,0.6925414856498,0.6172494949639,0.2577778730618,0.7433981290537,0.5050309568392,0.5766475954282,0.4408945911725,0.3484720925122,0.6122246630009,0.4809339766979,0.5076731847486,0.5866598233815,0.5254349944516,0.5346979961919,0.5209859877187,0.5986362027031,0.5222848308931,0.4691249094904,0.5512671990428,0.3427413471669,0.3904129752120,0.5509452240227,0.6702454978915
0.6751440455077,0.6292980220452,0.8809821303953,0.7892561944052,0.6222829435245,0.2313113728995,0.4690929157521,1.0000000000000,0.4770494579556,0.7572247363762,0.5512929322695,0.5640064975485,0.5887950838955,0.6196954836281,0.7086118857083,0.5896249766148,0.5767106412012,0.7167775169659,0.4608757044166,0.6566522484349,0.7038214361151,0.5411281196211,0.8056181182682,0.6890157543438,0.8383395541229,0.6410435701719,0.6531780489615,0.7575076699783,0.7112123532595,0.5867735757215,0.6912587321432,0.2001321925552,0.4019641900693,0.6007716247101,0.6322321340999,0.6412163673531,0.6888972888602,0.5901343229205,0.7856298050407,0.6759095752983,0.2596151964322,0.4954694194674,0.8403362996953,0.2698244029744,0.6731336652866,0.5401769689423,0.4375754238015,0.5310310010159,0.5879944230902,0.5365430025240,0.5724137049358,0.5823642156147,0.6513515680340,0.4967996552500,0.5087372611325,0.6389423630603,0.5174686980914,0.6918306781868,0.6056979815957,0.7555880154955,0.7113148975087,0.6068975892127,0.6724377849624,0.6866481764636,0.5966720048473,0.6888574666896,0.1067203375326,0.2040880767610,0.5628369843592,0.6666858390115
0.7078682808504,0.5049817231498,0.5700612598128,0.6186582107272,0.4549126985466,0.6258578519317,0.8074029455155,0.4770494579556,1.0000000000000,0.3253132694982,0.6580646234625,0.7635047742167,0.6403565490391,0.5625777857203,0.7326764798520,0.7960333703242,0.4860150464733,0.5988861889661,0.3783946853747,0.5628265121016,0.5755405993794,0.5433646532700,0.5051657315068,0.5731151435283,0.4882844347311,0.4427040346821,0.6612438091830,0.4989934662337,0.6031137471199,0.6479470335762,0.5762547104599,0.3360463107477,0.6009480208674,0.5060280132802,0.6711987195115,0.4800233929265,0.5460691455962,0.4368405317741,0.6499863116945,0.4765098854728,0.5593237023428,0.7150861338303,0.4401968488958,0.6294106953875,0.3229780026962,0.4974816819355,0.6196154924538,0.5492642667774,0.5851954265453,0.2383233528954,0.7223631494131,0.4783353931836,0.4705921114384,0.4402907831898,0.2577446294536,0.4884201835176,0.4294972478128,0.4605624199457,0.5362407816187,0.4371229580641,0.5033807006350,0.5451982856028,0.5288363588433,0.4986877859700,0.3587913576975,0.4781861110991,0.2828587344939,0.2267397853206,0.4964293721145,0.5539855278108
0.5874629858689,0.5232341310177,0.6724207873690,0.7362056920614,0.5976121593922,0.1708682426388,0.4246667394909,0.7572247363762,0.3253132694982,1.0000000000000,0.5213271994662,0.4494006679704,0.6003394571052,0.6758982914590,0.5410025971647,0.5229341377574,0.5243428214630,0.5226047588970,0.3287227843016,0.4532571507905,0.6708559499526,0.4914804064680,0.7144130782469,0.5457913428113,0.8406731489050,0.7209797893925,0.4905347503044,0.6991965712032,0.5073896591510,0.5075325022574,0.4836313480933,0.2079038890255,0.2744152978126,0.5745847328663,0.5140729434071,0.6001424689552,0.5896895595951,0.4771110462676,0.7286867355447,0.6561361553665,0.1879166758183,0.4527162658493,0.7020094086549,0.2014975809772,0.9072731984525,0.5436668110256,0.3410772949339,0.5917472216871,0.6250784616696,0.5005890418838,0.4878844785959,0.5309654129097,0.5103000635160,0.4279367326837,0.3943243806325,0.6580337981792,0.5003209955954,0.6070140262468,0.5103452510418,0.7780388179614,0.7293721788456,0.5081477348387,0.6641380305094,0.5582348151719,0.5190853642018,0.5514492648328,0.0816792802227,0.2055146594555,0.4999587468626,0.5554005458727
0.7897742380640,0.5664663041364,0.5423379798959,0.7138319348581,0.7877412544839,0.2865910497736,0.7240425218579,0.5512929322695,0.6580646234625,0.5213271994662,1.0000000000000,0.6437959085092,0.9038454495456,0.6021352258715,0.7337062243739,0.7286171510418,0.6749234872906,0.6422519366164,0.4788525489616,0.6051950853552,0.7894744681431,0.7838039027454,0.6220058924061,0.7176484100008,0.6272396220811,0.5571587821184,0.5437252072462,0.6073303038234,0.6931731649518,0.7884625914992,0.6564139620813,0.3800812014490,0.5233881180160,0.7259088824010,0.7157066311098,0.7023779776040,0.6383122714589,0.3717110718856,0.7351978815425,0.7876543184349,0.3116402491183,0.6934461131390,0.5274167823471,0.3972632931440,0.5896489254098,0.8276432664069,0.4817704327405,0.8654206996912,0.6439212715870,0.3971879822644,0.7375365550864,0.6854314678595,0.5850333006129,0.4659587137598,0.4462357869271,0.7456244677619,0.7004574071336,0.6145195729503,0.6812526100154,0.6607848052677,0.6170902369608,0.5184379318435,0.6384477183626,0.7002837673854,0.6116925616456,0.6640241150038,0.2544149536223,0.2878549123502,0.6079504218201,0.6569116504316
0.7334262355869,0.6305160965632,0.6178241136710,0.7117716397898,0.5027321816603,0.4438322383623,0.7545645072298,0.5640064975485,0.7635047742167,0.4494006679704,0.6437959085092,1.0000000000000,0.6656534150397,0.6375249091771,0.7078289347822,0.7767600237488,0.4974764204900,0.6550981418827,0.5538598065434,0.6337103008377,0.6532234009416,0.5104086801111,0.6194728474150,0.5907334428499,0.5952527814891,0.4572375893801,0.6194533483746,0.5733132504741,0.6143351472482,0.7284674374062,0.6051036383737,0.6421329040227,0.7117293916531,0.6276701252871,0.7945741595047,0.5437297217711,0.7074536173238,0.5754691340686,0.7392556903259,0.5430725900111,0.5290857781236,0.6571413249436,0.5942757634889,0.4523196575209,0.4317296091487,0.4746483701026,0.7791125807023,0.5490902405727,0.7129643470169,0.3025340107079,0.7311369394871,0.5217703596325,0.5396004694942,0.5497535181215,0.3424018996858,0.5339086714026,0.3834178439405,0.6332695382546,0.5359403402688,0.5698255827640,0.5719962187240,0.5881795438792,0.6894526501348,0.5734408616362,0.4457880615893,0.5500116665538,0.5817955322995,0.3723898314676,0.4765608093872,0.6692417898085
0.8071563823683,0.6358085846587,0.6102796803106,0.7550213895079,0.8071621459482,0.3402541107480,0.7597143137576,0.5887950838955,0.6403565490391,0.6003394571052,0.9038454495456,0.6656534150397,1.0000000000000,0.6180041178584,0.7059448006245,0.7925253043066,0.6556302652769,0.7158342661598,0.4920092331341,0.6615388971535,0.8701757748764,0.7580795724650,0.6670100871986,0.7715067552621,0.6681223218176,0.5752681080354,0.5711675254709,0.6604842132362,0.7040844974521,0.7954207815408,0.6779219255606,0.3721729621243,0.5116299496875,0.7442718093734,0.7622044720319,0.7391775431891,0.6753467218303,0.3998622216028,0.7823632769572,0.8175737556125,0.3266414869723,0.6840185884332,0.5642620105480,0.3725873836012,0.6415187505335,0.7924901749866,0.5194436589287,0.9374694819231,0.6537334609715,0.4661855593138,0.7719073190253,0.6648417093033,0.6761528764712,0.5314938651993,0.5461149003645,0.8370266330169,0.6940413394209,0.6244235413775,0.7206529312261,0.6712546917185,0.6362453345273,0.5599725905751,0.6755041854265,0.6960388103351,0.6903378830742,0.6978830215396,0.2419348704974,0.3223369932401,0.6956734667865,0.7510438306519
0.6083034860573,0.4834952600201,0.6622307576122,0.7213075946241,0.5479142389853,0.3681435495764,0.5547066948581,0.6196954836281,0.5625777857203,0.6758982914590,0.6021352258715,0.6375249091771,0.6180041178584,1.0000000000000,0.7037939733263,0.5981974043620,0.5285847206651,0.5775913085123,0.6086449621280,0.6188597040060,0.6423952782323,0.5665678552495,0.5688368197194,0.5795941282100,0.6190455662088,0.7745111990841,0.6212716544953,0.7699041046251,0.5293133278942,0.6153300067613,0.4821823397594,0.5006311331849,0.5132031348124,0.5378275386954,0.5835870175435,0.5666691454742,0.5460846585587,0.5194690566756,0.7201202358220,0.5754295386596,0.3590702967335,0.5406012641105,0.5480688395748,0.3988450653652,0.6327314251612,0.5874777215356,0.5208755662805,0.6050803584236,0.8211968201580,0.4761306553034,0.5799257726145,0.5285823919887,0.4915891882662,0.6418911461509,0.4376408005043,0.6075108678910,0.5523268225044,0.4841759733594,0.5867814987849,0.5603455114204,0.7411010088251,0.5562947227296,0.7309769311882,0.5058045390879,0.4925690372019,0.4661929335226,0.3279796862460,0.3427653289542,0.5028348214174,0.5244699555565
0.8476439147932,0.5940243398843,0.7194938311953,0.7449731088128,0.5664760923251,0.3223184919449,0.6743062078223,0.7086118857083,0.7326764798520,0.5410025971647,0.7337062243739,0.7078289347822,0.7059448006245,0.7037939733263,1.0000000000000,0.6925140970012,0.5845442301307,0.8105335418127,0.6206427552297,0.8218694804842,0.7091688518629,0.6808138831997,0.6474110509248,0.7295127337311,0.6419799366799,0.6299881166828,0.7222534812545,0.7022087712602,0.6480986869756,0.8369104300656,0.6968686317948,0.3748180566339,0.6151103338848,0.6822410018878,0.7688644805495,0.6056120390388,0.6440097008119,0.4315033921770,0.7299540539833,0.5963958065165,0.3177050458050,0.5723346506318,0.5337659343693,0.3229630486585,0.5177074427046,0.5550485347366,0.4658173554902,0.6432256662349,0.6680512566993,0.3000157262271,0.6083825729879,0.5712905510267,0.5382857318350,0.4828742068832,0.3692188853737,0.6169881303711,0.5319192596374,0.5726544526962,0.5895863923594,0.5286031272279,0.6365277124702,0.5046918775823,0.6182765973529,0.5496811521908,0.4348163196016,0.5511265684781,0.2657492315443,0.2240446413146,0.4858968843735,0.5748652628378
0.7155919281039,0.6337493338577,0.5906018589036,0.7094315631640,0.5886610655453,0.5131854967115,0.8070088555646,0.5896249766148,0.7960333703242,0.5229341377574,0.7286171510418,0.7767600237488,0.7925253043066,0.5981974043620,0.6925140970012,1.0000000000000,0.5414281188875,0.6706615530528,0.3930871420262,0.5680829290192,0.6993283838383,0.5738859110425,0.6297180328638,0.6192128764585,0.6117795721457,0.5530101583655,0.5990400066305,0.5181616091420,0.6660177894716,0.7334020853099,0.6078261541857,0.4075102918233,0.5946956804614,0.6308411010610,0.7757334148349,0.5936668430956,0.6660203153574,0.4540127190867,0.7645738788022,0.6104406883943,0.4896812354450,0.6749752723495,0.5791858450910,0.4713039714507,0.5422485195231,0.5865392268073,0.6292956098858,0.6868649632716,0.6351854328325,0.3663232213053,0.9081384131745,0.5453532592741,0.6066715776129,0.4605435785255,0.4259186687956,0.6247033496864,0.5069944902932,0.5635515994843,0.6135004714016,0.5958857012506,0.6021482092699,0.5788500241985,0.5979124474327,0.6314235171939,0.5889469576581,0.5851291906810,0.2941811387489,0.3492489756174,0.6349765871990,0.7582830897442
0.7241286979231,0.5767570588467,0.5991025560397,0.6813350539174,0.7496024440307,0.1701258319202,0.5068378786484,0.5767106412012,0.4860150464733,0.5243428214630,0.6749234872906,0.4974764204900,0.6556302652769,0.5285847206651,0.5845442301307,0.5414281188875,1.0000000000000,0.6245368255771,0.2339093968831,0.5105904948101,0.7025740306651,0.8791413653820,0.7614227305713,0.8530146885129,0.7131411667546,0.5853715604510,0.5978079641122,0.6188532783428,0.7866744237819,0.6851742053565,0.7170258906631,0.2151521993590,0.3676406375704,0.7435361948552,0.7055275243778,0.6816545362444,0.6112074803574,0.3714878667502,0.6603023008524,0.7300874571762,0.2294601492869,0.5246712054298,0.5566507550030,0.2435136377084,0.5296711744357,0.5621114389494,0.3386685466194,0.6156350387964,0.5190503953136,0.3139989038379,0.5405839092224,0.9564773787860,0.5746103516940,0.3314416144496,0.3845701203076,0.6617825252879,0.8288926977189,0.7255572668591,0.8105021079986,0.6916120575101,0.6011276888056,0.4822409672322,0.6290764574164,0.7652902960615,0.5614522436911,0.7443186576484,0.0699450343294,0.1447374557223,0.5062742218093,0.6139296904294
0.8076097374818,0.8021139401964,0.8206665479282,0.8088847228704,0.6126436128221,0.3233267850073,0.6693812620140,0.7167775169659,0.5988861889661,0.5226047588970,0.6422519366164,0.6550981418827,0.7158342661598,0.5775913085123,0.8105335418127,0.6706615530528,0.6245368255771,1.0000000000000,0.5024238972838,0.8720071143402,0.7700501432578,0.6990400790067,0.7683898373997,0.8455286238053,0.6395843722520,0.6332210842050,0.7723906338841,0.7244565413099,0.7067566341849,0.7878938026232,0.8263004440539,0.2783198809964,0.5987524978824,0.6940409992096,0.8751317268825,0.6705886422433,0.8019862256827,0.4941999200777,0.8018703202909,0.6651075562207,0.2379463219766,0.5118037963588,0.5879927361392,0.2103854175638,0.4726232143061,0.5182243650154,0.3823786809003,0.6497474138499,0.5079358102280,0.3235641742399,0.5986138449581,0.6200148788293,0.8145549614872,0.4714820014905,0.6315564685210,0.7076774900080,0.5899938780211,0.6721254696962,0.7424522458121,0.5424138452664,0.6605010230343,0.5992750536155,0.6510658083561,0.6085468106533,0.5786758797651,0.6906431463502,0.1384620832323,0.2698897530772,0.5822507637455,0.7659001664088
0.4510196119335,0.3567861123277,0.5237618912337,0.4561816750726,0.3293362689749,0.2443046967086,0.3568051806386,0.4608757044166,0.3783946853747,0.3287227843016,0.4788525489616,0.5538598065434,0.4920092331341,0.6086449621280,0.6206427552297,0.3930871420262,0.2339093968831,0.5024238972838,1.0000000000000,0.7300827001490,0.4189949177556,0.3535114393517,0.3208582193641,0.4358428653431,0.3159126873604,0.3828669977059,0.4108103010156,0.6167465624714,0.3027369642921,0.5177253771922,0.3788168624738,0.4227673705081,0.5022438920868,0.4085196132569,0.4240048349456,0.4280617685575,0.3790971060796,0.3872106681679,0.4673815431228,0.3412669147219,0.2377141455564,0.3443385028559,0.3224843095216,0.2436346028763,0.2890067066714,0.4015289707107,0.5005029517222,0.4376884537209,0.5220200115233,0.4353066306845,0.3546614443215,0.2539826536606,0.3843131253221,0.6586848007649,0.4976714952055,0.3523867149611,0.3236169608789,0.3091607914033,0.3628584962535,0.2834231457275,0.4168716949368,0.3750581784333,0.5104687817920,0.2536572800181,0.4201383841965,0.3626848836934,0.2745911889452,0.2739194454005,0.4212325235114,0.3572585965078
0.7491134918267,0.6634147134186,0.7539101092319,0.7134148653108,0.4850391298547,0.2849043980791,0.5544142495630,0.6566522484349,0.5628265121016,0.4532571507905,0.6051950853552,0.6337103008377,0.6615388971535,0.6188597040060,0.8218694804842,0.5680829290192,0.5105904948101,0.8720071143402,0.7300827001490,1.0000000000000,0.6862582803553,0.5874118823351,0.6305490599391,0.7411258567277,0.5563054683745,0.5962734637890,0.7234617101272,0.7242987481460,0.6284384186741,0.7469354639989,0.7011412246257,0.3029945856754,0.5619058044499,0.6256932971225,0.7520255139969,0.6309604034966,0.6579106443035,0.4526199132696,0.6940407499226,0.5221119284536,0.2670186928300,0.4881465271216,0.4894022851041,0.2209410586507,0.4011633141347,0.4892934770558,0.4335150238577,0.6044714901505,0.5153840748639,0.3531965077969,0.5140492746822,0.5205458572312,0.6716655168894,0.5734476582192,0.6360467262852,0.6110976210228,0.5047223085867,0.5622224077398,0.6199339450469,0.4531669366598,0.6102707506935,0.5401834133088,0.6116875557899,0.5067011840768,0.5426515351376,0.5926465497313,0.1883228488886,0.2370353683356,0.5080349104926,0.6439600558917
0.8101730124571,0.6605877373352,0.7361469565371,0.8536416140910,0.8222240710495,0.3008869553441,0.6821976066684,0.7038214361151,0.5755405993794,0.6708559499526,0.7894744681431,0.6532234009416,0.8701757748764,0.6423952782323,0.7091688518629,0.6993283838383,0.7025740306651,0.7700501432578,0.4189949177556,0.6862582803553,1.0000000000000,0.7350896803413,0.7660474076222,0.7987191804279,0.7723947098091,0.6473724247492,0.6193220778850,0.7378778205213,0.7635791882291,0.7271193831584,0.7133642580170,0.3033234178744,0.5012061162653,0.8003308129302,0.8026051804291,0.7829119332594,0.7444458374922,0.5070302229650,0.8331440810097,0.8447349253198,0.3366784037178,0.7138835588442,0.6888221942883,0.3817840007482,0.6617071653588,0.7583330290029,0.4950031042826,0.8413295187098,0.6683037097416,0.4975030158079,0.7066213904842,0.7346252272868,0.7415475487037,0.5220313782428,0.5575652529182,0.9553775737672,0.7003657711902,0.7249383308905,0.7630064788484,0.7486029848377,0.7171089093091,0.6223495138995,0.7511473997481,0.7583458259785,0.6478126885285,0.7330526931110,0.1912673094665,0.3242209244221,0.5778027392186,0.7705788688787
0.7605434796637,0.5798988357430,0.5885625694619,0.6596475611162,0.7900054413441,0.1979356634877,0.6283769257561,0.5411281196211,0.5433646532700,0.4914804064680,0.7838039027454,0.5104086801111,0.7580795724650,0.5665678552495,0.6808138831997,0.5738859110425,0.8791413653820,0.6990400790067,0.3535114393517,0.5874118823351,0.7350896803413,1.0000000000000,0.6783483493141,0.8952826115424,0.6307044693978,0.5804047785498,0.5934011546424,0.6234364992639,0.7485609830417,0.7786425317851,0.7674681370914,0.2675996217098,0.4680772583384,0.7309222514361,0.7408961162548,0.6553835563807,0.6021373783098,0.3236559561005,0.6441015062562,0.7866766035283,0.2032219786740,0.5115726531954,0.4647946170863,0.2034352286982,0.5199420015045,0.6184295206443,0.2817437745823,0.7359124353812,0.5187355534458,0.2571140759612,0.5512805042523,0.8431203013213,0.5854652132631,0.3245763816311,0.4005220607109,0.7199152647186,0.8585329799931,0.6322159293235,0.8189180944139,0.6024007073615,0.5586563364163,0.4333262799399,0.5970654739344,0.7054694357987,0.5459935092133,0.7134277875627,0.0982088048258,0.2083990020558,0.5369721950167,0.5909464608151
0.7626801785385,0.7852995867763,0.7962615216797,0.8730861138951,0.7005089581303,0.2521659353040,0.5336946369837,0.8056181182682,0.5051657315068,0.7144130782469,0.6220058924061,0.6194728474150,0.6670100871986,0.5688368197194,0.6474110509248,0.6297180328638,0.7614227305713,0.7683898373997,0.3208582193641,0.6305490599391,0.7660474076222,0.6783483493141,1.0000000000000,0.8152402183976,0.8279440889974,0.6998377106940,0.7017387418160,0.7132770492213,0.7454497423815,0.7041022199009,0.8288163513132,0.1979234499912,0.4638363986394,0.7463465935581,0.7907556889310,0.7561214056776,0.8340123089830,0.5992105038820,0.8722113671890,0.7389620817648,0.2765237066931,0.5410466079458,0.8181520138089,0.2598608734264,0.6877002279686,0.5356485064093,0.4597809432847,0.5824270233692,0.5802640032658,0.4575013441968,0.5870418196579,0.7744800605433,0.7661073998225,0.4711011618762,0.5623607929166,0.6992251886404,0.6378145065668,0.9308640945891,0.7716689227328,0.8297364346846,0.7746956781517,0.6913815930716,0.7567002854218,0.7441229240920,0.6676467057693,0.8455670969013,0.1222918563608,0.2506799630578,0.6256661052476,0.7948100594640
0.8087383245228,0.7447412687640,0.7658981880963,0.7673304584851,0.7488295451744,0.2813165313465,0.6191343229531,0.6890157543438,0.5731151435283,0.5457913428113,0.7176484100008,0.5907334428499,0.7715067552621,0.5795941282100,0.7295127337311,0.6192128764585,0.8530146885129,0.8455286238053,0.4358428653431,0.7411258567277,0.7987191804279,0.8952826115424,0.8152402183976,1.0000000000000,0.7090442058223,0.6221755277283,0.7475312110554,0.7476247876468,0.8154077960758,0.7810362741089,0.8843360976713,0.2496688818410,0.4916335907268,0.7818176008006,0.8180750545403,0.6966214681430,0.7357315220399,0.4617710657107,0.7510546843662,0.7688255734497,0.2595615313693,0.5273776715929,0.5974763057808,0.2196569425158,0.5292555880897,0.5860415864064,0.3779942517082,0.7147921739054,0.5156656587274,0.3376788890887,0.5800995254157,0.8274038567417,0.7382111909737,0.4343398370372,0.5514875687715,0.7676844729206,0.7946899383414,0.7462236189332,0.8805566544793,0.6523684116198,0.6369204640019,0.5718607742658,0.6983519154542,0.7401956622567,0.6019386543946,0.8158730909087,0.1175645667175,0.2148845215318,0.5996366021908,0.7119890688951
0.7125617653484,0.6763116644318,0.7644034935554,0.8389819453591,0.7050975953971,0.2423262634423,0.5392691931525,0.8383395541229,0.4882844347311,0.8406731489050,0.6272396220811,0.5952527814891,0.6681223218176,0.6190455662088,0.6419799366799,0.6117795721457,0.7131411667546,0.6395843722520,0.3159126873604,0.5563054683745,0.7723947098091,0.6307044693978,0.8279440889974,0.7090442058223,1.0000000000000,0.6876553080041,0.6620113925527,0.7364671741416,0.7738764108347,0.6369072697622,0.6587089745367,0.2472373886316,0.3686751125915,0.6971657025157,0.6854930524337,0.6732093475036,0.7390770370963,0.5763058340195,0.8248098319813,0.7422532062417,0.2753629945491,0.5800085433601,0.7916569892347,0.2818578723452,0.7884726610014,0.5655527189212,0.4601634454744,0.6011389292201,0.6089332138068,0.4603196246812,0.6075825594399,0.7279607062227,0.6174746658908,0.4364395343627,0.4229540429923,0.6985366056137,0.6064293801053,0.7800839066860,0.6596614061175,0.9105846444608,0.7532493106490,0.6214578889045,0.7298937544620,0.7767186499403,0.5807905862547,0.7119842381661,0.1494823016941,0.2062529586423,0.5350697226899,0.6881579174607
0.5929809063300,0.6862907603825,0.6822473825332,0.7913646673316,0.5438951241098,0.2598310969451,0.4910462222197,0.6410435701719,0.4427040346821,0.7209797893925,0.5571587821184,0.4572375893801,0.5752681080354,0.7745111990841,0.6299881166828,0.5530101583655,0.5853715604510,0.6332210842050,0.3828669977059,0.5962734637890,0.6473724247492,0.5804047785498,0.6998377106940,0.6221755277283,0.6876553080041,1.0000000000000,0.6889214005007,0.7244046265154,0.5818613362198,0.6341745391335,0.5911433797787,0.0879939767090,0.3860222262317,0.5727020680071,0.6452432609547,0.6183155005633,0.7054809599148,0.5628461773336,0.7829549649338,0.5676060222474,0.1998070479389,0.4319003892546,0.6210205582537,0.2118539339642,0.7221616923058,0.4980540296613,0.3557063100540,0.5279627192557,0.6395522958159,0.4325589604152,0.4959046678036,0.5710673810683,0.6207826370514,0.4967409548428,0.5377436520962,0.6103578723594,0.5532886449966,0.6166270373934,0.6340679120273,0.6551566716586,0.9040026628839,0.6185573197988,0.7375125411351,0.5579097371645,0.5759337664068,0.5804616763846,0.0616722030836,0.2342416369447,0.5329028576686,0.6291079403867
0.6645991023819,0.7676766661585,0.7933474580475,0.7820677759666,0.4536169444484,0.4054377074599,0.5917388294080,0.6531780489615,0.6612438091830,0.4905347503044,0.5437252072462,0.6194533483746,0.5711675254709,0.6212716544953,0.7222534812545,0.5990400066305,0.5978079641122,0.7723906338841,0.4108103010156,0.7234617101272,0.6193220778850,0.5934011546424,0.7017387418160,0.7475312110554,0.6620113925527,0.6889214005007,1.0000000000000,0.7343184973164,0.7094453525221,0.6324216199840,0.7562949732366,0.2732971234357,0.4548672576458,0.5685820714516,0.7364280049902,0.5073794149947,0.7208836445343,0.5974187339221,0.7501576013600,0.4989196924386,0.3080800139382,0.5219860779131,0.5555954508952,0.3190183145327,0.4418721283274,0.4337504388723,0.4271407268075,0.5079621037036,0.4795925648705,0.2527734515563,0.5255575039877,0.5569110390995,0.6595201212932,0.4707708910221,0.4903699632296,0.5439212470058,0.4823311593804,0.6161833941057,0.6563208652524,0.5442039652594,0.7045869872453,0.7237298747935,0.6752195839255,0.5765647011054,0.4033358604517,0.6091719829664,0.2296007734044,0.1444967698659,0.4396540474599,0.5958205729191
0.6823072771217,0.6600005799667,0.8662941109353,0.8156538835354,0.6568758829648,0.3885255185245,0.5240245809826,0.7575076699783,0.4989934662337,0.6991965712032,0.6073303038234,0.5733132504741,0.6604842132362,0.7699041046251,0.7022087712602,0.5181616091420,0.6188532783428,0.7244565413099,0.6167465624714,0.7242987481460,0.7378778205213,0.6234364992639,0.7132770492213,0.7476247876468,0.7364671741416,0.7244046265154,0.7343184973164,1.0000000000000,0.6209147964082,0.5942877284681,0.6177768311625,0.3097663783652,0.4691655823267,0.5897991588916,0.6342674980057,0.6932100141341,0.7010437683187,0.6126666170236,0.7905400469004,0.6928184055413,0.2988983514649,0.5749143861506,0.6357557066585,0.3935694779100,0.6051450475662,0.6387227915790,0.4799153081543,0.6333076173327,0.6852177281787,0.6019979657851,0.5049669241878,0.6219111870972,0.6540055237023,0.6809844066868,0.5905829006130,0.6945865506515,0.6339500935817,0.6317964474497,0.6868276064328,0.6400052071181,0.7807270159115,0.6822792433352,0.8332661480150,0.5998554359654,0.5788423094615,0.6311101083509,0.1445938554799,0.2883924191385,0.5541210128975,0.6130447982542
0.7384927637146,0.6739145435522,0.6852096423430,0.7356360464134,0.7084449800922,0.2294685032001,0.5892860289879,0.7112123532595,0.6031137471199,0.5073896591510,0.6931731649518,0.6143351472482,0.7040844974521,0.5293133278942,0.6480986869756,0.6660177894716,0.7866744237819,0.7067566341849,0.3027369642921,0.6284384186741,0.7635791882291,0.7485609830417,0.7454497423815,0.8154077960758,0.7738764108347,0.5818613362198,0.7094453525221,0.6209147964082,1.0000000000000,0.7018147131622,0.7596388944964,0.2778707910544,0.4254140092068,0.7306278678492,0.7504422130911,0.6543584458084,0.6852440272716,0.4272965097069,0.7325643002639,0.7138928292497,0.3230825496874,0.5839986786890,0.6584679018103,0.2775348627125,0.5196649301151,0.5871782279444,0.4681865671117,0.6416330566434,0.4970192021258,0.3389428431341,0.6942932569693,0.7811628506167,0.6634024673833,0.3773312457922,0.4737952365118,0.7098985970653,0.7108725671703,0.7061616606575,0.7734374635125,0.7165124574888,0.6123091420249,0.5700359938053,0.6340654151311,0.9030253734414,0.6195325215847,0.7615232600121,0.2018965920154,0.1886543655566,0.5405752489290,0.7245520107338
0.8457248803055,0.6921919418726,0.5980394439239,0.7171489392852,0.6633506727892,0.2210641376671,0.7331143788836,0.5867735757215,0.6479470335762,0.5075325022574,0.7884625914992,0.7284674374062,0.7954207815408,0.6153300067613,0.8369104300656,0.7334020853099,0.6851742053565,0.7878938026232,0.5177253771922,0.7469354639989,0.7271193831584,0.7786425317851,0.7041022199009,0.7810362741089,0.6369072697622,0.6341745391335,0.6324216199840,0.5942877284681,0.7018147131622,1.0000000000000,0.7913180440421,0.3666891416262,0.6609508083401,0.7596108607068,0.8544081913362,0.6758228144868,0.7173613385944,0.4212282636027,0.7511845913422,0.6886301411787,0.2660081285803,0.5023066599458,0.5548686999964,0.1695967504752,0.5656289908969,0.5221408440575,0.5269079156176,0.6807706234641,0.6297650056058,0.2373541541170,0.6472787121585,0.6709855043289,0.6297933353461,0.4711333702407,0.4521888649932,0.6584438003121,0.6222241868960,0.6933214234257,0.7155157017841,0.6213780911741,0.6246299283593,0.4963779913419,0.6527297560780,0.6474557400986,0.6166417669144,0.6871513850902,0.2924509525150,0.3353300790857,0.6199857788205,0.7214670010746
0.7547130189365,0.7924817850734,0.7331249821908,0.7493917330918,0.6154341584533,0.2568045906171,0.6399515829244,0.6912587321432,0.5762547104599,0.4836313480933,0.6564139620813,0.6051036383737,0.6779219255606,0.4821823397594,0.6968686317948,0.6078261541857,0.7170258906631,0.8263004440539,0.3788168624738,0.7011412246257,0.7133642580170,0.7674681370914,0.8288163513132,0.8843360976713,0.6587089745367,0.5911433797787,0.7562949732366,0.6177768311625,0.7596388944964,0.7913180440421,1.0000000000000,0.1756581700947,0.5365194062174,0.7163716041136,0.8329355201950,0.6128058741052,0.7772692905150,0.5309101537205,0.7611773689942,0.6634609845823,0.2296598484436,0.4685575918934,0.6650610599717,0.1744610629896,0.5084270072268,0.4487205336749,0.3760040702296,0.5826020183399,0.4423459659186,0.2508944868800,0.5512123383612,0.6987833771765,0.7739140192480,0.4342249758601,0.5556124739234,0.6555192199574,0.6175812022763,0.7966599636571,0.8067310208686,0.6611880491745,0.6231982327362,0.5997455076955,0.6619893669700,0.6821243173275,0.5607604751439,0.8599168071525,0.1164062593608,0.2522817565812,0.5956117516674,0.7336991275852
0.3334005027023,0.2085717413050,0.2104011439504,0.2737580838607,0.2749094510295,0.1681319554980,0.3826884569318,0.2001321925552,0.3360463107477,0.2079038890255,0.3800812014490,0.6421329040227,0.3721729621243,0.5006311331849,0.3748180566339,0.4075102918233,0.2151521993590,0.2783198809964,0.4227673705081,0.3029945856754,0.3033234178744,0.2675996217098,0.1979234499912,0.2496688818410,0.2472373886316,0.0879939767090,0.2732971234357,0.3097663783652,0.2778707910544,0.3666891416262,0.1756581700947,1.0000000000000,0.4123378927480,0.3071600203365,0.3515213862307,0.1819005363487,0.2407011878961,0.1949438357004,0.2838803495096,0.3074602644094,0.2162951020449,0.3085759434840,0.1808125543742,0.1709214642539,0.1925805689412,0.3134924551942,0.4285465081645,0.3766811841379,0.4735713572073,0.0890599371018,0.3997756677390,0.2247727801273,0.1146321753202,0.2911308328209,0.0782643646957,0.2757144044858,0.1839589560087,0.2002328163551,0.1846985621363,0.1978598927569,0.1651821127830,0.2015985044653,0.3017888836627,0.2809066589082,0.1104983491246,0.1276101306951,0.7187451244495,0.1877819203236,0.1832591638102,0.1952187541407
0.5657106275835,0.5157219316403,0.4804412170689,0.5368301377073,0.3968314152774,0.5034561339160,0.6540146956472,0.4019641900693,0.6009480208674,0.2744152978126,0.5233881180160,0.7117293916531,0.5116299496875,0.5132031348124,0.6151103338848,0.5946956804614,0.3676406375704,0.5987524978824,0.5022438920868,0.5619058044499,0.5012061162653,0.4680772583384,0.4638363986394,0.4916335907268,0.3686751125915,0.3860222262317,0.4548672576458,0.4691655823267,0.4254140092068,0.6609508083401,0.5365194062174,0.4123378927480,1.0000000000000,0.4352827471504,0.6630561624699,0.4147547196374,0.5803883304117,0.4853271151941,0.5751601697782,0.4292243220678,0.4745662367757,0.5077330380849,0.4399149070168,0.3521709013952,0.2732702318034,0.3603663809468,0.5574246832537,0.4299801006499,0.5620921238522,0.2646000310293,0.5727146144192,0.3957175029896,0.4791503145822,0.4117847745241,0.3069703216278,0.4147989710353,0.3657217352786,0.5003604182371,0.4948316301637,0.3758710401467,0.4483381326515,0.4901241857068,0.5817610446679,0.3844545346040,0.3977395528944,0.4532031689026,0.3950826163282,0.6043048931148,0.4050759340133,0.5810110881332
0.7601045866984,0.5947223328311,0.5961893591769,0.7410665934083,0.7020958233068,0.1864292985171,0.5283406799054,0.6007716247101,0.5060280132802,0.5745847328663,0.7259088824010,0.6276701252871,0.7442718093734,0.5378275386954,0.6822410018878,0.6308411010610,0.7435361948552,0.6940409992096,0.4085196132569,0.6256932971225,0.8003308129302,0.7309222514361,0.7463465935581,0.7818176008006,0.6971657025157,0.5727020680071,0.5685820714516,0.5897991588916,0.7306278678492,0.7596108607068,0.7163716041136,0.3071600203365,0.4352827471504,1.0000000000000,0.8083317075918,0.7308628113622,0.6603300112857,0.3991844439445,0.7239097687662,0.7035332379213,0.3399436350726,0.5844169907088,0.5901653853311,0.2418718270365,0.5849939848558,0.5998127770497,0.4330398581970,0.6619700994270,0.5307791507186,0.3564533694948,0.6075284697225,0.7621833929421,0.6507231397492,0.3751019655889,0.4698952494477,0.7457551211629,0.6589979305373,0.7490670942890,0.7184114510563,0.6936635203313,0.6140457386471,0.5205647827306,0.6657886546208,0.7279601132347,0.5758302410823,0.7285987331760,0.1954854806303,0.1994284621031,0.5431840710473,0.6652489270506
0.8221267707839,0.7877896598018,0.7068646081006,0.8343504241839,0.6442579158022,0.3749355102190,0.7660094142168,0.6322321340999,0.6711987195115,0.5140729434071,0.7157066311098,0.7945741595047,0.7622044720319,0.5835870175435,0.7688644805495,0.7757334148349,0.7055275243778,0.8751317268825,0.4240048349456,0.7520255139969,0.8026051804291,0.7408961162548,0.7907556889310,0.8180750545403,0.6854930524337,0.6452432609547,0.7364280049902,0.6342674980057,0.7504422130911,0.8544081913362,0.8329355201950,0.3515213862307,0.6630561624699,0.8083317075918,1.0000000000000,0.6873380281779,0.8359648489138,0.5559621577964,0.8360640888749,0.6749131340510,0.3975145662465,0.6193409904465,0.6306585858491,0.3031227488105,0.5179063782195,0.5410418467277,0.5099564522688,0.6533709393985,0.5879394269416,0.3158283104375,0.7101614113675,0.7106835826004,0.7798508549797,0.4498122532706,0.5531837187585,0.7094657292333,0.5877965094611,0.7776616179539,0.7487289116228,0.6554714379924,0.6912308778270,0.6533894068421,0.7317366930803,0.6805041687603,0.5924987319265,0.7363753571407,0.2725573033855,0.3311708743524,0.5404741814549,0.8341121222032
