1.0000000000000,0.0985197960406,-0.2044137288512,0.5902387037995,0.3694006234296,-0.0226125539752,0.2490383026973,0.2304325891465,0.3547281756598,0.2397395603162,0.4247670394647,0.0843719139674,0.2663798621271,0.3163277924630,0.4638736180531,0.1364989065275,0.1887580851066,0.2442239417045,0.4270373862196,0.3862343874006,0.3713890601740,0.0687745992998,0.3258931301195,0.0812466808572,0.2192312119896,0.3385271713130,0.0064745914114,-0.3620797458046,0.1780420925249,0.4313281536054,0.4262342405671,-0.2174591873440,-0.2181191900767,0.4716573474941,0.3493725097406,0.2482409696272,0.0103843419663,-0.3073909369993,0.2440051175708,0.0073981037080,0.0006298444554,0.1046250485370,-0.0783258675110,-0.1542864607630,0.1488398433963,0.0945270781004,0.1590249995647,0.1786302597054,-0.2482107940561,-0.0746565500884,0.0946459404975,0.1596436148344,0.0705187499626,-0.2245536319091,0.0737621513896,0.2473260814362,-0.0276000432789,0.3279503502430,-0.0685374481938,0.1309046501529,0.0686193715408,-0.3257317436505,-0.3068988469110,-0.0145811938535,0.0790479145890,0.0008448743056,-0.0193974618697,0.1086587685503,-0.0658386946232,0.2327604646670
0.0985197960406,1.0000000000000,0.0411769858071,0.3383524853729,0.2439856678870,-0.0120180318618,-0.1569164225073,0.2306157552194,0.0157590196199,0.0566256929306,0.1025086749903,0.1010802073946,-0.0041322121933,0.0631265916935,-0.0101645827556,0.0609212694504,0.1463891876329,0.2252790986971,0.1561885416227,0.1539239811812,-0.0007688623294,0.2637004691971,0.3373599063036,0.2706799619792,0.3117982938804,0.1223785576644,0.4310355591972,0.3042397017784,0.3864685425611,0.2306984493055,0.3563617050054,-0.0113449474607,-0.0092420599525,0.0069015280400,0.1188593669647,0.1061046819444,0.6412090743382,0.0514414093294,0.1497662931069,0.0625962957737,0.0542023088364,-0.0158618751477,0.1050475290881,-0.1307168991552,0.0729163583832,0.0746677988980,0.1081688177749,0.0339000265548,-0.0393444289605,-0.0241455689104,0.0430329664590,0.2440347226097,0.2139381249122,-0.0043889802285,0.1798573425016,-0.0168750340534,0.3367075522548,0.2584267259112,0.3734185142700,0.1981684246586,0.0283053748366,0.2152328856158,0.3389966051611,0.2938902152297,0.0738171105544,0.3701080426907,-0.0175313501696,0.0557927439252,0.0444519499860,0.1545426721123
-0.2044137288512,0.0411769858071,1.0000000000000,-0.2317622271140,-0.2781474951590,0.1146872872330,0.0248125225372,-0.0522653764776,0.1376517965153,-0.0341738348779,-0.1190779722888,0.0074455492676,-0.0905381415991,-0.0025589233763,0.0281222823775,-0.1801834326480,0.0100894877741,-0.2543590550090,-0.0787405351147,-0.0980106608235,-0.3779786920583,0.0943900496313,-0.1997838938584,0.4183093476344,-0.1619091838965,0.0610037147028,0.5105771196147,0.7222106604464,-0.0785199835042,-0.1645322382403,-0.3591995108976,-0.0613081299872,0.0255662829220,-0.1802833423933,-0.2815203975496,-0.3133856739017,-0.0069272569455,0.8096480605555,-0.2105755730723,-0.1941463057546,-0.0955697200670,-0.0482623953525,-0.2205511728055,0.1366370503120,-0.0331210585400,-0.0613741324818,-0.1205794763280,-0.2179567767835,0.1501888733352,-0.0175290328488,-0.1305905966033,-0.0878477278239,-0.2943126295237,-0.0030786156861,-0.3273716267051,-0.4348043550485,-0.0645366240702,-0.2808681353290,-0.0028082524380,-0.0984955970774,-0.0066055712405,0.0947719765328,0.6019925481875,-0.1459220372955,-0.1677026088072,-0.1707675773355,-0.0142531154677,-0.2351876223119,-0.1412290850780,-0.3698311604071
0.5902387037995,0.3383524853729,-0.2317622271140,1.0000000000000,0.4588102070781,-0.2965451656032,0.2688826635158,0.2458397467011,-0.0215351887292,0.4253647684842,0.2646433706971,-0.1018759774093,0.4101552414843,0.2836122052617,0.2100145645191,-0.0503484994816,0.1388452582001,0.5244927131023,0.1773657452826,0.4564431400161,0.3413268528427,-0.0561979497995,0.5497769140084,0.1467671809597,0.3031303587700,0.4122806474745,-0.0609787797090,-0.4138564986144,0.1395003147845,0.2672396306892,0.4831630803524,-0.1488487852662,-0.4241988569743,0.4253550496061,0.3674921881948,0.1391682480116,0.2971675155320,-0.3002445971658,0.5905666901794,0.2860737232880,-0.0433132116588,-0.0834572498080,-0.0751275540983,-0.4582995180263,0.3279030165391,0.1263133900365,-0.0600602532643,0.2824426988137,-0.2175546923098,-0.0614287372732,0.0667091817900,0.1610925286545,0.2492208020906,-0.2725625177058,0.2026746728609,0.2775236532519,-0.0616840879858,0.4549668531480,0.0099739067418,0.3014754636889,0.1648006254774,-0.3046177725379,-0.3124582948738,0.0373947066056,0.1912036696595,0.0132781346323,0.1101646584026,-0.0485264634453,-0.0170143094715,0.3135470306071
0.3694006234296,0.2439856678870,-0.2781474951590,0.4588102070781,1.0000000000000,-0.2382170986064,0.0636441052511,0.4403972449799,-0.0432783030488,0.4738994987961,0.5400922609193,-0.0161577997155,0.4330042547608,0.1106624527710,0.0912887429554,0.2282413099450,0.1666063306471,0.5154956168262,0.2136912145706,0.2977059520393,0.6202137468884,0.2110683707377,0.3475276369767,0.0252530949033,0.5159463918047,0.0217355664170,-0.1566097519833,-0.3105193001421,0.4001130082982,0.3289090878771,0.5444313025866,-0.0166552301173,-0.2725413335231,0.1891124803095,0.1690415062109,0.3852179991103,0.0246695032943,-0.3834682412152,0.1735690347684,0.5969835925444,0.0253245061497,0.0666616203829,0.1654182996641,-0.2607151043111,0.3912076386114,0.4725268706681,-0.0360144534254,0.4880975484818,-0.2535424442586,0.1403432676658,0.1714986157619,0.1938504568182,0.3318233987719,-0.1732956144264,0.2877478765264,0.5894259968850,0.2149173630583,0.3007710167089,0.1872689110254,0.4390738234223,-0.2319919290541,-0.3117949550132,-0.2682979509940,0.2048860147535,0.1804511863604,0.2326166552393,0.0527602837177,0.1604735934506,0.0000364547118,0.2562108463382
-0.0226125539752,-0.0120180318618,0.1146872872330,-0.2965451656032,-0.2382170986064,1.0000000000000,-0.1102543963653,-0.3259235432281,0.5983568685499,-0.2875426662174,0.2264040242792,0.1986327573824,-0.2969363690810,0.0298449890524,0.2412449041674,0.5313122575436,-0.0762763886564,-0.3565755666878,0.1892250138420,-0.1601646660132,-0.3975000902815,0.0251127453736,-0.4085804017536,-0.1460277229548,-0.3422093167860,-0.0808624599191,0.1968454828021,0.3082808626134,-0.1303384475080,0.2646815819328,-0.3293615513666,-0.0880835351588,0.5459722866119,-0.0207645354916,0.1012279902815,-0.0723980512720,-0.2782876485101,0.0751000583105,-0.3318602524008,-0.2960382582190,0.4538312780354,0.5575625468539,-0.3210102067377,0.7732629394434,-0.2937514833509,-0.0139479103567,0.3588487333621,-0.1205239493093,-0.0295156779637,0.1081664846601,0.2687616072537,-0.1136416765984,-0.3311036401543,0.2679697430396,-0.1019714650042,-0.2928971720298,0.0146824512838,-0.3405882583899,-0.1485653605538,-0.3564792949506,-0.0647445746422,0.1196002210234,0.2752035230277,-0.1901233568592,0.0557750169873,-0.1734948957909,-0.3353043082862,0.4264969766164,0.0997487663015,0.0207946685898
0.2490383026973,-0.1569164225073,0.0248125225372,0.2688826635158,0.0636441052511,-0.1102543963653,1.0000000000000,-0.3015933978027,0.1856665224790,0.0802179733066,0.1983030655842,-0.0090495896020,0.4121132865375,0.2694395347493,0.1973972425952,-0.0843394114952,-0.1257410118971,-0.1295887750801,-0.0115502934741,-0.0785933076094,0.0150590858591,-0.4125519491771,-0.0475852966795,-0.1039034042189,-0.2687747870618,0.2422206935256,0.0866706859008,-0.3828495943388,-0.4256715959104,0.1363880693042,-0.1418182891129,-0.2764483635042,-0.3751839616344,-0.0699297090312,-0.0419855898121,-0.2055847891617,0.0003163608851,-0.0911569015214,0.3119580698701,0.1673285013356,-0.1697512652822,0.2812567830771,-0.5200067244739,-0.1061822200232,-0.0659283744609,0.0427326705601,-0.0893224524946,0.1105043955129,-0.0380851535475,-0.2704924433693,-0.0635623488535,-0.2355227487945,-0.1934537677024,-0.4084119610491,-0.3654965790677,-0.0943328521796,-0.3329054717993,-0.1679236753757,-0.2990316494008,-0.1523579028879,0.0139807642000,-0.1850871132531,-0.4537803107126,-0.5149985340532,0.0538938551503,-0.4137052451979,0.0565516926246,-0.1541600685518,-0.3587759513636,-0.1669277553848
0.2304325891465,0.2306157552194,-0.0522653764776,0.2458397467011,0.4403972449799,-0.3259235432281,-0.3015933978027,1.0000000000000,-0.1038790960638,0.3789114843936,0.0473657343199,0.0930934453993,0.0422250150790,0.0910723143814,0.1080271607054,0.0162769964962,0.2532130337950,0.3995729778705,0.3065348148137,0.3341832019017,0.3626687071419,0.3545002864627,0.4386538391795,0.1926983992938,0.7238039924878,0.0972191849123,0.0301940779349,0.0256755417044,0.5688926583056,0.0458449929863,0.6498588365592,0.0535406898328,-0.1406842025499,0.1104371457947,0.0688906821863,0.1630022653352,0.0485396533916,-0.1095560319127,-0.0353314204583,0.1758400207168,-0.0108226666326,-0.3498556990986,0.5757875981751,-0.3675612137247,0.3920205725550,-0.0639390340400,0.0662530660103,0.0554292112351,-0.0571951944664,0.1344081207452,0.0114446262290,0.3157003246986,0.2977921446484,0.0607206075984,0.1613920700388,0.3359397184174,0.1748088368543,0.3619628396721,0.1372294603883,0.5466351005949,0.0375167562051,-0.1169709021320,0.0982182721430,0.4519670635925,-0.1621053441030,0.3767956511559,0.0978790587116,0.0383261005062,-0.0334238207416,0.0888254286182
0.3547281756598,0.0157590196199,0.1376517965153,-0.0215351887292,-0.0432783030488,0.5983568685499,0.1856665224790,-0.1038790960638,1.0000000000000,-0.1240864516791,0.4893007720728,0.2569023221471,-0.1099238409185,0.2052409980936,0.4543103864145,0.4520945071931,-0.0472295754158,-0.2856664506032,0.4604580659399,-0.1050838086655,-0.2742820150943,-0.0476863319299,-0.2234639262129,-0.0489617675418,-0.1798589543203,0.0073584268527,0.2234196784788,0.1419189321732,-0.0238378678062,0.3510804164055,-0.0825903043852,-0.3485163040901,0.1572982930235,0.1268373517486,-0.0264998653384,-0.0626166029820,-0.2276625874037,0.0313550459132,-0.2450614819841,-0.2800184710263,0.1979550346849,0.4705211716917,-0.3669775521659,0.5263888663138,-0.2799325846719,0.0594154771043,0.2797223321919,-0.1083891103255,-0.2100404533131,-0.0031660284578,0.1875782732363,-0.1334963933237,-0.3808567700038,0.0607599017659,-0.2488106349836,-0.2719963914909,-0.0785471084299,-0.2215878699698,-0.1728535919049,-0.2715354534956,-0.1769559673570,-0.0893412297781,0.1116312044138,-0.1835249146159,-0.0450387353350,-0.2024731532959,-0.2834472528740,0.2792103056981,-0.1522426649522,-0.1365195914867
0.2397395603162,0.0566256929306,-0.0341738348779,0.4253647684842,0.4738994987961,-0.2875426662174,0.0802179733066,0.3789114843936,-0.1240864516791,1.0000000000000,0.2571495987096,0.0938296504267,0.3978614294665,0.3700951246753,0.3143822005390,0.1663927741057,0.0907668526609,0.2793266970654,0.1556429331055,0.2869973229781,0.3495001019959,-0.0078838368839,0.4234505175505,0.0166854017327,0.4666173677538,0.3155781515340,-0.2674536139969,-0.1758657639542,0.1541801344010,0.1294604141945,0.2625894972416,-0.0708266379161,-0.2672036657502,0.0932853089625,0.1768987600960,0.0153675316111,0.0099769452468,-0.2088134567550,0.3634788061922,0.2832071551079,0.0143500588485,0.0155515128262,0.1547746148796,-0.3436533900058,0.7937686200614,0.2885220870417,0.0963040073650,0.4890150189018,0.1424333981607,0.1812112502955,0.2902443557741,0.0838729715739,0.0627992558041,0.0403112081498,0.0813789804091,0.3603760108896,-0.0331836862828,0.2963466358166,-0.1910042194892,0.5112420010021,0.1346521833175,-0.4962147258934,-0.1281108356125,0.1220655757771,-0.0179482077513,-0.0390215230420,0.0194811087393,-0.0458848520152,-0.1790502773840,0.1517942857882
0.4247670394647,0.1025086749903,-0.1190779722888,0.2646433706971,0.5400922609193,0.2264040242792,0.1983030655842,0.0473657343199,0.4893007720728,0.2571495987096,1.0000000000000,0.1675902242945,0.4107234178556,0.2029137806950,0.3967868568291,0.6354459649047,-0.0848504734119,0.2380628323255,0.4328536234173,0.2999535876319,0.1726124940312,0.1179260680354,-0.0726607513241,-0.0799103225047,0.0125693596589,-0.0117306129238,-0.0238176548012,-0.1136294636538,0.1076262514995,0.5975056965839,0.1803143949032,-0.1786259876255,-0.1057384633316,0.3167768273392,0.2481482228369,0.1462925184521,-0.2148726437287,-0.2823208420849,-0.0923216035073,0.0995787119543,0.2477248440186,0.4844931289931,-0.2908886215231,0.2123867679737,0.0383873648409,0.6276254000507,0.1280997888285,0.5043502328174,-0.2807439827282,0.2447753084551,0.4274721741690,-0.0987155103296,-0.1097270988655,-0.0390964105853,0.1256772001434,0.1574313535288,0.0714561002540,-0.0663897362082,-0.0677555211988,-0.1050359358576,-0.2896859239350,-0.3355435851753,-0.0795215704715,-0.1071837840262,0.2141813549975,-0.1894532336362,-0.1626857427923,0.3262979452316,0.0283988628903,0.1368248818327
0.0843719139674,0.1010802073946,0.0074455492676,-0.1018759774093,-0.0161577997155,0.1986327573824,-0.0090495896020,0.0930934453993,0.2569023221471,0.0938296504267,0.1675902242945,1.0000000000000,-0.1747016900853,0.4572462096279,0.4074561954350,0.4525200780746,-0.1214747755527,-0.1122347855338,0.6355661950468,0.1889973371248,-0.0676844162136,0.0946987676867,-0.2668508302009,-0.0691526798066,0.0519221843071,0.1669701467650,0.1363821703125,0.2147100261882,0.0630986051013,0.4161195749309,-0.0889476875274,0.0659038033127,0.2015828266511,-0.1974084856341,0.3135783613521,-0.1082648432497,0.1281773402230,-0.0503141407216,0.0932944756574,-0.0678095025633,0.2370217952233,0.1941109154582,0.0160819312528,0.2083132565640,0.0809433827808,-0.0344521933724,0.7821214455917,-0.0037507361125,0.5220533155506,0.2667535143626,0.3270602044872,0.0186605363872,-0.2213076047220,0.4942366462057,-0.0896267908215,-0.0345928445384,-0.0772710205971,-0.2051856568621,-0.2546999972795,-0.0560180800630,0.3104835520822,-0.0028134763311,0.2762477452452,0.0862838925975,-0.0109983039717,-0.1720592476776,-0.1149782757847,0.1884202042044,-0.2028952451900,0.1562653235114
0.2663798621271,-0.0041322121933,-0.0905381415991,0.4101552414843,0.4330042547608,-0.2969363690810,0.4121132865375,0.0422250150790,-0.1099238409185,0.3978614294665,0.4107234178556,-0.1747016900853,1.0000000000000,0.2187963250336,0.1176560426434,0.1299694283837,-0.1130277514093,0.3359075662828,0.0739430804159,0.4597173473456,0.4185820488819,-0.0960809606303,0.1942305694969,0.0056409106096,0.0934056123607,0.1122272655569,-0.0566173943993,-0.3150123824750,-0.0022246554423,0.2812989456929,0.1692250434624,0.0323041310898,-0.3726340920287,0.3845672484386,0.3203022357102,-0.0670430667866,-0.0267014793430,-0.1724296394344,0.1240916057466,0.1564019353428,0.0732404982943,0.2827621803596,-0.2119424034918,-0.2743275194167,0.2351786219608,0.4360743113026,-0.1505742617390,0.7806558497840,-0.0721799930311,0.0925910557644,0.2590235156466,-0.2027260684140,0.0043224297427,-0.2027056210858,0.1548465268652,0.3396197128326,-0.1436309559294,0.1219248706641,-0.1488026898522,0.0882844724560,-0.1378342437121,-0.2918856251403,-0.2572913347452,-0.1271048115507,0.1604323552588,-0.1920542775563,0.1469388249642,-0.0780684117591,-0.0572899362422,0.1615944612238
0.3163277924630,0.0631265916935,-0.0025589233763,0.2836122052617,0.1106624527710,0.0298449890524,0.2694395347493,0.0910723143814,0.2052409980936,0.3700951246753,0.2029137806950,0.4572462096279,0.2187963250336,1.0000000000000,0.5199828548295,0.2282477810741,0.0098485680336,0.0262571230847,0.5471689171189,0.3401141047241,0.1141843613478,-0.2159760235591,0.0343677039959,-0.1177313221686,0.1183922630771,0.6602061610770,0.2407524573162,-0.0010716092493,-0.0491235973114,0.4037145187813,-0.0134459382096,0.0966862425885,-0.1658930218162,0.1345187771266,0.2772841112920,-0.1727963953570,0.0296151658081,-0.1936429635171,0.1409193345205,-0.0513540312869,0.0918006624262,0.1156611760410,-0.2611540501780,-0.0774058122462,0.1805530493411,-0.0695521506576,0.4687810534600,0.1107539633014,0.5340077527014,0.1429748592913,0.2639964842959,-0.0202557593537,-0.1809139635978,0.3012380140282,0.0515424301757,-0.0187302878520,-0.3052457966036,-0.0130367096817,-0.4030433276787,0.0357627875155,0.2835317606857,-0.1348518990391,0.0447951301514,-0.2009824958763,0.1505154473604,-0.3089136307132,0.1341393334015,0.0830565718784,-0.2782971812779,0.2251451831170
0.4638736180531,-0.0101645827556,0.0281222823775,0.2100145645191,0.0912887429554,0.2412449041674,0.1973972425952,0.1080271607054,0.4543103864145,0.3143822005390,0.3967868568291,0.4074561954350,0.1176560426434,0.5199828548295,1.0000000000000,0.3390660960341,-0.0531992792345,0.0327794457789,0.5502855065703,0.3378184199442,-0.0485510666121,-0.0281144275492,-0.0487350889004,-0.0327337763979,0.0549134568838,0.4365974457912,0.0736914254931,-0.0000884081967,0.0214588404158,0.5915597031719,0.0541665023662,-0.2024155497926,0.0925746542511,0.1153217154848,0.2577324125555,-0.0472743068475,-0.0594814123797,-0.1321128572597,0.0604529320030,-0.1669214452974,0.3190153364032,0.1884350795056,-0.2067276120179,0.0627089718534,0.2047798229176,0.0301705560250,0.3948879705692,0.1518729966444,0.2297712216111,0.2138030870439,0.2468748021757,-0.0664478631951,-0.2385517129153,0.1101878498318,-0.1368846594470,-0.0531859277775,-0.1484769151427,-0.0824308777859,-0.2715640252517,-0.0547272399683,0.1781169146461,-0.3344463290760,0.0060525099046,-0.1097271221350,0.0514707018587,-0.3081351342820,-0.0317920192861,0.2469571156660,-0.0675405836023,0.0327016012581
0.1364989065275,0.0609212694504,-0.1801834326480,-0.0503484994816,0.2282413099450,0.5313122575436,-0.0843394114952,0.0162769964962,0.4520945071931,0.1663927741057,0.6354459649047,0.4525200780746,0.1299694283837,0.2282477810741,0.3390660960341,1.0000000000000,-0.0881660919665,0.0515281111789,0.5172468944730,0.1931660974756,-0.0230973945328,0.1578152448414,-0.2325836832964,-0.1482471980101,-0.0350803911195,-0.1046806687800,-0.0921528697467,0.0332599537224,0.0511635901170,0.6122103241737,0.0469825066578,-0.0635341376315,0.1276023349501,0.0336607508027,0.4111455461296,0.0530422491483,-0.2405996758308,-0.2533304109548,-0.2071649907284,-0.0853161676506,0.5218499609610,0.6010249290691,-0.1279275442856,0.4459427731757,-0.0041942217755,0.3433810200857,0.4978246124156,0.3696611927453,-0.0195492016530,0.4047405665811,0.6988401847312,-0.0925042948579,-0.1376951638792,0.4259549901694,0.1824319410815,0.0583024295658,0.1798276372617,-0.1649228762588,-0.0882191713315,-0.1619026117132,-0.1476382433164,-0.1917645914163,0.1198106726423,-0.0428021580713,0.1657161164189,-0.0615549920930,-0.2655282475662,0.4432414561006,-0.0796039784663,0.3045645475109
0.1887580851066,0.1463891876329,0.0100894877741,0.1388452582001,0.1666063306471,-0.0762763886564,-0.1257410118971,0.2532130337950,-0.0472295754158,0.0907668526609,-0.0848504734119,-0.1214747755527,-0.1130277514093,0.0098485680336,-0.0531992792345,-0.0881660919665,1.0000000000000,0.0227364254983,-0.0113172879772,0.0521499209972,0.1099223719272,0.3815492163187,0.3337475891785,0.3977042842420,0.4552507259588,0.1871112469681,0.1031964801909,0.0699984015978,0.5412617120081,0.0083737715835,0.3190755919403,-0.1771224079756,-0.0124847626930,-0.0146683034261,-0.0165746828726,0.1478857603522,0.0968412441552,-0.0265191990150,0.0553510026583,0.2263854006865,-0.0799032910175,-0.1521813696307,0.1864039179075,-0.2086414351926,0.1263137193854,-0.1379590828935,-0.0861557349610,-0.0856396901114,-0.1156210522636,-0.1567102977057,-0.0271776934109,0.8541881020209,0.0932474739223,-0.0505019293068,0.0817972234644,0.1114205678902,0.4121653183999,0.3846995213715,0.3531069316967,0.4963675274255,0.0727869766675,-0.0155949177655,0.0240078000888,0.3684351334180,-0.0073001170728,0.4478478166591,-0.1725373695968,-0.0490614817722,-0.0537325698715,0.0964585239516
0.2442239417045,0.2252790986971,-0.2543590550090,0.5244927131023,0.5154956168262,-0.3565755666878,-0.1295887750801,0.3995729778705,-0.2856664506032,0.2793266970654,0.2380628323255,-0.1122347855338,0.3359075662828,0.0262571230847,0.0327794457789,0.0515281111789,0.0227364254983,1.0000000000000,0.1651026560770,0.6238529013317,0.5352853013133,0.2121763644569,0.2301936748038,0.2062407425546,0.2708752291086,0.0625901524495,-0.1129618807323,-0.2852769522028,0.1959700939895,0.2753303943656,0.5184943310176,0.1564326917162,-0.3111546431890,0.2690632742062,0.3773931813092,0.1180058921141,0.0664378509383,-0.3392000133572,0.1447607974796,0.3248227800219,0.0725088387560,-0.3031023741170,0.1438543026233,-0.3881427570023,0.2475220948397,0.1849591094853,-0.1440333294995,0.2786261803539,-0.2164747219185,0.1455427427764,0.0255164108506,0.0795689485636,0.6383923172887,-0.1336368417703,0.5102323079861,0.4232039320160,0.1187038663029,0.1700260162241,0.2228927063867,0.1428564400594,-0.0598097712027,-0.2380530938622,-0.1984864026510,0.0869664145117,0.1373886896812,0.0628132219922,0.3990827141580,0.1128327543191,0.1355307530969,0.2614940542970
0.4270373862196,0.1561885416227,-0.0787405351147,0.1773657452826,0.2136912145706,0.1892250138420,-0.0115502934741,0.3065348148137,0.4604580659399,0.1556429331055,0.4328536234173,0.6355661950468,0.0739430804159,0.5471689171189,0.5502855065703,0.5172468944730,-0.0113172879772,0.1651026560770,1.0000000000000,0.4860638816168,0.1478585493332,0.1012374639164,-0.0837722599779,-0.0048793619189,0.1937822754736,0.2338578026684,0.2294011799372,0.0963685969692,0.1883678615332,0.5708880947834,0.1521597451972,-0.0656805377140,-0.0215813068898,0.2023169644870,0.3709478291137,-0.0582148739538,-0.0702614212456,-0.1842788534589,-0.1098384428329,-0.1439478986595,0.2788164910864,0.1188738562096,-0.0525033468039,0.0594222945411,0.0314121379880,-0.0569589754525,0.5959590112139,0.0653336477797,0.1264694083221,0.1988552543714,0.2548048033037,0.0447565661553,-0.0818036449137,0.3699659194503,0.1345090048070,0.0816361097362,-0.0400061897786,-0.0374055917858,-0.1883344095619,-0.0396966050945,0.0632248327283,-0.0925179998550,0.2219813235036,0.0710954787767,-0.0858685384249,-0.1506156971305,-0.0892817066008,0.3335960265079,-0.1210470013468,0.1573850842287
0.3862343874006,0.1539239811812,-0.0980106608235,0.4564431400161,0.2977059520393,-0.1601646660132,-0.0785933076094,0.3341832019017,-0.1050838086655,0.2869973229781,0.2999535876319,0.1889973371248,0.4597173473456,0.3401141047241,0.3378184199442,0.1931660974756,0.0521499209972,0.6238529013317,0.4860638816168,1.0000000000000,0.3861220651228,0.2096156507545,0.1311339359023,0.1858571491659,0.2529585639605,0.3656157094928,0.1426881970366,-0.0802199724805,0.2555930117848,0.4681744943969,0.2901886683807,0.0681958961275,-0.1054403269560,0.4419578547342,0.6701559758677,-0.0545671263940,0.0602577162857,-0.2308835496326,0.1059233364667,-0.0111295985981,0.2591784626358,-0.0820171476499,-0.0232329512365,-0.2680269659443,0.2179242514825,0.1028285623462,0.1924405543097,0.3787248761605,0.0635648056888,0.2468288659805,0.2038363046466,0.1077777108575,0.2078082021859,0.1478778560459,0.4575864026950,0.2890534849632,-0.0504732618771,0.1736560126024,-0.0630135533800,0.0782730104131,0.2230239866719,-0.1735063196351,0.0292849654768,0.1054438059478,0.1603932517757,-0.1112229511156,0.1609107671571,0.1889384117601,0.1240604195706,0.3767341030483
0.3713890601740,-0.0007688623294,-0.3779786920583,0.3413268528427,0.6202137468884,-0.3975000902815,0.0150590858591,0.3626687071419,-0.2742820150943,0.3495001019959,0.1726124940312,-0.0676844162136,0.4185820488819,0.1141843613478,-0.0485510666121,-0.0230973945328,0.1099223719272,0.5352853013133,0.1478585493332,0.3861220651228,1.0000000000000,0.2065812969401,0.3125747342446,0.0170570642127,0.3692205394564,0.0520803905148,-0.2119374548101,-0.4065861970635,0.2827404569858,0.1377981164389,0.4939910570562,0.2269614318290,-0.1773241490101,0.3638237561850,0.3274570989680,0.3291076813033,-0.0774723322299,-0.4706176443626,0.1233484380436,0.4156866263500,-0.0681618625210,-0.1798295923438,0.2112384256562,-0.3535288634633,0.3188609722005,0.1841808816551,-0.0583957990481,0.3542368238153,-0.1157055892091,0.0343561280912,-0.0381445703499,0.1896676578247,0.4253503601954,-0.1686191180071,0.4004107761448,0.7957100306891,0.0755563598512,0.3927504617926,0.1215478610330,0.2763942192175,-0.1024843272802,-0.2424638638939,-0.3460076881875,0.1535802610632,0.0717889266623,0.1984200404325,0.2825631300281,0.1538987319297,0.1807231700025,0.2939585102007
0.0687745992998,0.2637004691971,0.0943900496313,-0.0561979497995,0.2110683707377,0.0251127453736,-0.4125519491771,0.3545002864627,-0.0476863319299,-0.0078838368839,0.1179260680354,0.0946987676867,-0.0960809606303,-0.2159760235591,-0.0281144275492,0.1578152448414,0.3815492163187,0.2121763644569,0.1012374639164,0.2096156507545,0.2065812969401,1.0000000000000,0.1592046759723,0.6637201794951,0.3572293366948,-0.2387522707471,0.0455462599096,0.2977266547678,0.6580458984247,0.1821839199724,0.4717415665961,0.1159748168944,0.2661834711944,0.1633890615301,0.2807961808029,0.2868103392319,0.0001697535567,0.0448573275112,-0.2110141903267,0.0708811321063,0.2188042911573,-0.0702098028986,0.2833538475090,0.0281751763121,0.1034030429045,0.1413128823004,0.0247720958500,0.0626722534652,-0.1004879926435,0.2101339515534,0.1363535131395,0.4836386933828,0.1036129717589,0.0734201316668,0.1592460316578,0.2244724762127,0.6457154457595,0.2222036772287,0.5862822927698,0.2285508471320,-0.1685722601144,-0.0913760584541,0.2880177932571,0.4754284682216,0.0121711410632,0.4849430717785,-0.0668800496079,0.2615677342552,0.3389064989406,0.1743057265322
0.3258931301195,0.3373599063036,-0.1997838938584,0.5497769140084,0.3475276369767,-0.4085804017536,-0.0475852966795,0.4386538391795,-0.2234639262129,0.4234505175505,-0.0726607513241,-0.2668508302009,0.1942305694969,0.0343677039959,-0.0487350889004,-0.2325836832964,0.3337475891785,0.2301936748038,-0.0837722599779,0.1311339359023,0.3125747342446,0.1592046759723,1.0000000000000,0.1771098559616,0.5674277412421,0.1290135288281,-0.1844180299850,-0.2643372641068,0.3836011971262,-0.0924293155227,0.6511833394437,-0.0820763963549,-0.2253450030878,0.1979138099150,0.0544255233598,0.2859630847333,0.3874127717985,-0.1678258512374,0.4088150779091,0.2045558503635,-0.1658455258272,-0.1993472902629,0.3842116734632,-0.4909437396510,0.4655984295896,0.0208069555644,-0.1785229465598,0.1907267445867,-0.1416412886552,-0.1004418123147,-0.0057763868177,0.3670100907939,0.2552953735840,-0.1792965949611,0.1658836122845,0.3170100151417,0.2185510436403,0.8596019670373,0.2291125357265,0.6082264631420,0.0684371175490,-0.1746590046866,-0.2086236270677,0.3710380931605,0.0021725012788,0.5137229166406,-0.0271581002437,-0.1238328775519,0.0006752071256,0.2089706402888
0.0812466808572,0.2706799619792,0.4183093476344,0.1467671809597,0.0252530949033,-0.1460277229548,-0.1039034042189,0.1926983992938,-0.0489617675418,0.0166854017327,-0.0799103225047,-0.0691526798066,0.0056409106096,-0.1177313221686,-0.0327337763979,-0.1482471980101,0.3977042842420,0.2062407425546,-0.0048793619189,0.1858571491659,0.0170570642127,0.6637201794951,0.1771098559616,1.0000000000000,0.1909137017742,0.0025710888180,0.2332459071055,0.3585844844849,0.3695120546400,0.0583375096216,0.3046802391574,0.0077221663693,0.0384251017548,0.1062827909796,0.1621670003659,-0.0419682245522,0.1897692692321,0.3541520400144,0.0031864960083,0.0931087551304,0.0391900504764,-0.1943467524033,0.0371307605382,-0.2066200259799,0.0696443837241,-0.0626101385396,-0.1572912065063,-0.0287001621266,-0.0464969276283,-0.0473745316286,-0.0711132098494,0.3745412033017,0.0388115172203,-0.0792383501781,-0.0144072593298,-0.0022144262383,0.3509685672386,0.1270923371405,0.5069983544705,0.1751340019438,-0.0389461447733,-0.0773120156676,0.3258164623867,0.2861322425335,-0.0475355493146,0.2129308172066,0.0979622850827,-0.0146876790633,0.0978661609932,0.0207736941550
0.2192312119896,0.3117982938804,-0.1619091838965,0.3031303587700,0.5159463918047,-0.3422093167860,-0.2687747870618,0.7238039924878,-0.1798589543203,0.4666173677538,0.0125693596589,0.0519221843071,0.0934056123607,0.1183922630771,0.0549134568838,-0.0350803911195,0.4552507259588,0.2708752291086,0.1937822754736,0.2529585639605,0.3692205394564,0.3572293366948,0.5674277412421,0.1909137017742,1.0000000000000,0.1196998807498,-0.0610810199900,-0.0244349401460,0.7635522855789,0.0503058258781,0.6423770311054,0.0033169053327,-0.0953433271645,0.0814507523293,0.0727583980466,0.2081626289720,0.2131790859961,-0.1487116753461,0.1657988427279,0.3254107256632,0.0299931008969,-0.2677580794801,0.5419018652612,-0.4462762082264,0.5058832597991,-0.0211738941516,0.0554070289446,0.1285971317298,-0.0022093592411,0.0094362109690,0.0065656593127,0.5318325740277,0.1379103805721,-0.0236427522340,0.1259042503598,0.3616152474752,0.2293711423767,0.5206767860842,0.1250155246125,0.8558965397357,0.0212913459209,-0.1626949456804,0.0404573156952,0.6880944761387,-0.1491783021232,0.4656171868397,-0.0259272482852,0.0277571002160,-0.0122944618943,0.1227325983943
0.3385271713130,0.1223785576644,0.0610037147028,0.4122806474745,0.0217355664170,-0.0808624599191,0.2422206935256,0.0972191849123,0.0073584268527,0.3155781515340,-0.0117306129238,0.1669701467650,0.1122272655569,0.6602061610770,0.4365974457912,-0.1046806687800,0.1871112469681,0.0625901524495,0.2338578026684,0.3656157094928,0.0520803905148,-0.2387522707471,0.1290135288281,0.0025710888180,0.1196998807498,1.0000000000000,0.3241271705249,-0.0278666449245,-0.0036499313817,0.2648023204673,0.0003348805935,-0.0506599580862,-0.1923141152254,0.1535200274446,0.2578877781794,-0.1782721435803,0.1830524996423,-0.0906694717428,0.3331163143284,-0.0379296210944,-0.0456677375452,-0.1402935387886,-0.1990588085943,-0.2756263013546,0.1674795062050,-0.2584758345940,0.2406019123257,-0.0343665121871,0.3448561215277,-0.0818583400472,-0.0267615514313,0.1557657112632,-0.0209652485658,0.0535414793659,0.0269991734413,-0.0327278435122,-0.3281742605444,0.0858238276663,-0.2705912775761,0.0981717807067,0.6114255657102,-0.0354696308582,-0.0309880956562,-0.1511194129918,0.1739584147504,-0.2124251787476,0.1532049241366,-0.0888507905234,-0.1514831350678,0.2262071096107
0.0064745914114,0.4310355591972,0.5105771196147,-0.0609787797090,-0.1566097519833,0.1968454828021,0.0866706859008,0.0301940779349,0.2234196784788,-0.2674536139969,-0.0238176548012,0.1363821703125,-0.0566173943993,0.2407524573162,0.0736914254931,-0.0921528697467,0.1031964801909,-0.1129618807323,0.2294011799372,0.1426881970366,-0.2119374548101,0.0455462599096,-0.1844180299850,0.2332459071055,-0.0610810199900,0.3241271705249,1.0000000000000,0.5763219598099,0.0783716506981,0.1302453365389,-0.1470520496090,-0.0501917018853,0.0264997883286,-0.0034482801335,-0.0340328517538,-0.2309063407263,0.2207168310756,0.4204774140313,-0.1756301054253,-0.1735409594132,-0.0710289188966,-0.0321938519141,-0.2745365219559,0.1165806238620,-0.2852412805112,-0.1940689058043,0.0661914230911,-0.2412720761325,0.1142334517383,-0.1737862531310,-0.1823290148639,0.0800925856228,-0.1169948750429,0.0154085694313,-0.1041532136877,-0.2893987211983,-0.0813766943155,-0.2222438383731,0.0365949502455,-0.1694882328799,0.1327619817783,0.5525639569967,0.4922035166754,-0.1208540113257,-0.0408414553741,-0.0819230077163,-0.0519552017732,-0.0704440316891,-0.0250698801166,-0.1282052964969
-0.3620797458046,0.3042397017784,0.7222106604464,-0.4138564986144,-0.3105193001421,0.3082808626134,-0.3828495943388,0.0256755417044,0.1419189321732,-0.1758657639542,-0.1136294636538,0.2147100261882,-0.3150123824750,-0.0010716092493,-0.0000884081967,0.0332599537224,0.0699984015978,-0.2852769522028,0.0963685969692,-0.0802199724805,-0.4065861970635,0.2977266547678,-0.2643372641068,0.3585844844849,-0.0244349401460,-0.0278666449245,0.5763219598099,1.0000000000000,0.1941500782247,-0.0935973415763,-0.3218627297768,0.1368762144182,0.4019633066212,-0.1923085897073,-0.2039830638210,-0.2046277570698,0.1067155198251,0.7030851254665,-0.3679261401910,-0.2365449113443,0.0945668660953,-0.0254136432762,0.0244268187965,0.3030070989993,-0.1116279599303,-0.0640887917440,0.1262137602481,-0.2328103943503,0.2950794096508,0.1064117765729,-0.0385668115134,0.0743751266773,-0.2602183100976,0.3209338703537,-0.1027096726941,-0.3695075365826,0.1468235740725,-0.2525695011758,0.1387340288859,-0.0837859884966,0.0352866310313,0.3701223472198,0.9404532364856,0.2005540354858,-0.2094318042672,0.0298377477494,-0.1056971267822,0.0206695899726,0.1132352814501,-0.2688552072888
0.1780420925249,0.3864685425611,-0.0785199835042,0.1395003147845,0.4001130082982,-0.1303384475080,-0.4256715959104,0.5688926583056,-0.0238378678062,0.1541801344010,0.1076262514995,0.0630986051013,-0.0022246554423,-0.0491235973114,0.0214588404158,0.0511635901170,0.5412617120081,0.1959700939895,0.1883678615332,0.2555930117848,0.2827404569858,0.6580458984247,0.3836011971262,0.3695120546400,0.7635522855789,-0.0036499313817,0.0783716506981,0.1941500782247,1.0000000000000,0.1852444081977,0.5969714156758,0.0007460783133,0.1208856027528,0.1757125735899,0.1518371963339,0.3117287555750,0.1809220927651,-0.0461326349386,-0.0791324866393,0.1745151425297,0.1405302191629,-0.1403959711581,0.4314427927351,-0.2301442563465,0.2293656457788,0.0580313633018,0.0483688784669,0.1283932605536,-0.1125176985504,0.0610229054861,0.0767783948674,0.6348839329999,0.0590894522188,0.0297722434672,0.1682081581976,0.3021456744499,0.3930278656081,0.4315926431457,0.3734355873149,0.5780113005186,-0.0562390678703,-0.0625776350384,0.2315904095782,0.8025780905819,-0.0535034688013,0.5667915844240,-0.1491561896220,0.1649468299415,0.1814347025681,0.1842166663208
0.4313281536054,0.2306984493055,-0.1645322382403,0.2672396306892,0.3289090878771,0.2646815819328,0.1363880693042,0.0458449929863,0.3510804164055,0.1294604141945,0.5975056965839,0.4161195749309,0.2812989456929,0.4037145187813,0.5915597031719,0.6122103241737,0.0083737715835,0.2753303943656,0.5708880947834,0.4681744943969,0.1377981164389,0.1821839199724,-0.0924293155227,0.0583375096216,0.0503058258781,0.2648023204673,0.1302453365389,-0.0935973415763,0.1852444081977,1.0000000000000,0.2435711956714,-0.0085765548306,0.0257273225740,0.2717158839472,0.5898673038400,0.1233904028216,0.0221719576177,-0.2981410703537,0.0075555981196,0.0115480166863,0.4699185540408,0.3403988070063,-0.2468569529775,0.1321855657781,0.0393985604141,0.2076162313834,0.4215177945217,0.3355416413376,0.0819297332952,0.2653829794060,0.4659186298772,0.0203799684758,-0.0715064646964,0.1412209405409,0.1779504076578,0.0923709406091,0.0045905019547,-0.0388558235550,-0.0699790216920,-0.1114239666989,0.0263118120550,-0.2289736820137,-0.0304383896918,-0.0493290228355,0.4394273704417,-0.1470662876383,0.0286135934606,0.3934275445130,0.0279900464859,0.4368944637813
0.4262342405671,0.3563617050054,-0.3591995108976,0.4831630803524,0.5444313025866,-0.3293615513666,-0.1418182891129,0.6498588365592,-0.0825903043852,0.2625894972416,0.1803143949032,-0.0889476875274,0.1692250434624,-0.0134459382096,0.0541665023662,0.0469825066578,0.3190755919403,0.5184943310176,0.1521597451972,0.2901886683807,0.4939910570562,0.4717415665961,0.6511833394437,0.3046802391574,0.6423770311054,0.0003348805935,-0.1470520496090,-0.3218627297768,0.5969714156758,0.2435711956714,1.0000000000000,-0.0078051757514,-0.2127612935934,0.2762841586827,0.2763166185281,0.3958649382013,0.1994179290402,-0.3644549515195,0.1581994258457,0.2411692559600,0.0211641911836,-0.2034306435909,0.3593645990247,-0.4425044922111,0.2601857128838,0.0845604154185,-0.0712697230936,0.1907146637429,-0.2875102302094,-0.0180051014704,0.0957326030356,0.4024217167022,0.3633843877597,-0.1754771015131,0.2808570651774,0.4327688482144,0.3633164282864,0.6060048958931,0.4065962365479,0.4754780603682,-0.1645327083136,-0.2152809334702,-0.2463237199160,0.4043037160346,0.0917426145585,0.5627272936630,0.0707233865698,0.1175741474654,0.0818443156928,0.3390893250038
-0.2174591873440,-0.0113449474607,-0.0613081299872,-0.1488487852662,-0.0166552301173,-0.0880835351588,-0.2764483635042,0.0535406898328,-0.3485163040901,-0.0708266379161,-0.1786259876255,0.0659038033127,0.0323041310898,0.0966862425885,-0.2024155497926,-0.0635341376315,-0.1771224079756,0.1564326917162,-0.0656805377140,0.0681958961275,0.2269614318290,0.1159748168944,-0.0820763963549,0.0077221663693,0.0033169053327,-0.0506599580862,-0.0501917018853,0.1368762144182,0.0007460783133,-0.0085765548306,-0.0078051757514,1.0000000000000,0.2282231199259,0.1390096443261,0.1461230192611,-0.0321868504476,-0.0449397351786,-0.0310274452803,-0.1520111085737,0.0302578385451,0.0940458578326,-0.1050030656417,0.1727206685617,-0.0208648434942,-0.0161581663949,0.0480541398213,0.0199185796192,0.0810476833949,0.4617803690286,0.1125069228094,0.0091143478170,-0.0941314139054,0.0527955806308,0.1910338714032,0.2267683528416,0.1065816687413,-0.0891928551948,-0.0311040586682,-0.0130939572264,-0.0546153098990,-0.1059204796518,0.0796649326208,0.1988635924544,0.1134600548265,0.0350897060462,-0.0060634334827,0.6220499299646,0.1113736391529,0.2085003730017,0.1762754838428
-0.2181191900767,-0.0092420599525,0.0255662829220,-0.4241988569743,-0.2725413335231,0.5459722866119,-0.3751839616344,-0.1406842025499,0.1572982930235,-0.2672036657502,-0.1057384633316,0.2015828266511,-0.3726340920287,-0.1658930218162,0.0925746542511,0.1276023349501,-0.0124847626930,-0.3111546431890,-0.0215813068898,-0.1054403269560,-0.1773241490101,0.2661834711944,-0.2253450030878,0.0384251017548,-0.0953433271645,-0.1923141152254,0.0264997883286,0.4019633066212,0.1208856027528,0.0257273225740,-0.2127612935934,0.2282231199259,1.0000000000000,0.0166064428799,0.0684289816557,0.0498370597990,-0.1055931885117,0.1220819469910,-0.2800536846197,-0.1756189365282,0.3728195171152,0.2262552492974,0.0950643816338,0.4932541616898,-0.0865960873255,-0.0716912526437,0.2537432196536,-0.1002932454672,0.2592810950698,0.1255039033383,0.0557251612843,0.0962674888552,-0.2042400377193,0.2893382103679,0.0076822064483,-0.0556997285983,0.0721406731415,-0.0713064130191,0.0192737676415,-0.1126541150799,0.0328648981157,0.2067267973769,0.3882020060939,0.2122971681522,-0.0742842932094,0.0200423586578,-0.1427611418769,0.4949135597122,0.4567657144374,0.0180698157636
0.4716573474941,0.0069015280400,-0.1802833423933,0.4253550496061,0.1891124803095,-0.0207645354916,-0.0699297090312,0.1104371457947,0.1268373517486,0.0932853089625,0.3167768273392,-0.1974084856341,0.3845672484386,0.1345187771266,0.1153217154848,0.0336607508027,-0.0146683034261,0.2690632742062,0.2023169644870,0.4419578547342,0.3638237561850,0.1633890615301,0.1979138099150,0.1062827909796,0.0814507523293,0.1535200274446,-0.0034482801335,-0.1923085897073,0.1757125735899,0.2717158839472,0.2762841586827,0.1390096443261,0.0166064428799,1.0000000000000,0.4397998263966,0.1957178795108,-0.2275857722947,-0.2325503446761,-0.0146088682005,-0.1185862046009,0.0075072272125,0.0274770466944,-0.1386238965099,-0.0970130271871,0.0191527870717,0.1790683123529,-0.1352057113312,0.2981303317767,-0.1941461005239,0.0968514398358,0.0688383960610,0.0168746382378,0.0016271788885,-0.1126036481432,0.2763927642478,0.2615192211858,-0.1362337869771,0.2972015309403,-0.0609250801476,-0.0046912339771,-0.0796739895672,-0.1560453659552,-0.1086970957322,0.0219400067357,0.2536257082654,-0.1049789587330,0.0523708410208,0.1514207362560,0.4912698782532,0.3638656558842
