1.0000000000000,-0.0309083466805,-0.2455920243248,0.3607983232728,0.3546569743569,-0.2222170705784,-0.1122159512660,0.2741975253606,0.0596699557190,0.2994672038913,0.1376321019531,-0.1021263022840,0.1103006688955,-0.1545988646882,0.6131208982936,-0.1595467572119,0.1180482213916,0.4739558366393,0.1607646335234,0.3067352156859,0.3135196520889,0.3103680609715,0.4110500118969,0.2396883096317,0.3549801169895,-0.0611968522952,-0.4177197578022,-0.3857617864150,0.3545518673322,0.3321473512835,0.4361505845388,-0.2563795453710,-0.1362876716725,0.2357796227581,0.2074218388803,0.5258461957120,0.1077787079284,-0.3676313090887,0.2472728750161,0.1883878844312,-0.0916283762159,-0.0459283994163,0.2267527067102,-0.3309016467994,0.1635376933255,-0.0837559045794,-0.0278684838963,0.0055340780407,-0.0350029811223,0.1550326039120,-0.0485095956228,0.1792751811767,0.0965944756556,0.0292374741083,0.2286596250645,0.0759188196786,0.0817726146688,0.4256159743848,0.1119455824777,0.3674085266882,0.1605622851209,-0.4786045613316,-0.4197590498049,0.2620363465977,0.2632881288907,0.0358959420619,-0.2317677932509,0.0450338284180,0.1370197284955,0.0485334757068
-0.0309083466805,1.0000000000000,-0.0173242458577,0.3524855224597,-0.1139844726533,-0.0436979374835,-0.0321108698265,-0.0330976381913,-0.0215063769001,0.0797098371732,-0.2138578239338,0.0998483916826,-0.1196293453333,-0.0145195236933,-0.0433850151188,-0.1357801812962,0.1446591913581,0.2081508403680,0.0517914936689,0.0767677878681,0.0762645968629,0.1392741975536,0.2274825776915,0.1111462886123,0.0919350909516,0.4326621065093,0.4026736360791,0.2177646819782,-0.0176254862761,0.1833773492615,0.0762201112667,0.0149582872026,-0.0872722961010,0.1392095607947,0.1412530409195,0.0004296335626,0.6752712515354,0.0376239674433,0.3000841523798,-0.1729404232863,-0.0452626911180,-0.1453091242013,-0.0363219013423,-0.1791092008082,0.0403375523583,-0.1748888949832,0.0735697883128,-0.1641388121447,0.0587145396309,-0.1529726623836,-0.1208360409718,0.1145903787737,0.2065555735502,0.0575495681894,0.1979738434102,-0.0302112697502,0.1961998459500,0.1644887381618,0.2587221506581,0.1029383881230,0.1965016024044,0.3549912507379,0.1784260449583,-0.0086069461609,0.2120118063606,0.1542130280355,0.0220478154980,-0.0301078533769,-0.0696447227777,0.2346662601394
-0.2455920243248,-0.0173242458577,1.0000000000000,-0.1652121441664,-0.3352667866145,0.0718730897294,-0.0242938727712,0.0670777911284,-0.1500588978496,-0.0030194288945,-0.1807976860937,0.1065484002449,-0.2511882377367,0.2709686452617,-0.2024118611038,-0.1160561929872,-0.1278112188920,-0.0482486632487,-0.0541497358559,-0.1271301724055,-0.2646537121517,-0.2115825939419,-0.1372677605779,-0.0728114573481,-0.1716129905656,0.1783116100813,0.5254361606781,0.8023824271078,-0.3716824305785,-0.3092625377337,-0.1607993714283,0.1668130730406,0.0032209743654,-0.2011419252475,-0.2185757188883,-0.2161793804677,-0.1360474192485,0.7692046088379,-0.0814020564231,-0.2629027552329,-0.0930957836390,-0.1988300880347,-0.1780961139437,0.1170478577588,0.0496222898304,-0.0136290255804,-0.0702853170670,-0.2371778806336,0.1565527549068,-0.0807877847952,-0.1191305199466,-0.2683593054420,-0.1429648340894,-0.1163650794244,-0.2612145719450,-0.1686624941206,-0.1134061568384,-0.3047018695588,-0.0825047132955,-0.3293634280251,-0.0003101873053,0.3026534894088,0.7749728654114,-0.3093443718891,-0.4535321809199,-0.2047557115111,0.1733420443360,-0.2099122873331,-0.0187082262424,-0.2812222350331
0.3607983232728,0.3524855224597,-0.1652121441664,1.0000000000000,0.2619541878212,-0.1853914227907,-0.0761726581678,-0.0388809793755,-0.1343931539101,0.3160847802196,-0.1147864976393,0.1424314251382,0.0902277144070,-0.0036514043978,0.0433986168105,-0.0545188659133,-0.0039473504921,0.6037191927997,0.1889141182545,0.5178726153967,0.2596100444163,0.2455157296646,0.5586616700370,0.1298912596503,0.2384732320611,0.3842295827846,-0.0067668327850,-0.1342742452674,0.1292339466393,0.3290446012553,0.3508428389545,-0.1879008801223,-0.1673137180698,0.4298221249410,0.4886565861243,0.2369075813118,0.3960456088205,-0.2197913829571,0.6196613175800,0.0924433774491,0.0025844620519,-0.0050141442087,0.1561382564561,-0.2705735428249,0.2291695477898,-0.2346089606792,0.2430440816264,0.0153696877361,0.1687888420702,-0.1158281368152,0.1078241623102,0.1216041340046,0.3605861918652,0.2163040504238,0.5581469828157,0.1088269744507,0.2481019887692,0.5229814754628,0.1226907118897,0.3532481424324,0.3613013503607,-0.0377860694725,-0.1092403427148,0.0766748331197,0.3240747795173,0.2185574587588,-0.1524559640255,0.0085034011222,0.2731138612340,0.4817593502248
0.3546569743569,-0.1139844726533,-0.3352667866145,0.2619541878212,1.0000000000000,-0.1180250629142,-0.1011897890745,0.2959520485746,-0.0051915336773,0.3032227468314,0.2892518502792,-0.1713524319673,0.5735343571185,-0.0645515890958,0.1431725488269,-0.0399956702400,0.2870673879162,0.1555587522476,-0.0282705768180,0.1152346355310,0.5717633180185,0.2702379842605,0.3042468402461,0.2552453454378,0.5881703539925,-0.1336161576603,-0.2745643385507,-0.3301789711924,0.5241945972285,0.2681075071194,0.2531677481133,-0.0932014957387,-0.0361098951923,0.2644438519220,0.1753787578868,0.2461760000789,0.0105149559353,-0.2245106680620,0.0834190037214,0.8277918669704,-0.0582392415893,0.0341460236098,0.2245808522749,-0.2626364899473,0.3275284331252,0.0964850397279,-0.1309636240123,0.6027429433696,-0.1557326718338,-0.0597386339159,-0.0714439483610,0.3282609112306,0.0821458862496,-0.0718047263758,0.0983877980000,0.5918238261187,0.0649651116195,0.3174079953888,0.2127376236627,0.6510438857520,-0.1376552399441,-0.2547066948773,-0.2899082359807,0.4388973102953,0.3133251567018,-0.0302763689211,-0.1767830563686,0.0451874682502,0.1293266735276,0.1483363995364
-0.2222170705784,-0.0436979374835,0.0718730897294,-0.1853914227907,-0.1180250629142,1.0000000000000,0.2345923774027,-0.3193630871332,0.7337875621131,-0.0851671141672,0.2526277896772,0.1734013913566,-0.1489987983747,-0.0783283450226,0.2515838325315,0.6773176874837,0.0109829469554,-0.4185873218469,0.0721440438578,-0.1733621002675,-0.3194031694747,-0.1426110525231,-0.2465583804596,0.0065475201627,-0.1923093580506,-0.0182850922513,0.0939703898833,0.1966060743549,-0.1744006498319,0.1696695939621,-0.3828322945858,-0.1586229795878,0.6576224722440,0.0123815625568,0.1049925925475,-0.2456481353369,0.0099947025305,0.0493769563821,-0.0606692720921,-0.1461760005841,0.5540369927998,0.3697605093832,-0.2981282597397,0.6946943438877,-0.2326687149090,0.3073472749414,0.1896464120937,-0.0279158417599,0.0006085919054,0.2111858152618,0.3552838591533,-0.0025968401272,-0.3716849823089,0.1174526806911,-0.2458607950880,-0.1318852650683,0.1078427350173,-0.1524583824721,0.0104674319348,-0.1813299486301,-0.1725276159127,-0.0638896623955,0.1258364372280,-0.1823215790684,0.0657855658796,-0.2811046636902,-0.1124900463537,0.2201919957530,-0.0259408397553,0.0609139094106
-0.1122159512660,-0.0321108698265,-0.0242938727712,-0.0761726581678,-0.1011897890745,0.2345923774027,1.0000000000000,-0.2525606076551,0.3261469198883,-0.0847969548169,0.5327714329369,0.0044542632927,0.4637680377706,-0.0235382113444,-0.0138615189701,0.3356720772784,-0.1276143206245,-0.3375087572581,-0.1854214417690,-0.1266512672976,0.1358884997778,-0.4364077282116,-0.3755647970502,-0.2665133501433,-0.2617731851027,0.0133227149035,0.1022559439743,-0.0985763103064,-0.4173873133973,0.0445996672572,-0.3628474808012,-0.2025334840526,0.2837996050843,-0.1269185085021,-0.0404126936876,0.0573060254550,0.0742116653274,0.0480206950905,0.1670161429873,0.1008736720655,0.0573495203365,0.6644374435730,-0.5401308579221,0.2839629486615,0.0613673944568,0.5402638784871,-0.0816787001601,0.3765724262858,-0.1175775689057,-0.0669559820249,0.1936481525223,-0.3432094872879,-0.2299052358587,-0.1212974574978,-0.1324982785082,0.3021767310651,-0.3034871253429,-0.2556911050387,-0.2859614199953,-0.2629611465418,0.0732074593274,0.1485628205407,-0.0567303271180,-0.4942340822689,-0.0544561162533,-0.4750886431230,-0.1170701832405,-0.0429204319284,-0.0684745647664,-0.0387241595265
0.2741975253606,-0.0330976381913,0.0670777911284,-0.0388809793755,0.2959520485746,-0.3193630871332,-0.2525606076551,1.0000000000000,-0.2416384686399,0.3922226436527,-0.2224318515330,-0.3079317897067,0.0948759357678,-0.0238790512984,0.1080580324569,-0.2872291343928,0.0298902903044,0.3614807809318,-0.0184129124405,0.1237294931342,0.3284075331100,0.1246592393363,0.2850062314086,0.0416925201677,0.6848108912125,-0.1451813441411,0.0216870694939,0.0517091332394,0.4425004399017,-0.1290794904636,0.5939431697805,0.2160992974131,-0.1786595987188,-0.0585123456406,-0.0993314247520,-0.0880871824988,-0.0645115333341,-0.0047955021737,-0.2051368362167,0.2376987800263,-0.0507481196861,-0.4261205576905,0.5633854521287,-0.4296862500571,0.3290504390949,-0.3502296346357,-0.3535184921349,0.0552826031330,-0.1858571162995,0.0365224859145,-0.2027266548110,0.1079540749195,0.1839326015735,-0.2397645980091,-0.1007816100257,0.2280794409978,0.0318997738441,0.0081645535524,-0.0409966866397,0.4426598965237,-0.2470142020843,-0.1160994984283,0.0148551571552,0.3886638347682,-0.1246090421873,0.2681453183964,0.1962305869642,0.0997551616469,-0.1476118384063,-0.2536367358266
0.0596699557190,-0.0215063769001,-0.1500588978496,-0.1343931539101,-0.0051915336773,0.7337875621131,0.3261469198883,-0.2416384686399,1.0000000000000,-0.0914366450790,0.5062240688678,0.2042447605881,0.0701672500799,-0.2400696578462,0.5318196522769,0.5481774607887,0.0132500617032,-0.3353523169168,0.2419298780249,-0.1143907997721,-0.1542227867115,-0.0662352161627,-0.2532614612288,0.0817738380456,-0.0980601821257,-0.0969095447097,-0.0681138868352,-0.1044074238199,0.0686146092585,0.3143917145480,-0.2454809330462,-0.3591595781072,0.3412622346605,0.0513741538800,0.0539464498754,-0.1555476278519,0.0765583854864,-0.1531541084905,-0.0087371254075,-0.0615158682395,0.3859058896737,0.5404135834524,-0.2913093337208,0.5976165123707,-0.3030905810292,0.3791106710612,0.2728376921398,0.1049066867353,-0.0600445002503,0.2118184669887,0.3382931454779,0.0102534714308,-0.4073787330489,0.2239954907452,-0.2096281776289,-0.0526672286081,0.0515199226729,-0.0463607151710,0.0407818373893,-0.0772393170058,-0.0341544236031,-0.1685837355716,-0.1437198168862,0.0244465723579,0.2428330185387,-0.2650305099902,-0.3049483556709,0.1009558131170,-0.0926807928387,0.0156590169188
0.2994672038913,0.0797098371732,-0.0030194288945,0.3160847802196,0.3032227468314,-0.0851671141672,-0.0847969548169,0.3922226436527,-0.0914366450790,1.0000000000000,-0.0632442056503,0.1386642657496,0.1358613442355,0.2549022670125,0.1700695174519,0.0319208204079,0.0948363116032,0.2070682434686,0.1879154848044,0.1036093735638,0.4000203939598,0.1338941298866,0.4219007874050,0.0388996708059,0.4209040396159,0.3106467996510,0.0073820220438,0.0033142851250,0.1233557579512,0.0772294508177,0.1648964745273,-0.0593888588648,-0.1624452886025,0.1984382048456,0.2731610765732,0.0410740441331,0.1390969053717,-0.2260203029348,0.2856278605623,0.2144389935179,0.1176491557417,-0.1539971593423,0.2599913538554,-0.3133361953501,0.6608579137161,-0.2012439538305,0.1639637300770,0.0804102413543,0.2640482607220,0.1302650183316,0.2051263748961,0.1439940213224,-0.0456140738529,0.0894078217961,-0.0084624439740,0.2487122432442,0.2261816150190,0.2354329107496,-0.0917066378751,0.3709496769115,0.1873538206846,-0.1732824372895,-0.0949839801008,0.0606934735459,0.0445285404002,0.0796842958541,-0.0168460589335,0.0155215404966,0.0835313384861,0.1659055396699
0.1376321019531,-0.2138578239338,-0.1807976860937,-0.1147864976393,0.2892518502792,0.2526277896772,0.5327714329369,-0.2224318515330,0.5062240688678,-0.0632442056503,1.0000000000000,0.0742133350933,0.4704795016395,-0.0677696479558,0.3025980057354,0.2639101609922,0.0416306191473,-0.3711994201491,0.0363970814608,-0.1957713886351,0.0815563390490,-0.1389904955522,-0.2559891273575,0.0073989278599,-0.1246992233806,-0.0888759005338,-0.1456014464126,-0.2384057449423,0.0345312627833,0.2433707869990,-0.3090917498111,-0.2660247804712,0.0709232906616,0.0336268896412,-0.0707963907135,0.1752974742545,-0.1632508967397,-0.1151912400455,-0.0604819542347,0.3879138643062,0.0488405129871,0.6417690194573,-0.3831074496566,0.2887496054127,-0.1113784337560,0.8025104813980,0.0098112749491,0.5291027332474,-0.0668633959013,0.1223081179675,0.1940962234145,-0.0257086729375,-0.4624801400296,0.0590972015868,-0.2331851973035,0.2890586047528,-0.2077665183677,-0.0798565433907,-0.0170072845714,-0.0292621171049,-0.0376043381044,-0.1673934315542,-0.1914022552276,-0.0362143576154,0.1663666040301,-0.4582297053207,-0.3132862069030,-0.1647226870990,0.0107466377398,-0.0777272024027
-0.1021263022840,0.0998483916826,0.1065484002449,0.1424314251382,-0.1713524319673,0.1734013913566,0.0044542632927,-0.3079317897067,0.2042447605881,0.1386642657496,0.0742133350933,1.0000000000000,-0.0158202309294,0.4070911343112,0.1656850858450,0.1864516554461,-0.2438431520224,-0.0760719282146,0.6694060486409,0.0476690266775,0.0273416194426,-0.1719698444426,-0.1099990620555,-0.1584793426124,-0.3074255598712,0.3556118450361,0.2781943688561,0.2333895349293,-0.2563427443268,0.3317691965353,-0.3275579449001,-0.0908552288838,-0.1409773301992,0.3589540349029,0.3089493431358,-0.1797102953905,0.1237142597346,0.0030058702274,0.2233772395556,-0.2504063925717,0.1503932402604,0.1492213077394,-0.1446408180713,0.2085364307298,-0.1116917090760,0.0935355606475,0.8115793137020,-0.0851885004489,0.7520131829125,0.1032000575319,0.3298983392467,-0.1632124678803,-0.3166350326939,0.5346367354570,-0.0996386906564,-0.0220385080158,0.0433810540617,0.0134647552557,-0.1759506786886,-0.2779909998303,0.3622244951008,0.1006788639905,0.1797801837118,-0.1872142385571,0.1164393460571,-0.1099432105388,-0.0798350398094,-0.1771822206358,0.2833029433453,0.2461773931246
0.1103006688955,-0.1196293453333,-0.2511882377367,0.0902277144070,0.5735343571185,-0.1489987983747,0.4637680377706,0.0948759357678,0.0701672500799,0.1358613442355,0.4704795016395,-0.0158202309294,1.0000000000000,-0.0495535288920,-0.0070432974505,0.0609575785903,0.0296981258696,-0.0778839172295,0.0151187800147,-0.0308757350615,0.6871237358539,-0.0669954791710,-0.0417768948983,-0.0079966827896,0.2359719681255,-0.0847849218389,-0.1141488595794,-0.3128194328149,0.1660712635879,0.2440141287235,0.0212041633639,-0.1304820236876,-0.1690574224427,0.1789470163197,0.0645272548525,0.1615388210632,-0.0205039588232,-0.1585606779478,0.0640318037256,0.6318739928679,-0.1087811965027,0.3671038787884,-0.1495701765545,-0.1993573567214,0.1709961363250,0.2823655744107,-0.0011646266025,0.8652209570514,-0.1112073487177,-0.0728803388308,0.1284889805903,-0.0210383467932,-0.0818401722851,0.0001092890422,-0.0395048512901,0.7525828215942,-0.1423108881616,0.0505695979351,-0.0754429096238,0.2386214089750,-0.0478904029025,-0.0639231110653,-0.2350157958324,0.0926297147847,0.2176550313440,-0.1966849651059,-0.1261849995041,-0.1546957118576,0.0833024316259,0.1204291518409
-0.1545988646882,-0.0145195236933,0.2709686452617,-0.0036514043978,-0.0645515890958,-0.0783283450226,-0.0235382113444,-0.0238790512984,-0.2400696578462,0.2549022670125,-0.0677696479558,0.4070911343112,-0.0495535288920,1.0000000000000,-0.1088332739804,-0.1010935861115,-0.1014059191826,-0.0560904190192,0.1235615720856,-0.0027417617716,0.0042798968732,-0.1703102188103,-0.0921214369033,-0.0782253837766,-0.1541938853106,0.5193987451096,0.3126695930933,0.2889961349450,-0.2599479358801,0.0181168057367,-0.2177393606348,0.4340599765062,0.0259594760276,0.1042283966844,0.0495817599484,-0.0003327732711,-0.1250775903259,0.2346029279149,-0.0234420059451,-0.0496879587190,0.0286701265779,-0.1617221434146,-0.2310915636383,-0.0485520243770,0.2513757838054,0.0470721788424,0.2260403577565,-0.0376065529092,0.7414269011215,0.1614718155218,-0.0644516423947,-0.1003982069094,-0.0714860854003,0.1414002951105,-0.0524302691815,0.0451404550248,-0.1182456186446,-0.1665037424651,-0.0426225678946,-0.1914264497646,0.1003938367614,0.2277005502149,0.3150986253557,-0.2468930451776,-0.0781177585393,-0.1975748546995,0.4764860172484,-0.0552810402607,0.2162946934353,0.1249055876791
0.6131208982936,-0.0433850151188,-0.2024118611038,0.0433986168105,0.1431725488269,0.2515838325315,-0.0138615189701,0.1080580324569,0.5318196522769,0.1700695174519,0.3025980057354,0.1656850858450,-0.0070432974505,-0.1088332739804,1.0000000000000,0.3061466998463,0.0841201620955,0.1205531885941,0.3581806876857,0.0010004607107,0.0009451351695,0.2300952518396,0.1014790616788,0.2348147419920,0.1945630113156,-0.1165690376164,-0.3317546852903,-0.2332725266217,0.3141462772127,0.4860306898773,0.0662017386959,-0.3042941511934,0.1086899479133,0.1587464418971,0.1086123766618,0.2323136242126,-0.0302839247856,-0.3490875931148,-0.0418627771993,-0.0562024826017,0.2246258694470,0.1867106635427,0.0707769997871,0.1317235450491,-0.0903074735286,0.1423733269332,0.1955033340467,-0.0114301110113,0.1268617292602,0.5103241985770,0.3008847241927,0.1519759465730,-0.2341422417565,0.2280532626265,-0.0721801314731,-0.1469807238982,0.1560003361492,0.1505399654405,0.1308200087215,0.1846869064036,-0.0448921495650,-0.5478363463389,-0.3101833177284,0.2628941683910,0.3986926403468,-0.1091111465113,-0.3026125123115,0.2091740135612,-0.0594449406004,-0.0164719859322
-0.1595467572119,-0.1357801812962,-0.1160561929872,-0.0545188659133,-0.0399956702400,0.6773176874837,0.3356720772784,-0.2872291343928,0.5481774607887,0.0319208204079,0.2639101609922,0.1864516554461,0.0609575785903,-0.1010935861115,0.3061466998463,1.0000000000000,-0.0886307496612,-0.3183212514139,0.0794209538067,-0.0426215339178,-0.0696708429986,-0.1062697082877,-0.2657388787867,-0.0508140486638,-0.2303725172082,-0.0865132440458,-0.1228482486212,-0.0655940962655,-0.1739566629863,0.2530042750794,-0.3087904274746,-0.2661912647790,0.5270093770464,-0.0397135396219,0.2401703503119,-0.1337532085401,-0.0129968087456,-0.1958160424111,0.0333677395997,-0.1433619251663,0.4791639868766,0.4655123662058,-0.1523570804386,0.5084174010779,-0.1083472570741,0.2821864188247,0.2726399053873,0.0964444372168,0.0193635988339,0.3341406734781,0.7477261517810,-0.0206307301272,-0.2361177286480,0.1325384791902,-0.0868875477456,-0.0769207828656,0.1733107744345,-0.2111397251433,-0.0479294465746,-0.2088911634660,-0.0403230085687,-0.1868971173334,-0.0794358043670,-0.1777106966168,0.1105259701507,-0.1409655068342,-0.2314407027583,0.3379114024687,-0.1300660579184,0.2122249713560
0.1180482213916,0.1446591913581,-0.1278112188920,-0.0039473504921,0.2870673879162,0.0109829469554,-0.1276143206245,0.0298902903044,0.0132500617032,0.0948363116032,0.0416306191473,-0.2438431520224,0.0296981258696,-0.1014059191826,0.0841201620955,-0.0886307496612,1.0000000000000,0.0384702115625,-0.0824972446054,-0.0882605009171,0.0622094035633,0.6077956830697,0.3529441192801,0.7098522294615,0.3537666698304,-0.1294910262843,-0.1495178102382,-0.0762763681691,0.3784680772770,-0.0312968993200,0.1323356842217,0.0045310660677,0.0273677485361,-0.0344365204622,0.0277319074904,0.1630192821268,0.0826205944293,-0.2014001980199,0.0096103938566,0.3046575820689,0.0277532531610,-0.1183783095092,-0.0281410816413,-0.1803568393806,0.1923019225423,0.0008501714570,-0.2005301623855,0.1734606850633,-0.1818128569651,-0.0079529909148,-0.1602778559860,0.8129863168583,0.0755914008295,-0.0400362559337,-0.0294530563281,0.1225829122685,0.4069364439927,0.3603982594111,0.5308707887284,0.4132601395508,-0.0648093815670,-0.1657586369421,-0.1977170068005,0.3245700176713,0.0230115112312,-0.0101833819309,-0.0289622080233,0.1854328417790,-0.2084244431391,-0.0222025499878
0.4739558366393,0.2081508403680,-0.0482486632487,0.6037191927997,0.1555587522476,-0.4185873218469,-0.3375087572581,0.3614807809318,-0.3353523169168,0.2070682434686,-0.3711994201491,-0.0760719282146,-0.0778839172295,-0.0560904190192,0.1205531885941,-0.3183212514139,0.0384702115625,1.0000000000000,0.1367754545441,0.6237629025919,0.2482455814480,0.3556745436300,0.5049677352549,0.2149087949958,0.4132159306230,0.0850454340489,-0.0325380023988,-0.1327628098353,0.3406805028941,0.1680729515625,0.6994790472822,0.1175185594659,-0.3075967868799,0.2936023729422,0.3092314974049,0.1710895315560,0.2042732890098,-0.1690883391509,0.2428230793250,-0.0622968447256,-0.1150923869422,-0.4158037343794,0.3969118644596,-0.4882858798840,0.1642590272024,-0.4779705982107,-0.0169048464813,-0.2046461575541,0.0061497377293,-0.1792235663774,-0.1918126426434,0.1582737409155,0.6295973904475,-0.0151049875213,0.5579371938995,-0.0364305609303,0.1562515534731,0.3652880323665,0.1725168341845,0.3763347736350,0.0957061075119,-0.1042604483599,-0.1526539273427,0.2689742821938,0.0831176555937,0.3402985478065,0.1063409282746,0.0710304625684,0.0567407010392,0.1965820593599
0.1607646335234,0.0517914936689,-0.0541497358559,0.1889141182545,-0.0282705768180,0.0721440438578,-0.1854214417690,-0.0184129124405,0.2419298780249,0.1879154848044,0.0363970814608,0.6694060486409,0.0151187800147,0.1235615720856,0.3581806876857,0.0794209538067,-0.0824972446054,0.1367754545441,1.0000000000000,0.3287648341110,0.0524983300237,0.1075703916154,0.0984335958499,0.0710326759488,0.0518844098386,0.2682391183379,0.1362918933118,0.0692667717126,0.1356528857187,0.3835952842669,0.0089342206235,-0.2072319263790,-0.2582716551014,0.3307772694653,0.3834482741949,-0.0862103532175,0.1030823507604,-0.1639304414055,0.2220288566447,-0.1559184271908,0.2174597000377,0.0199341414439,0.1956530677473,0.0390966639337,-0.1229863295491,-0.1556950362539,0.6977176307040,-0.0647550201221,0.4818539601981,0.2041493328428,0.2767570313523,0.0212791085227,-0.1339723662965,0.7270219617290,0.1067899575552,-0.0408838609075,0.1517984361187,0.1835436390613,-0.0594778960158,0.0777820154928,0.3427140858535,-0.0602067784429,0.0015530781117,0.1696501018386,0.3206116901414,0.1071113198636,-0.1240668853811,-0.0443739560018,0.1789983794510,0.2500948449483
0.3067352156859,0.0767677878681,-0.1271301724055,0.5178726153967,0.1152346355310,-0.1733621002675,-0.1266512672976,0.1237294931342,-0.1143907997721,0.1036093735638,-0.1957713886351,0.0476690266775,-0.0308757350615,-0.0027417617716,0.0010004607107,-0.0426215339178,-0.0882605009171,0.6237629025919,0.3287648341110,1.0000000000000,0.1701592123696,0.1091914391529,0.1835958719887,0.0653191633976,0.1229974343550,0.2482297456723,0.1174407259956,-0.1394829503362,0.0726816330253,0.2058870201912,0.4334685089299,-0.0073701611915,-0.0741883688787,0.2366022050251,0.5869134683070,0.0723590671983,0.3058043423638,-0.1295447040955,0.4745670209017,-0.0760367977023,0.0821008516079,-0.1688000144492,0.2867644581147,-0.2031384270593,0.0899708606131,-0.3537170768398,0.1470170994092,-0.1468571112455,0.0602186551889,-0.1491292149369,-0.0243376363823,0.0033183553565,0.5719474870492,0.2637094599865,0.7264787037561,-0.0109368837843,0.0487070047419,0.1819519133268,0.0028501552287,0.1434483219938,0.3638592749402,0.1491231083203,-0.1185868532445,0.0428393853829,0.1104831282674,0.2029147403010,0.0759052339722,0.2000013565779,0.1391714534003,0.4203114266223
0.3135196520889,0.0762645968629,-0.2646537121517,0.2596100444163,0.5717633180185,-0.3194031694747,0.1358884997778,0.3284075331100,-0.1542227867115,0.4000203939598,0.0815563390490,0.0273416194426,0.6871237358539,0.0042798968732,0.0009451351695,-0.0696708429986,0.0622094035633,0.2482455814480,0.0524983300237,0.1701592123696,1.0000000000000,0.1489912182444,0.2470136251297,0.0809545574905,0.3623893318286,0.0026868197291,-0.1452457980327,-0.3118823230386,0.2264434682772,0.1707253495607,0.3357993975958,-0.0211872504162,-0.2289192610975,0.2535384060437,0.2624468880196,0.1504105306544,0.2648799732486,-0.2655062035729,0.2548204545346,0.5091540711463,-0.1011751100024,-0.0596069047950,0.1517979651091,-0.4680084228475,0.3532227508037,-0.1154163984161,0.0640980325142,0.5334541824053,-0.0020988976248,-0.1687990580828,0.0268748365550,0.1102718068533,0.1561994087925,-0.0662858997552,0.0841831021128,0.7750267742387,0.1051486089741,0.2846600120112,0.0245672182847,0.3105320107263,0.1021932832544,-0.0680573381198,-0.2582864550589,0.1682175222758,0.1030269464283,0.1109049276812,-0.0038916442197,-0.0149705166819,0.1078524641779,0.2096786967348
0.3103680609715,0.1392741975536,-0.2115825939419,0.2455157296646,0.2702379842605,-0.1426110525231,-0.4364077282116,0.1246592393363,-0.0662352161627,0.1338941298866,-0.1389904955522,-0.1719698444426,-0.0669954791710,-0.1703102188103,0.2300952518396,-0.1062697082877,0.6077956830697,0.3556745436300,0.1075703916154,0.1091914391529,0.1489912182444,1.0000000000000,0.5929470364460,0.8365955316201,0.4332112387216,-0.1801444500088,-0.3766852021079,-0.1740571819387,0.6667386777429,0.1846759615190,0.5163536233221,0.1739477395222,-0.0901419298270,0.1772771010999,0.2037408839269,0.1241316345493,0.0609871605188,-0.3687258059329,-0.0291598352591,0.1284349177949,0.1623344803776,-0.3059247190283,0.2503539621167,-0.3545153627600,-0.0568407128788,-0.3139920522394,-0.0797932015213,-0.0050011966967,-0.0983392082435,0.0922766155870,-0.0749654254851,0.7860532682993,0.1049141880464,-0.0089016485803,0.0559529944877,-0.0493760862404,0.7124295981762,0.5793721463581,0.7291395179762,0.4662541100662,-0.1608222009881,-0.4229621600336,-0.2087920563171,0.6572790140216,0.2049831480743,0.4253648788536,0.0709046200886,0.3632982981285,-0.0583919944139,0.0858174714870
0.4110500118969,0.2274825776915,-0.1372677605779,0.5586616700370,0.3042468402461,-0.2465583804596,-0.3755647970502,0.2850062314086,-0.2532614612288,0.4219007874050,-0.2559891273575,-0.1099990620555,-0.0417768948983,-0.0921214369033,0.1014790616788,-0.2657388787867,0.3529441192801,0.5049677352549,0.0984335958499,0.1835958719887,0.2470136251297,0.5929470364460,1.0000000000000,0.4247485223568,0.5785159753325,0.0609206240725,-0.2343532539480,-0.1023877830711,0.4633840641635,0.0772413233516,0.5662423543675,0.0065542479906,-0.1709057318900,0.2460484753520,0.2251368019534,0.2183691185130,0.2240444251385,-0.2596049372934,0.2822098642441,0.1883845834610,0.0214614745426,-0.3280913553664,0.3566102216967,-0.4344950228130,0.2509517460172,-0.3481543576114,-0.0385517809201,-0.0283513094911,-0.0176528267495,-0.0647783644250,-0.1078952838343,0.4438169460920,0.2551735612354,0.0324577679272,0.1474501352747,0.0931611159373,0.4224454548348,0.7755555287792,0.2968585823052,0.6059882473159,0.0552379866889,-0.2958915652432,-0.1705913747966,0.3768221415955,0.1222009314189,0.3862045269849,-0.0152563399057,0.1332279802968,0.1148720173111,0.1215835462582
0.2396883096317,0.1111462886123,-0.0728114573481,0.1298912596503,0.2552453454378,0.0065475201627,-0.2665133501433,0.0416925201677,0.0817738380456,0.0388996708059,0.0073989278599,-0.1584793426124,-0.0079966827896,-0.0782253837766,0.2348147419920,-0.0508140486638,0.7098522294615,0.2149087949958,0.0710326759488,0.0653191633976,0.0809545574905,0.8365955316201,0.4247485223568,1.0000000000000,0.2823636628107,-0.1239014638973,-0.2659125537473,-0.0265841369051,0.4806859117171,0.1134297118017,0.3594246816789,0.0925809598296,-0.0276375703785,0.0816864853456,0.1355857184877,0.1196784035477,0.0839838189675,-0.1703597424347,-0.0139095504593,0.1675381321186,0.1204469319904,-0.1915811160538,-0.0149885146879,-0.1626068734083,-0.0098798685054,-0.1079621389551,-0.0951234032997,0.0909614389331,-0.0911209688669,0.1126102011968,-0.1123315612182,0.7148033491091,0.0338297517312,0.0386397471916,-0.0055087826208,0.0134911805613,0.6048826876313,0.4304692478814,0.7961463493621,0.2992248091297,-0.0885934310075,-0.3078679434343,-0.0554757858657,0.4661954574713,0.1298074770443,0.1598758026209,0.0194399826167,0.2687861994867,-0.1253726777800,0.0348263580288
0.3549801169895,0.0919350909516,-0.1716129905656,0.2384732320611,0.5881703539925,-0.1923093580506,-0.2617731851027,0.6848108912125,-0.0980601821257,0.4209040396159,-0.1246992233806,-0.3074255598712,0.2359719681255,-0.1541938853106,0.1945630113156,-0.2303725172082,0.3537666698304,0.4132159306230,0.0518844098386,0.1229974343550,0.3623893318286,0.4332112387216,0.5785159753325,0.2823636628107,1.0000000000000,-0.1400430087352,-0.1607662282469,-0.1539335569631,0.7318307877861,0.1767996849634,0.5594242901127,0.0850132162130,-0.1066457057912,0.1573613563108,0.0837983181775,0.0842862683428,0.0237353927828,-0.1937503933105,-0.0380720705179,0.4581098384222,0.0277476630133,-0.2620387494610,0.5023414986680,-0.4314255998151,0.2812807496128,-0.3071868942960,-0.2489100526146,0.2234119557541,-0.2243713884706,-0.0212583274162,-0.1795733954560,0.4120805965859,0.2087641480259,-0.1539243185924,0.0055091920891,0.3212511356188,0.2185281514959,0.4021400247955,0.1871857586336,0.8676787217884,-0.2709645639325,-0.2998488395830,-0.2019715580415,0.6353175619557,0.2016921574274,0.2806220464909,0.0502162824204,0.1646864872891,-0.0672447735002,-0.0686210424130
-0.0611968522952,0.4326621065093,0.1783116100813,0.3842295827846,-0.1336161576603,-0.0182850922513,0.0133227149035,-0.1451813441411,-0.0969095447097,0.3106467996510,-0.0888759005338,0.3556118450361,-0.0847849218389,0.5193987451096,-0.1165690376164,-0.0865132440458,-0.1294910262843,0.0850454340489,0.2682391183379,0.2482297456723,0.0026868197291,-0.1801444500088,0.0609206240725,-0.1239014638973,-0.1400430087352,1.0000000000000,0.5377727951108,0.2786632854271,-0.3058890032431,0.0715544804799,-0.1583333612973,-0.0688702687756,-0.0975653981200,0.1457919218353,0.2124962926442,-0.0204273544255,0.3875771414657,0.1312321438903,0.4676762279936,-0.1691182339332,0.0339853029560,-0.1046003381797,-0.1570583362468,-0.1264149007685,0.2253137968546,-0.1341517167632,0.3449090915485,-0.1534966664912,0.5520985758471,-0.0316767201254,-0.0359472317190,-0.1431117717748,0.0537783088175,0.3363677307702,0.2568848249690,-0.0226702241856,-0.0582462231067,0.0262448621355,-0.0639199038523,-0.1275545544552,0.5723327765270,0.4287309822268,0.2684882665648,-0.3215053571831,0.0952427916832,-0.1364661875627,0.0453995707009,-0.1695855277312,0.2028881697057,0.2980044832763
-0.4177197578022,0.4026736360791,0.5254361606781,-0.0067668327850,-0.2745643385507,0.0939703898833,0.1022559439743,0.0216870694939,-0.0681138868352,0.0073820220438,-0.1456014464126,0.2781943688561,-0.1141488595794,0.3126695930933,-0.3317546852903,-0.1228482486212,-0.1495178102382,-0.0325380023988,0.1362918933118,0.1174407259956,-0.1452457980327,-0.3766852021079,-0.2343532539480,-0.2659125537473,-0.1607662282469,0.5377727951108,1.0000000000000,0.6639938824599,-0.3762913915153,-0.1261362122565,-0.1948361118174,0.0931863677536,-0.0273899078670,-0.0165768529331,-0.0039814221949,-0.3751574367444,0.2673566222713,0.4950878072841,0.1111904195584,-0.1917134503549,-0.0494606524956,-0.1892721785861,-0.1503285399542,0.0792245938602,0.0253214261976,-0.0605937521887,0.1091854578827,-0.1717936849303,0.2441830788073,-0.2555398022146,-0.1975654043685,-0.2865507086881,0.0601259804046,0.0842716261056,0.0324118794586,-0.0590491930924,-0.1955206137868,-0.3138585075086,-0.1955073270337,-0.2658467362880,0.1824800401808,0.7760611280424,0.5954310261156,-0.3810501441077,-0.2240887141655,-0.1624360438618,0.1560051884130,-0.2239677346428,0.0229275256289,-0.0140556457806
-0.3857617864150,0.2177646819782,0.8023824271078,-0.1342742452674,-0.3301789711924,0.1966060743549,-0.0985763103064,0.0517091332394,-0.1044074238199,0.0033142851250,-0.2384057449423,0.2333895349293,-0.3128194328149,0.2889961349450,-0.2332725266217,-0.0655940962655,-0.0762763681691,-0.1327628098353,0.0692667717126,-0.1394829503362,-0.3118823230386,-0.1740571819387,-0.1023877830711,-0.0265841369051,-0.1539335569631,0.2786632854271,0.6639938824599,1.0000000000000,-0.3335231250256,-0.2434543666167,-0.2086467815917,0.1975089968032,0.0234003687974,-0.1283428423898,-0.1188105881348,-0.3941430347157,0.0329940697530,0.7038356351778,-0.0909028364068,-0.2535355120457,0.0521359853782,-0.2588592942376,-0.1153531148308,0.1595736275207,-0.0311300094784,-0.0552164981325,0.0254088167564,-0.2715447354114,0.2273249714996,-0.0726972185883,-0.0940746189150,-0.1438524635917,-0.2007682721309,-0.0222112928935,-0.2847235526919,-0.2036308909968,0.0209567016490,-0.2950202025867,0.0076945839227,-0.2936918509064,-0.0165680391489,0.4058995577638,0.9119999782122,-0.2399399895368,-0.3861695239943,-0.1025247645507,0.2222982016037,-0.1567269876599,0.0091352983833,-0.2084576842102
0.3545518673322,-0.0176254862761,-0.3716824305785,0.1292339466393,0.5241945972285,-0.1744006498319,-0.4173873133973,0.4425004399017,0.0686146092585,0.1233557579512,0.0345312627833,-0.2563427443268,0.1660712635879,-0.2599479358801,0.3141462772127,-0.1739566629863,0.3784680772770,0.3406805028941,0.1356528857187,0.0726816330253,0.2264434682772,0.6667386777429,0.4633840641635,0.4806859117171,0.7318307877861,-0.3058890032431,-0.3762913915153,-0.3335231250256,1.0000000000000,0.2002140230287,0.5794210956933,0.1012573774780,-0.1646753388632,0.0940793599626,0.0080930392158,0.0113898101495,-0.0983200503121,-0.4220202507218,-0.2439035884867,0.3700092706480,0.0990258641411,-0.1965536531266,0.4481004037639,-0.3688994735292,-0.1115981103933,-0.2385721991678,-0.1483177134914,0.2133933271679,-0.2541822509973,0.0567551558565,-0.1264383370720,0.5992781718094,0.1084513528664,-0.0359398311538,0.0053649125601,0.1162591339669,0.3577159103544,0.4284488717056,0.4257201710392,0.6829300909403,-0.3218084926481,-0.4429619238171,-0.3497344567148,0.9174054106271,0.2787797845824,0.4131925384295,-0.0157828746436,0.2309789229183,-0.1780263572278,-0.0800554760936
0.3321473512835,0.1833773492615,-0.3092625377337,0.3290446012553,0.2681075071194,0.1696695939621,0.0445996672572,-0.1290794904636,0.3143917145480,0.0772294508177,0.2433707869990,0.3317691965353,0.2440141287235,0.0181168057367,0.4860306898773,0.2530042750794,-0.0312968993200,0.1680729515625,0.3835952842669,0.2058870201912,0.1707253495607,0.1846759615190,0.0772413233516,0.1134297118017,0.1767996849634,0.0715544804799,-0.1261362122565,-0.2434543666167,0.2002140230287,1.0000000000000,0.0825243950304,-0.1071381754691,0.1036917676779,0.6907505403594,0.5258186583987,0.2297548087876,0.1164553714246,-0.2493165559579,0.0940369915709,0.0469113113532,0.2516793412528,0.1790740743460,0.0285786518791,0.0189385873819,-0.1234117618417,0.0609066506283,0.3416252610368,0.1641174365267,0.2218938275036,0.2275953487237,0.2771629025781,0.1085821277025,-0.0536756652731,0.2635022729253,0.2041172078041,0.0651674429596,0.1780099514449,0.2226063324660,0.1638888293536,0.2217966287990,-0.0437860785517,-0.2046129511257,-0.1928818201868,0.1943908446791,0.7127908347898,0.1022210865301,-0.1637587027203,0.1207527960908,0.3625827364801,0.4901319267342
0.4361505845388,0.0762201112667,-0.1607993714283,0.3508428389545,0.2531677481133,-0.3828322945858,-0.3628474808012,0.5939431697805,-0.2454809330462,0.1648964745273,-0.3090917498111,-0.3275579449001,0.0212041633639,-0.2177393606348,0.0662017386959,-0.3087904274746,0.1323356842217,0.6994790472822,0.0089342206235,0.4334685089299,0.3357993975958,0.5163536233221,0.5662423543675,0.3594246816789,0.5594242901127,-0.1583333612973,-0.1948361118174,-0.2086467815917,0.5794210956933,0.0825243950304,1.0000000000000,0.2245536491346,-0.2338472405248,0.1720901452647,0.2119174119267,0.0968974297809,0.1076479441592,-0.1810204614569,0.0232549523615,0.1132949522938,-0.0087162996382,-0.4417370504608,0.4975687673611,-0.4938154274477,0.1213049303578,-0.4688148682579,-0.2374499046252,-0.0465214853390,-0.2650293283611,-0.1008219927097,-0.2440741996124,0.3215152274252,0.4553779640243,-0.1457719573739,0.2754289082159,0.1014546652431,0.2581402692280,0.3917899858077,0.2756104389625,0.4685949663314,-0.0971463117777,-0.1506429161468,-0.1761717607506,0.5091303118657,0.0366707754472,0.5725437859428,0.1773633238618,0.1976556989064,-0.0518392348482,0.0654956600032
-0.2563795453710,0.0149582872026,0.1668130730406,-0.1879008801223,-0.0932014957387,-0.1586229795878,-0.2025334840526,0.2160992974131,-0.3591595781072,-0.0593888588648,-0.2660247804712,-0.0908552288838,-0.1304820236876,0.4340599765062,-0.3042941511934,-0.2661912647790,0.0045310660677,0.1175185594659,-0.2072319263790,-0.0073701611915,-0.0211872504162,0.1739477395222,0.0065542479906,0.0925809598296,0.0850132162130,-0.0688702687756,0.0931863677536,0.1975089968032,0.1012573774780,-0.1071381754691,0.2245536491346,1.0000000000000,0.0688655633303,-0.0128216367811,0.0232337796906,-0.1023557553428,-0.2769339850874,0.2135457225078,-0.4421406651467,-0.0432039334433,0.1478020961066,-0.4055843561428,0.0429423773776,-0.1223152827216,-0.0128201227813,-0.1386507082081,-0.2723143666645,-0.0884129721302,0.1206598071954,0.0566488319045,-0.3071434298641,0.1371166621349,0.1492547231370,-0.2808745864687,-0.1173972512232,-0.0101544498185,0.0818937513416,-0.1440369203293,0.2204550036054,0.0095859332570,-0.4405274005148,0.1024481009517,0.2783607473649,0.1626488294011,-0.2268462509928,0.2060083775759,0.8934635004863,0.2121921476236,-0.0870617641376,-0.0635473538502
-0.1362876716725,-0.0872722961010,0.0032209743654,-0.1673137180698,-0.0361098951923,0.6576224722440,0.2837996050843,-0.1786595987188,0.3412622346605,-0.1624452886025,0.0709232906616,-0.1409773301992,-0.1690574224427,0.0259594760276,0.1086899479133,0.5270093770464,0.0273677485361,-0.3075967868799,-0.2582716551014,-0.0741883688787,-0.2289192610975,-0.0901419298270,-0.1709057318900,-0.0276375703785,-0.1066457057912,-0.0975653981200,-0.0273899078670,0.0234003687974,-0.1646753388632,0.1036917676779,-0.2338472405248,0.0688655633303,1.0000000000000,-0.1411448598567,0.1033115704667,0.0131930784993,-0.0325699140586,0.0429093161808,-0.0590844818254,-0.0383504242439,0.4941258900147,0.2316674552494,-0.2311129778301,0.4609889449419,-0.0869099623169,0.2170064120890,-0.1955620225067,-0.0443468992084,-0.1171889679192,0.2170411125765,0.1611816942124,0.0047504850179,-0.1171614784050,-0.1747032011684,-0.1078871782366,-0.0899115730527,0.0446269648529,-0.1585703538060,0.0688998804172,-0.0943117690328,-0.2542105007384,-0.0489777076162,0.0302257754256,-0.1912745354927,0.0527075619264,-0.2032234179899,0.0492873562629,0.5619060042015,-0.0735336906551,0.0793050197752
0.2357796227581,0.1392095607947,-0.2011419252475,0.4298221249410,0.2644438519220,0.0123815625568,-0.1269185085021,-0.0585123456406,0.0513741538800,0.1984382048456,0.0336268896412,0.3589540349029,0.1789470163197,0.1042283966844,0.1587464418971,-0.0397135396219,-0.0344365204622,0.2936023729422,0.3307772694653,0.2366022050251,0.2535384060437,0.1772771010999,0.2460484753520,0.0816864853456,0.1573613563108,0.1457919218353,-0.0165768529331,-0.1283428423898,0.0940793599626,0.6907505403594,0.1720901452647,-0.0128216367811,-0.1411448598567,1.0000000000000,0.5493938782136,0.1191568849906,0.1346607721198,-0.1927070442657,0.1623352045829,0.1022677872577,0.1046147204662,-0.0656646042669,0.0709824315235,-0.1469390860404,0.0406874090344,-0.0963199082455,0.3559368441736,0.1174257513684,0.3114551592258,-0.0526115633741,0.0633280971113,0.0967922044618,0.0469408966467,0.2383304102595,0.2389949117208,0.1707754908834,0.2052866440503,0.3864768654349,0.0980277774052,0.2004461643628,0.0118288882188,-0.1069110869104,-0.1194891397767,0.0787159365662,0.4910360863752,0.1696083051120,-0.0369189112829,-0.0851383593967,0.6897273919752,0.5668961604013
