1.0000000000000,0.0850414547183,0.0722523042059,0.2093787973868,0.1182442255842,-0.1647882541442,-0.2056517216883,0.1636871012695,-0.1596862518190,0.0823481617379,0.0658794413444,-0.1493835557859,0.0535104194105,-0.1167883406645,0.2000918529839,-0.0858417364228,-0.0219268938914,0.3721777613109,0.1322819210326,0.2078984977396,0.0678175640311,-0.0683149943108,0.2409958129042,0.1097281286301,0.1910210468086,-0.0039375298313,0.1243342468447,0.1802985124962,0.0205373166554,0.1581359913924,0.1580146428286,-0.3320159918936,-0.0210429675335,0.2130748781270,0.1915265454754,0.7212161212884,0.1239805293091,-0.1818619926412,0.0542457327312,0.0165575480485,0.0294899676507,-0.1618026357533,0.1077925904053,-0.2003196263172,0.1360170431389,0.0603149131658,-0.1119944935739,-0.0027879902785,-0.2238525085541,0.1537808535861,-0.0716990003533,0.0331635971493,0.2705410694683,-0.1410164208951,-0.0223196591126,0.0552075965133,-0.0727055912636,0.0880687764487,-0.0354396130859,0.1485880921723,-0.0475940007777,0.0513967846194,-0.0724437508322,-0.0621223437498,0.0978083568234,0.0035028020504,-0.1145445941526,0.1051374129873,0.2065515697807,0.1952460046050
0.0850414547183,1.0000000000000,-0.3633939639081,0.1895422389822,-0.2363599879279,0.1355946045175,-0.0068068927201,-0.1967229830756,-0.2508035719733,0.0438475583168,-0.2363001943102,-0.3200141324776,-0.0555181709300,-0.1905119204491,-0.2045673331547,-0.1381712942692,-0.0473175627556,0.2902113457871,-0.2891415616856,0.0248560945144,-0.2395282884361,-0.3542933065032,0.2888075206524,-0.2881725077719,-0.0518206136934,0.1785843214770,0.1176653435600,-0.1832424831333,-0.1219598271007,-0.0206232831163,-0.1247856307479,0.1855027462563,-0.0530386303501,0.1939088374250,0.2377932529009,0.0124050462996,0.4152956465616,-0.0360115012078,0.3215715714600,-0.1834590949280,-0.0601784716521,0.0297420621978,0.1036890225349,-0.1072227980103,0.0789932346532,-0.0604468264441,-0.3645466743642,-0.0905602025487,-0.0460601969423,0.0363993989893,-0.1538324738340,-0.2374187958331,0.3125702476477,-0.1218710659653,0.2645342172554,-0.1959137965807,-0.3287180782766,0.3120236488057,-0.2648042143473,-0.0204959178989,0.2695377899917,0.4703831474671,-0.1358632166043,0.0731661061551,0.0701415732270,-0.0427082153916,0.2432247041166,-0.0711685989153,0.2132527772229,0.2041875863552
0.0722523042059,-0.3633939639081,1.0000000000000,0.2234450535076,0.0426889286690,-0.2770187348509,-0.1439899245866,0.3772738365077,0.1710855680420,0.2065598649815,0.1518432100264,0.2426332789790,-0.1014639247247,0.0972988907232,0.2739824732035,0.1014308609419,0.1388473402648,0.1287085382213,0.3402554139385,0.1558496635641,0.2610108736979,0.3273862402590,0.0140360894129,0.5172174948161,0.3409879187515,0.1489040141443,0.3447128728773,0.6852977976215,0.0616855334189,0.0588856947654,0.3348350594917,-0.4177330756856,-0.0527640282185,0.1062816381588,0.0259456569439,0.0514907786001,0.0402334280237,0.1870986621284,0.0244681342858,-0.0053113939924,-0.0567532515352,-0.4344894087082,-0.0638406726062,-0.0564859039410,0.1236875454772,-0.1774468707092,0.1827025463146,-0.0846659976384,-0.0064679684954,0.0143588903329,-0.0363455944990,0.3551278117457,0.1185604404096,0.1095147828292,-0.1466616931271,0.1461490060853,0.1244714070013,-0.0458286167226,0.2889494179517,0.2424281328352,-0.0365773672528,-0.0405041599656,0.5522763405761,-0.2197097931576,-0.1375196357881,-0.0288067344680,-0.3990732843281,-0.0724486102781,-0.0005752326095,0.0514453106514
0.2093787973868,0.1895422389822,0.2234450535076,1.0000000000000,0.1540275190532,-0.0707633053976,0.0850729262463,0.3303092691785,0.1317768808015,0.4396911447784,0.1688467830104,-0.2534120737465,0.1348066502206,0.1884969777478,0.3053606921004,0.3273857990502,-0.4172141480898,0.1744387996402,-0.1395151736640,0.1913749394482,-0.0227933039090,-0.1002964560774,0.3656471296240,0.1045612209738,0.3953487436005,0.3866509057778,0.4360821627507,0.2993327830000,0.0107888887280,0.3410718853856,0.1293280567759,-0.4598138936010,-0.2936876892251,0.1915171061679,0.4384474944107,0.1297202100487,0.4799629068277,-0.2800606313642,0.3557173751647,0.0651149460139,0.1295609635651,-0.2773817977208,0.0625803566963,-0.0754423895094,0.3775351411882,-0.0166221904739,-0.0494363892681,0.0085750435733,-0.1430776002507,0.0985879715261,0.2649193419869,-0.2492657244281,0.1545880991694,-0.3731416264898,-0.1325016659733,-0.0555076180027,-0.1842496079586,0.2126363632578,-0.0745578200770,0.2665732711426,0.2242662418183,0.0798758765055,0.1613364016222,-0.1861630430062,0.1264563389175,-0.0848526789247,-0.1999924011270,0.1454123768874,0.1092809945661,0.5192012607723
0.1182442255842,-0.2363599879279,0.0426889286690,0.1540275190532,1.0000000000000,-0.0514113898443,0.1873763693425,0.3377071275037,0.2045842504799,0.2885284615025,0.5352889317736,-0.2931988883242,0.6618296675580,0.0601299789321,0.1210433072673,0.2010678246169,0.0040201936541,-0.2220250373401,-0.1546945311344,-0.2142358887857,0.4964032347745,0.1094864847291,0.2420974279062,0.2342141452241,0.4522489653100,-0.0421416105635,0.1514535733146,-0.0191854626487,0.3008807494861,0.1472318975403,0.3334455797674,-0.3206254073818,-0.0011840426254,0.0319137026586,-0.0073185636711,0.1984779746567,-0.1237354340991,-0.2146492153193,-0.4224506986316,0.8595261671723,0.2209364450175,0.2690838592884,-0.0097764921868,0.0435504974359,0.1828165005624,0.5129119982291,-0.1065379689524,0.5184098497311,-0.3499063765572,-0.0041645806449,0.1924592189342,0.1342713664929,-0.2126319938628,-0.4844170959407,-0.5940764890919,0.5704782004251,0.1361249892553,-0.0094492675096,-0.1005030722937,0.3559554699881,-0.2925439168321,-0.2982021207615,-0.2782763783509,-0.0022031139946,0.0212369630093,0.1531783030300,0.0204509886596,0.3425178259518,0.0356110475985,0.0069355029036
-0.1647882541442,0.1355946045175,-0.2770187348509,-0.0707633053976,-0.0514113898443,1.0000000000000,-0.0108352672695,0.0935570337942,0.3095586986372,-0.0649729519623,-0.1792588292625,0.1153045761855,-0.3700666559980,0.3429686688439,0.2380951383985,0.1174936286284,-0.3318326363321,-0.0940690397036,0.0098717480613,0.0627520450978,-0.4612720710490,-0.3440205812444,-0.1437370341303,-0.4842216545236,-0.1284431352093,0.3246676290542,0.1743235958801,-0.0345476234851,-0.1463828110898,0.0761415225270,-0.3442058969947,0.4239814730182,0.3910733364370,-0.2231442242127,0.0077780766498,-0.2269191458583,-0.1631787602255,0.0509810446107,0.1871902314081,-0.1581038156021,0.5974558964752,0.3266390761426,0.4060725008511,0.3769460044907,-0.0664087577632,-0.2173131366557,0.1888291983177,-0.4191613857498,0.2358384898714,0.4413005169621,0.1668035684790,-0.4546946741759,-0.2996045669402,-0.0860258144431,-0.1634040398856,-0.3609725330163,-0.4215931849890,-0.1051950496421,-0.5441204432906,-0.0408239173565,0.2538127431158,0.0750120742040,0.0272961990366,-0.1064061305772,-0.0301680082652,-0.2793381965368,0.4574396931040,0.3492867388976,-0.1946922498529,-0.2027292525425
-0.2056517216883,-0.0068068927201,-0.1439899245866,0.0850729262463,0.1873763693425,-0.0108352672695,1.0000000000000,-0.2012960751090,0.4380356024109,0.0442799969436,0.4776747020800,0.0590135961071,0.4189438340136,0.0286293794232,0.3078659552685,0.3908534818242,-0.1936503884235,-0.3809406914597,0.0961695772472,0.0379944877079,0.1498638870289,0.0387759075452,-0.1748366052602,0.0070723798165,-0.0992457795675,-0.2114110971423,-0.0857078026882,-0.2233664439358,0.0011115219415,0.3287532212401,-0.1144406200155,0.0722845272272,-0.0837767993940,-0.0060872176886,-0.1212550362185,-0.3382580969262,-0.1267005550681,-0.1433902153976,-0.3453549433542,0.2313693624054,0.0782144186727,0.5608568042014,-0.4136993579364,0.3755182404970,0.0028334871977,0.4107181190029,0.0854955894653,0.4071782431576,-0.1259336813297,0.1331832147309,0.3613074368339,-0.1471998305238,-0.3779761484114,0.0110232675990,-0.1908842526840,0.1425264950748,0.1011292626715,-0.2981525212364,-0.0436373922884,-0.1293997439736,-0.3969592733815,-0.3325634329369,-0.2567751079464,-0.0942974770983,0.2255572265854,-0.0897544927995,0.1404711193861,0.1989744387495,-0.0968402119949,-0.1226232842002
0.1636871012695,-0.1967229830756,0.3772738365077,0.3303092691785,0.3377071275037,0.0935570337942,-0.2012960751090,1.0000000000000,0.0876263178820,0.5195958733707,0.2519929881789,-0.1747912191191,-0.0154642028392,0.2759682495876,0.3104509805298,0.2418278905848,-0.2060646233863,0.0976469848468,-0.0384241918949,0.0904613933324,0.1759441921840,-0.0282488634997,0.2051873739728,0.0585535395406,0.6390022179875,0.3698593839655,0.4223322902670,0.3338747326854,0.2240298444946,0.1160998128605,0.3802030770024,-0.1508557263581,-0.0380501559566,0.0133351401780,0.0499099482196,0.0805523789970,-0.0728154122301,-0.2083212388253,0.1248127668600,0.2349528937485,0.1513237952897,-0.3217360715837,0.4304081715971,-0.2214924495660,0.4134964613198,-0.0435406846814,-0.1706378647309,-0.0705547415126,-0.0029951019597,0.0615633750317,0.0719673815417,-0.0988421078437,-0.1427306772707,-0.3518983415694,-0.4517206339852,0.1517469172761,-0.2368490611428,0.0387211473072,-0.1892387868279,0.4322946179264,0.0500539613387,-0.0286817631004,0.0991056581846,-0.0428196558952,-0.2429390150156,-0.2163251325984,0.0845617068312,0.1339204868258,-0.0397917854020,0.0068292898796
-0.1596862518190,-0.2508035719733,0.1710855680420,0.1317768808015,0.2045842504799,0.3095586986372,0.4380356024109,0.0876263178820,1.0000000000000,-0.0590609362495,0.1957986234437,0.2420790579859,-0.0837647163297,0.2759456275568,0.6805101147860,0.4798534216689,-0.3091324691828,-0.4427587694839,0.2900770531782,-0.0494249225799,-0.2097386885775,-0.0079760504990,-0.3189414336097,-0.1052228877416,0.0204076913313,0.0269219500485,0.0595545243968,0.1796659749659,-0.0261371448878,0.1979994183086,-0.1675349326953,-0.0400728541620,0.3016749862158,-0.0789893732560,-0.1398225617821,-0.2140136025048,-0.3028522989513,0.3334708949577,-0.2171094132019,0.0037326122925,0.5714506903899,0.4411816949614,-0.0587135504055,0.7222907991305,-0.1456188192958,-0.0344759710442,0.3585977889515,-0.2230617222325,-0.1500067699987,0.3634411730273,0.3595527190148,-0.2143444650156,-0.5412807328721,-0.1914175173671,-0.5818174905042,-0.1645916532367,-0.0034608267880,-0.4677833065183,-0.1970690297713,0.0184000016841,-0.2639831064273,-0.4157410729294,0.2443824419199,-0.2203250033164,-0.0916701000046,-0.1840490952073,0.1816029498893,0.4434147809758,-0.1877132390074,-0.1539199660691
0.0823481617379,0.0438475583168,0.2065598649815,0.4396911447784,0.2885284615025,-0.0649729519623,0.0442799969436,0.5195958733707,-0.0590609362495,1.0000000000000,0.1313694590233,-0.3780488033250,0.3629308956930,0.0977591287961,0.1551374439344,0.3922364286165,-0.2522461374788,0.1085229917675,-0.3370184503616,-0.0804397016956,0.3283590756959,-0.2102748330234,0.3362350092819,-0.0200997086149,0.4662612244831,0.1611125198108,0.1994528136869,0.0693001664745,-0.0966142486323,0.1017308554537,0.0713965138375,-0.1410520587539,-0.1754806139972,0.2031434810742,0.0690445541956,0.0341783512592,0.0953876148805,-0.1903710714374,0.1383803450422,0.2403055063702,-0.0255949827447,-0.1397429636481,0.1123497962967,-0.2536310873454,0.8849721375735,0.0462363664824,-0.3344262256409,0.3406705670504,-0.0214994359810,0.0458578465773,0.2640385379995,-0.1932788508003,0.0384466550174,-0.3745928317778,-0.1988905510048,0.3325547510920,-0.2577286182846,0.2347619242915,-0.1683807541659,0.3495792803877,0.0789446309995,-0.0122838090133,0.0081778965707,-0.2217994647414,-0.0319611069303,-0.2457167145561,0.0973601826098,-0.0083096342517,0.1747377202532,0.1224966686670
0.0658794413444,-0.2363001943102,0.1518432100264,0.1688467830104,0.5352889317736,-0.1792588292625,0.4776747020800,0.2519929881789,0.1957986234437,0.1313694590233,1.0000000000000,-0.1839399527453,0.5005784437489,0.1051213747296,0.2216939921427,0.2007150352966,-0.0402728362487,-0.0287051283353,-0.0225427428861,0.0199203280838,0.5911795738331,0.4581524785083,0.1834383046654,0.5668014989467,0.2706717618898,-0.0901145902927,0.2621560793284,0.1098328636414,0.4562832445623,0.4617144803496,0.5135883202656,-0.2945240991272,-0.0612422269247,0.2035583527105,0.0775969820887,0.0172946444128,0.1239251322854,-0.5541617746304,-0.4697036690017,0.5796930418784,0.0676178027096,0.1618745913172,-0.2487910362904,0.0095808863672,0.0410848242963,0.7741781514394,-0.0756993621695,0.4777687541973,-0.1743140058715,-0.0216665589423,0.0268853440219,0.1579360125294,-0.1018341125634,-0.1819200163964,-0.3711875025664,0.5073790903903,0.3623525134227,0.0236419785251,0.2617246362115,0.0842594788124,-0.4523673023866,-0.3213247807851,-0.2755552148772,0.1362592689756,0.1708032665931,0.2015748921401,-0.1797271001215,0.2676595673919,0.1186032419691,0.0580072102854
-0.1493835557859,-0.3200141324776,0.2426332789790,-0.2534120737465,-0.2931988883242,0.1153045761855,0.0590135961071,-0.1747912191191,0.2420790579859,-0.3780488033250,-0.1839399527453,1.0000000000000,-0.3874136068847,0.3350241865208,0.2652748938303,-0.0989015011002,0.0749921176053,-0.3426464432477,0.7795308523135,0.1737913928075,-0.1319521571772,0.1393170533693,-0.4989784825319,-0.0081840315955,-0.2225145877500,0.1701097798056,0.0572336596004,0.2482016017805,-0.0966800388071,-0.0053453212749,-0.1900847409363,0.2734793529043,0.2609532868348,-0.2631811598332,-0.1387199839477,-0.1975178105034,-0.2270962868471,0.1705836106793,0.0382656059986,-0.2957367895690,0.0839552810116,-0.0312359056905,-0.0740607464207,0.3179354059628,-0.4144121713045,-0.4343759985198,0.7955820982114,-0.2684033781993,0.4606986095815,0.2672988688577,-0.0220003374403,0.1009677717467,-0.2912987267875,0.7905406161538,0.1636623081749,-0.2151774992059,-0.0071213269191,-0.4524315846498,0.0690234234446,-0.1747878690580,0.1043347682541,-0.0166956401005,0.3020924991956,-0.1189006266856,-0.0049173128294,-0.0899673058771,-0.2086476642398,0.0363741440200,-0.3389010245772,-0.2333193001246
0.0535104194105,-0.0555181709300,-0.1014639247247,0.1348066502206,0.6618296675580,-0.3700666559980,0.4189438340136,-0.0154642028392,-0.0837647163297,0.3629308956930,0.5005784437489,-0.3874136068847,1.0000000000000,-0.1925923971445,-0.1598696003072,0.1858330648880,0.0609962176591,-0.1426340608507,-0.2913220701968,-0.2629955633092,0.6701695425808,0.1597138516738,0.2611123002273,0.2776879291630,0.1830491890531,-0.3487060560668,-0.1542989405328,-0.2934807866168,0.2075803071468,0.1187535739024,0.1648375672561,-0.2968185495204,-0.2974159758615,0.1943028516940,-0.0716126923082,0.1040628726795,0.0487387671241,-0.2441993046049,-0.4344236594947,0.6804803463570,-0.2501961480817,0.2582736701673,-0.3817042452673,-0.2085440507946,0.3117602672925,0.6404125345846,-0.2626649800707,0.9128436297862,-0.3556274641251,-0.2919255468685,0.1377717785038,0.1274474816118,0.0064153997718,-0.3340383211806,-0.2089230626535,0.7151139714284,0.3304096750505,0.0567379154693,0.1995685420263,0.0932518545761,-0.3896123462399,-0.2916273663868,-0.4326345338258,0.0769728621384,0.2047305578994,0.1490762726313,-0.0649396308916,-0.0142898777469,0.1962758830603,0.1271462868246
-0.1167883406645,-0.1905119204491,0.0972988907232,0.1884969777478,0.0601299789321,0.3429686688439,0.0286293794232,0.2759682495876,0.2759456275568,0.0977591287961,0.1051213747296,0.3350241865208,-0.1925923971445,1.0000000000000,0.3983676563929,0.2853766175167,-0.3680458889955,-0.1843609655398,0.2022944422204,0.0048292131467,-0.0701337391803,-0.1135909815134,-0.1776336655269,-0.1555042820806,-0.0301497757266,0.5384075371933,0.4331653384474,0.2444974484269,-0.1301581493728,0.2036216189431,-0.1235755354340,0.1642411832295,0.3539818067459,-0.0495002219855,0.0852947755619,-0.1867978328607,-0.1024666985935,-0.2152799800900,0.0328240673282,-0.0447614080188,0.4775566308950,0.0463817628549,0.0713286781198,0.2380414732200,0.0154040785210,-0.1211274152230,0.4733279613065,-0.2387926535048,0.6750256213432,0.3946906257804,0.1928042890453,-0.2731194496923,-0.3799514972592,0.0850192005987,-0.2597480111951,-0.0682701608809,-0.2629262217020,-0.2396996650580,-0.2914243908887,-0.0738360387170,0.2732228465434,-0.0061499844477,0.1456093562193,-0.2966508328319,-0.0533270443141,-0.3304399440172,0.0676296496311,0.4362420743828,-0.0889282220238,0.0219022253972
0.2000918529839,-0.2045673331547,0.2739824732035,0.3053606921004,0.1210433072673,0.2380951383985,0.3078659552685,0.3104509805298,0.6805101147860,0.1551374439344,0.2216939921427,0.2652748938303,-0.1598696003072,0.3983676563929,1.0000000000000,0.4735468276013,-0.4218197681737,-0.1321274787112,0.4970823395565,0.3174559105830,-0.1231093673232,-0.0988709435473,-0.2077989209706,-0.0509874068484,0.0929450769741,0.3254696176407,0.3514751738086,0.5023596601678,-0.1184956571095,0.5012297861807,-0.0619520501525,-0.1147215966240,0.1670357526410,0.0246345785924,0.0600706779880,-0.0652719922170,-0.1535099869117,-0.0343393583641,-0.1313453032732,-0.0817771950747,0.4976004155978,0.1001256431145,-0.0647145906777,0.4057740678123,0.0267935104686,-0.1738222930417,0.3088730677868,-0.2346145176161,0.0027960680344,0.6002001825473,0.3790482491733,-0.2761489979220,-0.3486181605727,-0.0579877545696,-0.4312311782825,-0.1179581403258,-0.1993825341754,-0.3899357684203,-0.2431968828552,0.0154281898745,-0.1077568879691,-0.2512615304737,0.3119988023541,-0.3857514803556,0.1182047349714,-0.3932815527313,0.1171530925878,0.4866246605940,-0.0906658886366,-0.0209507556771
-0.0858417364228,-0.1381712942692,0.1014308609419,0.3273857990502,0.2010678246169,0.1174936286284,0.3908534818242,0.2418278905848,0.4798534216689,0.3922364286165,0.2007150352966,-0.0989015011002,0.1858330648880,0.2853766175167,0.4735468276013,1.0000000000000,-0.3472477997652,-0.1330911796837,-0.1120127169445,-0.0772631900663,0.0934998159974,-0.0347154226884,-0.0334377506799,-0.0557539909830,0.1712064743634,0.0866745013775,0.0506899985835,0.0563914201413,-0.0048515189638,0.2915952252294,-0.0679441480153,-0.1010623045660,0.0391684741679,0.2573436911219,0.1751930810361,-0.0658507625304,-0.0257343187635,-0.0007694130357,-0.0879566874637,0.0615406284774,0.3517229691649,0.3078009116632,0.0066719692579,0.3555827665723,0.3358806412878,0.0604298113601,0.0305499462689,0.0955796778815,0.0088917321951,0.2614672597031,0.6711551290365,-0.2633660053313,-0.2161753522495,-0.2796101161383,-0.3712305559392,0.1309075163707,-0.0755322059650,-0.1672675755204,-0.1258602471285,0.1187256480634,-0.1549125616488,-0.3842968115952,0.0868571132494,-0.1856692529295,-0.0510562729259,-0.2217518116844,0.1029161241681,0.2934152466241,0.2549429892076,0.1088073679287
-0.0219268938914,-0.0473175627556,0.1388473402648,-0.4172141480898,0.0040201936541,-0.3318326363321,-0.1936503884235,-0.2060646233863,-0.3091324691828,-0.2522461374788,-0.0402728362487,0.0749921176053,0.0609962176591,-0.3680458889955,-0.4218197681737,-0.3472477997652,1.0000000000000,0.0086306287360,0.0386472817543,-0.2279156746302,0.2195999711976,0.5390173472587,0.1687582764156,0.4528980159016,0.1522524942160,-0.2919373868371,-0.3255796085124,-0.1236283898652,0.4133261650507,-0.2618099361943,0.3242527182968,0.0063925735835,-0.0853558189934,0.1222989743828,-0.1500569022116,0.1258570837609,-0.0787168921089,0.1599732966849,-0.1919781757374,0.0772710656962,-0.3866883880910,-0.1004328725387,-0.1215302100582,-0.2043689025795,-0.2124478323366,0.1003648413454,-0.1619704839915,0.1419183778463,-0.1253595861161,-0.3622200130102,-0.4213473453602,0.8985353209517,0.1230804545966,0.2206260477786,0.1036372688281,0.1559430624935,0.5349238453781,0.2513024206047,0.4645127004096,0.2864846447665,-0.1820898363945,-0.1049165731966,-0.1340162739896,0.5096369972648,-0.1690010501602,0.4597744649190,-0.2160807651295,-0.3190942750922,0.1620113050639,-0.1448052741344
0.3721777613109,0.2902113457871,0.1287085382213,0.1744387996402,-0.2220250373401,-0.0940690397036,-0.3809406914597,0.0976469848468,-0.4427587694839,0.1085229917675,-0.0287051283353,-0.3426464432477,-0.1426340608507,-0.1843609655398,-0.1321274787112,-0.1330911796837,0.0086306287360,1.0000000000000,-0.1987286265407,0.4226091692937,0.0042728294920,0.0425145136729,0.3355642546171,0.2349606529894,0.0221574720019,0.1432362785763,0.2739500257197,0.2424896141499,0.0743596012576,0.1644484489305,0.2656633991548,-0.1571310206733,-0.1334247289632,0.3982958877685,0.4530753614522,0.2838299770511,0.4828546620738,-0.2681966946775,0.2980398703586,-0.1663353251979,-0.1830810287596,-0.3859916948082,0.1782757970692,-0.4082293089707,0.1729994754741,0.0209870812267,-0.3781014168629,-0.0984846872739,-0.0004998911614,-0.1333861314333,-0.2139288339386,-0.0014546424857,0.7661186297056,-0.0721402993925,0.3772745610516,-0.0555015002677,-0.0904164164580,0.3609025133959,0.1230468774024,-0.0493700036733,0.2027857797887,0.2763221617924,0.0673781050762,0.1210543389483,0.0469817548656,-0.0077023075270,-0.1959464532981,-0.2098318008940,0.3445591045126,0.3865333219822
0.1322819210326,-0.2891415616856,0.3402554139385,-0.1395151736640,-0.1546945311344,0.0098717480613,0.0961695772472,-0.0384241918949,0.2900770531782,-0.3370184503616,-0.0225427428861,0.7795308523135,-0.2913220701968,0.2022944422204,0.4970823395565,-0.1120127169445,0.0386472817543,-0.1987286265407,1.0000000000000,0.3697744682300,-0.0792405032170,0.1327926120200,-0.4044357503650,0.1104094807584,-0.1222480726752,0.1176736927826,0.1722126147120,0.4755857202986,-0.0553527350252,0.1633869377331,-0.0825613013537,0.0401437888282,0.2258222824180,-0.1496827308157,-0.1764551307983,-0.0653240063793,-0.2566863562441,0.1073942331671,-0.1548686652229,-0.2317467683987,0.0800455369095,-0.1062956037043,-0.2156304681769,0.1777626819290,-0.4326255800432,-0.3335287855948,0.5740605352357,-0.2329857055575,0.1413339526997,0.2832711175668,-0.0725219454891,0.1176055539031,-0.2656819184546,0.5808151480121,-0.0102450652563,-0.1442726264815,0.0233499773719,-0.4665724817345,0.0844339358149,-0.1543260127212,-0.1513052698196,-0.0981411186620,0.3300080169846,-0.1848167074497,0.0768260783705,-0.1732601866428,-0.1185582549681,0.1548884154952,-0.2763851807236,-0.2116043120309
0.2078984977396,0.0248560945144,0.1558496635641,0.1913749394482,-0.2142358887857,0.0627520450978,0.0379944877079,0.0904613933324,-0.0494249225799,-0.0804397016956,0.0199203280838,0.1737913928075,-0.2629955633092,0.0048292131467,0.3174559105830,-0.0772631900663,-0.2279156746302,0.4226091692937,0.3697744682300,1.0000000000000,-0.1669161946618,-0.0700187618054,-0.0618474757381,0.0528337451171,-0.0969224624501,0.2942561812437,0.3912967020762,0.3609556275211,-0.0705594159787,0.4429334672922,-0.0249782454510,0.0188917627042,-0.2705184893684,-0.1263333969224,0.2896942185052,-0.0374640913047,0.1626680103888,-0.2536887928272,0.2542469961251,-0.1679654131732,-0.0093794727205,-0.2832699984614,0.0388717408239,-0.0385366858509,-0.1093578337881,-0.1420018705882,0.0993897428551,-0.1730737260620,0.0046987487728,0.1366907228678,0.1202053130185,-0.1623040378814,0.2420465496690,0.2158434641459,0.3600603683813,-0.2382176310392,-0.2156733658003,-0.0952109918082,-0.0613382698856,-0.2324412578669,0.2025944697148,0.1950191977411,0.1605787609873,-0.1567209538806,0.4024563901092,-0.2176946668160,-0.0603175241695,-0.1087510830977,-0.2151024132197,0.0658789838903
0.0678175640311,-0.2395282884361,0.2610108736979,-0.0227933039090,0.4964032347745,-0.4612720710490,0.1498638870289,0.1759441921840,-0.2097386885775,0.3283590756959,0.5911795738331,-0.1319521571772,0.6701695425808,-0.0701337391803,-0.1231093673232,0.0934998159974,0.2195999711976,0.0042728294920,-0.0792405032170,-0.1669161946618,1.0000000000000,0.4173795058188,0.1545886008159,0.5512474281361,0.2590664930644,-0.1552680435560,0.0276199366181,0.0605993454548,0.3492152412716,0.0912171209402,0.4263687041153,-0.2657653378065,-0.1402438524591,0.2257958992245,-0.0382629181558,0.1256292702321,0.1085714202473,-0.3427461252765,-0.3947019519836,0.5412764203220,-0.2969612757717,-0.0966921334440,-0.3076426286551,-0.3139645045140,0.2291134290412,0.4950452787151,-0.1658264441101,0.7401306054067,-0.0665171721825,-0.2340325985371,-0.0537983499377,0.3635963446548,0.1190842278894,0.0155931395003,-0.0926529227651,0.9291730868054,0.3485141797430,0.0516662267422,0.4090953967540,0.1019987708941,-0.3101370214173,-0.2118944960060,-0.1700369867546,0.1139972957077,0.0115083735570,0.2069771364476,-0.2748075993671,-0.0709599513930,0.2371882737140,0.0536863784231
-0.0683149943108,-0.3542933065032,0.3273862402590,-0.1002964560774,0.1094864847291,-0.3440205812444,0.0387759075452,-0.0282488634997,-0.0079760504990,-0.2102748330234,0.4581524785083,0.1393170533693,0.1597138516738,-0.1135909815134,-0.0988709435473,-0.0347154226884,0.5390173472587,0.0425145136729,0.1327926120200,-0.0700187618054,0.4173795058188,1.0000000000000,0.0285686099206,0.8493503723956,0.1471651285345,-0.2842797955140,-0.1031801768273,0.2275059142240,0.6906373303739,0.1837942407091,0.5345082302131,-0.2076986074598,-0.1365847803626,0.2299209584569,0.0148668966041,0.0251036937384,0.1640325395450,-0.1302426819770,-0.3539310644285,0.2010636490950,-0.2201012823393,-0.1649663267169,-0.1690640837077,-0.0761247180340,-0.2336798199773,0.3273358093644,0.0272783997848,0.2413314649649,-0.1021596987123,-0.3102221622300,-0.2255116017407,0.6320439456460,0.0758026998274,0.2286337496167,-0.0285266594109,0.2642883670360,0.8424009553774,0.0537216391361,0.8142757647621,0.1080841089957,-0.3827676515457,-0.4121694067564,0.0747937952327,0.5432440212532,0.0233793136576,0.5176444305006,-0.4432560740840,-0.0964563902685,0.1900281928800,0.0132789342998
0.2409958129042,0.2888075206524,0.0140360894129,0.3656471296240,0.2420974279062,-0.1437370341303,-0.1748366052602,0.2051873739728,-0.3189414336097,0.3362350092819,0.1834383046654,-0.4989784825319,0.2611123002273,-0.1776336655269,-0.2077989209706,-0.0334377506799,0.1687582764156,0.3355642546171,-0.4044357503650,-0.0618474757381,0.1545886008159,0.0285686099206,1.0000000000000,0.2042309282543,0.3886830185553,0.1134400334693,0.1335600480793,-0.0732997020095,0.1676351023676,0.0964518649499,0.4159793669723,-0.2677101762216,-0.2111371158599,0.3111779719486,0.3468662926393,0.3107741933772,0.3962989303145,-0.3210049174934,0.1822114182159,0.2619477763805,-0.1714161930764,-0.1354015908344,0.1011018570330,-0.3509283637230,0.3344476049952,0.2794154267788,-0.4188951916373,0.1953597121999,-0.2099410776307,-0.1820491807449,-0.1917620709013,0.1799145798217,0.3987367145227,-0.3707184294551,-0.0306065637234,0.1421213838907,0.0514516946666,0.8191515509131,0.0508303806084,0.3196940132072,0.0550441030591,0.0727607294320,-0.2415464891218,0.1779499169470,0.0552065052558,0.2149597827683,-0.0914195193540,-0.1109782560124,0.3720333090407,0.3895899278193
0.1097281286301,-0.2881725077719,0.5172174948161,0.1045612209738,0.2342141452241,-0.4842216545236,0.0070723798165,0.0585535395406,-0.1052228877416,-0.0200997086149,0.5668014989467,-0.0081840315955,0.2776879291630,-0.1555042820806,-0.0509874068484,-0.0557539909830,0.4528980159016,0.2349606529894,0.1104094807584,0.0528337451171,0.5512474281361,0.8493503723956,0.2042309282543,1.0000000000000,0.2661099971592,-0.1825386243474,0.1625107281591,0.3984101508503,0.5466492258450,0.2780022024210,0.6417199175702,-0.4890326220285,-0.2044222125865,0.3124918169513,0.1661423363969,0.1601146238303,0.3010813467771,-0.2667572358815,-0.3377561150892,0.3311886139999,-0.2338576825541,-0.2874535258093,-0.2548685590732,-0.2182024416565,-0.0838418996123,0.3975020588548,-0.0705411662650,0.3384916196650,-0.2141636925070,-0.2876875178147,-0.2004294093987,0.6526900434992,0.2855126309351,0.1010448850712,-0.0502595961372,0.3919560420186,0.6956214725928,0.1705726301033,0.7554887328858,0.1584956814131,-0.3512362303117,-0.2151453808439,0.1009196102384,0.3156892694631,0.1114450610403,0.4846492510885,-0.5849944358473,-0.0772438234586,0.2632985345997,0.1757478221304
0.1910210468086,-0.0518206136934,0.3409879187515,0.3953487436005,0.4522489653100,-0.1284431352093,-0.0992457795675,0.6390022179875,0.0204076913313,0.4662612244831,0.2706717618898,-0.2225145877500,0.1830491890531,-0.0301497757266,0.0929450769741,0.1712064743634,0.1522524942160,0.0221574720019,-0.1222480726752,-0.0969224624501,0.2590664930644,0.1471651285345,0.3886830185553,0.2661099971592,1.0000000000000,0.1256322520847,0.2606965030592,0.1432578743354,0.4338543094791,0.0814325254950,0.5054960323688,-0.2864722515559,-0.0569039302953,0.1661499013734,0.1546105308123,0.1897856177464,0.1361051592658,-0.1780736615562,0.0908089005328,0.3764682724236,0.0303508059906,-0.2464409031032,0.3770204515584,-0.1627279245467,0.4321189884040,0.0791860330845,-0.2444769313058,0.1237900628514,-0.2358091355024,0.0132936341066,0.0387649546863,0.2546011420782,0.0252017741986,-0.3021420749575,-0.3309694330894,0.2208178533430,0.0073719038000,0.2622135475277,0.0119469158336,0.8683222010571,-0.0839181920900,-0.0609205451488,-0.0576321669198,0.1966906267207,-0.1933059392664,0.2586759717916,-0.0923701049273,0.0726815066826,0.1127482179205,0.1169022815473
-0.0039375298313,0.1785843214770,0.1489040141443,0.3866509057778,-0.0421416105635,0.3246676290542,-0.2114110971423,0.3698593839655,0.0269219500485,0.1611125198108,-0.0901145902927,0.1701097798056,-0.3487060560668,0.5384075371933,0.3254696176407,0.0866745013775,-0.2919373868371,0.1432362785763,0.1176736927826,0.2942561812437,-0.1552680435560,-0.2842797955140,0.1134400334693,-0.1825386243474,0.1256322520847,1.0000000000000,0.6665463585904,0.4152996948837,-0.1475065959450,0.1629484005707,0.0450252761281,0.0246787730296,0.0852804832434,0.0079637469913,0.4237115140652,-0.0620619021834,0.2011848570603,-0.2449248691132,0.5111640464443,-0.1360005848136,0.3346767962767,-0.2532496710734,0.2463328465005,0.0165835169105,0.0806099768810,-0.3333928320191,0.1891242493361,-0.3646458958423,0.4121976601194,0.3132564527218,0.1144844360075,-0.2122367995282,-0.0147236045074,0.0218011491613,-0.0454442916855,-0.1980480474450,-0.5211377939549,0.0929855289484,-0.4053729879391,0.0616798315414,0.6946552310200,0.3715888944988,0.2460603313401,-0.2746572107351,-0.0902679362718,-0.3159362496122,0.0315300564185,0.2220394462827,-0.0337142508341,0.2471934920092
0.1243342468447,0.1176653435600,0.3447128728773,0.4360821627507,0.1514535733146,0.1743235958801,-0.0857078026882,0.4223322902670,0.0595545243968,0.1994528136869,0.2621560793284,0.0572336596004,-0.1542989405328,0.4331653384474,0.3514751738086,0.0506899985835,-0.3255796085124,0.2739500257197,0.1722126147120,0.3912967020762,0.0276199366181,-0.1031801768273,0.1335600480793,0.1625107281591,0.2606965030592,0.6665463585904,1.0000000000000,0.5717546514155,-0.0482910881952,0.3227310036756,0.2326993150983,-0.1715888423057,0.0645090088849,0.0627459647783,0.4502134632007,0.0201722563953,0.2901453159067,-0.4219017855454,0.2059502030376,0.0962137400020,0.3324351996945,-0.2215488930005,0.1332939921679,-0.0387481010575,0.0950784303213,-0.0107390850543,0.1338983420179,-0.1861168628587,0.1893812447801,0.2772730392511,0.0522440682773,-0.1558025700076,0.0785121424788,-0.0616015212732,-0.1529766686369,-0.0283080741390,-0.3590075889350,0.0411981583529,-0.2710012188327,0.0903560181177,0.3382525938118,0.4512165218167,0.2021772372985,-0.3059632028619,0.0624359114690,-0.2117275295701,-0.0978945062676,0.2438414047913,-0.0361353563533,0.2451985862997
0.1802985124962,-0.1832424831333,0.6852977976215,0.2993327830000,-0.0191854626487,-0.0345476234851,-0.2233664439358,0.3338747326854,0.1796659749659,0.0693001664745,0.1098328636414,0.2482016017805,-0.2934807866168,0.2444974484269,0.5023596601678,0.0563914201413,-0.1236283898652,0.2424896141499,0.4755857202986,0.3609556275211,0.0605993454548,0.2275059142240,-0.0732997020095,0.3984101508503,0.1432578743354,0.4152996948837,0.5717546514155,1.0000000000000,0.0659427196371,0.2452126676111,0.2108025626878,-0.3582984214816,0.0312084634461,0.0846015051225,0.1300371451518,0.0227845409615,0.1697269606752,-0.0129893087573,0.0347047954878,-0.1394029931947,0.2075211024323,-0.4158346878038,-0.0087119631744,-0.0012133278404,-0.0774440726983,-0.2845807224729,0.1909326935720,-0.2817619161558,0.0678128089636,0.2156403380590,0.0282330770512,0.0641750473828,0.0728677548081,0.1037355599059,-0.1689796433103,-0.0323888484335,-0.0312855079655,-0.1329784159352,0.1589367567281,-0.0136965052994,0.0969525965588,0.0430172012389,0.7426929433788,-0.2258547967891,-0.0382429785053,-0.1940700657791,-0.2832697423436,0.1862224087812,-0.0233856140015,0.0795590007214
0.0205373166554,-0.1219598271007,0.0616855334189,0.0107888887280,0.3008807494861,-0.1463828110898,0.0011115219415,0.2240298444946,-0.0261371448878,-0.0966142486323,0.4562832445623,-0.0966800388071,0.2075803071468,-0.1301581493728,-0.1184956571095,-0.0048515189638,0.4133261650507,0.0743596012576,-0.0553527350252,-0.0705594159787,0.3492152412716,0.6906373303739,0.1676351023676,0.5466492258450,0.4338543094791,-0.1475065959450,-0.0482910881952,0.0659427196371,1.0000000000000,0.1058883239746,0.5207432035260,-0.0814667198260,-0.0799223857264,0.2363541678553,0.0047564549585,0.0045967134302,0.1354407398090,-0.2762119911196,-0.2495497734056,0.3408901817526,-0.1241766556289,-0.0704428227203,0.1610263080280,-0.0678045171874,-0.1229285845805,0.3849029359527,-0.2258223700247,0.2534079404617,-0.1635670700798,-0.2956966718171,-0.2036043109976,0.4002811126252,0.0290499929085,-0.0149864010453,-0.1381347605907,0.2618459593111,0.5457887616210,0.0802832627444,0.5132564359238,0.3140499507868,-0.3054545206828,-0.3791754499536,-0.1750206757223,0.8347222458129,-0.1467702622255,0.4486233897867,-0.2113515557530,-0.0235076931253,0.1676099238290,-0.0672385417599
0.1581359913924,-0.0206232831163,0.0588856947654,0.3410718853856,0.1472318975403,0.0761415225270,0.3287532212401,0.1160998128605,0.1979994183086,0.1017308554537,0.4617144803496,-0.0053453212749,0.1187535739024,0.2036216189431,0.5012297861807,0.2915952252294,-0.2618099361943,0.1644484489305,0.1633869377331,0.4429334672922,0.0912171209402,0.1837942407091,0.0964518649499,0.2780022024210,0.0814325254950,0.1629484005707,0.3227310036756,0.2452126676111,0.1058883239746,1.0000000000000,0.1966522786075,-0.1515219736557,-0.0479756288277,0.1707889502425,0.3141283996907,0.0150992314917,0.2250346901418,-0.3913649924079,-0.1781307751285,0.1088891610402,0.2123946699911,-0.0097907480104,-0.1734359996861,0.0491430285723,0.0510869545411,0.1730103858590,0.0989264895296,0.0786337359171,-0.0708693277451,0.2752580452094,0.2179685895915,-0.1203429348323,0.0629984552617,-0.0670999735501,-0.0916710287019,0.0233416846517,0.0958211804980,-0.0580167965929,0.0699157662340,-0.0000285363798,-0.1623781322342,-0.1125913280200,0.0104756559735,-0.1227915678282,0.6705393052909,-0.0024324533246,-0.0361786871224,0.2913049697522,0.1063964794821,0.2289871644522
0.1580146428286,-0.1247856307479,0.3348350594917,0.1293280567759,0.3334455797674,-0.3442058969947,-0.1144406200155,0.3802030770024,-0.1675349326953,0.0713965138375,0.5135883202656,-0.1900847409363,0.1648375672561,-0.1235755354340,-0.0619520501525,-0.0679441480153,0.3242527182968,0.2656633991548,-0.0825613013537,-0.0249782454510,0.4263687041153,0.5345082302131,0.4159793669723,0.6417199175702,0.5054960323688,0.0450252761281,0.2326993150983,0.2108025626878,0.5207432035260,0.1966522786075,1.0000000000000,-0.3164728614050,-0.1383779805626,0.2736594979854,0.3183397359253,0.2161992122816,0.3128032588324,-0.3790752681722,-0.1032336490391,0.4098583228334,-0.2198834812146,-0.3346583775353,0.0385871466485,-0.3311810315607,0.0768986448127,0.3261943786275,-0.2604807141845,0.1991269487886,-0.2020308985595,-0.2816606084760,-0.2834830402690,0.4644906681726,0.2735684738846,-0.1190302601179,-0.1819800275425,0.2932457455586,0.3636892006952,0.3452568006117,0.3833728557054,0.4090178671682,-0.1927873756573,-0.0694786450927,-0.1309994992436,0.3206558655008,-0.0853697937370,0.5254642785652,-0.3081839933781,-0.0374710710498,0.2545631511028,0.2604786530701
-0.3320159918936,0.1855027462563,-0.4177330756856,-0.4598138936010,-0.3206254073818,0.4239814730182,0.0722845272272,-0.1508557263581,-0.0400728541620,-0.1410520587539,-0.2945240991272,0.2734793529043,-0.2968185495204,0.1642411832295,-0.1147215966240,-0.1010623045660,0.0063925735835,-0.1571310206733,0.0401437888282,0.0188917627042,-0.2657653378065,-0.2076986074598,-0.2677101762216,-0.4890326220285,-0.2864722515559,0.0246787730296,-0.1715888423057,-0.3582984214816,-0.0814667198260,-0.1515219736557,-0.3164728614050,1.0000000000000,0.1793520333335,-0.2248704229444,-0.2030697699969,-0.3662805921129,-0.2368289131673,0.0781048608971,0.1218505558260,-0.2248348555200,-0.0131341068805,0.2608792591022,0.1561075323727,0.1702811251038,-0.0977713485681,-0.2117346640885,0.0836855370247,-0.1446076515608,0.4482023677887,0.1116425078350,-0.0957868784249,-0.2474587061360,-0.2209318753265,0.3883043413913,0.2927683267365,-0.2333935328544,-0.2431529389822,-0.1475682692060,-0.2689080829637,-0.2025924383021,0.1662760821680,0.1215777476666,-0.1590809799815,0.1189372275618,-0.0559814145228,-0.1768967470696,0.5849404265234,-0.1635433731599,-0.2043206696228,-0.3826311790635
-0.0210429675335,-0.0530386303501,-0.0527640282185,-0.2936876892251,-0.0011840426254,0.3910733364370,-0.0837767993940,-0.0380501559566,0.3016749862158,-0.1754806139972,-0.0612422269247,0.2609532868348,-0.2974159758615,0.3539818067459,0.1670357526410,0.0391684741679,-0.0853558189934,-0.1334247289632,0.2258222824180,-0.2705184893684,-0.1402438524591,-0.1365847803626,-0.2111371158599,-0.2044222125865,-0.0569039302953,0.0852804832434,0.0645090088849,0.0312084634461,-0.0799223857264,-0.0479756288277,-0.1383779805626,0.1793520333335,1.0000000000000,-0.0302277493019,-0.1782236904452,0.0084432467870,-0.2739543771152,0.1296410708822,-0.1916158137037,-0.1288350945191,0.5035411012901,0.2631851873304,0.1197935257148,0.2981767953270,-0.1850755473036,-0.1104849290917,0.2950177609087,-0.3647175176904,0.3175265566999,0.3297112542677,-0.1275926580751,-0.1211978114894,-0.2537109274056,0.1067965858546,-0.2544561932455,-0.0750757568926,-0.1550717140365,-0.2070863586513,-0.2401674578665,0.0327546954421,-0.0272354550047,-0.0413996767916,0.0678837658933,-0.0876300980804,-0.2588353715666,-0.0781046972227,0.1781251931601,0.4487240589563,-0.0221543173622,-0.2283708273738
0.2130748781270,0.1939088374250,0.1062816381588,0.1915171061679,0.0319137026586,-0.2231442242127,-0.0060872176886,0.0133351401780,-0.0789893732560,0.2031434810742,0.2035583527105,-0.2631811598332,0.1943028516940,-0.0495002219855,0.0246345785924,0.2573436911219,0.1222989743828,0.3982958877685,-0.1496827308157,-0.1263333969224,0.2257958992245,0.2299209584569,0.3111779719486,0.3124918169513,0.1661499013734,0.0079637469913,0.0627459647783,0.0846015051225,0.2363541678553,0.1707889502425,0.2736594979854,-0.2248704229444,-0.0302277493019,1.0000000000000,0.3118827423538,0.2193461086479,0.2809631946108,-0.2073423976085,-0.0571748889200,-0.0351571294483,-0.0814804042522,-0.0937864215261,-0.1428324727711,-0.1027639084003,0.2487033935741,0.1561533746256,-0.2919396419597,0.1430042141419,-0.0342367087211,-0.1074499324955,-0.0779793860494,0.1674373812510,0.3341356546537,-0.1055669249407,-0.0389200464097,0.1473161567802,0.1593902898999,0.2243177239169,0.2139792272136,0.1590272907966,-0.1639754445602,-0.1514199856104,-0.1023634111079,0.1468826504840,-0.1396949132499,0.0359996761555,-0.1726720118597,0.0784510418067,0.8569830421118,0.3598192727156
