1.0000000000000,0.2580906711147,0.1309893935620,0.7320293810102,0.4856810790542,-0.1670915944917,0.5837742852175,-0.0485074906157,-0.1067401610892,0.5227681446922,0.5275813842604,0.1701738612138,0.7027232425137,-0.0483193916109,0.0770891424058,-0.1405293027296,0.3388877211687,0.6728365652731,-0.2645007980980,0.7396426017575,0.6918010420775,0.5303317840561,0.4105796434481,0.4583624212146,0.6624790130964,0.5659398352154,0.2508100069822,0.0009350829604,0.4094277705758,0.3479972958125,0.5620003272080,-0.3064345705232,-0.3563424610957,0.0185866453548,0.6272350639534,0.2636300119918,0.3481851424383,-0.3972599629312,0.6267504498286,0.3171763832749,-0.4690287015684,0.2737746279489,0.0116464913381,-0.4529743810635,0.3389448377524,0.1951863199146,-0.4616120318729,0.2477329987385,-0.4660978707297,-0.3966046790320,-0.3117128478064,0.3664896109511,0.0007422651030,-0.4676315384639,-0.2999520619170,0.4765875199387,0.0715701154820,0.4464834373638,0.0823540819031,0.4776421433878,-0.0818373023940,-0.4325173466771,-0.4106484569128,-0.0379191100578,-0.2174205149493,0.2892133398800,-0.1756778861542,-0.3911496653774,-0.3326351984455,-0.0230526019127
0.2580906711147,1.0000000000000,0.3361369057206,0.4890569838007,0.4071350468852,-0.3667610189054,0.0286064674130,-0.0402432988017,-0.3609847140118,0.1909335580128,-0.0800357567301,0.0488897436260,0.2013430977820,-0.0291163536851,-0.2771647448441,-0.3076366883653,0.1634078523883,0.5911110156834,-0.0414272000382,0.3491604470478,0.1687175309271,0.4298534189622,0.6251705830796,0.4991104824224,0.3039204024904,0.0534485898618,0.2550602107914,0.2102601003413,0.2539092843046,0.0809098178051,0.5452808726122,0.0130908299920,-0.4682543956532,0.0890373323386,0.2849484538605,0.2903473128816,0.7786760268211,-0.0890099317684,0.2363870022511,0.4099966959822,-0.3189504121446,-0.0687136734556,0.1172769465249,-0.5006557069254,0.2244652658733,-0.0724685074243,-0.1042963597739,0.0571924212808,-0.3022499019285,-0.2966409525620,-0.1082539849452,0.1792238746798,0.2994253088829,-0.1014166414069,-0.0038100758835,0.1339651083524,0.3202007302100,0.5390440750014,0.4132894381991,0.2596048314104,0.1074566785149,-0.0707679094957,-0.0749638511224,0.1035188852917,0.2645559121799,0.4137054346961,-0.0613423833255,-0.3548278251530,-0.0631779689991,0.2088940595405
0.1309893935620,0.3361369057206,1.0000000000000,0.3117797052502,0.1336906027716,-0.3015305215158,-0.1833725905628,0.2153045623852,-0.4144778034262,0.2007100472921,-0.1425313704805,-0.0417732974783,0.1696668003345,0.0658134549256,-0.2949416465607,-0.5361558643090,0.3875065679656,0.2239376070011,-0.0015454967348,0.1400576526104,0.1766810100949,0.6124802329678,0.4752228051816,0.7391016627180,0.3072137354176,0.1459814241700,0.4484313374045,0.6202019619618,0.2347999260408,-0.1648534206737,0.3958575416691,0.0800114325735,-0.3622839642657,-0.2238313424512,-0.0940748709653,0.5804090610280,0.4320709559821,0.2592191012994,0.4021582495920,0.1851538363378,0.0400104989700,0.2521337962997,0.4736765257977,-0.3610418821825,0.3012157602575,0.2728406597247,0.3881333076809,0.1361736450072,0.2150338019241,0.1818488007453,-0.3703066844134,0.3470273026186,0.6707264280879,-0.0465927167526,0.5442858088578,0.3359687918385,0.6426257281664,0.5177824613917,0.7587487884569,0.4809098117484,0.4570331999065,0.5200528828382,0.2350136810500,0.2756016186781,0.4990991162759,0.6035207836807,0.1557517013535,0.2111651021193,0.1328021085874,0.4491633940809
0.7320293810102,0.4890569838007,0.3117797052502,1.0000000000000,0.5471270806234,-0.3434554849091,0.4507304636702,-0.1301972039117,-0.2270014208739,0.5773204305834,0.2414297276676,0.1672016020684,0.5126838754247,-0.0394990705633,-0.1217517757210,-0.2233658640988,0.3141881238962,0.6888644673280,-0.2818118524066,0.6061461011834,0.5603426058191,0.5634645787165,0.6084904887722,0.5623483623064,0.7152976851159,0.5736008959317,0.2574081247986,0.0096839184820,0.3366230537553,0.2108287442214,0.6575150664434,-0.2448088834813,-0.5718332759875,-0.0489872645724,0.5065070030845,0.4414542367784,0.5296897008039,-0.3249677938717,0.7772021046672,0.4016740511638,-0.4670823937857,0.2477609103139,0.1379720291565,-0.4037649829176,0.4685321932291,0.1323608435006,-0.3432497252472,0.1489398530156,-0.4098737718455,-0.3036929478828,-0.2956629744639,0.3043867655873,0.2067937778072,-0.3211578704081,-0.1904491229843,0.4313225367936,0.2027025200589,0.6189067870606,0.2804080439843,0.5837450474507,0.1346804317520,-0.3101589437430,-0.4081398443940,-0.0571849793515,-0.0452028866815,0.4925334218109,-0.2404009398926,-0.3584497009306,-0.1681568526524,0.1627784180345
0.4856810790542,0.4071350468852,0.1336906027716,0.5471270806234,1.0000000000000,-0.2388719820974,0.2494827741815,0.2642574382904,-0.3108804076571,0.6234840886680,0.4352430014122,0.0117096741750,0.5776451638578,0.0144991575257,-0.2032222797376,-0.0734186039495,0.0204238806881,0.5638075205960,-0.1103364731317,0.3810173881911,0.6368917802255,0.4537247634998,0.6427314006533,0.4466829298784,0.6181056761181,0.1719858247494,0.0978823049314,-0.0139154417535,0.6111063696750,0.3030479197178,0.7338198797224,0.0271562413633,-0.3904352356762,0.2198657246430,0.3792592385698,0.3379375575874,0.2856558269683,-0.2721655066009,0.3083270281114,0.8776560781776,-0.2994622511144,0.1245943885515,0.1864049321197,-0.4075530120186,0.6207685893854,0.3458268672726,-0.2414975051791,0.5279598051288,-0.3721509755048,-0.2640513696481,-0.0398004472137,0.0544410816969,0.0989800988085,-0.3132854444640,-0.1533801010654,0.6111302032454,0.0961109747656,0.5591409933306,0.1767892006732,0.5466951433083,-0.1326910406587,-0.2122172667793,-0.2685010012716,0.3487436219650,0.1071252145045,0.2698155355753,-0.0961312440191,-0.3166424554457,0.1262571389820,0.1835575568530
-0.1670915944917,-0.3667610189054,-0.3015305215158,-0.3434554849091,-0.2388719820974,1.0000000000000,0.2204201790471,0.0617913347433,0.6561455290203,-0.0833940526520,0.2210267279094,0.1009912993943,-0.1815897575944,0.1551350866383,0.5887282800143,0.5403436199740,-0.1492483574543,-0.3604688253309,0.2129234924980,-0.2116964059351,-0.1022612527969,-0.3853863694834,-0.4972399828610,-0.4776802410121,-0.1159595334959,0.0592555119134,0.0081716296300,0.0833542926468,-0.1882580480444,0.1226635822246,-0.3122201281979,-0.2514667123938,0.6700211303057,0.2131029536914,0.0387690010483,-0.3205881903237,-0.4559444364598,0.1417166545365,-0.2617315579470,-0.2539918089288,0.4678474877718,0.1542209397003,-0.3250926663923,0.5122133796821,-0.2202678179689,-0.1596001244104,-0.1053225824209,-0.1704354413524,-0.0267003149502,-0.0276766810562,0.3827480487402,-0.1312010265045,-0.4419754888443,-0.0644857238900,-0.3243537423584,-0.2435694539234,-0.3746289067648,-0.5112889530892,-0.4010659670348,-0.1991027513364,-0.1674067991135,-0.0984723955715,0.1961955591286,-0.2992469958527,-0.3531944375551,-0.3800595328823,-0.1878703025289,0.1276780644352,-0.0640921944464,-0.2269946797625
0.5837742852175,0.0286064674130,-0.1833725905628,0.4507304636702,0.2494827741815,0.2204201790471,1.0000000000000,-0.3039061786414,0.3429407356627,0.2658986734655,0.5168356337467,0.3116623005936,0.4993948688057,0.0273942268014,0.3380573961821,0.3471188552949,0.1298951345243,0.3710559534990,0.0523793414542,0.4730024449429,0.4545148435409,0.0849527454328,0.0259973253846,-0.0010442279057,0.3041130015131,0.3498413555548,0.1586208478500,-0.1319327608646,0.0782184756050,0.3871931618345,0.1788812022299,-0.4708481297328,-0.1020867298789,0.1337969261158,0.4954338786936,-0.1276740421481,0.0603791706070,-0.2086210798413,0.3323689824120,0.1282953876933,-0.3638970113221,0.3459043256535,-0.4212947327094,-0.0107461965215,0.0580615731658,0.0752720371351,-0.5493789260441,0.0852449267671,-0.5033208171595,-0.4228257808954,0.0463915700707,0.1493812648363,-0.3668575160592,-0.2286490590185,-0.6320011624194,0.1204349696042,-0.2324140149154,0.0505902166371,-0.1932574234007,0.0765887900897,-0.3512444427512,-0.6203122630808,-0.3328665958901,-0.3975088386580,-0.5094282309419,0.0181749148516,-0.5046757001562,-0.5063270076773,-0.3453662505727,-0.3466575172119
-0.0485074906157,-0.0402432988017,0.2153045623852,-0.1301972039117,0.2642574382904,0.0617913347433,-0.3039061786414,1.0000000000000,-0.0466910304940,0.1865016798427,0.2822382349898,-0.0548104052702,-0.0963927473257,0.1047294207828,0.0585987987827,-0.0014294523105,0.1734637669864,-0.1364342510913,0.0346578321446,-0.1798046645001,0.1101829289557,0.2620784234649,0.0366890846086,0.2116965835666,0.2824708537425,0.1006939826987,0.1334115178545,0.2695755172899,0.5383887487418,-0.0119438701845,0.2803986091652,0.4869689911855,0.3014700591786,0.1574662380398,-0.0826856848964,0.1546557711211,-0.1924699248729,-0.0081093799904,0.0513807899835,0.2012615966446,0.2478066687488,-0.0261778178842,0.3614025542282,-0.1013246426242,0.2140685527036,0.1766503820638,0.2556006451790,0.0939734713206,0.3127591188336,0.1016595821816,0.0153576871333,0.1498105907130,0.0006587032215,-0.3689206178208,0.1731273074581,0.2556976776387,0.0324450962871,-0.0038246054388,-0.0211033923068,0.3968561319735,0.2092620181681,0.3208574718846,0.1844754745143,0.5285766507393,0.1523036425122,-0.2442706439486,0.5296941529976,0.3137557901498,0.0635767159759,0.1579555508395
-0.1067401610892,-0.3609847140118,-0.4144778034262,-0.2270014208739,-0.3108804076571,0.6561455290203,0.3429407356627,-0.0466910304940,1.0000000000000,-0.2239394738932,0.2944614688240,0.2923545032860,-0.2194325953248,0.1608990546815,0.7932259264106,0.6463341020515,-0.0002540018075,-0.3252993679345,0.3306540581527,-0.1483136864342,-0.0870881147447,-0.3860137253837,-0.5966425515582,-0.4980486164070,-0.1597345181125,0.0651289163831,-0.0098576481366,-0.0588684539083,-0.1998406969672,0.1442967726468,-0.3758772611048,-0.3022709545747,0.6541994079712,0.1501364871836,0.0599206070666,-0.4156671508222,-0.4842475402909,0.1014466494493,-0.1719441405616,-0.3514570021810,0.3161124490157,0.1477896501872,-0.5137800501058,0.6735328501513,-0.4038755823723,-0.1919644859365,-0.1983272647239,-0.2893181113223,-0.0335063628099,-0.1246884876350,0.3602638430037,-0.0115216715501,-0.5999673889765,-0.1086533970562,-0.5312545482308,-0.3067167057689,-0.4514623675910,-0.6079532539085,-0.4899177787262,-0.2905341252275,-0.3285377151969,-0.2816172925840,0.0635345800792,-0.4483426652529,-0.5209975380559,-0.4681191028632,-0.2633922433000,0.0285910122336,-0.2869961181929,-0.4220461524737
0.5227681446922,0.1909335580128,0.2007100472921,0.5773204305834,0.6234840886680,-0.0833940526520,0.2658986734655,0.1865016798427,-0.2239394738932,1.0000000000000,0.3346793074491,-0.1296876131580,0.5800615236657,-0.0302443551903,-0.0575368105232,-0.0536310883338,0.0372399586790,0.5006417152025,-0.3177665673536,0.4159346449556,0.6776903077576,0.3417447037197,0.4685924196608,0.3213416139356,0.7657651716761,0.5037840903696,0.0782044497627,0.0056275105212,0.3786346724826,0.2447499245039,0.5433803244610,-0.1478196594012,-0.3093690650168,0.1172273192781,0.3897305191253,0.3061188686299,0.2338809312912,-0.2000580439722,0.4810390120329,0.5663318380162,-0.2364502674560,0.1174550414469,0.2888048659358,-0.4111137475321,0.7738469159233,0.2398006344619,-0.3812217804895,0.4289400606142,-0.3168755895873,-0.2551989959050,-0.1494193997588,0.0944449200526,0.0391243356496,-0.4718663826431,-0.1554694954790,0.5968515356107,0.0288223735462,0.4682304753926,0.0503862595244,0.6790767778333,0.1803392459595,-0.2451851350809,-0.2860394793984,0.1165344824881,-0.0633275443592,0.2183905350968,-0.1184665392015,-0.1831808121608,0.1282179385286,0.1506463538561
0.5275813842604,-0.0800357567301,-0.1425313704805,0.2414297276676,0.4352430014122,0.2210267279094,0.5168356337467,0.2822382349898,0.2944614688240,0.3346793074491,1.0000000000000,0.1476125480384,0.3940482562411,0.0998167494004,0.3676480060541,0.2934505067829,0.2051470129104,0.2009115956913,0.0340880398754,0.2927563248175,0.6314298575012,0.2280679075412,-0.0067725033518,0.0942105708497,0.3856456644280,0.3275947158041,0.0806530347643,-0.0089309091677,0.4459233786507,0.4735644458359,0.2391776529169,-0.2068674133969,0.1001924158841,0.2542821214758,0.3721934290286,0.0295075364481,-0.2119314792545,-0.1338075234220,0.2151000477022,0.2932804388359,-0.0849558880406,0.2059184081598,-0.1505326610924,-0.0293608356928,0.1065215352487,0.4520251658645,-0.2971683087710,0.2456627830933,-0.2802262111058,-0.2521909631498,0.0817865073815,0.2420026649169,-0.3106254385673,-0.4855801075496,-0.4024157837932,0.4064764992888,-0.1365758426355,-0.0008429597298,-0.1479770593908,0.2540065281035,-0.2675764235293,-0.3536915253913,-0.1708607520788,0.0631602142240,-0.2942241639531,-0.1337104958858,-0.0844854471081,-0.1685885710058,-0.1931732789917,-0.1493259522879
0.1701738612138,0.0488897436260,-0.0417732974783,0.1672016020684,0.0117096741750,0.1009912993943,0.3116623005936,-0.0548104052702,0.2923545032860,-0.1296876131580,0.1476125480384,1.0000000000000,-0.0703916052281,0.5743629824964,0.3303171464252,0.1518830104866,0.1359288215296,0.0166026721632,0.5869425726199,0.2394398936301,0.0092791220704,-0.0581036468655,-0.1310076661599,-0.0796602465699,0.0470242150609,0.2534069990365,0.4805825598636,0.2399401128010,0.0496626603872,0.2157779482842,0.0000031039993,0.0048720192487,0.0772538411277,-0.0818361298265,0.2084079307605,-0.1400206938854,-0.1112451098487,0.0397541226953,0.1812880145000,-0.0573738742795,-0.2009386188220,0.0071761397384,-0.2763996576194,0.2027446974400,-0.2617328530689,-0.0306845196063,0.2115586014691,-0.2740788066808,0.1422150429874,-0.1368092706491,0.0226343059542,0.0801679395495,-0.2977628252430,0.2590937186410,-0.3350232061169,-0.1690528023780,-0.1360924019146,-0.1438343726705,-0.1269539925057,-0.0812186495923,-0.0594570052030,-0.1665147886065,0.1247963079539,-0.1521201795721,-0.2745185457537,-0.0858371962562,-0.1255565238363,-0.2236144109320,-0.4260432330004,-0.3277985120473
0.7027232425137,0.2013430977820,0.1696668003345,0.5126838754247,0.5776451638578,-0.1815897575944,0.4993948688057,-0.0963927473257,-0.2194325953248,0.5800615236657,0.3940482562411,-0.0703916052281,1.0000000000000,-0.0904836927038,-0.0632131695605,-0.0437357160118,0.0792271292267,0.6354649893417,-0.1850520437202,0.5604114134059,0.7309506942472,0.4184495944090,0.4898348517706,0.4028755936632,0.4607344284873,0.2453829124575,0.0798366793093,-0.1191647106992,0.2821518163769,0.4036018410670,0.5180875114110,-0.1418630577795,-0.4461374721160,0.2522151771018,0.4986142310600,0.2289616157526,0.2932080942605,-0.3484630741852,0.3453123298834,0.4770262421714,-0.3791452636879,0.4000470765403,0.0104476745396,-0.4385479714667,0.5392832313928,0.3410869255973,-0.3906025364894,0.7600470992934,-0.4303166356669,-0.2476926097183,-0.0762588806831,0.1210780604909,0.0937252262373,-0.3091588503824,-0.1811055134573,0.5911630205332,0.0385588165569,0.4841479638452,0.1362649660760,0.3625525918492,-0.1580788790077,-0.3443272406221,-0.4403097672915,0.0040828386336,0.0487751220449,0.3089532315781,-0.2375443573376,-0.3451222795432,0.0466847217819,0.1311453640142
-0.0483193916109,-0.0291163536851,0.0658134549256,-0.0394990705633,0.0144991575257,0.1551350866383,0.0273942268014,0.1047294207828,0.1608990546815,-0.0302443551903,0.0998167494004,0.5743629824964,-0.0904836927038,1.0000000000000,0.2380751710469,0.0919472952870,-0.0264694593934,-0.2154335484664,0.6956681312475,-0.0167471811046,-0.1151807022243,-0.2077640122913,-0.1016117374352,-0.1991794530518,-0.0806271489639,0.1175253934140,0.2762124711972,0.3937862672524,-0.1129013504734,0.1105873672133,-0.1034787055649,0.1598606371339,0.0363857654975,0.0062576664980,-0.1319188070177,-0.2521385407058,-0.2069821734972,0.2546574791635,-0.0195365565470,0.0279392468208,-0.0837758823998,-0.1523864241399,-0.1802109348337,0.0896324177663,-0.0411338172658,-0.1284946812734,0.3839259549260,-0.2145475820503,0.4178257891695,0.0018652066991,0.0887731174868,-0.0607298175530,-0.2470533116239,0.4216962222658,-0.1950897223356,-0.2096828417936,-0.1702755200048,-0.1566648552957,-0.1104752634277,-0.0113779690520,0.0416217922173,0.0437802068033,0.3168506875333,-0.1111427607520,-0.1780396838072,-0.1954010113946,-0.2540270079174,-0.1553766746871,-0.2357004931216,-0.2718682757459
0.0770891424058,-0.2771647448441,-0.2949416465607,-0.1217517757210,-0.2032222797376,0.5887282800143,0.3380573961821,0.0585987987827,0.7932259264106,-0.0575368105232,0.3676480060541,0.3303171464252,-0.0632131695605,0.2380751710469,1.0000000000000,0.6475013718030,-0.0505138555054,-0.1363766043603,0.4088549497346,0.0858698423258,0.0179685190582,-0.2839437035862,-0.4286576536973,-0.3905041929077,-0.0497197677072,0.2111541943721,0.0577256863875,0.0098488347501,-0.1087320970040,0.4264028085916,-0.1741788531951,-0.2273330525083,0.5936542671309,0.3028875979151,0.1669567538267,-0.3012413820829,-0.4138127122389,-0.0243928092009,-0.1369909848121,-0.2895808675263,0.2412931077886,0.1039590094580,-0.4310590233921,0.4507660894858,-0.2459881688633,-0.1764354655129,-0.2568104862386,-0.1902818810913,-0.0671884834392,-0.0044295457315,0.3252372454131,-0.0560908182920,-0.5198281963406,-0.1794433104188,-0.4961690254375,-0.2634177548475,-0.4324282435266,-0.4676190813736,-0.4531461129318,-0.2054974985045,-0.1945776372035,-0.3501282748946,-0.0017997641754,-0.3745997492132,-0.4350048792925,-0.3895812335712,-0.1619834233113,0.0165612063707,-0.1932611503857,-0.3437865021037
-0.1405293027296,-0.3076366883653,-0.5361558643090,-0.2233658640988,-0.0734186039495,0.5403436199740,0.3471188552949,-0.0014294523105,0.6463341020515,-0.0536310883338,0.2934505067829,0.1518830104866,-0.0437357160118,0.0919472952870,0.6475013718030,1.0000000000000,-0.3088372364316,-0.2033849654623,0.2986510177061,-0.1507070519119,-0.0266426578830,-0.4568689435746,-0.4332677224699,-0.5565448439683,-0.1526493684476,-0.0622434266604,-0.2319674110806,-0.3012962273553,-0.1256448406840,0.4605211881347,-0.2515110154952,-0.1250053443868,0.5026506756279,0.4748841585749,0.1416033908838,-0.4486998053761,-0.4818786383213,-0.0762795941217,-0.3724969271969,-0.1312143911553,0.2401078926605,0.0873786330543,-0.5056120102236,0.5461542421609,-0.1508938928716,-0.1446627801928,-0.2831178602013,0.0293704591556,-0.1263983608946,-0.0240132750184,0.7430130638859,-0.2899414716283,-0.5646540722195,-0.0123385298514,-0.5414442586000,-0.2836526044607,-0.5839786498944,-0.5057232124498,-0.5581595490207,-0.3356475268602,-0.3475170618816,-0.4093030484062,-0.1291615636697,-0.3371151107703,-0.3644377831334,-0.5229418282578,-0.2238497461386,-0.0802780644971,0.0044662181760,-0.2730269831982
0.3388877211687,0.1634078523883,0.3875065679656,0.3141881238962,0.0204238806881,-0.1492483574543,0.1298951345243,0.1734637669864,-0.0002540018075,0.0372399586790,0.2051470129104,0.1359288215296,0.0792271292267,-0.0264694593934,-0.0505138555054,-0.3088372364316,1.0000000000000,0.1794841158614,-0.1186437740004,0.1939539558125,0.2552681464238,0.6548883356542,0.1401365924467,0.5261925705343,0.3867943513975,0.3408696040981,0.1801488090244,0.2361391612665,0.4304553114932,-0.1534677445746,0.1971827099894,-0.1264030240040,-0.0920861078839,-0.2761074870408,0.1339388870689,0.3034864764507,0.1940916171932,0.1101309288222,0.4855325027537,-0.0159392635511,-0.1919480609342,0.1422999862903,0.1501862385113,-0.1954347197214,-0.0642234726303,0.1676437340702,0.0217477664774,-0.1212756265853,-0.0191189706258,-0.2090745468520,-0.3858760248355,0.9455636377407,0.1275734375921,-0.2816567731469,0.0142058946913,0.2581180573032,0.5231266353098,0.2046887477571,0.4362902052201,0.3880514170935,0.1502817610351,0.0448311394354,0.0141911900679,0.2306279635056,-0.0585773008813,0.2694202055548,0.0648243780978,-0.0265924979609,-0.2627974590207,0.0722852109564
0.6728365652731,0.5911110156834,0.2239376070011,0.6888644673280,0.5638075205960,-0.3604688253309,0.3710559534990,-0.1364342510913,-0.3252993679345,0.5006417152025,0.2009115956913,0.0166026721632,0.6354649893417,-0.2154335484664,-0.1363766043603,-0.2033849654623,0.1794841158614,1.0000000000000,-0.2245881833407,0.7703160434349,0.5818112575679,0.5445794648528,0.6510764906155,0.5909019362744,0.4806884842344,0.3194623193610,0.2712612695278,-0.0278319565760,0.3584114749206,0.3886259543324,0.6936971205725,-0.1108112646354,-0.5279540379982,0.1931218636140,0.6148476283807,0.3136446995449,0.6165197004530,-0.3398115820461,0.4239558591179,0.4372903905293,-0.5180163380623,0.0792059486808,-0.0338964748178,-0.5744895578891,0.4232657743770,0.0839773383716,-0.4805221847529,0.3544353464188,-0.5779660431063,-0.4128560389351,-0.2682847373622,0.1898209802962,0.2318787882575,-0.3513577460161,-0.1506504265395,0.3887056082353,0.1630449119471,0.6007030474980,0.2699052412710,0.2949969844260,0.0052925076671,-0.3993503485128,-0.3686165936123,0.0382918666633,0.0390665311047,0.3943168148587,-0.1447689587816,-0.4414797289726,0.0478584001510,0.1804400005920
-0.2645007980980,-0.0414272000382,-0.0015454967348,-0.2818118524066,-0.1103364731317,0.2129234924980,0.0523793414542,0.0346578321446,0.3306540581527,-0.3177665673536,0.0340880398754,0.5869425726199,-0.1850520437202,0.6956681312475,0.4088549497346,0.2986510177061,-0.1186437740004,-0.2245881833407,1.0000000000000,-0.0892584783711,-0.2464183604562,-0.2749972290648,-0.2209669804112,-0.2633377413826,-0.3673228379368,-0.2235963866380,0.2031156571363,0.3129002284202,-0.1739220611031,0.1977462851729,-0.1886196625406,0.1405635839171,0.1828360670201,0.1718256005375,-0.1807059305204,-0.3250179599115,-0.2278267826493,0.3136518411065,-0.3070988458072,-0.0587897044416,0.0340978009569,-0.1219255738077,-0.4206707008382,0.2554276377927,-0.2194596152830,-0.1158876149611,0.3329961695947,-0.1758002974683,0.2867810409911,0.0712578754133,0.2560219025871,-0.1652903152365,-0.2414893329205,0.4897592986395,-0.2058360333378,-0.3506659008847,-0.1875199914095,-0.3164007733258,-0.0982701446551,-0.3222597729821,-0.1834372800684,-0.0110604804547,0.3780292608963,-0.1426813978780,-0.1033204450518,-0.2887811844997,-0.2480927436842,-0.1611024006958,-0.1133355434575,-0.3022673574176
0.7396426017575,0.3491604470478,0.1400576526104,0.6061461011834,0.3810173881911,-0.2116964059351,0.4730024449429,-0.1798046645001,-0.1483136864342,0.4159346449556,0.2927563248175,0.2394398936301,0.5604114134059,-0.0167471811046,0.0858698423258,-0.1507070519119,0.1939539558125,0.7703160434349,-0.0892584783711,1.0000000000000,0.5037982972406,0.3886355806644,0.3757756695738,0.4026390578340,0.4604449017789,0.4828835759364,0.4133280382457,0.0410479998517,0.3275504464344,0.4338171723255,0.4853927312306,-0.1321773037136,-0.3596814373683,0.1234515000248,0.6491053789967,0.0977828154067,0.3710902423595,-0.2475739714104,0.4273894531824,0.2621759925647,-0.5770144724767,0.0009478285869,-0.1023171720503,-0.5023491266995,0.2405536660428,-0.0032593898284,-0.4681141962421,0.1723997303721,-0.4873546013477,-0.3642635259758,-0.3089209424441,0.1931431817784,0.0032998555370,-0.2495789398564,-0.2232330835224,0.2642353309736,0.0318682153355,0.3673038875724,0.0993916409099,0.2170042913271,-0.0308797654307,-0.4496768431698,-0.2924142126088,-0.1200928227393,-0.1795721107973,0.2790378000848,-0.1538800692475,-0.4760876133838,-0.1860899376225,-0.0298415824645
0.6918010420775,0.1687175309271,0.1766810100949,0.5603426058191,0.6368917802255,-0.1022612527969,0.4545148435409,0.1101829289557,-0.0870881147447,0.6776903077576,0.6314298575012,0.0092791220704,0.7309506942472,-0.1151807022243,0.0179685190582,-0.0266426578830,0.2552681464238,0.5818112575679,-0.2464183604562,0.5037982972406,1.0000000000000,0.4605274163410,0.3199916387736,0.4228161037388,0.6279236341881,0.4339609665479,0.1650074515690,-0.0077841060828,0.4794281935751,0.3191562963618,0.4646649518439,-0.2686239214722,-0.2784362036488,0.1585649329561,0.4832822341860,0.3699852730409,0.1533060394749,-0.1820872807847,0.5024831285574,0.5466699490042,-0.2848846524611,0.3379180617202,0.0690081076758,-0.3195102059471,0.4674017857433,0.5224535852467,-0.3416427511851,0.5708340884851,-0.4221926081230,-0.2789857617111,-0.1185890206157,0.2992539164811,0.0292346274470,-0.5076302557154,-0.2015041521502,0.8083310974339,0.0909281471453,0.3310459667863,0.1430700130133,0.4918200971559,-0.0519737086605,-0.2964207614642,-0.3199095917882,0.1211440641044,-0.0629150921549,0.2030303086013,-0.1411097018533,-0.2421830507028,-0.0188608003265,0.1335150612163
0.5303317840561,0.4298534189622,0.6124802329678,0.5634645787165,0.4537247634998,-0.3853863694834,0.0849527454328,0.2620784234649,-0.3860137253837,0.3417447037197,0.2280679075412,-0.0581036468655,0.4184495944090,-0.2077640122913,-0.2839437035862,-0.4568689435746,0.6548883356542,0.5445794648528,-0.2749972290648,0.3886355806644,0.4605274163410,1.0000000000000,0.6511518196858,0.9395618091160,0.5871112030685,0.3005348112114,0.2664316065130,0.1990944812302,0.6309531601330,0.0806701706161,0.7304876690142,0.0402336233970,-0.3941445952819,-0.0429451476727,0.3431446333843,0.6415616474983,0.4682945399722,-0.1960535184907,0.5650433384347,0.3585897254243,-0.1743151400634,0.3067460144977,0.4053238933366,-0.4969765744534,0.3571392848985,0.3644893975181,-0.0004017712259,0.2809379051900,-0.1625108078642,-0.1100264599620,-0.4038054994952,0.6435435083226,0.5171897513610,-0.3932912847481,0.2585697756074,0.5564562939146,0.6676826625548,0.6895208465480,0.6780160090454,0.6184124034628,0.2350579706795,0.1463180879113,-0.2074162281808,0.4501009784242,0.3573537723758,0.6170807668376,0.2040319609324,0.0310140602638,0.0824120548570,0.4757509870169
0.4105796434481,0.6251705830796,0.4752228051816,0.6084904887722,0.6427314006533,-0.4972399828610,0.0259973253846,0.0366890846086,-0.5966425515582,0.4685924196608,-0.0067725033518,-0.1310076661599,0.4898348517706,-0.1016117374352,-0.4286576536973,-0.4332677224699,0.1401365924467,0.6510764906155,-0.2209669804112,0.3757756695738,0.3199916387736,0.6511518196858,1.0000000000000,0.7234655585373,0.4713209180884,0.1017577266861,0.1172134127566,0.0700965097001,0.3951448077615,0.1700237505258,0.8401424191097,0.1075774153568,-0.6548859762091,0.0220344695016,0.2671756569816,0.4750613110061,0.6761241406096,-0.2902873013390,0.3468634544502,0.5638863838703,-0.3171912371543,0.0595359761039,0.3702037029194,-0.6187035716102,0.5867099012248,0.1490876325937,-0.1327868548818,0.3578424807485,-0.2905992132407,-0.1873307433110,-0.3217688346442,0.1416515245320,0.4743626101062,-0.2052680174878,0.1374331151489,0.3724007030877,0.4381104240842,0.9515537678207,0.5293358324712,0.5025557673263,0.1127264059955,-0.0289078016221,-0.2745292633909,0.3661872202334,0.3699547386546,0.6568441109821,-0.0169220732695,-0.1814678286256,0.2007371340783,0.3816172026343
0.4583624212146,0.4991104824224,0.7391016627180,0.5623483623064,0.4466829298784,-0.4776802410121,-0.0010442279057,0.2116965835666,-0.4980486164070,0.3213416139356,0.0942105708497,-0.0796602465699,0.4028755936632,-0.1991794530518,-0.3905041929077,-0.5565448439683,0.5261925705343,0.5909019362744,-0.2633377413826,0.4026390578340,0.4228161037388,0.9395618091160,0.7234655585373,1.0000000000000,0.5096147228131,0.2231029796981,0.3743806059112,0.2932838639573,0.5441820102230,0.0581416044371,0.7263382683820,0.0787399450558,-0.4716877425290,-0.0826702655454,0.2875367035276,0.6720100593611,0.5708565735700,-0.1089983320985,0.5428082253214,0.3870902909473,-0.1758139275890,0.2715192065188,0.4597575700430,-0.5505549578757,0.3792029417935,0.3612309727129,0.0937509410905,0.2968012559608,-0.0984659867388,-0.0562948071162,-0.4414058163494,0.5146360936626,0.6351196233257,-0.3130908152676,0.3859725058410,0.5466235835384,0.7181282800315,0.7553231203723,0.7720399913076,0.5775158008879,0.2775796274083,0.2535089374034,-0.1037131648978,0.4621497709493,0.4671357147325,0.6918136837024,0.2281786281435,0.0637838653062,0.1202269490896,0.5128791342209
0.6624790130964,0.3039204024904,0.3072137354176,0.7152976851159,0.6181056761181,-0.1159595334959,0.3041130015131,0.2824708537425,-0.1597345181125,0.7657651716761,0.3856456644280,0.0470242150609,0.4607344284873,-0.0806271489639,-0.0497197677072,-0.1526493684476,0.3867943513975,0.4806884842344,-0.3673228379368,0.4604449017789,0.6279236341881,0.5871112030685,0.4713209180884,0.5096147228131,1.0000000000000,0.5812147970892,0.2256393725165,0.0809384360288,0.6413100801970,0.1087955417877,0.6552312677696,-0.1842321517554,-0.2918038960113,-0.0370769373235,0.4813911075983,0.4384007451520,0.2911372685568,-0.2934336365783,0.6876106682898,0.5049716485638,-0.2433766983448,0.2375779397855,0.3661219808287,-0.3769662061864,0.5619662028777,0.2304382550465,-0.3146540632388,0.2182038394245,-0.3314135081914,-0.3003296349490,-0.2336473029202,0.4070188362615,0.0695231136309,-0.5438428469253,-0.1433596069547,0.5892499117317,0.1378565631893,0.5075682068616,0.1473756994256,0.8482476795929,0.1504516770488,-0.1687742966757,-0.3466675970677,0.2039744508045,-0.0618620728541,0.3495651145672,-0.0444061662785,-0.1809634549010,-0.1462706730871,0.1740812984799
0.5659398352154,0.0534485898618,0.1459814241700,0.5736008959317,0.1719858247494,0.0592555119134,0.3498413555548,0.1006939826987,0.0651289163831,0.5037840903696,0.3275947158041,0.2534069990365,0.2453829124575,0.1175253934140,0.2111541943721,-0.0622434266604,0.3408696040981,0.3194623193610,-0.2235963866380,0.4828835759364,0.4339609665479,0.3005348112114,0.1017577266861,0.2231029796981,0.5812147970892,1.0000000000000,0.3784291369227,0.1689867833742,0.2200683808417,0.1682325711378,0.3041202981195,-0.1483743918082,-0.1135130802883,-0.0151140471459,0.4671675517634,0.2369449045281,0.0612264461708,-0.2155191792029,0.7149692385891,0.0130555551851,-0.2500592420491,0.1647372916785,0.0664145566394,-0.1984174393448,0.2160842711044,0.0415977022308,-0.2478721700387,-0.0695075205374,-0.1400998423092,-0.2396787391632,-0.3184699398157,0.3428753846311,-0.0324996730423,-0.4099498471723,-0.1886399892799,0.2865546750498,0.0352581703980,0.1450744190126,0.0049795545596,0.4486799029412,0.4841570576549,-0.1661723724354,-0.2073941803425,-0.1369825512698,-0.2665473412499,0.1649896032756,-0.0549726324982,-0.1537483507511,-0.1468967683228,0.0961015433612
0.2508100069822,0.2550602107914,0.4484313374045,0.2574081247986,0.0978823049314,0.0081716296300,0.1586208478500,0.1334115178545,-0.0098576481366,0.0782044497627,0.0806530347643,0.4805825598636,0.0798366793093,0.2762124711972,0.0577256863875,-0.2319674110806,0.1801488090244,0.2712612695278,0.2031156571363,0.4133280382457,0.1650074515690,0.2664316065130,0.1172134127566,0.3743806059112,0.2256393725165,0.3784291369227,1.0000000000000,0.6559884849864,0.2076726812385,0.1320586093726,0.3168127297868,0.0284873987276,-0.0665935140036,-0.0371960821279,0.2404988282295,0.1159842675584,0.2271412773931,0.1480149770565,0.3487833839936,0.0234814972861,-0.1636381339943,0.0468178421319,0.0453175513718,-0.1691393658847,-0.0839134222730,-0.0183334334998,0.1589500309342,-0.1390301719796,0.0404128425696,-0.1636094523506,-0.2519673282123,0.1653125632768,0.1485587084641,-0.0336835772328,0.0654862300050,0.0777931929188,0.1938789942139,0.1619492212563,0.2569557785473,0.1400729018613,0.2310676653243,0.2032901165582,0.3220174910163,-0.0142369716175,-0.0133674875661,0.2876506131671,0.0331715608540,-0.1051021782905,-0.2377280715009,-0.0522452178354
0.0009350829604,0.2102601003413,0.6202019619618,0.0096839184820,-0.0139154417535,0.0833542926468,-0.1319327608646,0.2695755172899,-0.0588684539083,0.0056275105212,-0.0089309091677,0.2399401128010,-0.1191647106992,0.3937862672524,0.0098488347501,-0.3012962273553,0.2361391612665,-0.0278319565760,0.3129002284202,0.0410479998517,-0.0077841060828,0.1990944812302,0.0700965097001,0.2932838639573,0.0809384360288,0.1689867833742,0.6559884849864,1.0000000000000,0.1276653202504,-0.1462836656699,0.1009731939807,0.0489384858701,0.0237496458595,-0.1489326716310,-0.1395945946733,0.1602722623014,0.2159712434064,0.4982418406428,0.1492465473877,0.0236213583048,0.1130770833480,0.0144737134147,0.1255268726189,-0.1239179781421,-0.0615596977707,0.0064644481474,0.3873774168668,-0.2104461443078,0.2470076068314,0.0285830657671,-0.2524934739686,0.2335183885519,0.2772966046943,0.0409936029209,0.2270580755275,0.0096359319464,0.3794123907253,0.1075423805590,0.4318752522014,0.1561612957155,0.3111616826248,0.4189506026715,0.7228370727880,0.0861255339507,0.1058341740377,0.2251198818392,0.0508093543133,0.1035027530485,-0.1019742093087,0.0336103398618
0.4094277705758,0.2539092843046,0.2347999260408,0.3366230537553,0.6111063696750,-0.1882580480444,0.0782184756050,0.5383887487418,-0.1998406969672,0.3786346724826,0.4459233786507,0.0496626603872,0.2821518163769,-0.1129013504734,-0.1087320970040,-0.1256448406840,0.4304553114932,0.3584114749206,-0.1739220611031,0.3275504464344,0.4794281935751,0.6309531601330,0.3951448077615,0.5441820102230,0.6413100801970,0.2200683808417,0.2076726812385,0.1276653202504,1.0000000000000,0.1856966990004,0.5924179791213,0.1549014187738,-0.0805775771624,0.0857872429192,0.3282470081828,0.3099059997335,0.1606432958992,-0.1730578377837,0.3024950600518,0.5342217465816,-0.1862200978536,0.0771563815110,0.3116251356915,-0.3620813700689,0.2582622727815,0.3370594792935,-0.1046644139503,0.2749052852942,-0.2019313064549,-0.2159211356136,-0.1377955010355,0.4481768093073,0.0997687713161,-0.4518592862575,0.0016955981521,0.5033662809195,0.2530040224239,0.4063012428158,0.2464383151449,0.5022657919039,-0.0207141732382,-0.0365115845227,-0.1283437901799,0.6307607739815,0.0798534675364,0.1998935745482,0.2761669227493,-0.0795843878686,-0.0269237128374,0.1861832981568
0.3479972958125,0.0809098178051,-0.1648534206737,0.2108287442214,0.3030479197178,0.1226635822246,0.3871931618345,-0.0119438701845,0.1442967726468,0.2447499245039,0.4735644458359,0.2157779482842,0.4036018410670,0.1105873672133,0.4264028085916,0.4605211881347,-0.1534677445746,0.3886259543324,0.1977462851729,0.4338171723255,0.3191562963618,0.0806701706161,0.1700237505258,0.0581416044371,0.1087955417877,0.1682325711378,0.1320586093726,-0.1462836656699,0.1856966990004,1.0000000000000,0.3139924797034,0.0247354470487,0.0254834191770,0.6137997072913,0.5347265542337,-0.0884552806627,-0.0419805525343,-0.1961436635029,-0.0641531135791,0.1698143242279,-0.1235503121920,0.0225054033106,-0.2426657536354,-0.0686571889181,0.1083820270534,0.1012874286132,-0.3230612020077,0.2842175804142,-0.3103611280321,-0.1271703128696,0.2785748906348,-0.1105654225104,-0.2138885882465,-0.1569753455231,-0.3449030978943,0.0531980642569,-0.1845426382141,0.0981866094001,-0.1234503323798,-0.0697906270370,-0.1847121982599,-0.4204208486485,-0.2229644095251,-0.0583549429876,-0.0286607917666,0.0004939083609,-0.1023170854371,-0.1603550758587,0.1574234971898,-0.0033290942354
0.5620003272080,0.5452808726122,0.3958575416691,0.6575150664434,0.7338198797224,-0.3122201281979,0.1788812022299,0.2803986091652,-0.3758772611048,0.5433803244610,0.2391776529169,0.0000031039993,0.5180875114110,-0.1034787055649,-0.1741788531951,-0.2515110154952,0.1971827099894,0.6936971205725,-0.1886196625406,0.4853927312306,0.4646649518439,0.7304876690142,0.8401424191097,0.7263382683820,0.6552312677696,0.3041202981195,0.3168127297868,0.1009731939807,0.5924179791213,0.3139924797034,1.0000000000000,0.0964253966568,-0.4587616309690,0.1749360191009,0.4617835074526,0.4719929966146,0.5094035205544,-0.3982644629861,0.4532459242162,0.5540996850904,-0.2635139622744,0.1446759019887,0.2800460369480,-0.5149084802858,0.5645355597436,0.1547463389587,-0.2343984700626,0.3392412025654,-0.3870073585026,-0.2702762204756,-0.2500244468531,0.2049615951441,0.3196358567839,-0.4059002631311,-0.0122106362458,0.4619549414499,0.2821741597193,0.7924589692717,0.3670682317153,0.5879493279841,0.0870826059714,-0.1051625865025,-0.3256628293972,0.3295116207230,0.2255256537321,0.5340959697067,0.0163322800628,-0.2008126106164,0.1190743742085,0.3232340647173
-0.3064345705232,0.0130908299920,0.0800114325735,-0.2448088834813,0.0271562413633,-0.2514667123938,-0.4708481297328,0.4869689911855,-0.3022709545747,-0.1478196594012,-0.2068674133969,0.0048720192487,-0.1418630577795,0.1598606371339,-0.2273330525083,-0.1250053443868,-0.1264030240040,-0.1108112646354,0.1405635839171,-0.1321773037136,-0.2686239214722,0.0402336233970,0.1075774153568,0.0787399450558,-0.1842321517554,-0.1483743918082,0.0284873987276,0.0489384858701,0.1549014187738,0.0247354470487,0.0964253966568,1.0000000000000,-0.0163045015648,0.2093213481861,-0.1174173304913,-0.0176553347441,-0.0651969456173,-0.1109747398084,-0.2083329870608,0.0136704017579,0.0059972632106,-0.1920943737822,0.1498786726152,-0.1394144612451,0.0582757096312,0.0080447003267,0.3546072208635,0.1133167164411,0.4467161196411,0.2672040739865,0.0476181918757,-0.1878475608806,0.1225113466551,0.1628369565832,0.3042285326367,-0.0960693095196,0.0138608507017,0.0355218625938,0.0208526454571,-0.0590826108273,0.2468694879993,0.2915581488831,0.0762626044991,0.3414478344172,0.3834834011354,-0.1562043846407,0.5272596910509,0.1507718108940,0.2708025448689,0.2385014511181
-0.3563424610957,-0.4682543956532,-0.3622839642657,-0.5718332759875,-0.3904352356762,0.6700211303057,-0.1020867298789,0.3014700591786,0.6541994079712,-0.3093690650168,0.1001924158841,0.0772538411277,-0.4461374721160,0.0363857654975,0.5936542671309,0.5026506756279,-0.0920861078839,-0.5279540379982,0.1828360670201,-0.3596814373683,-0.2784362036488,-0.3941445952819,-0.6548859762091,-0.4716877425290,-0.2918038960113,-0.1135130802883,-0.0665935140036,0.0237496458595,-0.0805775771624,0.0254834191770,-0.4587616309690,-0.0163045015648,1.0000000000000,0.1225904105390,-0.1438090298218,-0.3610412547374,-0.5777456201239,0.1795768965611,-0.4306912429973,-0.3532239637144,0.5053503946320,-0.0348318121105,-0.2148219441052,0.5536522378035,-0.4273660878525,-0.1447666323907,0.0550973366517,-0.2898416686672,0.2076811364802,0.1304584885432,0.3299109673796,-0.0916237172232,-0.4523918206153,-0.1036910175461,-0.1790949826735,-0.3247998852999,-0.3076681432948,-0.6666342032162,-0.4333116891341,-0.3362988616845,-0.1530766229915,0.0212909539689,0.2782290806037,-0.0659380380427,-0.2605373143078,-0.5597301379061,0.2074573680654,0.3693294528298,-0.0829068425573,-0.2664626773176
0.0185866453548,0.0890373323386,-0.2238313424512,-0.0489872645724,0.2198657246430,0.2131029536914,0.1337969261158,0.1574662380398,0.1501364871836,0.1172273192781,0.2542821214758,-0.0818361298265,0.2522151771018,0.0062576664980,0.3028875979151,0.4748841585749,-0.2761074870408,0.1931218636140,0.1718256005375,0.1234515000248,0.1585649329561,-0.0429451476727,0.0220344695016,-0.0826702655454,-0.0370769373235,-0.0151140471459,-0.0371960821279,-0.1489326716310,0.0857872429192,0.6137997072913,0.1749360191009,0.2093213481861,0.1225904105390,1.0000000000000,0.5007229923519,-0.1105232925645,-0.0787313699057,-0.1885325843940,-0.2149293754241,0.1110168920006,0.0504846006247,0.0609087826724,-0.2652052659163,0.0851710982707,0.1824049060131,-0.0021637855491,-0.2383564477077,0.3663635020863,-0.2541355664923,0.0258224126488,0.5034139924824,-0.2290242342860,-0.1911715507959,-0.0978525706529,-0.2757164949472,0.0145484474500,-0.2796877339182,-0.1017136135724,-0.1752785486004,-0.1209241314783,-0.1528311563384,-0.2375341759275,-0.1559670990268,-0.0680931929342,0.0875239052894,-0.1999861314873,-0.0713520178388,-0.1760939161244,0.3865500643376,0.2062618876118
