1.0000000000000,0.0531370483842,0.0059372738209,0.2650467453502,0.1956989657380,-0.0367438585236,0.2690633710215,0.1909253132581,-0.1139909330978,0.3477440976407,0.1808398895692,0.0670934028711,0.4440589398860,-0.0523796848289,0.3163984903770,0.1088901818043,-0.0823066140845,0.2227678806217,-0.0666895438716,0.2124562430658,0.2885297885505,0.0968402245922,0.1660404345320,0.0837900326803,0.2693931913897,0.1353570766622,0.0422327266406,-0.0039767354925,0.0447522097762,0.2670077710755,0.2480607590863,0.0382257558892,-0.0300367955423,0.0928726302202,0.2116811476411,0.2424540113291,0.0043945686540,-0.0671037093946,0.2224760986901,0.0802388339520,-0.0546709983662,0.1160557851792,0.0055558345177,-0.1502072159517,0.3300958253426,0.0692585388781,-0.1164918030527,0.2530334821070,-0.1728147352391,0.0572953304269,0.0233093689476,-0.0870619438633,-0.1501924330969,-0.1292313408064,-0.0656941478333,0.2541573089399,-0.1444483182068,0.1301443822695,-0.1273864079815,0.1820605174251,-0.0568773906918,-0.2035213392241,-0.0983036838415,-0.0845575601864,0.0637265928074,-0.1147244387024,-0.0716718661177,-0.0442335238193,-0.1221540986163,-0.1020184601508
0.0531370483842,1.0000000000000,0.7767670342270,0.4148980734294,-0.0223788887596,-0.3522826537353,0.0717228720849,-0.3725592336005,-0.2277522550366,0.1366262728331,-0.0224884834545,-0.2537743564983,0.1326856515097,-0.0453272380298,-0.2912682038773,-0.4252916840213,0.4487670165607,0.5879544240687,-0.1382170147245,0.3603255927283,0.1135892648662,0.6183639028435,0.5968063764623,0.7279722388434,0.0293760180092,0.3719498826644,0.3461248084994,0.6574457448263,-0.2521294794274,-0.0734834912955,0.2316406262951,-0.4621193709219,-0.3175267195133,-0.0638078476534,0.1604438630180,0.1354242049133,0.9023923906381,0.5991125088159,0.5361912466507,0.0826300565562,-0.3898823550546,0.1414251497366,-0.0233923153825,-0.4696636598816,-0.0570699881847,0.1330933471614,-0.1770407437932,-0.0285565843888,0.0298461384753,-0.4718931614476,-0.4221072288255,0.4758415240264,0.5939550468438,-0.3952288366602,0.0199163845253,0.1611467275427,0.6271306408331,0.6859678401813,0.6589181644293,-0.0480137610047,0.4772058412945,0.3110953781832,0.5973592954200,-0.2644168946549,0.1534958245761,0.5652129972256,-0.2325550440131,-0.3044504362038,0.0211690287499,0.3391721266480
0.0059372738209,0.7767670342270,1.0000000000000,0.5083893044306,-0.1033041117703,-0.4008080345213,0.2251722360131,-0.5023053534647,-0.1526867784442,0.0363726881371,0.0070385304457,-0.1515821462939,0.2167493420337,0.1710770360002,-0.2456267160243,-0.3940236031385,0.4834354940305,0.4687074581045,-0.0045949717370,0.4530987629328,0.1807429147667,0.6185402791423,0.4759154746144,0.8122681367844,-0.1006974939475,0.4479062019887,0.4293635867822,0.8135802854935,-0.3942181299533,-0.0960970835272,0.0960967059135,-0.6643572334902,-0.2665368586277,-0.1637044313668,0.1985664525167,0.2006876583785,0.7646758803324,0.8467178733839,0.6808446120979,0.0348989449772,-0.3781088260549,0.3592622670651,-0.0862215507904,-0.3523904919626,-0.1079184828391,0.2404720880578,0.0233657617395,0.0595072380816,0.2733917390066,-0.3891841337035,-0.3493643150954,0.5242171789334,0.6578488403829,-0.2981802964406,0.0471434749438,0.2854029186735,0.7473200228145,0.6472033114022,0.8081387185402,-0.1082010624965,0.4955565293697,0.5137615737171,0.7782088059817,-0.4260281989195,0.1608411900848,0.6618505960217,-0.3923829064034,-0.2710196944396,0.0620686677408,0.4775832057066
0.2650467453502,0.4148980734294,0.5083893044306,1.0000000000000,0.0076028851778,-0.1802316911609,0.3197319628560,-0.3556407128460,0.0228866089627,0.2048392767666,0.0694989670758,-0.0012097041453,0.2010496203926,0.0914989908100,-0.0473118082177,-0.1214111150672,0.4040614879233,0.3817761292118,-0.1140192405561,0.3820295344706,0.2598437568280,0.4927742621761,0.3652198612047,0.4890934754713,0.0466549871576,0.4371275404042,0.2477071107363,0.2874571094620,-0.2909567441109,-0.0670413913977,0.1214817657404,-0.4469426801694,-0.1217138001596,0.0306557434062,0.3418358223616,0.2050721181124,0.4522968095373,0.4255707638057,0.9129195957677,0.0123938248932,-0.1036174378683,0.2842770915450,-0.2624777376310,-0.1694260570649,0.1043764589807,0.0997440032521,-0.1062848956650,0.0207889045138,0.0273539247975,-0.2500664627166,-0.1355008974006,0.4408189775168,0.2774635351202,-0.3634405881441,-0.0426906903038,0.2948899917469,0.4189576805722,0.4455703829102,0.4233942656869,0.0078984245906,0.2955401767566,0.1328857745028,0.2501587440315,-0.5050776508584,0.0086623736321,0.3736121878772,-0.5070478102673,-0.1042117084806,0.1074102098508,0.3276106383394
0.1956989657380,-0.0223788887596,-0.1033041117703,0.0076028851778,1.0000000000000,-0.2207896596735,0.0113273000349,0.3505239167077,-0.1692415345794,0.5832728594973,0.4101254229761,-0.0429471537712,0.3378822863655,0.0294074078749,-0.1211273320439,-0.1627356420197,0.0052600185663,0.0381011373714,-0.0086822235827,0.0941710595677,0.6208385344272,0.0372979709536,0.0129210063990,-0.0119307343924,0.5322638425276,0.0212717439766,0.0287393690600,-0.1311616135090,0.3389370254674,-0.0435071183863,0.2142058802124,0.0587193131117,-0.0474541031285,0.0398163384893,-0.0862229098237,0.0167658211116,0.0174901570992,-0.1021677963967,0.0409789398385,0.8973917479938,-0.1746160479680,-0.1511068453908,0.3633260283946,-0.2216214173832,0.5243360737422,0.3033288716941,-0.0944611845731,0.3299274298198,-0.0204197037335,-0.2314636899218,-0.1991512374025,0.0217618421756,-0.0291842757401,-0.0639593635035,-0.0657563969655,0.5618884910680,-0.0458948296259,-0.0428549949274,-0.0227726047228,0.5758597095328,0.0046125085741,-0.0338428274910,-0.1145644601096,0.3119245953496,-0.1379674501536,-0.0182040910396,0.0014726706926,-0.0382073071790,-0.0362180005680,-0.1086281261430
-0.0367438585236,-0.3522826537353,-0.4008080345213,-0.1802316911609,-0.2207896596735,1.0000000000000,0.0056776695528,0.2528130088865,0.6002833186595,-0.1103564692230,-0.1992418428908,-0.0260699714144,-0.4106650562149,-0.3224957631260,0.3761433905444,0.6145929980601,-0.1228579600338,-0.2500789257481,-0.1411296308506,-0.4061894798982,-0.3878969331637,-0.1306939190904,-0.0541948470494,-0.3171762390475,0.0895498880403,-0.4416443307803,-0.2152537407968,-0.3128318059757,0.3017728300765,0.0483988276864,0.1022934170710,0.2088118987332,0.7883695817176,0.0139300781027,-0.0330257684511,-0.3654347738459,-0.3963630003454,-0.4522000878808,-0.3339466886104,-0.2735397904919,0.7708336349530,-0.0018073301241,-0.1819160616863,0.6354070918381,-0.1170700311298,-0.4785363263031,-0.2094978761092,-0.3728816613360,-0.4393243820161,0.3324110497299,0.5156474845186,-0.1818738441045,-0.5104229165712,-0.0661935949143,-0.3920643105580,-0.5136293417415,-0.4168022446961,-0.1353977509448,-0.4668760600879,-0.0361638779017,-0.5476022869880,-0.4367514585033,-0.4725989209521,0.1648766696634,-0.2611537982065,-0.3941518498213,0.0318627022509,0.5578665583047,-0.1816728888856,-0.3238888844092
0.2690633710215,0.0717228720849,0.2251722360131,0.3197319628560,0.0113273000349,0.0056776695528,1.0000000000000,-0.4527387835523,0.3349159067896,0.0913336762950,0.4335039089347,-0.0339909485985,0.5785047835551,0.1012732526980,0.3065177838229,0.2991994056817,0.1411683080941,0.0548954366281,-0.0214584263793,0.1244816574759,0.3314408749305,0.1812433719430,0.0555056926083,0.2496170308422,-0.2215400407414,0.0817576953975,-0.0101402210964,0.1037310039007,-0.3666261916002,0.0543707599880,-0.1160065104332,-0.4471433996833,0.0500939649555,-0.0036921689929,0.0793254158053,0.1292152746651,0.0852960205809,0.3228454452538,0.3630679744323,0.0567584160300,-0.0072014769741,0.6949115494781,-0.3445935825297,0.1504190776719,0.0366608402955,0.3797149042431,-0.0676153112628,0.4510614364933,0.0582134367868,-0.0506055873089,0.1933950861488,0.1616124645727,0.0691415882598,-0.2849267637885,-0.2776936174618,0.3071827936804,0.2211859536743,0.1276545914046,0.2688800536946,-0.2548983909699,-0.0537778235448,0.0085994684406,0.1054359826270,-0.4787882328723,-0.0867872941795,0.1544747788116,-0.4014717087704,-0.0281176223918,-0.0058697192561,0.0916998799240
0.1909253132581,-0.3725592336005,-0.5023053534647,-0.3556407128460,0.3505239167077,0.2528130088865,-0.4527387835523,1.0000000000000,-0.0459490673656,0.2374909887520,-0.1492562182500,0.1868828668091,-0.2945378260726,-0.2100360902194,0.1647807990160,0.0794878956772,-0.2470534582431,-0.1355808644498,0.0393915286475,-0.1840171956226,-0.1591602852907,-0.2286241604067,-0.0631971210742,-0.4358071001589,0.6064428384705,-0.2691035304573,-0.0338870752644,-0.3206155671597,0.7531235646477,0.0532963004720,0.4613443689090,0.6900638646321,0.2641542724710,0.0238617613727,-0.2037324445048,-0.3356023613420,-0.4104858946679,-0.6670739194609,-0.4535526674358,0.1690729046866,0.1887390495658,-0.5335992307863,0.4141163882211,0.0359301157287,0.1912104220263,-0.4367106609533,-0.0698107509087,-0.2871072997117,-0.3384886978039,0.0604810462669,-0.0324128746048,-0.3014330235813,-0.5015613085156,0.1997718823944,-0.0635898209286,-0.2824284148190,-0.6056148790619,-0.2612682756295,-0.6557005246747,0.5494358626500,-0.2740568591294,-0.3628580875107,-0.4491865423246,0.7132836605590,-0.2870578964735,-0.4960724506855,0.4096030942554,0.2364683876050,-0.2598084646256,-0.5274319736676
-0.1139909330978,-0.2277522550366,-0.1526867784442,0.0228866089627,-0.1692415345794,0.6002833186595,0.3349159067896,-0.0459490673656,1.0000000000000,-0.1933574258950,0.0966322236760,-0.0838216674768,-0.2384163884684,-0.2745205913244,0.5195920027903,0.5998559057385,0.0797474492674,-0.1954678540751,-0.1105093863756,-0.2439477512252,-0.1098718463356,0.0461513344567,-0.1472078731671,-0.0884199970114,-0.0206291828919,-0.2878877010380,-0.1488347430294,-0.1876975707387,0.0848404104502,0.0128300813390,-0.1001209320478,-0.1399772122208,0.6213399540790,-0.0349538482590,-0.1329091861885,-0.2564157393534,-0.2431170231093,-0.0974947720979,-0.0426885734623,-0.2032438698060,0.3992961264836,0.1013238248930,-0.2496753485087,0.6710843129068,-0.2330390306656,-0.2417191699565,-0.2615268554817,-0.2563620225849,-0.3665398668546,0.1880536265864,0.3471761377737,0.0614654946068,-0.2810683506195,-0.3324370352334,-0.4744703241424,-0.2289319295106,-0.0613777507978,-0.1225545192786,-0.1132351348414,-0.1543906166301,-0.4224789480105,-0.2760104925682,-0.2398962691356,-0.0960628301072,-0.2939537026351,-0.1021541301883,-0.2021743818268,0.2502993011674,-0.1058324737021,-0.2158038247049
0.3477440976407,0.1366262728331,0.0363726881371,0.2048392767666,0.5832728594973,-0.1103564692230,0.0913336762950,0.2374909887520,-0.1933574258950,1.0000000000000,0.1301329200501,-0.0477017682056,0.3251524346453,0.0887879562894,-0.0066482052827,-0.0346236273222,0.0304101936221,0.2741495940497,-0.0746857895455,0.2396934052795,0.4202904292626,0.1720010572978,0.3290736293692,0.1076761747118,0.4936511927109,0.2505055554489,0.0768657789215,-0.0380212281321,0.0989245442728,0.1088382914045,0.4006950659751,0.0247535892325,-0.0844189343848,0.2850249707208,0.2120545371324,0.1251510467422,0.1400352997580,-0.0618065511741,0.1890925226819,0.5770662409326,-0.0739062349969,-0.0229127957828,0.1315200427407,-0.2496737617128,0.7756513813990,0.0728444265122,-0.1514488038282,0.2588224700172,-0.0066658651351,-0.1871423431499,-0.0475338526491,0.0332124729070,-0.0019595072727,-0.1152846890866,-0.0455441678734,0.3276007332469,-0.0125085642664,0.2173930122320,0.0040320140295,0.5236656628069,0.1773656182857,-0.1032834434598,-0.0613745659498,0.0348247426460,-0.0835369365655,-0.0095377208594,-0.0684920131823,-0.0220673618816,0.1275835495621,0.0578165595983
0.1808398895692,-0.0224884834545,0.0070385304457,0.0694989670758,0.4101254229761,-0.1992418428908,0.4335039089347,-0.1492562182500,0.0966322236760,0.1301329200501,1.0000000000000,-0.1539111901058,0.5470454608118,-0.0367282583477,0.2069775092384,0.1164243109443,0.0185781331695,-0.0526522885185,-0.0853755374444,0.1101368438019,0.7296445773561,0.0158400048121,-0.3287707106549,0.0550026371622,-0.0507708545764,0.0594167791551,-0.1334843383940,-0.1213327386663,-0.1284452308479,0.1474921453442,-0.3385668149652,-0.2339999745612,-0.1839006727805,0.1452706267714,-0.0022547239383,0.2861371280170,-0.0197685179904,0.1686017864478,0.1636948271969,0.3895321928852,-0.1888526075994,0.2535888943761,0.0373581517598,-0.0149233445223,0.2246014484992,0.7314639804301,-0.1121863266165,0.5736464598978,-0.0040673202277,0.1106795919951,0.0553800244831,0.0304560793737,0.0481318506321,-0.2275666407371,-0.1797872549910,0.6437587921093,0.1066431720151,-0.2640709862622,0.1744814229294,-0.0524502711930,-0.0326591901943,-0.0708000664390,-0.0735319506142,-0.1973066498782,0.1080241233966,0.0149107974637,-0.1323265601627,-0.2312218894799,0.1220083346219,0.1235668673945
0.0670934028711,-0.2537743564983,-0.1515821462939,-0.0012097041453,-0.0429471537712,-0.0260699714144,-0.0339909485985,0.1868828668091,-0.0838216674768,-0.0477017682056,-0.1539111901058,1.0000000000000,0.0135609130606,0.6364468858718,0.2559995547252,0.2262847704010,-0.2837846766487,-0.3075295058377,0.8005425559158,0.0872866632107,-0.0852311846313,-0.3726218509668,-0.2241950867918,-0.3432673022147,-0.1753785195622,0.2045295573067,0.3409898314839,0.0779839075137,-0.0205392307409,0.2437860349391,-0.0603445426478,0.2483211823241,0.1009246003266,0.0665758188755,0.1324425315285,-0.1321281537375,-0.3624516544110,-0.1132977211085,-0.0223741455316,-0.1622075283367,0.0654989038960,-0.1302181052651,-0.1796294196083,-0.0169848416568,-0.0845462306800,-0.2591153474215,0.7857272002944,-0.0291516831096,0.4363255265363,0.1852761933088,0.2376367459033,-0.2896643144778,-0.3392566862907,0.7271242475833,0.0672335526491,-0.1408437371316,-0.3096472870982,-0.2778072670760,-0.3017382499623,-0.2429813616057,0.0467205843316,0.0752291869390,0.0566825404054,-0.0491067899617,0.0099471894046,-0.3126501542793,0.0978498100629,0.1073497554889,-0.0634135501845,-0.0128379102910
0.4440589398860,0.1326856515097,0.2167493420337,0.2010496203926,0.3378822863655,-0.4106650562149,0.5785047835551,-0.2945378260726,-0.2384163884684,0.3251524346453,0.5470454608118,0.0135609130606,1.0000000000000,0.2684985273947,0.0372643618446,0.0296503773842,-0.0286144039012,0.0808025445544,0.0400499147411,0.2802767461160,0.6570003086569,0.0248221940439,-0.0447604760071,0.1815355385071,-0.1614448017844,0.2464565113755,0.1041024736906,0.1481635119959,-0.3589561625993,0.1780527604374,-0.1749242330842,-0.3235828089231,-0.3499561363752,0.1340048560605,0.1690818483873,0.3808609321780,0.1438638701885,0.3411870995924,0.3248602836325,0.3312961473481,-0.3361309858736,0.5180091553225,-0.1187732776191,-0.3046290039071,0.4272944822644,0.6101209449783,0.1235338099748,0.9065041354630,0.2830980899555,-0.0866054412364,0.0332684276245,0.0083785772419,0.2028964447539,-0.0485579487594,0.0107256098499,0.7206651232407,0.1997853870311,0.0144134858860,0.2896432440716,-0.0895155848260,0.2067736249219,0.1645460304909,0.2072561582385,-0.3669560505878,0.2150453895659,0.1270598752492,-0.2631996719911,-0.2840757241974,0.1299638859972,0.2612477897065
-0.0523796848289,-0.0453272380298,0.1710770360002,0.0914989908100,0.0294074078749,-0.3224957631260,0.1012732526980,-0.2100360902194,-0.2745205913244,0.0887879562894,-0.0367282583477,0.6364468858718,0.2684985273947,1.0000000000000,-0.0049819287426,-0.0657297569682,-0.1214541493377,-0.1411041064396,0.6461181569482,0.2938588661333,0.1574302823705,-0.2071853563469,-0.1439889489140,-0.0489947834994,-0.3336162657441,0.4107504923760,0.3597468198627,0.2778816576097,-0.4112830315605,0.1875043767250,-0.1797456824829,-0.1647599739999,-0.2001278566505,0.0367540025904,0.2043594538274,0.1036217146478,-0.0534965820897,0.3256888869814,0.2108852693403,0.0631346897247,-0.0864404275115,0.1613263187456,-0.1779787435114,-0.1746771931301,0.0471954940601,0.1415437933594,0.7733615296244,0.2216308296817,0.9024460697395,0.0438366364069,0.0732708322909,-0.0647852280714,0.1429205283280,0.6263501041093,0.3243341639491,0.2110150681361,0.1388325408264,-0.0978120182633,0.1852120533820,-0.2195604625578,0.3415364091317,0.4878340810374,0.3982405795532,-0.3151012030878,0.1742110494397,0.0598262435228,-0.1143001430708,-0.0688083597130,0.1097661213387,0.3555006339716
0.3163984903770,-0.2912682038773,-0.2456267160243,-0.0473118082177,-0.1211273320439,0.3761433905444,0.3065177838229,0.1647807990160,0.5195920027903,-0.0066482052827,0.2069775092384,0.2559995547252,0.0372643618446,-0.0049819287426,1.0000000000000,0.6640619544671,-0.1168397063727,-0.1645062285602,0.2133566778432,0.0447153895554,0.0228347257753,-0.1199159723835,-0.2362900141620,-0.2086971413162,-0.0668497559198,-0.0945115104207,-0.0538576930916,-0.2433405994160,-0.0033319873844,0.5472555968659,-0.0046905449991,0.0476239487865,0.3872661423209,0.2462491989522,0.0489806208485,0.0078911744427,-0.3864045657364,-0.1745406931379,-0.0972245427780,-0.2264447002507,0.3222100849047,0.0351645851704,-0.1327365021664,0.3855050994023,0.0032160256880,-0.1502230211260,0.0216153983096,0.0080091651353,-0.1595600989161,0.4595961723196,0.4804540396328,-0.1483972918994,-0.3517338618566,0.0019408749460,-0.3209570698752,-0.1437233312767,-0.2314129473641,-0.2693319958180,-0.2457032068606,-0.1515149798643,-0.3010497113375,-0.3082808099233,-0.2837748177720,-0.1095047512263,-0.0318687587927,-0.2489854019543,-0.0407139870119,0.2338697610936,-0.0229517492363,-0.1958926894274
0.1088901818043,-0.4252916840213,-0.3940236031385,-0.1214111150672,-0.1627356420197,0.6145929980601,0.2991994056817,0.0794878956772,0.5998559057385,-0.0346236273222,0.1164243109443,0.2262847704010,0.0296503773842,-0.0657297569682,0.6640619544671,1.0000000000000,-0.2070991094922,-0.3868158103357,0.1203792608388,-0.2491327353076,-0.0907388952874,-0.2779395176154,-0.3071568478747,-0.3908673381700,-0.0841378400409,-0.2220453093662,-0.1170759966362,-0.3615823213981,0.0931708664150,0.3274776232741,-0.1826282437491,0.0724773979204,0.4748407899146,0.2118140352995,0.0289961592418,-0.1677019715022,-0.4797823144090,-0.3126962412161,-0.2271061416617,-0.2176448817816,0.4418195335886,0.1105351267052,-0.3848142659716,0.5109201253401,0.0372497797002,-0.2247453854574,-0.0074840448235,0.0918668146881,-0.2230235103500,0.4196929176928,0.7922224385903,-0.2512770876079,-0.5077616444350,0.0561639198574,-0.3929562819576,-0.2160452140203,-0.3962357350364,-0.3373794693234,-0.3896907511735,-0.2412243758052,-0.3946878997941,-0.4199948892891,-0.4399564628790,-0.1276433265540,-0.1098246620092,-0.4291116523917,-0.1087413177668,0.2486832737832,-0.0103718327265,-0.1870649385117
-0.0823066140845,0.4487670165607,0.4834354940305,0.4040614879233,0.0052600185663,-0.1228579600338,0.1411683080941,-0.2470534582431,0.0797474492674,0.0304101936221,0.0185781331695,-0.2837846766487,-0.0286144039012,-0.1214541493377,-0.1168397063727,-0.2070991094922,1.0000000000000,0.2587548182542,-0.2460499467878,0.1826007721767,0.1528296508638,0.8068387541458,0.4537392231334,0.6739256152292,0.2116256706317,0.1773989777736,0.0455022868735,0.2650976412522,0.0505605333846,-0.1828349728895,0.2606217676121,-0.4475765953370,-0.0249379397243,-0.1104154588021,0.0289748326636,0.0055702565648,0.4738428309119,0.3854373058365,0.4174684871171,0.0787900885850,-0.0812886488129,0.2436383669997,-0.0058842061526,-0.0583056796713,-0.1125743853259,0.1182503829293,-0.2140993061959,-0.0941455204712,-0.0685638926903,-0.3259090283511,-0.2128422106037,0.9739948255268,0.2670237951558,-0.4175890183074,-0.2524248842006,0.1506601128943,0.6011407736375,0.5339617929397,0.5281810544013,0.1956359119683,0.1976961350852,0.0875058243846,0.2298103754982,-0.0331682509227,-0.1432230817736,0.5150194485209,-0.2880218116510,-0.0173684069102,-0.1132021946978,0.1596302366713
0.2227678806217,0.5879544240687,0.4687074581045,0.3817761292118,0.0381011373714,-0.2500789257481,0.0548954366281,-0.1355808644498,-0.1954678540751,0.2741495940497,-0.0526522885185,-0.3075295058377,0.0808025445544,-0.1411041064396,-0.1645062285602,-0.3868158103357,0.2587548182542,1.0000000000000,-0.2157820044330,0.6761999889601,0.1071363724935,0.5853023500240,0.5064317493502,0.6654328371094,0.1117100520635,0.4077030069845,0.2960622842888,0.3146192185723,-0.1335168312450,0.1386926384467,0.3854164117244,-0.1747526662389,-0.2564177747129,0.2171733139133,0.4754667584531,0.1980135442517,0.5934014971136,0.2574538551818,0.4374276394180,0.0779349939894,-0.2588268282812,0.0263851911213,-0.0324927673701,-0.3653886854889,0.1153862798350,0.0156455058276,-0.3272562619997,-0.0564467941766,-0.0630861183797,-0.3755539532364,-0.4478319503840,0.2731147086595,0.6153243142950,-0.3954310257070,0.3029941146641,0.0917539554915,0.4246982787585,0.5104668085347,0.4695965046196,0.0764171122154,0.4531969748379,0.2089341720880,0.2731386721232,-0.1948100380325,0.1846173108775,0.4031904189249,-0.0738643452337,-0.1699068618310,0.2888410842687,0.4140837704677
-0.0666895438716,-0.1382170147245,-0.0045949717370,-0.1140192405561,-0.0086822235827,-0.1411296308506,-0.0214584263793,0.0393915286475,-0.1105093863756,-0.0746857895455,-0.0853755374444,0.8005425559158,0.0400499147411,0.6461181569482,0.2133566778432,0.1203792608388,-0.2460499467878,-0.2157820044330,1.0000000000000,0.2361711451751,-0.0174093180570,-0.2847413523434,-0.2843573284524,-0.2263586463992,-0.2002633789835,0.3104027074797,0.3897531107794,0.1997806746293,-0.1218111262023,0.3211515014903,-0.1170265491582,0.0739586376943,0.0065863133978,0.0893013742875,0.1173554637960,-0.0097621631615,-0.2675709866570,0.1015865543782,-0.0197971515695,-0.0774294824482,-0.0869490132051,-0.1372250495632,-0.0063078117386,-0.1428568856942,-0.1001453412184,-0.0965398725379,0.7529232698745,0.0202146754291,0.5649996693178,0.1079326841741,0.1173333075747,-0.2270181327330,-0.0438973681004,0.7060997027536,0.1846890794751,-0.0342357033537,-0.1188023506805,-0.2838215379148,-0.0591636927979,-0.2085194559313,0.2060112105835,0.3089850355737,0.2650716128871,-0.0401740632632,0.1295134619014,-0.0918228389721,0.1331297766731,-0.0020922230562,0.0363995362535,0.1190251006536
0.2124562430658,0.3603255927283,0.4530987629328,0.3820295344706,0.0941710595677,-0.4061894798982,0.1244816574759,-0.1840171956226,-0.2439477512252,0.2396934052795,0.1101368438019,0.0872866632107,0.2802767461160,0.2938588661333,0.0447153895554,-0.2491327353076,0.1826007721767,0.6761999889601,0.2361711451751,1.0000000000000,0.2939720227970,0.3945501607519,0.1928951351599,0.5004296193651,-0.0440968847963,0.7192301760198,0.5322669937861,0.3729716421554,-0.2697922707684,0.3692980444392,0.1646100699574,-0.2266805929227,-0.3159198975664,0.2274608157048,0.5369971008224,0.3377054375327,0.3778317169114,0.3935540031126,0.4790674659180,0.0922506147039,-0.3274849356825,0.0895917673607,-0.0460934658599,-0.3825865586064,0.1375875879117,0.1760614086358,0.1006204910603,0.1648613421390,0.3489285007670,-0.1718936217017,-0.2738512163716,0.1984862949458,0.5734761824697,-0.0516613465478,0.4316287551610,0.2841976547644,0.4056751276684,0.2507421501591,0.4858514829387,-0.0276753629686,0.6412756462573,0.4404656809259,0.3760786453412,-0.3364248027630,0.3137125341416,0.3427530771356,-0.1003762676035,-0.2140620448385,0.3099573615813,0.5873999714576
0.2885297885505,0.1135892648662,0.1807429147667,0.2598437568280,0.6208385344272,-0.3878969331637,0.3314408749305,-0.1591602852907,-0.1098718463356,0.4202904292626,0.7296445773561,-0.0852311846313,0.6570003086569,0.1574302823705,0.0228347257753,-0.0907388952874,0.1528296508638,0.1071363724935,-0.0174093180570,0.2939720227970,1.0000000000000,0.1587024987160,-0.1411164472667,0.2241742660637,0.1347888403614,0.2647664246775,-0.0088254311676,-0.0017370234268,-0.1566808966364,0.1379082771710,-0.1509722117123,-0.3575222086077,-0.2260634281087,0.1934183322134,0.2160219350853,0.4103628448889,0.1278366635193,0.3129401209451,0.3788171318127,0.6144020555007,-0.3145978172696,0.2872599275499,0.0695858131087,-0.1921325825819,0.4244950048209,0.7240387210528,0.0000628965084,0.6351982614325,0.1743008664271,-0.1028958171132,-0.0760081708176,0.1913940789172,0.1863767560166,-0.1696722855752,-0.0976199055557,0.8975751732787,0.2907498479495,-0.0642539257410,0.3413562678762,0.1518228088705,0.1655853283547,0.0653910320991,0.1090272968712,-0.2012839168438,0.1710662035176,0.2187238567192,-0.2311262934864,-0.1914271961271,0.1982866202202,0.3020313803020
0.0968402245922,0.6183639028435,0.6185402791423,0.4927742621761,0.0372979709536,-0.1306939190904,0.1812433719430,-0.2286241604067,0.0461513344567,0.1720010572978,0.0158400048121,-0.3726218509668,0.0248221940439,-0.2071853563469,-0.1199159723835,-0.2779395176154,0.8068387541458,0.5853023500240,-0.2847413523434,0.3945501607519,0.1587024987160,1.0000000000000,0.6415232315596,0.8911872575420,0.2662529468133,0.2323618899915,0.1212948316998,0.3615784993293,0.0338685195667,0.0057037876469,0.5072065452078,-0.4438094653884,-0.0384250027702,0.0370508891331,0.2228917019184,0.1017061236499,0.6295019475820,0.4379900643538,0.5297095722895,0.1165873736875,-0.1799252015333,0.2428412458076,0.0343117908927,-0.2095151249208,-0.0007344233881,0.1063668332317,-0.3503157652686,-0.0946541476109,-0.1280403524869,-0.3986545830225,-0.3411638420107,0.7762027038805,0.4332841908748,-0.5570861482303,-0.1455711267136,0.1683645027016,0.6540505259523,0.7156744009489,0.6080599352610,0.2162762827764,0.2505728710051,0.1385267692268,0.3003874631188,-0.0939967637655,0.0035295102025,0.6080439037783,-0.2844214148167,-0.1145970665530,0.0189528084980,0.2800815524771
0.1660404345320,0.5968063764623,0.4759154746144,0.3652198612047,0.0129210063990,-0.0541948470494,0.0555056926083,-0.0631971210742,-0.1472078731671,0.3290736293692,-0.3287707106549,-0.2241950867918,-0.0447604760071,-0.1439889489140,-0.2362900141620,-0.3071568478747,0.4537392231334,0.5064317493502,-0.2843573284524,0.1928951351599,-0.1411164472667,0.6415232315596,1.0000000000000,0.6411037794375,0.2772434514603,0.0771183923495,0.0993004473302,0.3798952178749,0.0766186716700,-0.1345607624153,0.6691284093482,-0.1985504476086,-0.0747055548222,-0.0692282121172,0.1079313697388,-0.1089262736321,0.6212505071930,0.2267490024515,0.3398593243112,0.0788664340741,-0.0530754224906,0.1161893581455,0.0175674965095,-0.3048178450751,0.0658095393105,-0.2144910812839,-0.2569425914491,-0.2398261632477,-0.1590962494992,-0.4425934177736,-0.3111974911425,0.4477376061543,0.2283092956205,-0.3789629405427,-0.0919828703008,-0.1316625272265,0.3829547169142,0.9333689894983,0.3273763213904,0.2529370360553,0.1409408778840,0.0395475309358,0.2583146920746,0.0597264717520,-0.1001746267997,0.3924064266656,-0.2004814811927,-0.0255901867909,-0.1130655124598,0.0644715337036
0.0837900326803,0.7279722388434,0.8122681367844,0.4890934754713,-0.0119307343924,-0.3171762390475,0.2496170308422,-0.4358071001589,-0.0884199970114,0.1076761747118,0.0550026371622,-0.3432673022147,0.1815355385071,-0.0489947834994,-0.2086971413162,-0.3908673381700,0.6739256152292,0.6654328371094,-0.2263586463992,0.5004296193651,0.2241742660637,0.8911872575420,0.6411037794375,1.0000000000000,0.0326498179190,0.3136030065885,0.2032078260343,0.5543590961538,-0.2147537396421,0.0162666773074,0.3125902037445,-0.5766188379454,-0.2151248546215,-0.0110462282031,0.2786700398191,0.2045828534553,0.7593911709030,0.6550830555357,0.6129653679414,0.1157677004085,-0.3278727665414,0.3531065347068,-0.0243532939529,-0.3205930728015,-0.0514799983319,0.2546976272626,-0.2014782013403,0.0481932968570,0.0938343057733,-0.4168408173749,-0.3973433268469,0.6763707967466,0.6509131249662,-0.4861131362308,0.0036192446189,0.2856137581284,0.7998554391106,0.7772241736663,0.7999862582879,0.0233669887588,0.3906680649600,0.3504080085972,0.5302510720202,-0.2754138243223,0.1767365670948,0.7188773619056,-0.3218853811132,-0.2387631669238,0.1363363900959,0.4666028939675
0.2693931913897,0.0293760180092,-0.1006974939475,0.0466549871576,0.5322638425276,0.0895498880403,-0.2215400407414,0.6064428384705,-0.0206291828919,0.4936511927109,-0.0507708545764,-0.1753785195622,-0.1614448017844,-0.3336162657441,-0.0668497559198,-0.0841378400409,0.2116256706317,0.1117100520635,-0.2002633789835,-0.0440968847963,0.1347888403614,0.2662529468133,0.2772434514603,0.0326498179190,1.0000000000000,-0.0244825717162,-0.0174823872418,-0.1364168512575,0.7444328391261,-0.1200747569932,0.5442294079245,0.2142160238684,0.1377188851889,-0.0821104110004,-0.1295097437703,-0.1565361810950,0.0364061238475,-0.2983854772720,-0.0476481406937,0.5017085339351,0.0039791959102,-0.3324165117631,0.4500929666074,-0.1264675828232,0.3143501692770,-0.1391788806293,-0.4055627760474,-0.2020477819406,-0.4235063053156,-0.2717931100770,-0.2059715020039,0.1773487493100,-0.2113732645768,-0.2812466639799,-0.2125479058959,0.0444144988605,-0.1677468703375,0.1868665154200,-0.2197634550128,0.8227434215397,-0.0969282476449,-0.2848081418093,-0.2461959362687,0.5863175955325,-0.2751236047590,-0.0309367658453,0.0879612388615,0.0621400913719,-0.2576718092816,-0.3258236161964
0.1353570766622,0.3719498826644,0.4479062019887,0.4371275404042,0.0212717439766,-0.4416443307803,0.0817576953975,-0.2691035304573,-0.2878877010380,0.2505055554489,0.0594167791551,0.2045295573067,0.2464565113755,0.4107504923760,-0.0945115104207,-0.2220453093662,0.1773989777736,0.4077030069845,0.3104027074797,0.7192301760198,0.2647664246775,0.2323618899915,0.0771183923495,0.3136030065885,-0.0244825717162,1.0000000000000,0.5422321969820,0.4320176019426,-0.3190603724166,0.0794224306805,-0.0393896162982,-0.2384232858964,-0.4108361218939,0.1073768945208,0.4314648392679,0.2460225834768,0.3436396513569,0.4047739744066,0.5085211402168,0.0653016645867,-0.3562006201365,0.0771508759552,-0.1187327725680,-0.3957385536786,0.1221047421040,0.1803119131500,0.2215867337710,0.1459872602280,0.4397535995412,-0.2259134017404,-0.2031498066545,0.1893442213009,0.4376028302833,0.0559355292321,0.3391653606060,0.2742863623678,0.2828365392227,0.1406917797504,0.3936559919999,-0.0244780867305,0.8442312273441,0.4373436764407,0.4498475934541,-0.3903354329765,0.1629745796693,0.1972423095936,-0.0398646470310,-0.2562677596846,0.1960437603777,0.5554273182591
0.0422327266406,0.3461248084994,0.4293635867822,0.2477071107363,0.0287393690600,-0.2152537407968,-0.0101402210964,-0.0338870752644,-0.1488347430294,0.0768657789215,-0.1334843383940,0.3409898314839,0.1041024736906,0.3597468198627,-0.0538576930916,-0.1170759966362,0.0455022868735,0.2960622842888,0.3897531107794,0.5322669937861,-0.0088254311676,0.1212948316998,0.0993004473302,0.2032078260343,-0.0174823872418,0.5422321969820,1.0000000000000,0.6206749443222,-0.1547078884961,0.0953986607922,0.1146752243057,-0.1372030089052,-0.1520164046244,0.0446836715270,0.1880236686629,-0.0322979613876,0.2975373249679,0.3210941729379,0.3327813960288,0.0150815273886,-0.1539143152972,-0.0802277299583,-0.1507274913235,-0.2556661511784,-0.0762033105310,-0.1306875685165,0.2799513998946,-0.0291682776178,0.2857672562235,-0.2178088993216,-0.1606415740489,0.0808771392786,0.3066263854177,0.2209261099345,0.2716563033429,-0.0106462691286,0.1511921127359,0.1127818033037,0.2424079611229,-0.0916418640866,0.5072952143772,0.6039711206169,0.5127861881839,-0.2299713417889,-0.0254629171330,0.0960213139249,-0.1842213930844,-0.1370457720394,0.0434888009995,0.2182240992622
-0.0039767354925,0.6574457448263,0.8135802854935,0.2874571094620,-0.1311616135090,-0.3128318059757,0.1037310039007,-0.3206155671597,-0.1876975707387,-0.0380212281321,-0.1213327386663,0.0779839075137,0.1481635119959,0.2778816576097,-0.2433405994160,-0.3615823213981,0.2650976412522,0.3146192185723,0.1997806746293,0.3729716421554,-0.0017370234268,0.3615784993293,0.3798952178749,0.5543590961538,-0.1364168512575,0.4320176019426,0.6206749443222,1.0000000000000,-0.3060727688487,-0.1448769927608,0.1149198755375,-0.4427044560643,-0.1963118735192,-0.2422340622266,0.0455043366533,0.0468529842338,0.6227559288007,0.7147125137466,0.4769411304492,-0.0419589646031,-0.2837132138062,0.2260750150864,-0.0569329228152,-0.3180427172793,-0.1796294136399,0.0814611510479,0.2427024762548,-0.0249923898876,0.3372952360613,-0.3025592426729,-0.3260489732937,0.3088903383522,0.5439089465789,-0.0216457436068,0.1409692202450,0.1086072080900,0.5217439964868,0.5023293498478,0.5999319224998,-0.1547343762596,0.5018806206623,0.6507977388239,0.8956961225232,-0.2745168680270,0.0747621864729,0.4518688953750,-0.1989225032473,-0.2059899035805,-0.0684421769296,0.3195636381218
0.0447522097762,-0.2521294794274,-0.3942181299533,-0.2909567441109,0.3389370254674,0.3017728300765,-0.3666261916002,0.7531235646477,0.0848404104502,0.0989245442728,-0.1284452308479,-0.0205392307409,-0.3589561625993,-0.4112830315605,-0.0033319873844,0.0931708664150,0.0505605333846,-0.1335168312450,-0.1218111262023,-0.2697922707684,-0.1566808966364,0.0338685195667,0.0766186716700,-0.2147537396421,0.7444328391261,-0.3190603724166,-0.1547078884961,-0.3060727688487,1.0000000000000,-0.1256000112537,0.4247291614235,0.5328732999653,0.3044117377316,-0.1119343299577,-0.2852577303804,-0.4360362501636,-0.2439094918495,-0.5805912697977,-0.4231653945318,0.2363928981277,0.1644287471120,-0.4114759513733,0.3372855140569,0.0428086183138,0.0357118646055,-0.3459563983241,-0.2877458142771,-0.3228137239067,-0.5022669810660,-0.1121698057790,-0.0472285878352,-0.0357079556390,-0.4526922129836,-0.0716296720615,-0.2289415850406,-0.2574641775369,-0.4355603552424,-0.0524771972707,-0.5046277748793,0.5473954796079,-0.3265817898168,-0.4552929613534,-0.4516015671595,0.8147658487587,-0.3492081959329,-0.3267849039189,0.3116243880216,0.2071853719668,-0.3623365625052,-0.4913062827960
0.2670077710755,-0.0734834912955,-0.0960970835272,-0.0670413913977,-0.0435071183863,0.0483988276864,0.0543707599880,0.0532963004720,0.0128300813390,0.1088382914045,0.1474921453442,0.2437860349391,0.1780527604374,0.1875043767250,0.5472555968659,0.3274776232741,-0.1828349728895,0.1386926384467,0.3211515014903,0.3692980444392,0.1379082771710,0.0057037876469,-0.1345607624153,0.0162666773074,-0.1200747569932,0.0794224306805,0.0953986607922,-0.1448769927608,-0.1256000112537,1.0000000000000,0.0875177070805,0.0294181939700,0.0661529247626,0.6895358554506,0.5261097691418,0.3361890770132,-0.1820552465838,-0.0164888844528,-0.0395175565325,-0.1108356126851,-0.0216756456073,-0.0195489319691,-0.0133240759239,-0.0404093803492,0.1753825825005,0.0018310984483,0.1733672168643,0.2000593996658,0.1561854382428,0.3437059422510,0.2783833393897,-0.1941752609401,0.0037326347351,0.1698736395978,0.0496078961848,0.0451209435239,0.0071109924433,-0.1308564326304,0.0118235527019,-0.1303562598957,-0.0173707386729,-0.0424426129275,-0.1014669790162,-0.1230167013343,0.4539925418633,0.0266315822515,0.0331739206926,-0.0534934399757,0.4169324642086,0.2919720522640
0.2480607590863,0.2316406262951,0.0960967059135,0.1214817657404,0.2142058802124,0.1022934170710,-0.1160065104332,0.4613443689090,-0.1001209320478,0.4006950659751,-0.3385668149652,-0.0603445426478,-0.1749242330842,-0.1797456824829,-0.0046905449991,-0.1826282437491,0.2606217676121,0.3854164117244,-0.1170265491582,0.1646100699574,-0.1509722117123,0.5072065452078,0.6691284093482,0.3125902037445,0.5442294079245,-0.0393896162982,0.1146752243057,0.1149198755375,0.4247291614235,0.0875177070805,1.0000000000000,0.1675729490311,0.1246882446588,0.0847341933558,0.0818897361763,-0.1518951152340,0.2042580819412,-0.1453875948130,0.0578768372676,0.1623693510047,0.0991460677321,-0.0921474155894,0.2562763705785,-0.1467440302423,0.1905866717184,-0.3508579432645,-0.2009334668421,-0.2977879399776,-0.2482593315185,-0.2470478517437,-0.2139999923747,0.2169328497050,-0.0364987214952,-0.1722490813606,-0.0770695456977,-0.2009332329751,0.0133935305771,0.5245458593936,-0.0568681587694,0.5531990823014,-0.0205433526017,-0.0714097349155,-0.0167776256851,0.3969098964867,-0.1614617540288,0.1331993191119,0.0818370824139,0.1797316839267,-0.1594115723156,-0.1641265964075
0.0382257558892,-0.4621193709219,-0.6643572334902,-0.4469426801694,0.0587193131117,0.2088118987332,-0.4471433996833,0.6900638646321,-0.1399772122208,0.0247535892325,-0.2339999745612,0.2483211823241,-0.3235828089231,-0.1647599739999,0.0476239487865,0.0724773979204,-0.4475765953370,-0.1747526662389,0.0739586376943,-0.2266805929227,-0.3575222086077,-0.4438094653884,-0.1985504476086,-0.5766188379454,0.2142160238684,-0.2384232858964,-0.1372030089052,-0.4427044560643,0.5328732999653,0.0294181939700,0.1675729490311,1.0000000000000,0.0787495620649,0.0909350433595,-0.1998595293862,-0.3000550514419,-0.4638527636955,-0.7630774049775,-0.5931004824877,-0.0889969730612,0.1408446815911,-0.5555190917320,0.2216898348396,0.0005280024813,0.0402459001593,-0.4554439881833,0.0032515655160,-0.2618867635363,-0.2355873270103,0.1218942977993,-0.0231189909821,-0.5153380059620,-0.4653510556322,0.3297334351172,0.2023853269006,-0.4336979432012,-0.6789885127191,-0.3858897469547,-0.7241276553239,0.1860342165057,-0.1854409187770,-0.3585105378262,-0.5110086154268,0.5402618371570,-0.1602298483151,-0.5787900369260,0.6571655115085,0.1492748019840,-0.1575302317542,-0.4497536116432
-0.0300367955423,-0.3175267195133,-0.2665368586277,-0.1217138001596,-0.0474541031285,0.7883695817176,0.0500939649555,0.2641542724710,0.6213399540790,-0.0844189343848,-0.1839006727805,0.1009246003266,-0.3499561363752,-0.2001278566505,0.3872661423209,0.4748407899146,-0.0249379397243,-0.2564177747129,0.0065863133978,-0.3159198975664,-0.2260634281087,-0.0384250027702,-0.0747055548222,-0.2151248546215,0.1377188851889,-0.4108361218939,-0.1520164046244,-0.1963118735192,0.3044117377316,0.0661529247626,0.1246882446588,0.0787495620649,1.0000000000000,-0.0408430335611,-0.0229680583326,-0.3426103680034,-0.3908389251860,-0.2980448196971,-0.2150769490613,-0.1534727651974,0.5923598834002,0.0081578960918,-0.0967151467060,0.6092882269695,-0.1162619139490,-0.4242247149619,-0.0855692882073,-0.3462889193250,-0.3221645135670,0.2705719838969,0.3921706971815,-0.0642054753229,-0.4434028350289,-0.0374891058628,-0.4530682451239,-0.3303178329389,-0.3019905785479,-0.1248238926263,-0.3460272153867,0.0108418384018,-0.5302157090230,-0.3443944510587,-0.3054546045633,0.1773821170347,-0.2541174149156,-0.2649031253408,-0.0635095831862,0.6176329338695,-0.1726633743129,-0.2751741385985
0.0928726302202,-0.0638078476534,-0.1637044313668,0.0306557434062,0.0398163384893,0.0139300781027,-0.0036921689929,0.0238617613727,-0.0349538482590,0.2850249707208,0.1452706267714,0.0665758188755,0.1340048560605,0.0367540025904,0.2462491989522,0.2118140352995,-0.1104154588021,0.2171733139133,0.0893013742875,0.2274608157048,0.1934183322134,0.0370508891331,-0.0692282121172,-0.0110462282031,-0.0821104110004,0.1073768945208,0.0446836715270,-0.2422340622266,-0.1119343299577,0.6895358554506,0.0847341933558,0.0909350433595,-0.0408430335611,1.0000000000000,0.5620981045902,0.3423938878154,-0.1527907027660,-0.0890901985255,0.0167941157719,-0.0111031513870,-0.0174280941146,-0.0682461100557,-0.0514892828645,-0.0684276219806,0.3481539430940,-0.0192650757936,0.0099779627578,0.1909787022399,-0.0128265991651,0.1838204575926,0.1929212125800,-0.1246955263756,0.0252372344483,0.0373088006104,0.0348154633247,0.0735900985573,-0.0086115511649,-0.1245589675438,-0.0003076673618,-0.0497309294002,0.0297094873260,-0.1134637544045,-0.1780601188906,-0.1137610062241,0.2825815721557,0.0100291477924,-0.0173275455677,-0.0750791549963,0.6674058520840,0.3340883335301
