1.0000000000000,0.2718753445657,0.2958592636658,0.3935526075237,0.3562948730579,-0.5062517736892,-0.0117855910494,0.2703498271075,-0.2151850071114,0.2086282135204,0.2722774226189,0.2482685660537,0.3834586877677,0.0268254174811,0.1688258404966,0.0132208535145,0.1334673416063,0.4406653543111,0.3315277963264,0.4503035366036,0.6214356927296,0.5283488024713,0.3345207643700,0.5896572054052,0.2539983623666,0.3022190171869,0.2806183036461,0.2663902508927,0.3581507495053,0.5355770333670,0.6043962768819,-0.2552232678580,-0.1976666041171,0.4878185824729,0.6862767518862,0.3165717236010,0.3392866526247,0.0625304744819,0.4356320066182,0.3291296726294,-0.3127875556325,-0.2525570660118,0.0653204900142,-0.2721444566396,0.1388174804684,-0.1929116252289,0.1548067398716,0.2264605816979,-0.0445989519049,-0.0278569337154,-0.1200118203134,0.1495639250848,0.3102082921474,0.0845746790808,0.4046671249553,0.4611954269118,0.3383575053848,0.3015608257078,0.3933688157304,0.1614202724667,0.2366378824974,0.1569807965281,0.1142604559319,-0.0052410125934,0.2295856683256,0.3841212392927,-0.2470042167414,0.1398998347701,0.3767060237138,0.4045563335405
0.2718753445657,1.0000000000000,0.3586055389219,0.7384783246112,0.3891122552511,-0.3748232554186,-0.2346628573827,0.2573414616246,-0.3223680633916,0.2348556785066,0.0036007230054,-0.0745703715169,0.1093825632849,-0.1378815534602,-0.1047614750428,-0.0234580143158,0.1552862172811,0.5874201153844,-0.0335477467279,0.4277698049045,0.2398231417246,0.4463054497642,0.6932279135686,0.4824636711219,0.3983829876029,0.2800124528911,0.4619384336497,0.5222729296987,0.4920643105455,0.1986441452702,0.4855161254411,0.0153016271610,-0.2118390508859,0.3444529730895,0.3873180126468,0.1618525449042,0.8245430402426,0.2182838933685,0.7220852873280,0.4767122257157,-0.4103992219031,-0.3622949491668,0.1995259547758,-0.4400885952187,0.2991655671512,-0.1956473836216,-0.1600010556065,0.0433372635093,-0.2066973287719,-0.3527908821946,-0.2220114947976,0.1956060211267,0.5357002704899,-0.2154317314969,0.3518171784790,0.2138761059925,0.3755176062930,0.7243112260320,0.4069919780543,0.3981373224685,0.2873184805847,0.3041753387518,0.4851943227006,0.3202144118387,0.0083493413229,0.4776559762227,-0.0674614607989,-0.0865112256477,0.3571353046431,0.2702028571445
0.2958592636658,0.3586055389219,1.0000000000000,0.1816211418722,0.1175803554749,-0.1990867143366,0.0878236003852,0.1440868656958,0.1169566385740,0.1583370468752,0.1577134905106,0.3306571031037,0.1852760772666,0.1769580775594,0.2696581752458,0.1056871999403,0.3255968056326,0.3025829103219,0.3711297680711,0.1647033356505,0.1331949828377,0.5419688234044,0.3311877658092,0.6098141581656,0.1042401618821,0.1536762081223,0.5019449942607,0.8134337394175,0.3067921762621,0.3497263353265,0.4379620613160,-0.1673736993867,-0.0477705954533,0.1707338349733,0.2532504989414,-0.3565910503125,0.4636879237766,0.7308348290391,0.2074752896233,0.1383951203389,0.0768531256807,-0.0869341891183,-0.0529375750841,0.0207428938786,0.0549026700296,-0.2690854402284,0.1143212509393,-0.0789057333207,0.1145282373143,-0.3624391576929,0.0932700469302,0.3590136336674,0.1196563825011,-0.1659457474805,0.1801595361590,-0.0398508211797,0.5396253430620,0.3774807330993,0.6173457712390,0.0462363388597,-0.0000639365650,0.3198229195092,0.7234239285237,0.0463984093968,-0.0867726425776,0.2249181356318,-0.2446135084030,0.2102227209839,0.1534124380546,-0.1293609167407
0.3935526075237,0.7384783246112,0.1816211418722,1.0000000000000,0.5964376961732,-0.4330365892278,-0.1773056211100,0.4057159093413,-0.3313831042860,0.5046503372584,0.1262097245903,-0.0048992465317,0.2184704019374,-0.0047667061528,-0.0117351072727,0.0466563595891,0.0735099186054,0.6763660047021,0.0067783824672,0.6154027993357,0.4672427352832,0.3553722416297,0.6729620743055,0.4417247308983,0.5274050283075,0.5366166249994,0.3622497209452,0.3491576311897,0.4378173778910,0.2727528345073,0.4524452955103,0.0554106759109,-0.2943707455807,0.5263272485839,0.5014729485487,0.3589168342596,0.5654466316332,-0.0139803361479,0.8564582365802,0.6095457303331,-0.5048979628211,-0.2843790056048,0.2808246028548,-0.4428067925327,0.5847642899084,-0.0554622561026,-0.0564429095939,0.1901760693448,-0.1503922602595,-0.0346259851466,-0.1580365328521,0.1422000723069,0.5944120492936,0.0262033752631,0.4746473073848,0.4686713967727,0.2022859039296,0.6386688805009,0.2686406745233,0.4809164002486,0.4821919275443,0.2360685895117,0.2743171048516,0.2139871221518,0.1872639550063,0.4025527291003,-0.0228073691627,-0.1767197412012,0.5894223343428,0.5097179533515
0.3562948730579,0.3891122552511,0.1175803554749,0.5964376961732,1.0000000000000,-0.3843849386199,-0.0385547958604,0.4729558098596,-0.2444245092910,0.6213006720782,0.5114536657156,-0.0340240887310,0.4242578669692,0.0064504497273,0.1396669212466,0.1362094508478,-0.0573931562035,0.4158788751472,0.0537222774044,0.4326155553093,0.7066038350482,0.3258917678365,0.5296676474458,0.3104367398378,0.4704712818632,0.3531944343830,0.1060984835175,0.1461271227364,0.4330978711247,0.3208255320477,0.4507265026916,-0.0692376735040,-0.2191102081524,0.5516125163322,0.4600538131300,0.2133075061997,0.3232765826630,-0.0682507897747,0.5713583248204,0.8901569467934,-0.4775719638092,-0.2256537978705,0.2119387699493,-0.4403498809396,0.5764710037226,0.2583492424594,-0.1351458988451,0.5202239418946,-0.0951001789096,-0.0150772684061,-0.0556723562446,-0.0216445159262,0.3982528086503,0.0716230856603,0.3600340111275,0.7158268512338,0.1192924828759,0.4607407732730,0.1494744033921,0.4454154041178,0.3565568614097,-0.0014926476139,0.0588037689300,0.1395830675792,0.1294646503206,0.1631928562708,-0.1264605501211,-0.2216485671888,0.4592267811079,0.3690649156541
-0.5062517736892,-0.3748232554186,-0.1990867143366,-0.4330365892278,-0.3843849386199,1.0000000000000,0.5321146168498,-0.3333847775841,0.6766799930158,-0.1993610353057,-0.0091757020380,0.0474091112033,-0.0669524539632,0.1563179258932,0.2385767466751,0.3674187484739,-0.2744159182681,-0.4635963361896,-0.1475296029589,-0.5122581980821,-0.4878918759566,-0.4357616659714,-0.4654866023502,-0.5277518805133,-0.4312489049706,-0.2738721063918,-0.2804731381046,-0.3730749734300,-0.4388959531715,-0.1454027361283,-0.4111052691505,0.0950882306614,0.6611484676341,-0.2719434042604,-0.3996706307610,-0.2854961779039,-0.5042680840842,-0.0981133751533,-0.5383935078815,-0.4482807748117,0.7521262752609,0.5977132116044,-0.3523511315976,0.6164853966615,-0.1622295231776,0.2464940823563,0.0083509594564,-0.1554209674154,0.1570087015217,0.2310335141452,0.5430894433750,-0.3364731727068,-0.4761839768998,-0.1321085759182,-0.5059680227617,-0.4153288737984,-0.4971638504782,-0.4844048396191,-0.4552169077744,-0.4149232583183,-0.3003645551783,-0.4087944978550,-0.3027552454414,-0.3961995861136,-0.0064280978752,-0.5353443069275,0.0151148542831,0.2575957265281,-0.2925281213161,-0.3134068979315
-0.0117855910494,-0.2346628573827,0.0878236003852,-0.1773056211100,-0.0385547958604,0.5321146168498,1.0000000000000,-0.1883287340928,0.8231252870057,0.0965318681027,0.5339947109273,0.4105294242356,0.6232893842592,0.3019291181067,0.7021480569458,0.8066293892346,-0.3028597125650,0.0201041573388,0.3204115397425,-0.1554585656088,0.0066107412289,-0.1375328566456,-0.2899053135254,-0.1528348111334,-0.3413108782117,-0.0359921925346,-0.1322600060782,-0.1782670105784,-0.2658358227957,0.4205171816050,-0.0155941227209,-0.2367354457690,0.5354501004669,0.1772546598412,0.1765252223743,-0.2979769670874,-0.3214561807402,0.0573325699872,-0.2207891065418,-0.1594497104133,0.5830315928907,0.7114669514824,-0.4584675171498,0.5832478733802,0.0144533648173,0.3978182481047,0.1948305145762,0.3079747633431,0.2319464785252,0.1680186028671,0.7564001464170,-0.3355087356808,-0.2439121529983,0.0526695239815,-0.1708393971803,0.0136570860055,-0.2753211152386,-0.3405188317011,-0.1892421799383,-0.4634709599250,-0.2195670873256,-0.3114599781454,-0.2187501193496,-0.5228714672455,0.2409994448551,-0.3997978433259,-0.3351305192806,0.4217296025987,0.0799695279341,-0.0232591204882
0.2703498271075,0.2573414616246,0.1440868656958,0.4057159093413,0.4729558098596,-0.3333847775841,-0.1883287340928,1.0000000000000,-0.2916478558916,0.5616052453115,-0.0052036362169,0.0425305070773,0.1139472755528,0.1478288291481,0.0158137758407,0.0231946592656,-0.1077518580947,0.3208782573068,0.0418591792220,0.3571467150783,0.3344801362607,0.3958272240121,0.5197246351597,0.2834776108404,0.8056005620702,0.1891138988597,0.2262378258448,0.2818808108533,0.5852194805437,0.0073229402133,0.6038191209715,0.2236781166249,-0.1843933514281,0.0903715080183,0.1304784870251,0.1114480710561,0.2646439805550,-0.1781580530806,0.2810846514528,0.4547495365473,-0.4419714692152,-0.4201695772239,0.6905419376764,-0.5097272644729,0.5102094658802,-0.2111706731224,-0.0272328399749,0.0577352219221,-0.0429340708757,-0.0962863375157,-0.2437307301657,0.0949121882153,0.2635085399217,0.0778109384474,0.1695267610552,0.3101341669654,0.1745094724564,0.4686270607474,0.1220949000169,0.6227593832839,0.0766734010696,0.0582448623268,0.1203409307389,0.3820978792626,-0.1655861457577,0.3011023276968,0.2807264189131,-0.1579149754940,0.0670759050704,0.0543561894047
-0.2151850071114,-0.3223680633916,0.1169566385740,-0.3313831042860,-0.2444245092910,0.6766799930158,0.8231252870057,-0.2916478558916,1.0000000000000,-0.1006039863595,0.3960267613785,0.4416422733576,0.3235057758829,0.3466943852106,0.6911566897822,0.6507590423739,-0.2635843976666,-0.1957671910540,0.2337324158976,-0.3437187894275,-0.2913819548676,-0.2271621124428,-0.4677536426196,-0.2857598153309,-0.4608786142704,-0.0876116817439,-0.1319597563725,-0.1463718681860,-0.3393252837745,0.2346638213339,-0.2032875396753,-0.1339805129558,0.5466788023735,-0.0305931124433,-0.1113125117096,-0.4427908751964,-0.4598525201876,0.1737679708717,-0.4466332512078,-0.3890577663762,0.8097896036427,0.8104289037338,-0.4870862607678,0.7961975652227,-0.1950778691244,0.3701178427813,0.2365982307997,-0.0040782040188,0.2697059091884,0.1455226259116,0.7541668225786,-0.2766953882328,-0.4460366816214,-0.0704675743537,-0.3677592115936,-0.2510838646333,-0.3036539123245,-0.5034755213015,-0.2500345591755,-0.5573272950603,-0.2841370564120,-0.3402152011268,-0.1146018868286,-0.4762196674567,0.0615578124647,-0.5319964511448,-0.2590648838052,0.4014145234234,-0.0439371486647,-0.2576708855288
0.2086282135204,0.2348556785066,0.1583370468752,0.5046503372584,0.6213006720782,-0.1993610353057,0.0965318681027,0.5616052453115,-0.1006039863595,1.0000000000000,0.2531776897183,0.1169435234032,0.4135798909656,0.3463205067284,0.2669553073083,0.2809849883750,-0.1301022217561,0.2929492799348,0.1135470380541,0.2943366233674,0.4826382461815,0.1994487941808,0.3936785159335,0.1777925734243,0.5341571934421,0.4437275775281,0.1149770362620,0.2236611058906,0.1951565667919,0.2641283172759,0.2768644962611,0.0416053689629,-0.0628467297106,0.3805591628433,0.2781889361554,0.0354809920729,0.2321110591521,-0.0824520832515,0.4347640751547,0.5685078598115,-0.2539809200441,-0.1397895450574,0.2381094383363,-0.2967196580665,0.8718242324994,0.0435430093485,0.0031075102046,0.3918518924943,0.1342938968364,0.1106345928943,0.1170032484734,-0.0698935199677,0.2541978189362,0.0784630831654,0.2697116086551,0.4391571558672,0.0500863860868,0.3754114623921,0.0700778383303,0.4525412558971,0.2814702994287,-0.0021229794701,0.1295584781126,-0.0381601953741,0.1399068745765,0.0447422519676,-0.0118732061308,-0.0569229509575,0.3285453001469,0.1985383278730
0.2722774226189,0.0036007230054,0.1577134905106,0.1262097245903,0.5114536657156,-0.0091757020380,0.5339947109273,-0.0052036362169,0.3960267613785,0.2531776897183,1.0000000000000,0.2249616991708,0.7255988051182,0.0818066731406,0.5702305710737,0.5408487683052,-0.1560476308921,0.2483184257545,0.2464138252027,0.1689964847790,0.4767925323322,0.0758108684368,-0.0387093845422,0.0847421639247,-0.1161926468656,0.1797081479085,0.0297351805052,0.0050029325727,0.0995573763190,0.5442884296466,0.1921441478673,-0.2658610574629,-0.0112392559149,0.5464896595789,0.4048635639033,-0.0983340781267,-0.0364710899542,0.1473370003593,0.1527735441270,0.3303405939553,0.0851411060014,0.3749927365255,-0.3045519389400,0.2069710952802,0.1463580999796,0.6658809506932,0.0106102765195,0.5786750042271,0.0268398040026,0.0326528762543,0.4955633183032,-0.2128707338967,0.0374339156403,0.0777224569555,0.1230262269441,0.5227222547256,-0.0912126233853,-0.0897273076614,0.0063081509226,-0.2121696700774,0.0740240742990,-0.1083056102180,-0.0102619524047,-0.2513075798485,0.2415306212054,-0.1923643608041,-0.4479135940264,-0.0154554806307,0.3531353646268,0.1908312024194
0.2482685660537,-0.0745703715169,0.3306571031037,-0.0048992465317,-0.0340240887310,0.0474091112033,0.4105294242356,0.0425305070773,0.4416422733576,0.1169435234032,0.2249616991708,1.0000000000000,0.3951473138141,0.7802141147343,0.6280278505055,0.5087593925324,-0.2002859396391,0.2174655579037,0.8339454436258,0.0797003047336,0.1282802132020,0.1944695267427,-0.0973786614373,0.1473811385299,-0.1609081474711,0.2274835652854,0.3732052931549,0.2052892102368,-0.0418385514482,0.5642637096609,0.2126417752727,0.0314426264947,0.2499513198933,0.2041886191877,0.3008244359860,-0.2360088651392,-0.0609334456302,0.1657460717626,-0.0417819559755,-0.0933979642321,0.3285193885299,0.2666056256373,-0.1931540752770,0.3490783277279,0.0049913330582,-0.1180316459747,0.8214933625836,0.0858492654689,0.7525809906327,0.0158218556798,0.4599580287168,-0.1359106489211,-0.0566390204846,0.2030439819919,0.1683373917010,-0.0064774219663,0.0643597044500,-0.1163662836302,0.1271853999183,-0.3010411302212,-0.0732276429422,0.0985524915134,0.1772185006553,-0.2971538331816,0.4130432120469,-0.0905120160330,-0.2383338878211,0.3902620335473,0.2905507049875,0.1337808389842
0.3834586877677,0.1093825632849,0.1852760772666,0.2184704019374,0.4242578669692,-0.0669524539632,0.6232893842592,0.1139472755528,0.3235057758829,0.4135798909656,0.7255988051182,0.3951473138141,1.0000000000000,0.2594446057938,0.5961884133437,0.6993973286016,-0.2599742572451,0.4457258065536,0.4284705156585,0.2921788962926,0.5598288774767,0.1775584274158,0.0789219843114,0.1653232910311,-0.0126445571255,0.2028464353595,0.0749135372667,0.0064712987409,0.1481081996017,0.7005846431794,0.3687738489822,-0.1647197351878,0.0743678335447,0.6102373305114,0.5277524827474,-0.1092667844963,0.1049072297000,0.0708748567992,0.2758133792613,0.3188601488059,0.0315002288985,0.3039261453957,-0.1903370956913,0.1081431742678,0.3230063380763,0.4105908669167,0.1675230620047,0.7756880361703,0.1640618291820,0.0369593402965,0.5421332430386,-0.2824237806306,0.2393176792850,0.1585474651459,0.2764328998334,0.5132047306286,0.0159681058844,0.0417571946992,0.0828360227042,-0.1721798551470,-0.0075283818238,-0.0488054696281,-0.0566278460007,-0.2270091923852,0.4785404889379,-0.0086904741255,-0.2836451823255,0.1288898214060,0.4232667899943,0.3208533028687
0.0268254174811,-0.1378815534602,0.1769580775594,-0.0047667061528,0.0064504497273,0.1563179258932,0.3019291181067,0.1478288291481,0.3466943852106,0.3463205067284,0.0818066731406,0.7802141147343,0.2594446057938,1.0000000000000,0.5540283535021,0.4529362204937,-0.2186470103431,0.0348611985211,0.6186666029155,0.0471528320629,0.0839715164058,0.0353257706600,-0.1076527135222,-0.0341056251998,-0.0566236197640,0.4186192511780,0.2948513912914,0.1347858687123,-0.1523701189303,0.4292272890372,0.0209155024292,0.3158249445281,0.3094414921950,0.1425488159024,0.1482336223074,-0.2406729401042,-0.1002528434511,0.0100878819016,-0.0134990255748,-0.0663486771239,0.2742656199637,0.2001751259585,-0.1217712083099,0.2207777484828,0.2088935869122,-0.1397215084973,0.6491300118321,0.0930989981496,0.8400891631041,0.1322107244960,0.4257461026871,-0.1617216986475,-0.0831401738473,0.2193712580450,0.1058027955480,-0.0706469177365,-0.0740915189804,-0.1036668447488,-0.0289639551772,-0.1360078857611,0.0623629426783,0.0381519988589,0.1308224156130,-0.3068443293412,0.3715051605336,-0.2324567205510,-0.0021876868098,0.3043542632700,0.1706953986043,0.0892781052327
0.1688258404966,-0.1047614750428,0.2696581752458,-0.0117351072727,0.1396669212466,0.2385767466751,0.7021480569458,0.0158137758407,0.6911566897822,0.2669553073083,0.5702305710737,0.6280278505055,0.5961884133437,0.5540283535021,1.0000000000000,0.7470754848411,-0.3047903809775,0.1572515936346,0.5963348417296,0.0265042795966,0.1222808035659,0.0585398538369,-0.1548163079638,0.0013543818715,-0.2024218370563,0.2295207930277,0.1129698430947,0.0618423227050,-0.1156015307475,0.6740396525834,0.1440400623597,-0.0564913417342,0.3510592307908,0.3851578844773,0.3049186931259,-0.3742230024467,-0.1396046996956,0.1781041613317,-0.0501177531685,-0.0242094637923,0.4239832689549,0.4746389957420,-0.3086098536159,0.4274441043338,0.1440881211678,0.2787504771068,0.3425280828504,0.2663314775655,0.4075035620349,0.1977547275524,0.7228710225082,-0.2890097468871,-0.1170349145147,0.0964834686554,0.0387025689476,0.0475957672381,-0.1009687887898,-0.1791420331644,-0.0423355724497,-0.3489712193144,-0.1138154487447,-0.1730910171396,0.0407485868591,-0.4329954063850,0.3068657199808,-0.3026051278385,-0.3045564378338,0.3604165975713,0.2968334120244,0.0178705590437
0.0132208535145,-0.0234580143158,0.1056871999403,0.0466563595891,0.1362094508478,0.3674187484739,0.8066293892346,0.0231946592656,0.6507590423739,0.2809849883750,0.5408487683052,0.5087593925324,0.6993973286016,0.4529362204937,0.7470754848411,1.0000000000000,-0.3889742882890,0.2492603101529,0.4432176153168,0.0615130597749,0.0970598823229,-0.0441190278807,-0.1044553513415,-0.0891387655375,-0.1573490915617,0.1375609797664,0.0443943729071,-0.0743847249876,-0.1026280271757,0.5233580057622,0.1477896952204,-0.0337193473033,0.4725904878821,0.3394776581776,0.3103284761643,-0.2651104774257,-0.1045813423263,0.0163725642686,0.0410528183145,0.0259832620533,0.4017718315671,0.5629121117395,-0.2580230360543,0.4048319329003,0.2223896080638,0.3547278575604,0.2629738559115,0.4006014464836,0.3338845889042,0.1213472805928,0.7932868838513,-0.3862484351860,-0.0275312051947,0.1192047923937,0.0200146380789,0.0974821869014,-0.2460064949772,-0.1462550025081,-0.1523845231791,-0.3160787525005,-0.1184253407816,-0.2168323884287,-0.1132878349782,-0.4414684517921,0.3951034834306,-0.2459974688543,-0.2517294447418,0.3639773677649,0.2293455519715,0.1598782065396
0.1334673416063,0.1552862172811,0.3255968056326,0.0735099186054,-0.0573931562035,-0.2744159182681,-0.3028597125650,-0.1077518580947,-0.2635843976666,-0.1301022217561,-0.1560476308921,-0.2002859396391,-0.2599742572451,-0.2186470103431,-0.3047903809775,-0.3889742882890,1.0000000000000,0.0443345408375,-0.1357776815279,0.0242487641902,0.0403998563015,0.4543322284546,0.3017488060137,0.6043861421955,0.1978248876280,-0.0144202220325,0.0851088200963,0.3840442262205,0.2904725329136,-0.1179570164838,0.0773517372148,-0.2049817193451,-0.2694524262838,-0.0994215909843,0.0204710451999,0.0893361528697,0.2991908702621,0.3445604856879,0.1410443786817,0.1094823345718,-0.2010214762702,-0.2596485900691,0.0440238454901,-0.2210517390354,-0.1318594648188,-0.3109131602729,-0.1772221662312,-0.1928321058226,-0.2612324202487,-0.3435902457975,-0.3605596671388,0.8914596122402,0.0181334559510,-0.2917819560737,0.0063301193101,-0.0439856327761,0.5825597732740,0.3689572106416,0.5785497451534,0.4188618328316,-0.0200533437049,0.1795164182079,0.3218092878374,0.4150087558601,-0.2264342743309,0.4571297673403,-0.2122329612983,-0.0637936215171,-0.0246290482751,-0.0345667692177
0.4406653543111,0.5874201153844,0.3025829103219,0.6763660047021,0.4158788751472,-0.4635963361896,0.0201041573388,0.3208782573068,-0.1957671910540,0.2929492799348,0.2483184257545,0.2174655579037,0.4457258065536,0.0348611985211,0.1572515936346,0.2492603101529,0.0443345408375,1.0000000000000,0.3465105184589,0.7319719061717,0.4808251692893,0.4263741374779,0.5314333995009,0.5261103881072,0.3382943558764,0.2896625152097,0.4465219564110,0.3693372877651,0.4771887830853,0.4490455185346,0.6040126278158,0.0669302477505,-0.2155805565413,0.4844047779825,0.6247838442009,0.1368675154826,0.5757956445956,0.1389668323638,0.6762646746416,0.4843038548141,-0.4047692285239,-0.2270925616190,0.1729279758855,-0.3104055933478,0.3274804009522,-0.0566907057645,0.0936976828067,0.3074528707494,-0.0668845939583,-0.2320163916763,0.0063587509417,0.0897599440658,0.7031638836851,0.0680481258460,0.6313219336309,0.4542202165803,0.3410858435050,0.5105670340346,0.4182636869829,0.2217591563650,0.1812872342331,0.3926237687727,0.2927560411600,0.1623672201774,0.2871531038567,0.4734597854364,-0.2007921280464,0.0045830981260,0.5070697798028,0.4719763308947
0.3315277963264,-0.0335477467279,0.3711297680711,0.0067783824672,0.0537222774044,-0.1475296029589,0.3204115397425,0.0418591792220,0.2337324158976,0.1135470380541,0.2464138252027,0.8339454436258,0.4284705156585,0.6186666029155,0.5963348417296,0.4432176153168,-0.1357776815279,0.3465105184589,1.0000000000000,0.2994294889275,0.2129660461372,0.2332256077540,-0.0189181681797,0.2384429835787,-0.1368688831977,0.2635980791381,0.4651954799635,0.2556537247526,-0.0054962806705,0.6665133482722,0.2832216557857,0.0018462976803,0.1468490652341,0.3339451292762,0.4787649698093,-0.2696173929987,0.0872005667569,0.2125954089626,0.0652799945946,0.0273487625381,0.1432001575981,0.0615700616510,-0.1262356838239,0.1454830889147,0.0246458756430,-0.1589946634771,0.6248130679965,0.1787609806396,0.6423064388845,-0.0522768665749,0.3614096815855,-0.1190247429919,0.1075011967253,0.3355307581891,0.3735318003666,0.0354133966513,0.1927805070866,-0.0119861388491,0.2322972483935,-0.2568909290502,0.0017403183683,0.2558542037727,0.1927908293079,-0.2378783004715,0.4247407690921,0.0538054392259,-0.2048080940176,0.3820712060158,0.3235675632680,0.1909138133496
0.4503035366036,0.4277698049045,0.1647033356505,0.6154027993357,0.4326155553093,-0.5122581980821,-0.1554585656088,0.3571467150783,-0.3437187894275,0.2943366233674,0.1689964847790,0.0797003047336,0.2921788962926,0.0471528320629,0.0265042795966,0.0615130597749,0.0242487641902,0.7319719061717,0.2994294889275,1.0000000000000,0.4444043050642,0.2573613279977,0.3806864997691,0.3771954242396,0.3475010080118,0.4835393275742,0.5326257791175,0.3160092018251,0.3406260121660,0.3749103019087,0.4407059823119,0.2404025172582,-0.3235818370001,0.4700163048332,0.6229374014655,0.1836957575365,0.4706549543610,-0.0199674108476,0.6198644053166,0.4324693446182,-0.5447903714002,-0.3962162123258,0.2763131970649,-0.4466164815013,0.3073267997269,-0.0898066801152,-0.0292787821714,0.1996258822725,-0.0848451135355,-0.1717269637512,-0.1565389117764,0.0243006116491,0.6224104540837,0.2021341337354,0.6059322483839,0.3895769551027,0.2009305947479,0.3663028979756,0.2566418242489,0.2204055570167,0.3896625608522,0.4065914805921,0.2035371180356,0.1398963978570,0.1292971901486,0.3572177519433,0.1407892782229,-0.1920787792050,0.3934949514972,0.4261781913046
0.6214356927296,0.2398231417246,0.1331949828377,0.4672427352832,0.7066038350482,-0.4878918759566,0.0066107412289,0.3344801362607,-0.2913819548676,0.4826382461815,0.4767925323322,0.1282802132020,0.5598288774767,0.0839715164058,0.1222808035659,0.0970598823229,0.0403998563015,0.4808251692893,0.2129660461372,0.4444043050642,1.0000000000000,0.3761711328758,0.3709610309510,0.4337295999616,0.3113108796019,0.3236540223033,0.1147575962034,0.1210067813919,0.3488295739552,0.4596067287610,0.4412716781065,-0.1653173774843,-0.2924532541657,0.5808786997836,0.5809055935311,0.2803160645071,0.2808267960750,-0.0552661469073,0.5183313063484,0.6259032390828,-0.4933643848722,-0.2284802345281,0.0491370949908,-0.4501855972600,0.3942358180260,0.0990157479489,0.1000237917864,0.6815675369637,-0.0097002142764,-0.0210846456854,-0.0927912265822,0.0557818915942,0.3935317889452,0.2075176622051,0.4330024771688,0.8318819093964,0.1930263188276,0.3283077714218,0.2626919371333,0.2883419487068,0.2633371278761,0.0812985177591,0.0093183801237,0.0440745506313,0.2877591583854,0.2104047900470,-0.2457023892380,-0.1333694485596,0.4337202899601,0.5025307300641
0.5283488024713,0.4463054497642,0.5419688234044,0.3553722416297,0.3258917678365,-0.4357616659714,-0.1375328566456,0.3958272240121,-0.2271621124428,0.1994487941808,0.0758108684368,0.1944695267427,0.1775584274158,0.0353257706600,0.0585398538369,-0.0441190278807,0.4543322284546,0.4263741374779,0.2332256077540,0.2573613279977,0.3761711328758,1.0000000000000,0.6993443324907,0.8973734477612,0.5256204145802,-0.0093781677685,0.3957848190228,0.5163230802762,0.7271082258221,0.3765443622083,0.8027212440255,-0.1337520766674,-0.1883483439002,0.2957104253503,0.4586722902785,-0.0041452571389,0.5091321054535,0.2787468809045,0.3671184554336,0.3755860377151,-0.2667353308216,-0.2857955976820,0.1649935729136,-0.3105906789143,0.1800464958222,-0.3675013007289,0.0694825768164,0.0595447920436,-0.0747548497364,-0.4519452705947,-0.1549128951523,0.5622699419737,0.2875707695714,-0.2806110501079,0.2990523207367,0.1969371423894,0.7365870520383,0.6785963396738,0.7173537473671,0.4457282273420,-0.1162817142994,0.1680925142065,0.3598004445672,0.4249826343370,0.0543654219330,0.5996725316705,-0.2062616115574,0.1851933584865,0.2502198351181,0.2175156685696
0.3345207643700,0.6932279135686,0.3311877658092,0.6729620743055,0.5296676474458,-0.4654866023502,-0.2899053135254,0.5197246351597,-0.4677536426196,0.3936785159335,-0.0387093845422,-0.0973786614373,0.0789219843114,-0.1076527135222,-0.1548163079638,-0.1044553513415,0.3017488060137,0.5314333995009,-0.0189181681797,0.3806864997691,0.3709610309510,0.6993443324907,1.0000000000000,0.6806134441445,0.6860617017090,0.1234691740360,0.2556287757273,0.4864143897077,0.6958494910907,0.1646836589347,0.6888719699531,-0.0267706180891,-0.2617935056766,0.2899528996957,0.3637586224952,0.1762999838696,0.6633257799397,0.1058985241719,0.6380206809949,0.6287612382358,-0.5475694475179,-0.4880450435673,0.3873573476726,-0.5999953088886,0.4593694932033,-0.3022340342260,-0.1811218542823,0.0943913101485,-0.2432187044422,-0.3590706179486,-0.3199513848084,0.4112129916079,0.4777194607242,-0.1688054350867,0.3239584857892,0.2996440100523,0.5581380367134,0.9501910662054,0.5577212521556,0.6786692770352,0.0669019897026,0.1430368223039,0.3646457712370,0.5003088128594,-0.0104032565824,0.6337504308895,-0.0650572227611,-0.0860644515295,0.2843162960882,0.2915952387275
0.5896572054052,0.4824636711219,0.6098141581656,0.4417247308983,0.3104367398378,-0.5277518805133,-0.1528348111334,0.2834776108404,-0.2857598153309,0.1777925734243,0.0847421639247,0.1473811385299,0.1653232910311,-0.0341056251998,0.0013543818715,-0.0891387655375,0.6043861421955,0.5261103881072,0.2384429835787,0.3771954242396,0.4337295999616,0.8973734477612,0.6806134441445,1.0000000000000,0.4456046274529,0.1038858674933,0.4105590841852,0.6292098052271,0.6362671322125,0.3632200447722,0.6950816988077,-0.2287355672701,-0.2629496390175,0.3077152508007,0.5271699972346,0.0711221358349,0.5881732012050,0.3802706213523,0.4815838730614,0.3971876032976,-0.3596357211668,-0.3467990920014,0.1260024810087,-0.3622091156035,0.1387624994563,-0.3853303886988,0.0415657986929,0.0501930079952,-0.1408398393403,-0.4317742802505,-0.2263127878443,0.6614996059411,0.3401167196684,-0.2000607283045,0.3716069231537,0.2500498148022,0.7298919968008,0.6876376447102,0.7935776397123,0.4356648315039,0.0360602927131,0.2916538794509,0.4563658739936,0.3477389227118,0.0293248122187,0.6330111320249,-0.3165224549011,0.1289309448424,0.3078368322976,0.2695573524548
0.2539983623666,0.3983829876029,0.1042401618821,0.5274050283075,0.4704712818632,-0.4312489049706,-0.3413108782117,0.8056005620702,-0.4608786142704,0.5341571934421,-0.1161926468656,-0.1609081474711,-0.0126445571255,-0.0566236197640,-0.2024218370563,-0.1573490915617,0.1978248876280,0.3382943558764,-0.1368688831977,0.3475010080118,0.3113108796019,0.5256204145802,0.6860617017090,0.4456046274529,1.0000000000000,0.1566271038736,0.1863428136585,0.2913041135730,0.7633875473195,-0.0657022004043,0.5760168880528,0.1006292174180,-0.3187307569032,0.0699568454222,0.1326679510624,0.2119207328538,0.3926436309888,-0.1331793562816,0.4098428423825,0.5395499403399,-0.5170838044247,-0.4760070664043,0.7246839695553,-0.5768113596836,0.5460197710620,-0.2601574716871,-0.1961303319403,0.0151287239957,-0.2519421229245,-0.1787169689441,-0.3694533719635,0.3642343648943,0.2963115850398,-0.1016817415254,0.1635430990584,0.3178291750563,0.3645565405535,0.6625884005974,0.2579474537270,0.8567356051024,0.0728653237004,0.0726636365327,0.1443133080314,0.6385646421794,-0.1548202733334,0.5553584602169,0.1994464007082,-0.1622882055624,0.1004119122179,0.1190388516663
0.3022190171869,0.2800124528911,0.1536762081223,0.5366166249994,0.3531944343830,-0.2738721063918,-0.0359921925346,0.1891138988597,-0.0876116817439,0.4437275775281,0.1797081479085,0.2274835652854,0.2028464353595,0.4186192511780,0.2295207930277,0.1375609797664,-0.0144202220325,0.2896625152097,0.2635980791381,0.4835393275742,0.3236540223033,-0.0093781677685,0.1234691740360,0.1038858674933,0.1566271038736,1.0000000000000,0.3378746962531,0.2617986316159,-0.0146916129834,0.3780344200629,0.0414314219839,0.1493535727867,-0.2067514611259,0.5099543923829,0.4445343771799,0.2085086879264,0.2226665831608,-0.0459785593400,0.5324143221397,0.2903298070313,-0.2091754393330,-0.1078776798033,0.0547163178718,-0.1720546677013,0.3660451743767,0.0111815058264,0.0833521712813,0.1394106786843,0.2453098504580,0.1256726009782,0.0415855538033,-0.0462161653667,0.2339964804004,0.2283319056601,0.2792004786804,0.2742062482969,-0.1102746513833,0.1359989256240,-0.0527533797023,0.1503508106875,0.7198764761597,0.1693017366002,0.1861081015837,-0.1728670290903,0.2123880684693,-0.0283511581142,0.0505997787185,-0.1119490755897,0.5241356450647,0.3951805804634
0.2806183036461,0.4619384336497,0.5019449942607,0.3622497209452,0.1060984835175,-0.2804731381046,-0.1322600060782,0.2262378258448,-0.1319597563725,0.1149770362620,0.0297351805052,0.3732052931549,0.0749135372667,0.2948513912914,0.1129698430947,0.0443943729071,0.0851088200963,0.4465219564110,0.4651954799635,0.5326257791175,0.1147575962034,0.3957848190228,0.2556287757273,0.4105590841852,0.1863428136585,0.3378746962531,1.0000000000000,0.6162776647418,0.2695433171259,0.3569918906298,0.4341144448984,0.2322128168431,-0.0995673742896,0.2361842193530,0.3702586645893,-0.1678868945736,0.4995752888427,0.3021862826904,0.3442779709619,0.1545138336369,-0.1540054816249,-0.2779688264524,0.1385893847126,-0.1759065795456,0.1232792974358,-0.3592512055244,0.2399469306401,-0.0846451085409,0.2912000310485,-0.3125070625714,-0.0421926862836,0.0938163564475,0.3719309356898,0.0649017029323,0.4760878195573,-0.0470514662412,0.3060543808604,0.3095430991224,0.3624800149527,0.1073660045429,0.2307858744873,0.6126546917012,0.5628890687698,0.0907932858044,0.0349459596356,0.2559474782906,0.0230981354776,0.0600294962375,0.1623785833543,0.1014457766619
0.2663902508927,0.5222729296987,0.8134337394175,0.3491576311897,0.1461271227364,-0.3730749734300,-0.1782670105784,0.2818808108533,-0.1463718681860,0.2236611058906,0.0050029325727,0.2052892102368,0.0064712987409,0.1347858687123,0.0618423227050,-0.0743847249876,0.3840442262205,0.3693372877651,0.2556537247526,0.3160092018251,0.1210067813919,0.5163230802762,0.4864143897077,0.6292098052271,0.2913041135730,0.2617986316159,0.6162776647418,1.0000000000000,0.3625809756112,0.1811886893875,0.3788003097439,-0.0500721243702,-0.2246087525476,0.0677125882858,0.1735838762886,-0.2225994083810,0.6326855953266,0.6366996116473,0.3337786560524,0.1904153735872,-0.2144049226103,-0.3538121928228,0.1497042300430,-0.2574248859901,0.1307155692762,-0.4161389481109,0.0587456569651,-0.1931528943285,0.0512570464093,-0.4127090165102,-0.1697841155631,0.4760996258685,0.2589222798138,-0.0712488271861,0.2902202357659,-0.0459714683175,0.5849208703700,0.5631282292043,0.6638395411242,0.2576047453504,0.1210427597524,0.4603806688940,0.9081326955291,0.2188265104910,-0.2315350855503,0.3165875830515,-0.1257585875680,-0.0109643745660,0.1085358188399,-0.1473382754995
0.3581507495053,0.4920643105455,0.3067921762621,0.4378173778910,0.4330978711247,-0.4388959531715,-0.2658358227957,0.5852194805437,-0.3393252837745,0.1951565667919,0.0995573763190,-0.0418385514482,0.1481081996017,-0.1523701189303,-0.1156015307475,-0.1026280271757,0.2904725329136,0.4771887830853,-0.0054962806705,0.3406260121660,0.3488295739552,0.7271082258221,0.6958494910907,0.6362671322125,0.7633875473195,-0.0146916129834,0.2695433171259,0.3625809756112,1.0000000000000,0.1416218111900,0.7412386922893,0.0472605079264,-0.3201453967986,0.1778558688662,0.2549014555705,0.0830929037568,0.4912813639537,0.1294749580704,0.3956580977164,0.5328003036401,-0.4273470284627,-0.3775903738594,0.5136626204482,-0.4483258469470,0.2178465334383,-0.1752559558764,-0.1339439920413,0.1055709385428,-0.2794011553996,-0.4314430654891,-0.2667514891965,0.4195159515542,0.3507327337707,-0.2400696554202,0.2257135966406,0.3307486914668,0.5761116478382,0.6729349085624,0.5020021160262,0.6135824546561,-0.0922466475063,0.1327765041530,0.2579625191648,0.7503125070775,-0.0500994344329,0.6477233562550,0.0008790229929,-0.0684174534779,0.1977645629517,0.1510802901606
0.5355770333670,0.1986441452702,0.3497263353265,0.2727528345073,0.3208255320477,-0.1454027361283,0.4205171816050,0.0073229402133,0.2346638213339,0.2641283172759,0.5442884296466,0.5642637096609,0.7005846431794,0.4292272890372,0.6740396525834,0.5233580057622,-0.1179570164838,0.4490455185346,0.6665133482722,0.3749103019087,0.4596067287610,0.3765443622083,0.1646836589347,0.3632200447722,-0.0657022004043,0.3780344200629,0.3569918906298,0.1811886893875,0.1416218111900,1.0000000000000,0.4662890305309,-0.0899025956027,0.0410764053696,0.7475234838667,0.7326994586063,-0.1827321237325,0.2672157100110,0.2479878688659,0.3951568126601,0.2290370221726,0.0516880155728,0.1293135246315,-0.2132469084821,0.0770374601546,0.2352841839618,0.0433975575150,0.2965883435242,0.4791585711961,0.3646351782670,-0.0813174161591,0.4722477424366,-0.1691512147889,0.2029261247274,0.1208883479552,0.3643022553293,0.2463607315768,0.2004159731757,0.1568243636760,0.2653096012172,-0.1724445539157,0.0754890079148,0.1195790338754,0.1219343159523,-0.2220222995165,0.5755733463873,0.1446533762091,-0.3413724176513,0.2856826234584,0.5335794667327,0.4007997136269
0.6043962768819,0.4855161254411,0.4379620613160,0.4524452955103,0.4507265026916,-0.4111052691505,-0.0155941227209,0.6038191209715,-0.2032875396753,0.2768644962611,0.1921441478673,0.2126417752727,0.3687738489822,0.0209155024292,0.1440400623597,0.1477896952204,0.0773517372148,0.6040126278158,0.2832216557857,0.4407059823119,0.4412716781065,0.8027212440255,0.6888719699531,0.6950816988077,0.5760168880528,0.0414314219839,0.4341144448984,0.3788003097439,0.7412386922893,0.4662890305309,1.0000000000000,-0.0363272970436,-0.1598117353111,0.4241829976505,0.5814794627758,0.0400433217562,0.5108103024160,0.1490076701350,0.4527319822835,0.4586877863911,-0.3424918847077,-0.3017936990515,0.3395010510780,-0.3437853944474,0.3009203843740,-0.2190420995031,0.0423244149491,0.2003021181300,-0.0890950239562,-0.3497920017139,-0.0518525918388,0.1964125468400,0.4265635496054,-0.1146295429516,0.3710357278106,0.3194711742837,0.5165633941473,0.6279260061957,0.5171332394630,0.3872573001321,-0.0611504321169,0.2068638439196,0.2307371476035,0.3246128079289,0.1319859721431,0.6067976228510,-0.1237130252529,0.1216230132833,0.2905845585478,0.3017173033960
-0.2552232678580,0.0153016271610,-0.1673736993867,0.0554106759109,-0.0692376735040,0.0950882306614,-0.2367354457690,0.2236781166249,-0.1339805129558,0.0416053689629,-0.2658610574629,0.0314426264947,-0.1647197351878,0.3158249445281,-0.0564913417342,-0.0337193473033,-0.2049817193451,0.0669302477505,0.0018462976803,0.2404025172582,-0.1653173774843,-0.1337520766674,-0.0267706180891,-0.2287355672701,0.1006292174180,0.1493535727867,0.2322128168431,-0.0500721243702,0.0472605079264,-0.0899025956027,-0.0363272970436,1.0000000000000,0.0066125349437,-0.0458665394492,-0.1507985271200,-0.0452796527852,0.0422479641965,-0.1792760728331,0.0231680955627,-0.0497270274869,-0.1401224377802,-0.1841464771359,0.2449950802229,-0.1380516390845,0.0953403103958,-0.1163848177074,0.0784081614605,-0.1089342261386,0.2624736123273,-0.0473740679662,-0.0372954477781,-0.1476667795462,0.1804958146795,-0.0023717193034,0.1328279784345,-0.1489863554334,-0.0938377990008,0.0041186040572,-0.1280200289669,0.0348761361825,0.0266806232349,0.1760764219256,0.0566063061190,0.1544022185879,-0.0007444106485,-0.0641053791577,0.6166071967833,-0.1944314816769,-0.0314338189879,-0.0358093183187
-0.1976666041171,-0.2118390508859,-0.0477705954533,-0.2943707455807,-0.2191102081524,0.6611484676341,0.5354501004669,-0.1843933514281,0.5466788023735,-0.0628467297106,-0.0112392559149,0.2499513198933,0.0743678335447,0.3094414921950,0.3510592307908,0.4725904878821,-0.2694524262838,-0.2155805565413,0.1468490652341,-0.3235818370001,-0.2924532541657,-0.1883483439002,-0.2617935056766,-0.2629496390175,-0.3187307569032,-0.2067514611259,-0.0995673742896,-0.2246087525476,-0.3201453967986,0.0410764053696,-0.1598117353111,0.0066125349437,1.0000000000000,-0.1999852959629,-0.0699164385718,-0.2165215651155,-0.2647215768778,-0.0472631214848,-0.3053387443244,-0.2078671817175,0.5808451556429,0.4404844910602,-0.2909860175214,0.4553149297502,-0.0514549627699,0.0283509054519,0.2126786500349,-0.0895585371901,0.3300091053445,0.2293601449196,0.4748071993932,-0.3163285413869,-0.2361769770946,-0.0139756370051,-0.1671858281470,-0.2688504668099,-0.2774780174960,-0.2963197744987,-0.2236088107230,-0.3198894327301,-0.2136748717667,-0.2392913867793,-0.2019699426954,-0.4342259641851,0.1385469438355,-0.3472700798868,-0.1041814162194,0.6263555605701,-0.1956253325000,-0.1275775210267
0.4878185824729,0.3444529730895,0.1707338349733,0.5263272485839,0.5516125163322,-0.2719434042604,0.1772546598412,0.0903715080183,-0.0305931124433,0.3805591628433,0.5464896595789,0.2041886191877,0.6102373305114,0.1425488159024,0.3851578844773,0.3394776581776,-0.0994215909843,0.4844047779825,0.3339451292762,0.4700163048332,0.5808786997836,0.2957104253503,0.2899528996957,0.3077152508007,0.0699568454222,0.5099543923829,0.2361842193530,0.0677125882858,0.1778558688662,0.7475234838667,0.4241829976505,-0.0458665394492,-0.1999852959629,1.0000000000000,0.7347703786367,0.1462556824528,0.2800522810460,0.0022665306890,0.6091288734186,0.4197618081843,-0.1995639615069,0.0244239263327,-0.1227954480642,-0.1131226850680,0.3834462637423,0.2700062029986,0.0106648933321,0.5689058534994,0.0730036391943,-0.0169749392574,0.3013888848161,-0.1541890331197,0.3463020410712,0.0971043819771,0.3996293815677,0.4848967435529,0.0586883582079,0.2662184037660,0.1401755625599,-0.0132295275584,0.3488325174299,0.0687152279766,-0.0024790826351,-0.1839054566913,0.4957201096749,0.1679497321193,-0.1967071111561,-0.0009268533398,0.7036197929142,0.5936498966579
0.6862767518862,0.3873180126468,0.2532504989414,0.5014729485487,0.4600538131300,-0.3996706307610,0.1765252223743,0.1304784870251,-0.1113125117096,0.2781889361554,0.4048635639033,0.3008244359860,0.5277524827474,0.1482336223074,0.3049186931259,0.3103284761643,0.0204710451999,0.6247838442009,0.4787649698093,0.6229374014655,0.5809055935311,0.4586722902785,0.3637586224952,0.5271699972346,0.1326679510624,0.4445343771799,0.3702586645893,0.1735838762886,0.2549014555705,0.7326994586063,0.5814794627758,-0.1507985271200,-0.0699164385718,0.7347703786367,1.0000000000000,0.1723596442222,0.4286275685041,0.0838104196565,0.6273214326955,0.4122871605888,-0.2875687143151,-0.1367813436760,-0.0780744678940,-0.1954316119962,0.2806950082709,-0.0245453048925,0.1500417713444,0.3803534184098,0.1118981834320,-0.0985702687621,0.1515603281051,-0.0381425381084,0.4281490067701,0.1142878816009,0.5292118622452,0.4413903404472,0.2335347879988,0.3288999007658,0.3526200372694,0.0607782601024,0.3703540209167,0.2435251567625,0.0745359403740,-0.1759941862247,0.4190497585165,0.3353669169427,-0.3261321636053,0.2029276752092,0.5716577184387,0.6875889992870
