1.0000000000000,-0.0587868805625,-0.2409543192741,0.4243091514098,0.5978924861638,-0.0953318535035,0.1964966490753,0.6556399484131,0.1955391442268,0.6055130137425,0.5457477819843,-0.0845839590270,0.4879132722957,-0.1487970678870,0.5422417107960,0.0584351850437,0.0975292467213,0.1672160556867,0.0247132774077,0.1516207361399,0.7235381337290,0.3925026989548,0.1993178291491,0.1404571362701,0.5620929845819,0.0271207080293,-0.1550332745449,-0.2588067291156,0.4088707774488,0.3704292417153,0.6699898062762,-0.1386501080487,-0.0845855798986,0.3290959174689,0.2243339703288,0.4412838297956,0.0704108135960,-0.3590264623249,0.3474059953238,0.5377979561927,0.0005164918142,-0.0219655287066,-0.0644521400631,-0.1178843831239,0.4611237222708,0.0835416360507,-0.0471315360408,0.3784021287048,-0.0975517826583,0.1145510402836,-0.0622701250771,0.1422512038405,0.0080124833652,-0.1578990732941,-0.0427243056356,0.5969411734454,-0.1383526024117,0.1103225562610,-0.1365222453177,0.4114315859188,0.1030354286568,-0.1634898300967,-0.1223684063622,-0.1421771987361,0.0241021986443,0.0096384581136,-0.1701439850325,-0.0057876367630,0.1037304775161,0.1336499167455
-0.0587868805625,1.0000000000000,0.3272813037572,0.5774801778205,0.0830155574091,-0.2816192769887,-0.2563520081194,-0.0261166516083,-0.3843804972980,-0.0632126513474,-0.2418926961634,0.1188853716616,-0.0503832128297,-0.0041644535116,-0.1068318814552,-0.3851435539584,0.3288868427188,0.5841150336018,0.2510583885339,0.4612057177266,0.0478902358798,0.2108678497828,0.6139317590445,0.5115619559359,0.0776021135440,0.3124328969955,0.5228981498976,0.3547102018644,0.1424478003154,0.1337919274843,0.1366530124047,0.1006402581728,0.0511161958526,0.1157946125630,0.3836995740053,0.0506342267492,0.8047157381130,-0.2661794815091,0.4389873804286,0.1134976845484,-0.4196302503234,-0.4912061959362,0.3482476177575,-0.5774073430567,-0.0160647970852,-0.2160855234848,-0.1609013794016,0.0240755925910,-0.0936688770673,-0.4457557026345,-0.3432035949059,0.4332786941495,0.2095313802102,-0.0668154596627,0.1125507083097,0.0077797132028,0.1842286258447,0.6328907724154,0.3612689649639,0.2438239060011,0.3364480745001,-0.2302977989385,0.3281166318325,0.3610408329955,0.0522572161210,0.4457167594050,-0.0847402434224,-0.1607133767257,0.0717490313286,0.1286222886565
-0.2409543192741,0.3272813037572,1.0000000000000,0.0854893879072,-0.1939427594091,-0.0577940685957,-0.1972105619339,0.0217469767547,-0.1378530969212,-0.0907066030373,-0.3695068321027,0.1632053754094,-0.2562206771872,0.1298021351350,-0.1134905179486,-0.1486999431132,0.4540404202601,0.3051146313838,0.1776858695924,0.1049267924197,-0.2183491468456,0.3957694386809,0.2533686700628,0.6183619483452,0.0893809452795,0.0828517058909,0.4264998790068,0.7817653481356,0.1044462032919,-0.1647946240458,0.0497454509333,0.0271252559128,-0.1280308059652,-0.1243091046924,-0.0724319665172,-0.2555838209343,0.1013474107596,0.4251851169487,0.0284746427046,-0.1443308123269,-0.2239563413231,-0.3213236150248,0.2506391303343,-0.1653021113615,-0.0475755578591,-0.3068082959740,-0.0357267856109,-0.2348730584663,0.0282118239150,-0.1965813827362,-0.2439829404653,0.4605835488791,0.0545977989550,0.0514294934235,0.0412175988276,-0.2006243047972,0.4261207930663,0.1865664897365,0.4593717777827,0.1710815366788,0.0272486309207,-0.2012445371776,0.6930350140190,0.4038427754490,-0.2777493670212,0.0920409647991,0.0700139233655,-0.0822167661003,-0.1168499063822,-0.2966451211829
0.4243091514098,0.5774801778205,0.0854893879072,1.0000000000000,0.4395714687390,-0.2908927632085,0.0259993324538,0.4355791632916,-0.1802150256322,0.4897358498740,0.1895786401108,0.1046375829281,0.4241307566018,-0.0151900251402,0.2663816017622,-0.1529335254519,0.3510915961554,0.5095410069668,0.2531225997729,0.5050999489373,0.4829809936277,0.2913693063074,0.7568227814276,0.3320419633382,0.5351799603686,0.4389474284403,0.3446745680941,0.0679019908936,0.3982598396687,0.4587773775881,0.4798724076895,0.1572927815367,-0.0133944264168,0.3942860716881,0.5171831650373,0.2174002213142,0.5801782823021,-0.5038096043306,0.8359530476544,0.4240105487645,-0.3330164021268,-0.3520262410264,0.3226664247236,-0.5569354947728,0.5195140716123,-0.1148136498717,-0.0915924355998,0.3029162129998,-0.0361754389742,-0.3248181448859,-0.1526842361873,0.4244711280997,0.1379262167207,-0.1123935799703,0.0542657098222,0.3923656033258,-0.1200898385019,0.6897482256732,0.0450637359624,0.6092732875288,0.3681567822958,-0.3572190674216,0.1675591953402,0.2519310861518,0.1456645155365,0.3171564578333,-0.0641601330669,-0.2436267518052,0.1142854706853,0.2920388689384
0.5978924861638,0.0830155574091,-0.1939427594091,0.4395714687390,1.0000000000000,-0.2115333874997,0.0320808907714,0.7364777894694,0.0171065241981,0.6741561591871,0.6415307597617,-0.4357442577376,0.5385829428281,-0.4134573103938,0.1601546093424,-0.0012286854872,0.1021148095669,0.1607686549772,-0.3222831388907,-0.0594056366855,0.7489820763794,0.3805444942814,0.2720136056728,0.1232472712618,0.6995979842025,-0.2724415250619,-0.2045075217963,-0.3522056746191,0.6670197471876,0.2373943729367,0.6913201822516,-0.1108064750680,0.0553229625782,0.1869612373013,0.0237039081663,0.2726139620464,0.1922145092587,-0.2616979810541,0.3899636391404,0.9195345187768,-0.0209504481342,-0.1158000425454,0.3451642380744,-0.2380061279027,0.5766693663870,0.3135482233869,-0.2468186976366,0.5741827156279,-0.3195457766895,-0.1514865215666,0.0250054007049,0.0713586698576,0.0709243873788,-0.2464501178991,-0.1603845112955,0.8107735098950,-0.0004891064613,0.2381024064410,-0.0530065063613,0.6111209124634,-0.1029084497586,-0.1703519964079,-0.1366574170871,0.2462418801118,-0.0134626434438,0.2826105924755,-0.1570238128981,0.0337622176843,0.0636879649369,0.0330294954700
-0.0953318535035,-0.2816192769887,-0.0577940685957,-0.2908927632085,-0.2115333874997,1.0000000000000,0.5192933274718,-0.2765443549915,0.6895417455571,-0.1474450542708,0.0962123870250,0.4005788864408,0.0779966092003,0.2197798262393,0.3836603050777,0.7226965856934,-0.4976154714772,-0.0482340556581,0.1844809653770,0.0417095252379,-0.2961149970468,-0.1919568007263,-0.3604749256933,-0.2337505601496,-0.3672039843812,0.0634607733254,0.1604927451373,0.0200822877879,-0.4029838153892,0.1853598799370,-0.2956239073654,0.2180637639828,0.5548631306486,0.0558712881304,0.0682303491487,-0.3333452187195,-0.2602357595893,0.0581388601301,-0.3542737552254,-0.2540824539134,0.7294975962370,0.5182935460049,-0.4034540314172,0.6031517819662,-0.1978344019627,0.1162361434359,0.1484059694178,-0.0643572827257,0.0542859578931,0.2585862692518,0.4896014826023,-0.4265717186946,-0.3367559472479,0.0019849236068,-0.3216535024520,-0.1904522177822,-0.1808772260851,-0.3862567741971,-0.3131067881686,-0.4418462590593,-0.2054991037963,-0.1407779171509,-0.1853272888923,-0.4051571207318,-0.1887340478059,-0.4087909520393,0.1062580891593,0.3244251901604,-0.1716741303427,-0.1408461400651
0.1964966490753,-0.2563520081194,-0.1972105619339,0.0259993324538,0.0320808907714,0.5192933274718,1.0000000000000,0.0206009227384,0.7518985473712,0.1162084871726,0.3946847584307,0.5074586304862,0.3851061348187,0.1577613402869,0.5327563692224,0.6653215228872,-0.3313192324887,-0.0476638066809,0.3692689556962,0.1926019096979,0.0702449734175,-0.0105026864349,-0.1424347105555,-0.1434837334365,-0.0923911179241,0.2988072159006,0.0882456976845,-0.1960051074042,-0.0953121905733,0.4571040151766,-0.0175221191653,-0.0304529480958,0.3236835769487,0.1443484014536,0.2463566698164,-0.1510821564308,-0.1900904684642,-0.2299453599875,-0.0934705464937,0.0173618653976,0.4148365527843,0.5633011982138,-0.3253867572679,0.3110300567881,0.0398748245286,0.2289393087767,0.0958314465864,0.2884309050402,0.0343759292803,0.0628098504599,0.4977676205914,-0.2092583683018,-0.4634356722286,-0.1831451726774,-0.3740240637598,0.1220194867223,-0.3084542640643,-0.1897736029358,-0.3447187679714,-0.1422763717378,-0.2026583135917,-0.2902790163190,-0.3844597342266,-0.2416646760891,-0.0108242418144,-0.3299672031434,-0.1514323392808,0.0586703890598,-0.1938200903396,0.0157355520373
0.6556399484131,-0.0261166516083,0.0217469767547,0.4355791632916,0.7364777894694,-0.2765443549915,0.0206009227384,1.0000000000000,-0.0078341282912,0.7832304336822,0.4968499984201,-0.3760368391929,0.3578512963077,-0.2997861844113,0.2462583425429,-0.0133032262138,0.2766494476665,0.0282891923825,-0.3167763917971,-0.1658139245639,0.6839060894335,0.5766276933473,0.4303012351408,0.2257096604444,0.8969149674241,-0.1291171086677,-0.2997325090267,-0.2511080526357,0.7887512900393,0.1836917328558,0.8803124507704,-0.1733085108371,-0.0689775809329,0.0817536402880,-0.0961427314781,0.2887187077492,-0.0452729812322,-0.1821187119759,0.3637055643581,0.7286718758146,-0.1294948046835,-0.2657336131313,0.3800178850223,-0.3145720335907,0.7142617124878,0.0249517551564,-0.1024929663275,0.2824586231116,-0.1811315725504,-0.0664884328766,-0.0260381405172,0.2434570975095,-0.0248982657446,-0.2099778099604,-0.1481544721398,0.6373879696645,0.0452715867428,0.3373348589076,-0.0597351575653,0.7784121817687,-0.1214350480740,-0.1664050627696,0.0193450926401,0.3062936443820,0.0475797681077,0.2303107092098,-0.0836316311021,-0.0020828405087,-0.0590712959715,0.0082024076501
0.1955391442268,-0.3843804972980,-0.1378530969212,-0.1802150256322,0.0171065241981,0.6895417455571,0.7518985473712,-0.0078341282912,1.0000000000000,0.0247686420389,0.4558740962404,0.3996979690150,0.3291401534004,0.0490185649854,0.5813756654745,0.8070969048414,-0.4238096291177,-0.0680536757558,0.2438648554879,0.0728556804078,-0.0702895085356,-0.0035057425645,-0.3541176637203,-0.1803725137524,-0.1789964284016,0.0568449834407,0.0807959610990,-0.0652023493004,-0.2025896398207,0.3493630123492,-0.0324965207528,-0.0261956642743,0.3149658693579,0.1837083401883,0.1063343671511,-0.3147694947281,-0.2815946981127,0.0802608459571,-0.2557540076177,-0.0554281702446,0.5768253028559,0.5603225592576,-0.4376439382279,0.6164479090551,-0.0741990865410,0.2837320050827,0.0933283558016,0.1026715327380,-0.0600095267656,0.2268715213703,0.5333827157871,-0.3468957461803,-0.4950556237908,-0.1727427791241,-0.5567649380806,0.0533846981118,-0.2563837236287,-0.4237817482146,-0.3721679230648,-0.2928472995898,-0.2432318373722,-0.2055060025788,-0.2183189517837,-0.3878630780252,-0.3013598913922,-0.4550509519679,-0.1046384219746,0.2133042213852,-0.1693814077408,-0.1448862679258
0.6055130137425,-0.0632126513474,-0.0907066030373,0.4897358498740,0.6741561591871,-0.1474450542708,0.1162084871726,0.7832304336822,0.0247686420389,1.0000000000000,0.3720694554406,-0.2328118030259,0.4305460845405,-0.0737747595701,0.2939633947336,0.1563296216199,0.1098901736748,0.1023256310921,-0.1862213011808,-0.0297807368267,0.6510067410705,0.3485679878149,0.3720083968674,0.0434484839310,0.7770159487194,0.0071141136126,-0.2530456848389,-0.2491811842499,0.4726505310587,0.2217529190528,0.6564335626364,-0.0885353844717,0.0684233398423,0.1726141425019,0.0346024823913,0.2122891443942,-0.0081879368622,-0.2747754932488,0.4537895801788,0.6361911169132,0.0561714888115,-0.1414851076362,0.2245931924027,-0.2149435095082,0.9081728706594,-0.0522868445173,-0.1095187187444,0.3271312846878,-0.0319329146271,-0.0073577434440,0.1484126368736,0.0947918671564,-0.0372860140602,-0.2356834133055,-0.1010314285127,0.5814731209744,-0.0818332886574,0.3105954937476,-0.1971564077102,0.6496875761743,-0.0448291690468,-0.2486867141974,-0.0794373937950,0.0126013371404,0.0539947583998,0.1089843945870,-0.0382551648848,0.0557825302788,-0.0185574772749,0.0709858436738
0.5457477819843,-0.2418926961634,-0.3695068321027,0.1895786401108,0.6415307597617,0.0962123870250,0.3946847584307,0.4968499984201,0.4558740962404,0.3720694554406,1.0000000000000,-0.1908458663135,0.6792704845457,-0.3131056054292,0.4295621062096,0.3443891743679,-0.1203224641981,-0.0265262407913,-0.1361545201219,0.0068044957432,0.5424764816918,0.1422154761852,-0.0602559407734,-0.1050735529001,0.3553784056498,-0.1017839664837,-0.1033068925659,-0.3786121252423,0.3615337990344,0.4159498690864,0.3966146641999,0.0133048440926,-0.0001933747091,0.3788349149575,0.1586992922961,0.1594586278712,-0.0466979657913,-0.2287154442670,0.1561917315196,0.5644591615416,0.1675955051834,0.3145659363282,-0.0152514367735,0.1692501441296,0.2960245052118,0.6590049650197,-0.1152499329375,0.5848656973374,-0.2366312431249,0.0520123917357,0.2845984820720,-0.1409330086057,-0.1427589712495,-0.2142424749257,-0.3304274660738,0.6322813063243,-0.2103565807211,-0.1061338007657,-0.2184135748184,0.2469023936360,-0.1102908940420,-0.1249796790987,-0.2866320088090,-0.0315390750843,-0.0607961801152,-0.0722717121252,-0.1116313099731,-0.0499629080723,0.1477636969068,0.1171005585326
-0.0845839590270,0.1188853716616,0.1632053754094,0.1046375829281,-0.4357442577376,0.4005788864408,0.5074586304862,-0.3760368391929,0.3996979690150,-0.2328118030259,-0.1908458663135,1.0000000000000,-0.0074873371894,0.6925336298859,0.4577654683501,0.3187097946016,-0.1975117828990,0.2292484056230,0.8329035394553,0.4788546345893,-0.3102377126502,-0.2286577427492,-0.0209868295532,-0.0355354391050,-0.3810030500811,0.6323630007013,0.5729652441172,0.3157028207490,-0.4392388871998,0.3402122267644,-0.3653190658554,0.3679479358465,0.2293069843039,0.0397835848040,0.3122735668011,-0.3314112724772,0.0582799749867,-0.1990156685530,-0.0599381254635,-0.4554597172200,0.1055568934197,0.1940015508814,-0.2969697046111,0.1305444759615,-0.2709001719515,-0.2201198962680,0.3799726821974,-0.1283453575322,0.4351214651755,0.0507726290587,0.1515167233256,-0.0120019036973,-0.3296376351777,0.1432592402823,-0.0961934713901,-0.3808997858831,-0.3219136323476,-0.0599621596542,-0.2632805663224,-0.3373721354863,0.1663675177808,-0.2382782260024,-0.0071576795477,-0.2585034455067,-0.0466049334213,-0.3841049696269,0.1554172194937,0.0430944906374,-0.2732026141874,-0.1457891836560
0.4879132722957,-0.0503832128297,-0.2562206771872,0.4241307566018,0.5385829428281,0.0779966092003,0.3851061348187,0.3578512963077,0.3291401534004,0.4305460845405,0.6792704845457,-0.0074873371894,1.0000000000000,-0.1543687226364,0.4343838358144,0.3721006962937,-0.0350061190615,0.2759875210155,0.1381354794282,0.3663035299505,0.6218147978473,0.1348621372797,0.1510068801056,0.0352434350811,0.3214617731357,0.1550675132714,0.0991928318016,-0.1805025640430,0.2814606230641,0.5478635478383,0.2940759025200,0.0692140919149,-0.0095968547819,0.5713323261445,0.4824440174871,0.0566067760457,0.1010736796552,-0.3571296063606,0.3493955919101,0.4381392707889,0.0901878793376,0.2444072573978,-0.1144526546174,-0.0550254477110,0.3821899060249,0.3942698979775,-0.2328622716239,0.7752628611072,-0.1910437651471,-0.1281137316977,0.3180295567222,-0.0331326806477,-0.1023749919008,-0.2080626963218,-0.2565175162209,0.6456526565547,-0.2345982055092,0.0325249624747,-0.1536119437578,0.2421482812816,0.0469041999617,-0.3733585955877,-0.2162137312324,-0.0268055492765,-0.0364417353252,-0.1727232832028,-0.1510402555964,-0.1984821254842,0.2640706743131,0.2533871928390
-0.1487970678870,-0.0041644535116,0.1298021351350,-0.0151900251402,-0.4134573103938,0.2197798262393,0.1577613402869,-0.2997861844113,0.0490185649854,-0.0737747595701,-0.3131056054292,0.6925336298859,-0.1543687226364,1.0000000000000,0.3568310712813,0.1465062192532,-0.1762243422973,0.1145033978952,0.6063040834283,0.2194724036141,-0.3376561422696,-0.3492972046404,-0.0490102657856,-0.1869582874333,-0.2621170927944,0.5374421432497,0.3011756054070,0.2846444787859,-0.4329464473145,0.1553914515367,-0.3969928713703,0.4880176452551,0.1242035212617,-0.0753127673710,0.0000343358482,-0.2156154408788,-0.1121772270319,-0.0940947051249,-0.1232511539464,-0.4104708917654,0.0319307448588,0.0733103562923,-0.1633466173907,0.0615536343941,-0.0690302779890,-0.2371110493067,0.4262042227061,-0.2066336683021,0.7951530144826,0.2654550604384,0.1144903879897,-0.0817474289372,-0.1240602988900,0.3466613790711,0.1453329011095,-0.4240871542205,-0.2128774330870,-0.0747122545492,-0.2701284857050,-0.2727018985847,0.1849311961869,-0.1383233124354,0.0239516351824,-0.2292110290609,0.0839437462714,-0.3360393446509,0.5036892545004,0.0781049982333,-0.2277659135076,-0.1766367621529
0.5422417107960,-0.1068318814552,-0.1134905179486,0.2663816017622,0.1601546093424,0.3836603050777,0.5327563692224,0.2462583425429,0.5813756654745,0.2939633947336,0.4295621062096,0.4577654683501,0.4343838358144,0.3568310712813,1.0000000000000,0.5111435503494,-0.2190655507799,0.2219579882863,0.4827770792180,0.3019768106710,0.1527227653158,0.0326839111209,0.0640991412611,-0.0707936618564,0.1355915038278,0.4188310129823,0.2359605802085,-0.0451682929702,-0.0598935192620,0.7342703887393,0.2092495889577,0.2283528347600,0.2702404454868,0.3257011026130,0.2982362055230,0.0058867688513,-0.0861335053948,-0.2594417554415,0.1179182797882,0.0954625578248,0.2653795962598,0.2304918825972,-0.1609170096140,0.1525058564609,0.2351121699557,0.1030237473975,0.2550266956587,0.2018013877562,0.2792190155119,0.2615532335740,0.3583207240596,-0.1356964144199,-0.1814177695023,0.1093900578237,-0.1676068163005,0.1658036614224,-0.2977916333416,-0.0482412429283,-0.3707952996146,0.0331757396078,0.0873983178898,-0.3012095988329,-0.1053620862851,-0.2778248201120,0.0730899366870,-0.2318145184024,0.2040564360521,0.1136386153490,-0.0915745643720,0.0815841846536
0.0584351850437,-0.3851435539584,-0.1486999431132,-0.1529335254519,-0.0012286854872,0.7226965856934,0.6653215228872,-0.0133032262138,0.8070969048414,0.1563296216199,0.3443891743679,0.3187097946016,0.3721006962937,0.1465062192532,0.5111435503494,1.0000000000000,-0.4564702207328,-0.0720240175456,0.1321262278843,0.0317565185432,-0.0831331160620,-0.0917322667056,-0.2639573143213,-0.2412682785880,-0.1468464595819,0.0381101443232,0.0179809618449,-0.0936243687319,-0.2539598518726,0.3592500740528,-0.0651878141867,0.0383023942562,0.4487322352557,0.1127752179765,0.0341840592202,-0.3768247948825,-0.3551496656935,0.0342651613307,-0.1958562164491,-0.0608800961352,0.7383321710500,0.6156730386683,-0.3719522643251,0.5790912583175,0.1027289923011,0.2502712628871,0.1040903446147,0.1375106833046,0.0161917409230,0.2704400848918,0.8315323975833,-0.4338906105350,-0.4640210969552,-0.1128491371022,-0.5024901416450,0.0626844868142,-0.2457841186909,-0.3107736426390,-0.4056635169570,-0.2277402380503,-0.3489260057791,-0.2521891060848,-0.2217776845735,-0.4049276049941,-0.1131459022705,-0.4264122493325,0.0036436907599,0.2894723033064,-0.1698561519544,-0.0991189253484
0.0975292467213,0.3288868427188,0.4540404202601,0.3510915961554,0.1021148095669,-0.4976154714772,-0.3313192324887,0.2766494476665,-0.4238096291177,0.1098901736748,-0.1203224641981,-0.1975117828990,-0.0350061190615,-0.1762243422973,-0.2190655507799,-0.4564702207328,1.0000000000000,0.2125780760755,-0.0336160964232,0.1069063004806,0.2099256762847,0.5727105916940,0.5203234608906,0.7087794187553,0.4563710920489,0.0251434364969,0.1366012693755,0.4239341512435,0.4854804438219,-0.0775628776211,0.3864060521578,-0.2020412892497,-0.3470711626787,0.1181774410965,0.1126216302072,0.1697222584515,0.2806998916513,-0.0200394664718,0.2971669202719,0.1560699193759,-0.4634554894313,-0.4246087102872,0.2415598416558,-0.4715174534999,0.1213859330712,-0.1585121586849,-0.2133002333487,-0.0712008905262,-0.1409805346515,-0.2958450634209,-0.4294023638036,0.9262945679021,0.1645873971163,-0.1565666099690,0.1242642234664,0.0533434306986,0.3361943372130,0.4637039719270,0.6443449249293,0.5726487313588,0.1605198116692,-0.1343136587778,0.4920276320589,0.5257084941995,-0.0109782195468,0.3315502379568,-0.1464221919845,-0.2665387455613,0.1407192081961,0.0681117512399
0.1672160556867,0.5841150336018,0.3051146313838,0.5095410069668,0.1607686549772,-0.0482340556581,-0.0476638066809,0.0282891923825,-0.0680536757558,0.1023256310921,-0.0265262407913,0.2292484056230,0.2759875210155,0.1145033978952,0.2219579882863,-0.0720240175456,0.2125780760755,1.0000000000000,0.4137817365897,0.7586718634308,0.1677503668844,0.2367190856891,0.3775937200623,0.5219364870783,0.0310896875863,0.1933411759977,0.5483568594877,0.3676488271177,-0.0019986136582,0.3242267860050,0.0857526966287,0.2103599739196,0.0147911266342,0.4167031350209,0.5922247723917,-0.0958415475441,0.5755791754359,-0.2023774609087,0.3920321147909,0.1288375737157,-0.1612180781821,-0.2825121008274,0.1023416390735,-0.3173857924419,0.1141727970623,-0.0934926821356,-0.2391546640260,0.2558939241661,-0.0721055382751,-0.3017617918874,-0.1382633629567,0.3031742462405,0.2890945060002,-0.0058262777155,0.1878598039149,0.1529112053118,0.0908216172516,0.2793534636973,0.2160561798030,0.1101683327057,0.2525320296867,-0.4142169211219,0.1797925943676,0.0503575487971,-0.1804343222887,0.0333787182367,-0.0169392232956,-0.2364969831663,0.2462049698304,0.0658623857494
0.0247132774077,0.2510583885339,0.1776858695924,0.2531225997729,-0.3222831388907,0.1844809653770,0.3692689556962,-0.3167763917971,0.2438648554879,-0.1862213011808,-0.1361545201219,0.8329035394553,0.1381354794282,0.6063040834283,0.4827770792180,0.1321262278843,-0.0336160964232,0.4137817365897,1.0000000000000,0.6232594261968,-0.1834465208158,-0.1488091974415,0.1011872162896,0.0810228593536,-0.3175904664772,0.6909106340597,0.6454275769762,0.4111391110406,-0.3685333633402,0.4291951664649,-0.2810822904035,0.3426065224011,0.0827885567279,0.2329888755640,0.4932821999672,-0.2520537174003,0.2042201349524,-0.2104808840531,0.0986724051254,-0.3630129320842,-0.1083094939550,0.0486981972175,-0.2495539191292,-0.0602156159129,-0.1974014223711,-0.2038733332559,0.1486253581210,-0.0087913599419,0.3702207275895,-0.0619116899536,0.0035658146462,0.1243953043779,-0.1857079515739,0.1659964281415,-0.0024234168927,-0.2911827689486,-0.2614382061004,0.0324815113900,-0.1520350805056,-0.2601818665333,0.3132584111792,-0.2773291505576,0.1050033340045,-0.2127158182441,-0.1117463333244,-0.2928784963368,0.0511602771925,-0.2062864686230,-0.1021115072873,-0.0174896818110
0.1516207361399,0.4612057177266,0.1049267924197,0.5050999489373,-0.0594056366855,0.0417095252379,0.1926019096979,-0.1658139245639,0.0728556804078,-0.0297807368267,0.0068044957432,0.4788546345893,0.3663035299505,0.2194724036141,0.3019768106710,0.0317565185432,0.1069063004806,0.7586718634308,0.6232594261968,1.0000000000000,0.1160270260610,0.0274307988245,0.3116727665831,0.3428371179513,-0.1284355105520,0.4593005614112,0.6440081355137,0.2916190055573,-0.1322364137208,0.4722013477069,-0.0829800284541,0.2411703179657,0.0251449856295,0.5168497411456,0.7697417107507,-0.1917116942645,0.5274970708947,-0.3145747994477,0.3362226071003,-0.1201065467895,-0.1635451622149,-0.0600329742420,-0.1455219563009,-0.2556972069076,-0.0218768605567,-0.1133856214774,-0.2495626859596,0.2627316965873,-0.0942320557985,-0.3770540529478,-0.0893176589103,0.2509995071192,0.0220935179192,-0.1599229784894,0.0747462792307,-0.0223615980106,-0.1964410318473,0.2551386175367,0.0652781462873,-0.0507464593126,0.2640893153584,-0.3859214585719,0.0099305249209,-0.0852120534083,-0.1080242117065,-0.1699365106522,-0.1901845474494,-0.4142186380807,0.2097118359532,0.1230947532154
0.7235381337290,0.0478902358798,-0.2183491468456,0.4829809936277,0.7489820763794,-0.2961149970468,0.0702449734175,0.6839060894335,-0.0702895085356,0.6510067410705,0.5424764816918,-0.3102377126502,0.6218147978473,-0.3376561422696,0.1527227653158,-0.0831331160620,0.2099256762847,0.1677503668844,-0.1834465208158,0.1160270260610,1.0000000000000,0.4046483350553,0.2933713373805,0.1960541860386,0.6658108080878,-0.0836089941412,-0.1728579716503,-0.3153071348240,0.6067859814530,0.2098007020066,0.6537618415689,-0.1403813434393,-0.1139950584495,0.2416520741548,0.2287898178148,0.3801998697453,0.1598044285091,-0.3656009124644,0.4636071254241,0.6772414838646,-0.1348029797520,-0.0568743086212,0.1524968066533,-0.3273967637151,0.5175834664772,0.1257608491490,-0.2377971692543,0.6425065955923,-0.2505434923356,-0.1644668837698,-0.0714902670657,0.2342548006803,0.0527402735105,-0.2963282716086,-0.0693690279828,0.8070405858345,-0.0665144113910,0.2323696013323,0.0317003300271,0.5537780795275,0.0316378674497,-0.1570246549563,-0.1476635318758,0.1059133890481,0.0131338241341,0.1448121098115,-0.2631322438661,-0.1042336395406,0.1535809051261,0.1773057945778
0.3925026989548,0.2108678497828,0.3957694386809,0.2913693063074,0.3805444942814,-0.1919568007263,-0.0105026864349,0.5766276933473,-0.0035057425645,0.3485679878149,0.1422154761852,-0.2286577427492,0.1348621372797,-0.3492972046404,0.0326839111209,-0.0917322667056,0.5727105916940,0.2367190856891,-0.1488091974415,0.0274307988245,0.4046483350553,1.0000000000000,0.4101375516936,0.8068880115348,0.5550430742899,-0.1783514584584,-0.0633468890212,0.2471947263214,0.6515781111095,0.1099476348867,0.7354516969491,-0.2394131502906,-0.1019088143990,0.1870669172580,0.0963305809026,0.1129293654049,0.1054813994055,-0.0023647981267,0.1965007645654,0.3977712046905,-0.1696568374476,-0.2686688903023,0.0904798896397,-0.2677916642747,0.2762983480003,-0.1124023616940,-0.2937577616337,0.0734288621938,-0.3667960761973,-0.2929655462250,-0.2134735622577,0.5867072341081,-0.0696730623594,-0.3137123343619,-0.2102179477836,0.3120273713647,0.5615396692751,0.2991102412241,0.4922816950965,0.5209359283759,-0.1487447995442,-0.3325388158746,0.3137681443240,0.4181481757371,-0.1406093109859,0.2537730791723,-0.2309294161735,-0.0747216046286,0.0800466593419,-0.0144794169284
0.1993178291491,0.6139317590445,0.2533686700628,0.7568227814276,0.2720136056728,-0.3604749256933,-0.1424347105555,0.4303012351408,-0.3541176637203,0.3720083968674,-0.0602559407734,-0.0209868295532,0.1510068801056,-0.0490102657856,0.0640991412611,-0.2639573143213,0.5203234608906,0.3775937200623,0.1011872162896,0.3116727665831,0.2933713373805,0.4101375516936,1.0000000000000,0.4987248871156,0.5658428207470,0.3430749723422,0.2388537069831,0.1185766445420,0.4853868123590,0.3227424972791,0.5381353024529,0.0099096282286,-0.0465664375351,0.1780787763325,0.2937706029629,0.1356433563658,0.4893820349233,-0.3539904834185,0.5692441369638,0.3339226821733,-0.3886052594546,-0.5307542199128,0.4438423937343,-0.6781434915748,0.4427472361746,-0.2839018017811,-0.1322229082680,0.0248224934899,-0.0817860575081,-0.4102972249992,-0.2351532803049,0.5414016291847,0.1016189361010,-0.1159684690932,0.1016194506333,0.1617569560391,0.0675905670359,0.9177385700257,0.2671816899959,0.7003576779738,0.2057211861234,-0.2816822346078,0.2767277879596,0.4586332995915,0.2524476674512,0.4970625500066,-0.0691078361289,-0.2691635313088,-0.0142758182201,0.1622652208190
0.1404571362701,0.5115619559359,0.6183619483452,0.3320419633382,0.1232472712618,-0.2337505601496,-0.1434837334365,0.2257096604444,-0.1803725137524,0.0434484839310,-0.1050735529001,-0.0355354391050,0.0352434350811,-0.1869582874333,-0.0707936618564,-0.2412682785880,0.7087794187553,0.5219364870783,0.0810228593536,0.3428371179513,0.1960541860386,0.8068880115348,0.4987248871156,1.0000000000000,0.2892901119635,-0.0298536133325,0.3010806320483,0.5317355390841,0.4200411434085,0.0834719528459,0.4387513576279,-0.1585264909351,-0.1496540118267,0.2088945347227,0.2831915707192,-0.0101767824160,0.3697773017710,0.0200248552965,0.1891825642462,0.1594106843111,-0.3046465141578,-0.3712982030110,0.1126414396668,-0.3875683805763,0.0159439204537,-0.1847351163435,-0.3218611835537,0.0276973634923,-0.3104130213715,-0.4179069362392,-0.3369653544011,0.7493938224068,0.0907515365726,-0.2090149852922,0.0063980051426,0.1031095434353,0.5255679726299,0.4016825541278,0.7199748726695,0.3769797890612,-0.0094475948820,-0.3540456098523,0.4541172483202,0.4734372901130,-0.1442060359890,0.2633708693418,-0.2246713341780,-0.2185787169116,0.1463045642649,-0.0159565541095
0.5620929845819,0.0776021135440,0.0893809452795,0.5351799603686,0.6995979842025,-0.3672039843812,-0.0923911179241,0.8969149674241,-0.1789964284016,0.7770159487194,0.3553784056498,-0.3810030500811,0.3214617731357,-0.2621170927944,0.1355915038278,-0.1468464595819,0.4563710920489,0.0310896875863,-0.3175904664772,-0.1284355105520,0.6658108080878,0.5550430742899,0.5658428207470,0.2892901119635,1.0000000000000,-0.0441434612398,-0.2125001928832,-0.1628088600380,0.8389400714337,0.1606088641620,0.8244501845338,-0.1496657697450,-0.1197494920972,0.1083140295473,-0.0406189148245,0.3324748142438,0.0792352884279,-0.2319545535363,0.4574814534147,0.6829816036461,-0.2068884967440,-0.3030954511071,0.4615544577487,-0.4107158556781,0.7299080392743,-0.0375486613156,-0.1177844022550,0.2545007802719,-0.1496098403520,-0.1260541725099,-0.1142616611913,0.4010260823229,0.0687606936641,-0.2150356775362,-0.0399205562800,0.5872409592200,0.1027734059918,0.4974692768171,0.1044236845418,0.9093867221175,-0.0281803194637,-0.1655284703926,0.1160267759811,0.4526309806054,0.1271217475805,0.3631182857209,-0.0488414365838,-0.0365560274968,-0.0036619214250,0.0804164140622
0.0271207080293,0.3124328969955,0.0828517058909,0.4389474284403,-0.2724415250619,0.0634607733254,0.2988072159006,-0.1291171086677,0.0568449834407,0.0071141136126,-0.1017839664837,0.6323630007013,0.1550675132714,0.5374421432497,0.4188310129823,0.0381101443232,0.0251434364969,0.1933411759977,0.6909106340597,0.4593005614112,-0.0836089941412,-0.1783514584584,0.3430749723422,-0.0298536133325,-0.0441434612398,1.0000000000000,0.5581711786764,0.2482921744015,-0.1869225440058,0.4483784721231,-0.1459909969679,0.3446536667026,0.0119047415250,0.2148404099453,0.4936588211676,-0.0205791581693,0.2435751535054,-0.3468738422992,0.3258404200865,-0.2405989523638,-0.2041128793336,-0.0433464077662,-0.0169092233219,-0.2298313861792,0.0969950406073,-0.2011688595658,0.2085520906806,-0.0456616783691,0.4604007617328,-0.0628789272374,-0.0504177124302,0.1393235903930,-0.1083101437841,0.0930184245704,0.0486022799596,-0.1805649129413,-0.3101623813838,0.3133067079171,-0.1410166424396,0.0415152249459,0.4922660287937,-0.1640615513369,0.1248113993960,-0.0451687036886,0.1881442574435,-0.0666934469104,0.1605274012395,-0.2399324085058,-0.0615862938132,0.2660241140941
-0.1550332745449,0.5228981498976,0.4264998790068,0.3446745680941,-0.2045075217963,0.1604927451373,0.0882456976845,-0.2997325090267,0.0807959610990,-0.2530456848389,-0.1033068925659,0.5729652441172,0.0991928318016,0.3011756054070,0.2359605802085,0.0179809618449,0.1366012693755,0.5483568594877,0.6454275769762,0.6440081355137,-0.1728579716503,-0.0633468890212,0.2388537069831,0.3010806320483,-0.2125001928832,0.5581711786764,1.0000000000000,0.5619014265305,-0.2097575278390,0.3274485211413,-0.2300641777497,0.4540565596365,0.0802951465136,0.2553748021411,0.5153588311989,-0.2790370371555,0.4852233412271,-0.1067027535131,0.1989673940571,-0.2612568589367,-0.1307116533554,-0.0620407758803,0.0255766725733,-0.1117359033853,-0.2323854456849,-0.1043672819890,-0.0480424107384,0.0229845258431,0.0793885074020,-0.2411959753273,-0.1142885965637,0.2463603788421,-0.0115646381539,0.0084892896817,-0.0208517914020,-0.2066312183119,-0.1744400460661,0.2254328596056,0.1602805963922,-0.0693425366591,0.3034509946694,-0.1236705552605,0.3546585833314,0.0399912583581,-0.1779718866907,-0.0799632388970,0.0468043566645,-0.2398597955791,0.0103777155925,-0.0595411688307
-0.2588067291156,0.3547102018644,0.7817653481356,0.0679019908936,-0.3522056746191,0.0200822877879,-0.1960051074042,-0.2511080526357,-0.0652023493004,-0.2491811842499,-0.3786121252423,0.3157028207490,-0.1805025640430,0.2846444787859,-0.0451682929702,-0.0936243687319,0.4239341512435,0.3676488271177,0.4111391110406,0.2916190055573,-0.3153071348240,0.2471947263214,0.1185766445420,0.5317355390841,-0.1628088600380,0.2482921744015,0.5619014265305,1.0000000000000,-0.1436557443837,-0.1255783333683,-0.2033612052426,0.1769338011959,-0.1774630396802,0.0679427365630,0.0951538681711,-0.3295961694347,0.1788895754856,0.3129711039745,0.0160730205312,-0.3400948615768,-0.1896023449102,-0.2294287550612,-0.0523577190170,-0.0680370462256,-0.2151319596628,-0.2313839223013,-0.0706108135807,-0.2757664383639,0.1383980601419,-0.1359143728375,-0.2424808883598,0.4656666098428,-0.0601407609058,0.0501369069337,-0.0623862594292,-0.3353007201993,0.3777678194746,0.0398799932070,0.4094472849379,-0.0800915841072,0.2014634771741,-0.2648992772037,0.7789037753976,0.2148620446416,-0.4293246540253,-0.1316200994710,0.1092699094498,-0.1202635175975,0.0073373335379,-0.2693464954749
0.4088707774488,0.1424478003154,0.1044462032919,0.3982598396687,0.6670197471876,-0.4029838153892,-0.0953121905733,0.7887512900393,-0.2025896398207,0.4726505310587,0.3615337990344,-0.4392388871998,0.2814606230641,-0.4329464473145,-0.0598935192620,-0.2539598518726,0.4854804438219,-0.0019986136582,-0.3685333633402,-0.1322364137208,0.6067859814530,0.6515781111095,0.4853868123590,0.4200411434085,0.8389400714337,-0.1869225440058,-0.2097575278390,-0.1436557443837,1.0000000000000,0.0917985909041,0.7756514902404,-0.1945632383087,-0.1644305236255,0.0519722293331,-0.0638980816780,0.2841716265931,0.0942164420568,-0.1895908296182,0.3000186402183,0.6551299865099,-0.2987112926899,-0.2764219582104,0.4219887556700,-0.4338298224574,0.4040829708817,0.0789060553686,-0.2521733535329,0.3121993165677,-0.3597958462036,-0.3033063911308,-0.2041343721464,0.4367531088764,0.0190222130840,-0.2850247576843,-0.1057209504329,0.5463502437413,0.2478370655392,0.4266911950656,0.2655775332098,0.7637880967075,-0.1724904748465,-0.1775438311331,0.0749743888262,0.6874154936637,0.0922780138923,0.3762364272058,-0.1726116290114,-0.1176407297230,0.0027609881422,0.0296901006382
0.3704292417153,0.1337919274843,-0.1647946240458,0.4587773775881,0.2373943729367,0.1853598799370,0.4571040151766,0.1836917328558,0.3493630123492,0.2217529190528,0.4159498690864,0.3402122267644,0.5478635478383,0.1553914515367,0.7342703887393,0.3592500740528,-0.0775628776211,0.3242267860050,0.4291951664649,0.4722013477069,0.2098007020066,0.1099476348867,0.3227424972791,0.0834719528459,0.1606088641620,0.4483784721231,0.3274485211413,-0.1255783333683,0.0917985909041,1.0000000000000,0.2590471061679,0.2205601102368,0.2653717244850,0.5507984958266,0.5577592913642,0.0185289179019,0.1895614633844,-0.3746553959816,0.2960793811928,0.1603567080261,0.0290758584958,0.1215964714422,-0.0523900910052,-0.1552135582477,0.2262445932501,0.0876589716916,0.0249130953397,0.3339954462521,0.0140650004926,-0.1577263122804,0.2981408136442,-0.0112786566848,-0.0773785859930,-0.0093465223104,-0.1117632890181,0.2012887676838,-0.2212190299973,0.2607950828289,-0.1449076532332,0.1484656032889,0.0923017927416,-0.3428888423660,-0.1783305034821,-0.0641381230192,0.3444900347216,0.0427217245827,0.0371905975368,-0.1767514258907,0.1255064922988,0.3281857985097
0.6699898062762,0.1366530124047,0.0497454509333,0.4798724076895,0.6913201822516,-0.2956239073654,-0.0175221191653,0.8803124507704,-0.0324965207528,0.6564335626364,0.3966146641999,-0.3653190658554,0.2940759025200,-0.3969928713703,0.2092495889577,-0.0651878141867,0.3864060521578,0.0857526966287,-0.2810822904035,-0.0829800284541,0.6537618415689,0.7354516969491,0.5381353024529,0.4387513576279,0.8244501845338,-0.1459909969679,-0.2300641777497,-0.2033612052426,0.7756514902404,0.2590471061679,1.0000000000000,-0.2633711356698,-0.0179967152850,0.1220249451551,0.0066112809664,0.3130388328566,0.0953257294013,-0.1828535515071,0.3961305823908,0.6858026555734,-0.1505144560660,-0.2762866269038,0.2805565999982,-0.3543117623143,0.5688736536728,-0.0535110689513,-0.1690301301360,0.1971612770667,-0.3179258927591,-0.1676968931393,-0.0755635773441,0.3662705152823,0.0237137189139,-0.2473414108396,-0.1381157020943,0.5664036500647,0.1787613810127,0.4607827228526,0.1628275452311,0.7441040786635,-0.1559655946301,-0.1686198698661,0.0742886586339,0.2978203481015,0.1172681031597,0.4433547083722,-0.2112452991972,-0.0253429375866,-0.0190076502271,0.0863797746845
-0.1386501080487,0.1006402581728,0.0271252559128,0.1572927815367,-0.1108064750680,0.2180637639828,-0.0304529480958,-0.1733085108371,-0.0261956642743,-0.0885353844717,0.0133048440926,0.3679479358465,0.0692140919149,0.4880176452551,0.2283528347600,0.0383023942562,-0.2020412892497,0.2103599739196,0.3426065224011,0.2411703179657,-0.1403813434393,-0.2394131502906,0.0099096282286,-0.1585264909351,-0.1496657697450,0.3446536667026,0.4540565596365,0.1769338011959,-0.1945632383087,0.2205601102368,-0.2633711356698,1.0000000000000,0.1221470288780,0.1783191351428,0.1453353456290,-0.1762801413190,0.1210818046070,-0.2607229897266,0.0860534400154,-0.1987462841132,-0.0167076083536,-0.0316225426846,-0.0459773977129,-0.0299814892018,-0.0630584223379,-0.0870195194796,0.1633003736536,0.0239049292723,0.3571394827061,-0.0275215603569,-0.0146180348676,-0.1343197885582,-0.0312524698908,0.2380727656561,0.0385450951576,-0.1520691287608,-0.1599209753856,-0.0139948706609,-0.2199748314415,-0.1635601390677,0.2168228713104,-0.1224939242129,0.0635391363877,-0.0957072597154,-0.0325678916056,-0.1878228113379,0.5485744015960,-0.0434342151091,-0.0310438600129,-0.0884873101785
-0.0845855798986,0.0511161958526,-0.1280308059652,-0.0133944264168,0.0553229625782,0.5548631306486,0.3236835769487,-0.0689775809329,0.3149658693579,0.0684233398423,-0.0001933747091,0.2293069843039,-0.0095968547819,0.1242035212617,0.2702404454868,0.4487322352557,-0.3470711626787,0.0147911266342,0.0827885567279,0.0251449856295,-0.1139950584495,-0.1019088143990,-0.0465664375351,-0.1496540118267,-0.1197494920972,0.0119047415250,0.0802951465136,-0.1774630396802,-0.1644305236255,0.2653717244850,-0.0179967152850,0.1221470288780,1.0000000000000,-0.1645304713989,0.0064676616345,-0.2795845921642,-0.0204367276173,-0.1530653672705,-0.1022654072996,0.0087166325408,0.4619607734423,0.2296360238049,-0.1182579872073,0.1686610150846,-0.0149989258411,-0.0644384326433,0.0326696395871,-0.0333756557191,-0.0507548387665,0.0126794726980,0.4634287232006,-0.2772547273268,-0.2707427316635,-0.0713987789942,-0.2778661472299,-0.0681175599877,-0.1718658787122,-0.0067022155690,-0.3042528100336,-0.1461895309343,-0.3082826035889,-0.2003149155645,-0.2794036463579,-0.2126386971483,0.0727649653066,-0.0390941916065,-0.0337661684400,0.4755581175504,-0.3539484445052,-0.1114081581657
0.3290959174689,0.1157946125630,-0.1243091046924,0.3942860716881,0.1869612373013,0.0558712881304,0.1443484014536,0.0817536402880,0.1837083401883,0.1726141425019,0.3788349149575,0.0397835848040,0.5713323261445,-0.0753127673710,0.3257011026130,0.1127752179765,0.1181774410965,0.4167031350209,0.2329888755640,0.5168497411456,0.2416520741548,0.1870669172580,0.1780787763325,0.2088945347227,0.1083140295473,0.2148404099453,0.2553748021411,0.0679427365630,0.0519722293331,0.5507984958266,0.1220249451551,0.1783191351428,-0.1645304713989,1.0000000000000,0.7033832337096,0.1718551766430,0.3433669851551,-0.2721231097025,0.3160546622910,0.1040058140600,-0.0349137722787,0.0366822133903,-0.1916055110383,-0.0310716657448,0.2051054980147,0.2031065364750,-0.1857900561235,0.3603817504883,-0.1694452388639,-0.1187493045452,-0.0369426541197,0.1422567930164,0.0922514574055,-0.0919059167331,-0.0600064162929,0.2133040602520,-0.0405804178301,0.0903432633956,0.1023441720461,0.0873840542761,0.3380848405282,-0.2337788227894,-0.0142742737218,-0.0756994688253,-0.0040758710050,-0.1023008747885,-0.0480994496136,-0.3784888202455,0.7039610211944,0.4467489746951
