1.0000000000000,0.3354657650844,0.1027244778044,0.4880380074815,0.4739978410031,-0.0910489334086,0.1347544789758,0.3407561610151,0.0771326585537,0.2817881580211,0.4185016559394,0.4882371015858,0.3269295016297,0.3319125005561,0.5850808776172,-0.0534200020981,0.3945220673985,0.5051821198725,0.5381554507895,0.5350516871501,0.6038071698800,0.3614787864227,0.3452197577828,0.4002054568967,0.4084863268829,0.4824428526825,0.3039015460254,0.1852388855352,0.3386802910955,0.5918178062257,0.4381795738013,0.2235844662832,-0.1498927666898,0.5651194196069,0.6248164813553,0.8036886836134,0.5295501827117,0.0567902946443,0.4563394914698,0.5281986465226,-0.0592517812571,0.0612032687486,0.3702256599810,0.0088116930718,0.3455439707253,0.2898544428754,0.3452906911542,0.4609866958308,0.4063504873703,0.2265471987299,0.0766079546733,0.4057140430028,0.5754173477418,0.2237807037470,0.5102192172825,0.5299681940071,0.4581095576765,0.3538542090773,0.4382738580462,0.3971960106849,0.5977410292177,0.0912047978513,0.2689025081773,0.3324020390905,0.3726381770801,0.4484722570287,0.1907063958792,0.0531125629839,0.4959145164889,0.5586163883803
0.3354657650844,1.0000000000000,0.4637979737848,0.6406801041941,0.5270562571635,-0.3654224035910,-0.3012430482237,0.4981178519935,-0.4317378919766,0.2702083253916,-0.0578340287250,0.0000930693983,0.0487043894290,0.0225840973812,-0.1231334883842,-0.3226905056735,0.4595399776579,0.5985961342093,0.1497194163449,0.4283471324085,0.3426249142471,0.6107574097852,0.7160202166395,0.6302967576327,0.5386695097393,0.3558240562929,0.5190772472473,0.4928087913643,0.5093614397218,0.2049749504480,0.7298430346160,-0.0313167071522,-0.1841456054570,0.3499429681165,0.4892522663980,0.4706650074195,0.8111826398866,0.3609968807586,0.4210555460483,0.4861329950954,-0.2851762274997,-0.3179588783942,0.5181452555795,-0.4113134575446,0.3448815004560,-0.0718165455112,-0.0202492416844,0.1002433296691,-0.0034117178299,-0.2263751134920,-0.2421330147955,0.4778906402785,0.5456781689366,-0.1106506500883,0.1477884129312,0.2602011184658,0.6230962497843,0.7338191533386,0.6457235220741,0.5766918011537,0.4890434926800,0.2150163667956,0.6337633472148,0.5327186604356,0.1823707207432,0.6718528038689,-0.1553547031483,0.1688812304695,0.2465985277364,0.3389277080276
0.1027244778044,0.4637979737848,1.0000000000000,0.4858721749124,0.3744944893058,-0.2323396201889,-0.1705546811366,0.7148230978705,-0.2586650536634,0.4088999257119,-0.0068401230308,0.0354652689936,0.1191479536998,0.0239349216785,-0.0921528584944,-0.1057859816222,0.5551332420679,0.4125946766149,0.1851694190654,0.2300381704982,0.2883104650036,0.6986677777546,0.5617772858005,0.6973927040695,0.6769470753330,0.1966903377938,0.5585199339749,0.7505280674791,0.6027307963080,-0.0693649361934,0.6720761270861,-0.0079798403857,-0.1209731064586,-0.0437887143506,0.1663994487417,0.1372286205546,0.2665147226233,0.7162620614776,0.3742606706020,0.3261248062090,-0.1793564255879,-0.1415120912419,0.5343078299901,-0.2275443610574,0.4268329670681,-0.0217290125954,-0.0420199042657,0.0988941315786,-0.0010573594081,-0.1384917146856,-0.0526903159780,0.5580394746994,0.3608862319807,-0.0422708180516,0.0697156347576,0.2130796848662,0.5492637117059,0.5288474930031,0.6086176134508,0.6397584040215,0.2126472518706,0.1737835266053,0.7146916759565,0.5553740209695,-0.0320369163248,0.4537013227426,-0.1010004147728,0.0209389779270,-0.0357720585566,0.0822014567991
0.4880380074815,0.6406801041941,0.4858721749124,1.0000000000000,0.4694767429348,-0.2398341831139,-0.0708967468837,0.5210723340420,-0.2902848346964,0.5536794304043,0.0327686760104,0.1667906405105,0.3117173482981,0.0785865345333,0.1209289926675,-0.0578864657154,0.5209736734852,0.5291321345428,0.3643335286285,0.5674713115106,0.4498990748687,0.5720797970941,0.7449048947067,0.6014673386862,0.6411281684670,0.4773331962326,0.4221574673787,0.4370592603014,0.4933910979868,0.3829807954471,0.6644759467497,0.0451015748796,-0.0908041006017,0.3731708700591,0.6244162978247,0.5743405792212,0.5945343994929,0.3568179204849,0.8268651011183,0.4341863871393,-0.1552728691855,-0.0735959141470,0.5287875418660,-0.2962242493257,0.6095073162058,0.0819605924696,0.1746882010691,0.3232402213630,0.1706749373884,-0.0288151755556,0.0187796721366,0.5916532247959,0.6702773978706,0.0889015876080,0.3495223141165,0.3978213302108,0.5728048348263,0.7252992503547,0.6376724518060,0.6685801355118,0.5859387554148,0.1225950202360,0.6353278894133,0.4833123601809,0.3743485782080,0.6453461791868,-0.0729768919626,0.2188050617315,0.3314942048379,0.5790959968634
0.4739978410031,0.5270562571635,0.3744944893058,0.4694767429348,1.0000000000000,-0.1782312979934,-0.0250501046576,0.5935753043750,-0.1725804163352,0.5496901326546,0.4287856922992,0.0512447310201,0.4859353860793,0.1109621752437,0.1302641933152,-0.0903279229476,0.3253375031671,0.5941477950007,0.2060377456569,0.4559423001739,0.6806553030479,0.4674039826922,0.4852562653739,0.4507479566465,0.5972469309203,0.2200134811423,0.3200369860323,0.2807034412320,0.6387546935115,0.2675404918442,0.5646076522077,0.0867607925558,-0.1921728358029,0.4639247193445,0.4248593003321,0.5409877987081,0.6069256976246,0.2681068156095,0.3360229765273,0.8527777944661,-0.1639317551056,-0.0340266317562,0.6824253575604,-0.1036501860349,0.6014373939709,0.4533267767838,0.0040960087220,0.5486952159758,0.0826898071722,0.1054796504820,0.0172185549342,0.3363258592034,0.6532428361755,0.0267808474739,0.3584887144653,0.7717160900058,0.5426090125749,0.4992026165058,0.5337640859389,0.6445031379388,0.4196659194421,0.0143028419619,0.3696321428115,0.6010036018978,0.1403946459404,0.5821451409728,0.0401904862915,0.0129855485571,0.4580207662247,0.3994387032223
-0.0910489334086,-0.3654224035910,-0.2323396201889,-0.2398341831139,-0.1782312979934,1.0000000000000,0.5994144136046,-0.3909825458895,0.7573033258295,-0.0354301526873,0.3796886422026,0.2064846763550,0.2013414827768,0.0819138382904,0.3800979402788,0.7441561054544,-0.3732930261654,-0.2609237177779,-0.0967248342989,-0.1238783838259,-0.1533721427367,-0.1943741182431,-0.4457123930072,-0.3947367885922,-0.3969139137899,-0.1446413226219,-0.0060175744460,-0.1117435994293,-0.3741908911926,0.0800318661730,-0.3743913521458,0.0600072675682,0.5047099033217,0.0183913112045,-0.0139626246542,-0.2225414302873,-0.3599241580127,-0.0894113528745,-0.0403047602015,-0.2276002693288,0.8524756294898,0.6490440000421,-0.3447573976487,0.7418517412724,-0.1174640522710,0.3251949415285,0.1459500533142,0.0747865475072,-0.0421640707946,0.5494437668412,0.5289581241266,-0.3507834984095,-0.2472980838437,0.0755735623234,-0.1376193091357,-0.0207258308037,-0.3418356157685,-0.4310084598331,-0.3650265317325,-0.3975442682282,-0.2508154884065,-0.0128005228838,-0.3334632842272,-0.4232850385863,-0.0817132572300,-0.3804968751907,0.0768090534223,0.0221674274805,-0.0466874510929,0.0627543762052
0.1347544789758,-0.3012430482237,-0.1705546811366,-0.0708967468837,-0.0250501046576,0.5994144136046,1.0000000000000,-0.2029860764407,0.7205139665149,0.0191493446369,0.5647426917727,0.5231676216373,0.4587538671717,0.3379874170844,0.6141031482535,0.7680681624791,-0.2184338759242,-0.3090507296298,0.1705704993663,-0.1014084973514,0.0877832059172,-0.0758609560483,-0.3431648340358,-0.2987360528650,-0.2042648269010,0.1585677111047,-0.0271127563306,-0.0815742165453,-0.1131493031425,0.2893133889464,-0.2894865769990,0.0695488165817,0.3564994759735,0.0131258864179,0.0905000868624,0.0024440621248,-0.3224968323041,-0.0949180186066,0.0204065487388,-0.0732638305547,0.5725907756871,0.8147915561495,-0.1492377629864,0.7086989468348,-0.0326285210412,0.5310607691180,0.4759543028182,0.3729304648620,0.2072931536003,0.6413778655954,0.6828524888257,-0.1759943348815,-0.1714980231250,0.3203044733937,-0.0315126734409,0.2406085567582,-0.2182075636431,-0.3327083722402,-0.2669374761726,-0.2373585820484,-0.0703498634115,-0.0541007024441,-0.2830581399019,-0.1697867351207,0.1914587256923,-0.2723319329265,0.2159292503811,0.1625568615288,-0.0482111532997,0.1466936572894
0.3407561610151,0.4981178519935,0.7148230978705,0.5210723340420,0.5935753043750,-0.3909825458895,-0.2029860764407,1.0000000000000,-0.3377336989094,0.5442898503247,0.2036855682743,0.0549957259221,0.2141621165837,0.1508081377986,0.0642835205309,-0.2276234773251,0.5482688447495,0.5010085777390,0.2189123862926,0.3001178476630,0.4958439217322,0.6212026373203,0.6091924799840,0.6674807499050,0.8686668682212,0.2292439076698,0.4023160109989,0.4978888168875,0.8201419086530,0.0862584860144,0.8088911887713,0.0596526269854,-0.1726445667782,0.0718096499352,0.2224680679487,0.4017695627964,0.3939178326884,0.4934967125419,0.3860728576437,0.5868206694894,-0.2628927702129,-0.1989197502884,0.8208937598956,-0.3000872427442,0.5660325604081,0.1410609202362,0.0071179098445,0.3337077661891,0.1540014209418,-0.0772281742279,-0.0555675567065,0.5504447963745,0.4770043420745,-0.0374366401959,0.1857467561301,0.4308750364417,0.6397253077818,0.6028059000168,0.6153473603489,0.8278664996415,0.3157751870468,0.1117571352501,0.5817194238641,0.8062791009469,0.1295569200988,0.6514681669859,-0.0016492609637,0.1322465633217,0.1353265348647,0.1773142845147
0.0771326585537,-0.4317378919766,-0.2586650536634,-0.2902848346964,-0.1725804163352,0.7573033258295,0.7205139665149,-0.3377336989094,1.0000000000000,-0.1429905357131,0.5968018927751,0.3985341351323,0.2225091680021,0.1985580144668,0.5649496783475,0.6805672323340,-0.3955138345932,-0.2406524243043,0.0441878983620,-0.0532060751927,-0.0433528328051,-0.1778819016717,-0.5648875155067,-0.3996888345396,-0.4191679453938,-0.1390336252691,0.0416118979982,-0.1005732630954,-0.3006345246873,0.1336442944937,-0.3691476658751,0.1369667604566,0.2899829422267,0.0154249508036,-0.0283469900515,-0.1572764261412,-0.4059232640284,-0.0778887127010,-0.0700663928099,-0.1786756602345,0.6703823511016,0.6992887218867,-0.3345532407846,0.8408749598549,-0.2339173383299,0.4604288056848,0.2678712173436,0.1770947107006,0.0622784092549,0.5641415092038,0.4903889526569,-0.3683354639983,-0.2442499629127,0.1920331069308,-0.0806147909882,0.0554796818036,-0.3744663836984,-0.5194682018739,-0.3925704499918,-0.4632982000942,-0.2204496699635,0.0470295846890,-0.3633169869965,-0.3515030704180,-0.1581210942730,-0.4114914726627,0.1946156138620,-0.0746996111889,-0.0500471997000,0.0245152798578
0.2817881580211,0.2702083253916,0.4088999257119,0.5536794304043,0.5496901326546,-0.0354301526873,0.0191493446369,0.5442898503247,-0.1429905357131,1.0000000000000,0.2038165218706,0.0941877954299,0.3489751391127,0.2524803321845,0.1069880838569,0.1252336624062,0.2889555842490,0.3881489771088,0.2011331609764,0.2390228395221,0.3653553505026,0.3667727600858,0.4934101609399,0.3286435848515,0.6246175608976,0.2815928404990,0.1213968776000,0.3122613845620,0.3869559497319,0.1233189914230,0.3711320468390,0.2216900394134,0.0265310232684,0.1638168531535,0.2869059142580,0.3340808553699,0.2627272859857,0.2759198428484,0.5610894534920,0.5219594764126,0.0754675194612,0.0547753174334,0.5887401903585,-0.0759822949452,0.8961341567644,0.2762413322472,0.1221480014514,0.4013793527770,0.3404259037848,0.1700295602244,0.2743782670173,0.3262365044131,0.4451892794729,0.0966408711288,0.3130909860044,0.4725626534575,0.4701771016538,0.4879146058935,0.3930344245984,0.6577453217234,0.3300823712777,-0.0578984806471,0.4042371649142,0.4057581372868,0.1735832525256,0.4822845949003,0.1568429971716,0.1475909745955,0.2676426357850,0.3595793119058
0.4185016559394,-0.0578340287250,-0.0068401230308,0.0327686760104,0.4287856922992,0.3796886422026,0.5647426917727,0.2036855682743,0.5968018927751,0.2038165218706,1.0000000000000,0.3270630658292,0.5278272338131,0.2906673278874,0.5924853383750,0.4215248655369,-0.0306826371941,0.1106908527046,0.1893433513842,0.1496336681773,0.4566605795536,0.1489043559096,-0.1662073241499,0.0205430289674,0.1166501658452,0.0782761287081,0.1941227086068,0.1159444734446,0.2691336013810,0.3116133536356,0.0900142026075,0.1449677819622,0.0281451244665,0.2911050224234,0.2297665220793,0.3014406931484,0.0137771978587,0.0790971462782,0.0923752611229,0.3913185672807,0.3540285256743,0.5869391070280,0.1977830446829,0.6170147469980,0.1560586785591,0.8406826161344,0.1956362957243,0.6057756497445,0.1903417017917,0.5951969275394,0.4319108280834,-0.0213477436242,0.1780795823366,0.1325409926983,0.1514039056911,0.5522607763009,0.0961141441687,-0.1175027114415,0.0508717285887,0.0749781870709,0.1018132736439,0.0119439429005,-0.0606462294065,0.2362123081970,0.0620425181703,0.0389761055229,0.1874522271484,-0.0719819857648,0.2740160328287,0.2776976511973
0.4882371015858,0.0000930693983,0.0354652689936,0.1667906405105,0.0512447310201,0.2064846763550,0.5231676216373,0.0549957259221,0.3985341351323,0.0941877954299,0.3270630658292,1.0000000000000,0.2608433651904,0.7188773682514,0.6932600874837,0.3573287256743,0.1035225467515,0.0586061608522,0.6324895574966,0.2302106935622,0.3309092984155,0.1570719757666,-0.1043387092704,0.0458776565049,0.0840709890721,0.5704138024376,0.3048304037877,0.2903354115477,0.0576426422924,0.4348068976235,0.0240028007536,0.4452166237602,0.0917425767039,0.1621456923017,0.3917795736670,0.3379882594107,0.0180150232929,0.1163128589956,0.2153208628005,0.0861228848617,0.2687723654624,0.4257597212884,0.0608348887519,0.3601197125433,-0.0012730869503,0.2568256568866,0.7813195312480,0.2999795401230,0.6642603564438,0.4575292491135,0.3503863931572,0.1294313392475,0.1176316002338,0.5657860747274,0.2017862311928,0.2573180959590,0.1312336561482,-0.0635853662074,0.0919892635939,-0.0065832248736,0.3791977371354,0.2903047187287,0.1307314423961,0.0405380658164,0.3637132544985,0.0471495510075,0.4614017450438,0.2393882960139,0.1070210239468,0.3264650894789
0.3269295016297,0.0487043894290,0.1191479536998,0.3117173482981,0.4859353860793,0.2013414827768,0.4587538671717,0.2141621165837,0.2225091680021,0.3489751391127,0.5278272338131,0.2608433651904,1.0000000000000,0.2565884307941,0.4989940244430,0.4553597586318,-0.0090663809999,0.2188076150885,0.3732938532159,0.3499373991340,0.6203883997151,0.2256698435427,0.0819539005437,0.1031978947314,0.2305091115904,0.3902078280120,0.2278028742973,0.1228239997265,0.3579407939920,0.5314696843446,0.1691076667702,0.1595552985793,0.1795089842748,0.4433031052731,0.4513553738708,0.3039211389401,0.0871365643865,0.1227655268787,0.2507602636996,0.2972278700232,0.2690618079224,0.4758430520423,0.2237773594547,0.2423095658733,0.3373829311139,0.5430736809762,0.1936174876325,0.8439407961768,0.1746158388036,0.5236926307169,0.5083102316021,0.0446759607995,0.3564931640735,0.2785003557070,0.2152521457596,0.7472017735535,0.1267092128492,0.0498367103415,0.1613116222159,0.2100715688138,0.2161779296472,-0.0126521815465,0.0847939619614,0.2532563892366,0.4852700471501,0.1050001445861,0.0926296992382,0.2252857118389,0.3845563073647,0.4482431220406
0.3319125005561,0.0225840973812,0.0239349216785,0.0785865345333,0.1109621752437,0.0819138382904,0.3379874170844,0.1508081377986,0.1985580144668,0.2524803321845,0.2906673278874,0.7188773682514,0.2565884307941,1.0000000000000,0.5705948574352,0.2729109243479,0.0466718639358,0.0473159080151,0.5131167589787,0.0941494629981,0.2453955978742,0.1724880117130,-0.0549641548003,0.0477094226763,0.1646855994435,0.5691920861919,0.1569871955405,0.3361512392121,0.1745038960368,0.3981721019010,0.0507820218907,0.5783186777880,0.1693819696276,0.1427037384139,0.1977011330558,0.2391102016542,-0.0356643011561,0.0534132469942,0.0433542292193,0.0717526054100,0.1827655851308,0.2609694214598,0.1339891259835,0.2208239232485,0.1293853986083,0.2151713674566,0.5638565171590,0.2427459892739,0.8349569357757,0.4438924442618,0.3408221857789,0.0530256340327,0.0883744199344,0.4307036931298,0.1724535576335,0.1930080832085,0.1950984029739,-0.0198672727399,0.0749066683430,0.0477560193708,0.2661224023043,0.1105191935233,0.1399406996788,0.1404373950589,0.4138400379681,0.0846625150976,0.6612948119183,0.3177514565559,0.1768161236971,0.2031371658232
0.5850808776172,-0.1231334883842,-0.0921528584944,0.1209289926675,0.1302641933152,0.3800979402788,0.6141031482535,0.0642835205309,0.5649496783475,0.1069880838569,0.5924853383750,0.6932600874837,0.4989940244430,0.5705948574352,1.0000000000000,0.5090070962327,-0.0448736844440,0.1458375212179,0.5739345268221,0.3368210057240,0.3280759513870,0.0685871036711,-0.1309607933461,-0.0362553857797,0.0118324516170,0.4238432232733,0.2262479967888,0.0427820388075,0.0493284101817,0.7181180564397,0.0546146807972,0.3147384793248,0.2517965011019,0.3990437305177,0.4245435873853,0.3640102570116,0.0188190010168,-0.0184496502061,0.2072225122290,0.1190918837669,0.3584395224155,0.4750964660091,0.0379938597833,0.4412743746517,0.0636785273068,0.3861606432858,0.5225756968220,0.5237062086259,0.5132812606886,0.6300455313090,0.5389980347163,-0.0412957624473,0.2125551349261,0.4393362125777,0.3357459903368,0.3722485082853,0.0229277128072,-0.1131027297857,-0.0217276117897,-0.0472099132671,0.2461944140889,0.0737619635620,-0.0767545529769,0.0045013227615,0.4363984329319,0.0335392671166,0.3794780580480,0.0616641830616,0.3416354621826,0.4141257603531
-0.0534200020981,-0.3226905056735,-0.1057859816222,-0.0578864657154,-0.0903279229476,0.7441561054544,0.7680681624791,-0.2276234773251,0.6805672323340,0.1252336624062,0.4215248655369,0.3573287256743,0.4553597586318,0.2729109243479,0.5090070962327,1.0000000000000,-0.3078330189435,-0.2512052233168,0.0896383702796,-0.0896151526311,-0.1132831539958,-0.1023049252583,-0.3355333498410,-0.3405365879174,-0.2597612534838,0.1408947112691,-0.0110464181693,-0.0274217734141,-0.2087768190340,0.2488607153752,-0.3026006266545,0.0705641367067,0.5339666309828,0.0197829745236,0.0901835849925,-0.1586022309910,-0.3446697767576,-0.0470943736444,0.0650186963385,-0.1833363060393,0.7008756713939,0.7417481489872,-0.2028351087123,0.7181457605241,0.0592098960236,0.4221980866361,0.3607320667499,0.2975971252863,0.1635589779125,0.6949371458104,0.8303650108087,-0.2612696943386,-0.1462940693363,0.2803918022364,-0.0240038755078,0.1061914720808,-0.2657330966244,-0.3286715023737,-0.3020396803217,-0.2604357028123,-0.1301191481470,-0.0968612774388,-0.2396298297904,-0.2843387555855,0.1752038711491,-0.2862023920012,0.1526654552967,0.0875782071923,0.0065841125460,0.1961402221798
0.3945220673985,0.4595399776579,0.5551332420679,0.5209736734852,0.3253375031671,-0.3732930261654,-0.2184338759242,0.5482688447495,-0.3955138345932,0.2889555842490,-0.0306826371941,0.1035225467515,-0.0090663809999,0.0466718639358,-0.0448736844440,-0.3078330189435,1.0000000000000,0.3649479502264,0.2228145952211,0.3328132998917,0.3721419059167,0.6268880017375,0.6884506119753,0.8551620019340,0.7403780837915,0.2761552875386,0.2594364584787,0.5464902946635,0.5568360146874,0.1113263261806,0.6675371415472,-0.1455803470835,-0.2304444946736,0.0939046823838,0.3120471683092,0.4741999574163,0.4577000699449,0.4169844368142,0.3717743434817,0.3842576608156,-0.3385335404825,-0.2159312185953,0.4999662517407,-0.3571134612241,0.3674956317002,-0.0665291689642,0.0897003561702,0.0792707265720,0.1360325549374,-0.1925043159687,-0.1612285763491,0.9577008449234,0.4333243145879,-0.0530192346403,0.2851116601832,0.1665456208856,0.7762739551868,0.6459206717643,0.8312563508085,0.7063811379078,0.3649556955669,0.0504894065135,0.6880798639554,0.5806457850213,0.1790549615731,0.6316833103631,-0.0740024273869,0.0297435917578,0.1195514943483,0.2601868530589
0.5051821198725,0.5985961342093,0.4125946766149,0.5291321345428,0.5941477950007,-0.2609237177779,-0.3090507296298,0.5010085777390,-0.2406524243043,0.3881489771088,0.1106908527046,0.0586061608522,0.2188076150885,0.0473159080151,0.1458375212179,-0.2512052233168,0.3649479502264,1.0000000000000,0.3561393965240,0.8035166947446,0.4620980749419,0.4954423791151,0.5323482569145,0.5919661722315,0.4610432299782,0.2540551361764,0.4790933407706,0.3737008722198,0.4394824105923,0.3772930305525,0.6397720519227,0.1333482898174,-0.1586542741934,0.5513317099678,0.6119758186257,0.4827505185375,0.6855063656209,0.3583631338235,0.4745958550332,0.5489587477940,-0.2153701464335,-0.3115910220654,0.5113313987003,-0.3312633171153,0.4600512455882,0.0125037678804,-0.0569908983565,0.3131917373262,0.1178517210497,-0.0765753798019,-0.1252791662726,0.3528468702135,0.8012847101608,0.0044353569885,0.5416593607829,0.4484979009796,0.5765301072704,0.5215509713851,0.5968312281917,0.5141728178316,0.4779006083761,0.1126613996952,0.5070094418069,0.4379527962109,0.1533779022725,0.6053616717939,-0.0218522443295,-0.0287853699678,0.5241344108504,0.4304534361127
0.5381554507895,0.1497194163449,0.1851694190654,0.3643335286285,0.2060377456569,-0.0967248342989,0.1705704993663,0.2189123862926,0.0441878983620,0.2011331609764,0.1893433513842,0.6324895574966,0.3732938532159,0.5131167589787,0.5739345268221,0.0896383702796,0.2228145952211,0.3561393965240,1.0000000000000,0.5431186333849,0.3964607655565,0.2276841577119,0.1357337496595,0.2416075414711,0.2408129010152,0.6025311450734,0.4431726052340,0.3424537134804,0.2049374367558,0.4880723095908,0.2599773301381,0.4025603817301,-0.0440345443248,0.3253339072360,0.5390873920033,0.4216360232585,0.2086031842832,0.1632858908724,0.2858454929162,0.1529983591456,-0.0810695851996,0.0703716464668,0.1682686343939,-0.0570346608262,0.1613120885833,0.0989133558223,0.4340586167647,0.3845113274605,0.5712659591849,0.2543210802035,0.1505682546061,0.2366489797108,0.4055831506564,0.6212182013726,0.4819982013771,0.3417102543574,0.2680179228802,0.1339829306113,0.2895067919703,0.1742732756383,0.5154023236240,0.2074474271582,0.2982744530318,0.1547672166579,0.3575999724684,0.2188378448510,0.2604489307309,0.0544473603633,0.3058338494434,0.4459262976221
0.5350516871501,0.4283471324085,0.2300381704982,0.5674713115106,0.4559423001739,-0.1238783838259,-0.1014084973514,0.3001178476630,-0.0532060751927,0.2390228395221,0.1496336681773,0.2302106935622,0.3499373991340,0.0941494629981,0.3368210057240,-0.0896151526311,0.3328132998917,0.8035166947446,0.5431186333849,1.0000000000000,0.4710987141027,0.3772294618208,0.4153467170132,0.4803581056376,0.3205292964488,0.3293128571461,0.5082587353745,0.2758539933488,0.3308944508703,0.5613363825482,0.5163284619528,0.1576646363224,-0.1693436255395,0.6373647484464,0.7414936796627,0.5152966148236,0.5674660392766,0.2639705173088,0.5010471795213,0.3770497776715,-0.1586277561693,-0.1473980977273,0.3211313136942,-0.2144792247515,0.3064202624596,0.0599047185132,0.1280763426059,0.3915428577158,0.1606634275381,0.0508088224564,-0.0444801808914,0.3419430531910,0.7813598816668,0.2290314529809,0.6573548774108,0.4462753704978,0.4344891177010,0.3872346433568,0.5217325189427,0.3409506474913,0.5122537387808,0.1968015905804,0.4166078366175,0.2995532585675,0.2928609964584,0.4729446916662,0.0441539637036,-0.0853071792775,0.5886683714506,0.5970258338333
0.6038071698800,0.3426249142471,0.2883104650036,0.4498990748687,0.6806553030479,-0.1533721427367,0.0877832059172,0.4958439217322,-0.0433528328051,0.3653553505026,0.4566605795536,0.3309092984155,0.6203883997151,0.2453955978742,0.3280759513870,-0.1132831539958,0.3721419059167,0.4620980749419,0.3964607655565,0.4710987141027,1.0000000000000,0.4475350701256,0.3175711428381,0.4655820097523,0.5558143545630,0.3787279337242,0.3834681204449,0.3461484233391,0.5842281148339,0.3557961310318,0.4618517442760,0.1949117088884,-0.2238974682162,0.4236665265759,0.4979173648205,0.5720935039390,0.3996928478888,0.2572569195300,0.3516555372197,0.6271601008459,-0.0556590950520,0.1024773592757,0.4581472684994,-0.0596218160645,0.3615238866801,0.3848484110707,0.1518896006744,0.6708217856787,0.2255802861838,0.1405157847677,-0.0325435951996,0.3951063834243,0.4914410398484,0.1066570760659,0.2236052641674,0.8426504408885,0.4316501760870,0.3081407389625,0.4835830178940,0.5023281971217,0.4224541939012,0.1687728487133,0.3802166112504,0.5397932149480,0.2823480174341,0.3549331371512,0.0849105943042,0.2003094132519,0.3152077684205,0.3528386691003
0.3614787864227,0.6107574097852,0.6986677777546,0.5720797970941,0.4674039826922,-0.1943741182431,-0.0758609560483,0.6212026373203,-0.1778819016717,0.3667727600858,0.1489043559096,0.1570719757666,0.2256698435427,0.1724880117130,0.0685871036711,-0.1023049252583,0.6268880017375,0.4954423791151,0.2276841577119,0.3772294618208,0.4475350701256,1.0000000000000,0.5962114850899,0.8280290107764,0.6617237166658,0.2873726723066,0.4343046301248,0.6819519360815,0.7306664293968,0.2319102424381,0.7582318890456,-0.0276287913699,-0.0696027661702,0.2845247103052,0.4315016079223,0.3766711279398,0.4253981476387,0.4752278343108,0.4384397290481,0.4673809221317,-0.0959642353054,-0.0796249731767,0.4843335743421,-0.1482943933264,0.3935548988193,0.1047887496262,0.0506486242450,0.2345274708043,0.0819330310017,-0.0255787258210,0.0049776468279,0.6525801272482,0.4221177370517,-0.0665476238588,0.1534538198475,0.3314042043517,0.7057558594710,0.5783162145654,0.6999574200830,0.6372550661648,0.3510123246199,0.0511870581946,0.6378276574509,0.6885928909282,0.1833669009519,0.5336743946339,-0.0987511796137,0.1915291580989,0.2100202225794,0.2959436578713
0.3452197577828,0.7160202166395,0.5617772858005,0.7449048947067,0.4852562653739,-0.4457123930072,-0.3431648340358,0.6091924799840,-0.5648875155067,0.4934101609399,-0.1662073241499,-0.1043387092704,0.0819539005437,-0.0549641548003,-0.1309607933461,-0.3355333498410,0.6884506119753,0.5323482569145,0.1357337496595,0.4153467170132,0.3175711428381,0.5962114850899,1.0000000000000,0.7316250673516,0.7741211664398,0.3241460580534,0.2838198314214,0.3756113128707,0.5857038159637,0.2185886575436,0.7896055833140,-0.1637792534576,-0.1787370154843,0.2654852249955,0.4550326222510,0.5256187269530,0.6642594467745,0.3812749774737,0.5506698059932,0.4738661937902,-0.3501260779596,-0.3600664999635,0.6534368519134,-0.5340176180046,0.6189924782617,-0.1351424368973,-0.0381062016079,0.1412400298909,0.0126746648097,-0.2538051724261,-0.1491574882230,0.7051085370083,0.6008647619688,-0.1421950270502,0.3224571274600,0.2464817823515,0.7366781188000,0.9346834509192,0.7581570585221,0.8110930523172,0.4502711497830,0.0184475238874,0.6462387452542,0.6165418922731,0.2809621533849,0.8111065892323,-0.1826588743390,0.1262400643702,0.2763950613266,0.4205640681339
0.4002054568967,0.6302967576327,0.6973927040695,0.6014673386862,0.4507479566465,-0.3947367885922,-0.2987360528650,0.6674807499050,-0.3996888345396,0.3286435848515,0.0205430289674,0.0458776565049,0.1031978947314,0.0477094226763,-0.0362553857797,-0.3405365879174,0.8551620019340,0.5919661722315,0.2416075414711,0.4803581056376,0.4655820097523,0.8280290107764,0.7316250673516,1.0000000000000,0.7839476138981,0.2361669503152,0.4491854683804,0.6652639545493,0.7256113994002,0.1855125539759,0.8418542500370,-0.1029569172546,-0.2024605987983,0.2371227972818,0.4286959773093,0.4532231146321,0.5410364710019,0.5283722435957,0.4418869565608,0.4703163621741,-0.3150772869546,-0.2738731537322,0.5682350280962,-0.3874131684932,0.3986455190586,-0.0490807118009,-0.0271308209863,0.1896361876201,0.0600549736932,-0.2095503955302,-0.1959934067261,0.8389367968861,0.5570573493161,-0.1153949323623,0.2868873447228,0.2927396255342,0.8273048728774,0.7045032098893,0.8970299308849,0.7566728817311,0.3652823501251,0.1013063845964,0.7719455927362,0.7260033770449,0.1865565131964,0.6824214318041,-0.1307317013465,0.0822504976583,0.2368941794167,0.3066015604484
0.4084863268829,0.5386695097393,0.6769470753330,0.6411281684670,0.5972469309203,-0.3969139137899,-0.2042648269010,0.8686668682212,-0.4191679453938,0.6246175608976,0.1166501658452,0.0840709890721,0.2305091115904,0.1646855994435,0.0118324516170,-0.2597612534838,0.7403780837915,0.4610432299782,0.2408129010152,0.3205292964488,0.5558143545630,0.6617237166658,0.7741211664398,0.7839476138981,1.0000000000000,0.3103535394454,0.3542371993164,0.5353484915809,0.8240786948983,0.1312654235914,0.8181119319158,0.0106729873757,-0.1756896959872,0.1237840273204,0.3333488306519,0.5158189441882,0.4675535940232,0.5027902827871,0.4868595491827,0.5803524720275,-0.2540563708865,-0.1709727574833,0.8136879498187,-0.3531222940180,0.6689391656807,0.1030805070641,0.0673988845635,0.3343405411798,0.1916752129768,-0.1082874062946,-0.0559368846909,0.7450857905616,0.5379930543176,-0.0324559406725,0.2551705127717,0.4467692374308,0.7879181972535,0.7538007495483,0.7855400906088,0.9409487101747,0.3775776846521,0.0935207947752,0.7014209031001,0.8232292809155,0.2341999533626,0.7654668812081,-0.0041844792462,0.2101641857707,0.1754893784561,0.3044366377069
0.4824428526825,0.3558240562929,0.1966903377938,0.4773331962326,0.2200134811423,-0.1446413226219,0.1585677111047,0.2292439076698,-0.1390336252691,0.2815928404990,0.0782761287081,0.5704138024376,0.3902078280120,0.5691920861919,0.4238432232733,0.1408947112691,0.2761552875386,0.2540551361764,0.6025311450734,0.3293128571461,0.3787279337242,0.2873726723066,0.3241460580534,0.2361669503152,0.3103535394454,1.0000000000000,0.3722487565962,0.3661329900675,0.2107412561360,0.5486320126278,0.2740818693740,0.3464178920165,0.0765750762056,0.3491631560330,0.5624760025458,0.5074703983044,0.3814544840205,0.1715238014254,0.3606644858979,0.1954676845367,-0.0396606884116,0.1047966955341,0.2216831623352,-0.0859072433306,0.2777977852986,0.0483554922468,0.5464163320211,0.3480814093679,0.6306675787631,0.2930688110010,0.2572864055233,0.2932705149956,0.3916925281467,0.4339374902217,0.3283471384261,0.3263888041452,0.3131924884779,0.3260363018530,0.3138310015674,0.2707879622412,0.6805859153848,0.2509412481451,0.3782942069280,0.1942315888864,0.6172119832943,0.3117430844863,0.2567641543018,0.2801274548051,0.2688153453263,0.5114751272021
0.3039015460254,0.5190772472473,0.5585199339749,0.4221574673787,0.3200369860323,-0.0060175744460,-0.0271127563306,0.4023160109989,0.0416118979982,0.1213968776000,0.1941227086068,0.3048304037877,0.2278028742973,0.1569871955405,0.2262479967888,-0.0110464181693,0.2594364584787,0.4790933407706,0.4431726052340,0.5082587353745,0.3834681204449,0.4343046301248,0.2838198314214,0.4491854683804,0.3542371993164,0.3722487565962,1.0000000000000,0.6594710704706,0.3627195479067,0.2433800986650,0.5342382573025,0.3337621903824,-0.1359102972661,0.2663353865273,0.4709413888021,0.2580301050001,0.3876375700952,0.5460681352286,0.3331607819412,0.2548178381701,-0.0099718041517,-0.0042476970291,0.2668809197097,-0.0359125999854,0.0883434008688,0.0739112093732,0.0902313517027,0.2340632859244,0.0856671430887,0.0130832418670,-0.1059329093834,0.2687973596145,0.4352237013784,0.1596253850559,0.1033359728729,0.2736425095828,0.2948344613271,0.2935852746452,0.4408450849780,0.2966044580321,0.4035434164548,0.6362230467429,0.5764709565280,0.3119961282645,0.0913867211904,0.3073486213795,-0.0278881820231,-0.0179378860785,0.1503351339279,0.3141030263986
0.1852388855352,0.4928087913643,0.7505280674791,0.4370592603014,0.2807034412320,-0.1117435994293,-0.0815742165453,0.4978888168875,-0.1005732630954,0.3122613845620,0.1159444734446,0.2903354115477,0.1228239997265,0.3361512392121,0.0427820388075,-0.0274217734141,0.5464902946635,0.3737008722198,0.3424537134804,0.2758539933488,0.3461484233391,0.6819519360815,0.3756113128707,0.6652639545493,0.5353484915809,0.3661329900675,0.6594710704706,1.0000000000000,0.4869118298069,0.0312547343438,0.5459387822058,0.2277281156635,-0.1229900364500,0.0741263349940,0.2600864441104,0.1970524536395,0.2643015166561,0.6895722469149,0.3210276736693,0.2389050287053,-0.0617343084627,0.0023884295751,0.3393045897739,-0.0607803165393,0.2430164299889,0.0716424199395,0.1366828470749,0.0930846166701,0.2646591174438,0.0208416626627,-0.0379869266993,0.5588612916538,0.2892579947582,0.0904382198807,0.0185663489220,0.1786386582218,0.5546444694275,0.3741503764911,0.5943058050956,0.4584434544189,0.2977172590236,0.3654213588246,0.8100262671779,0.4717429915370,0.0573481460156,0.3515093509799,0.0962353254734,0.0788807047530,0.0146670684234,0.1220751897510
0.3386802910955,0.5093614397218,0.6027307963080,0.4933910979868,0.6387546935115,-0.3741908911926,-0.1131493031425,0.8201419086530,-0.3006345246873,0.3869559497319,0.2691336013810,0.0576426422924,0.3579407939920,0.1745038960368,0.0493284101817,-0.2087768190340,0.5568360146874,0.4394824105923,0.2049374367558,0.3308944508703,0.5842281148339,0.7306664293968,0.5857038159637,0.7256113994002,0.8240786948983,0.2107412561360,0.3627195479067,0.4869118298069,1.0000000000000,0.1640383132121,0.7774186205256,-0.0247752664428,-0.2287275987559,0.1975038303273,0.3172304586040,0.4265548306267,0.3903405781717,0.4217804576014,0.2617407804041,0.5563685519526,-0.2529150478717,-0.1038475980805,0.7305583236006,-0.2377710988188,0.4376918661578,0.2494315405908,-0.0029957338481,0.4125165933113,0.0617863845375,-0.0348015428340,-0.0549354018212,0.5705596972201,0.4666456188412,-0.0329152028073,0.1679396880345,0.5155515219915,0.6607168157304,0.5714625998841,0.6572305135053,0.7574125975940,0.2504505096462,0.0480898925985,0.5534394233919,0.9243414975404,0.2077185995270,0.5919435693797,-0.0217505993905,0.2082287925634,0.2175882845389,0.2392961336881
0.5918178062257,0.2049749504480,-0.0693649361934,0.3829807954471,0.2675404918442,0.0800318661730,0.2893133889464,0.0862584860144,0.1336442944937,0.1233189914230,0.3116133536356,0.4348068976235,0.5314696843446,0.3981721019010,0.7181180564397,0.2488607153752,0.1113263261806,0.3772930305525,0.4880723095908,0.5613363825482,0.3557961310318,0.2319102424381,0.2185886575436,0.1855125539759,0.1312654235914,0.5486320126278,0.2433800986650,0.0312547343438,0.1640383132121,1.0000000000000,0.3005538330166,0.2006225783610,0.2058550426705,0.7469209722951,0.6938242862842,0.5370226377805,0.3974243660001,-0.0361068674629,0.3471385064500,0.2036911055246,0.1098778487511,0.1831923423817,0.1365189534774,0.0408328776655,0.1543289750605,0.1822671347465,0.3494909836278,0.5128462851213,0.3575957101602,0.3730846749796,0.3541447836498,0.1043794320129,0.5022293047057,0.3023644396644,0.4734974555881,0.3977876527573,0.2097929373077,0.2235455963093,0.2225154716357,0.1268877015173,0.4409294410708,0.0390388972314,0.0752221118244,0.1184378743205,0.7423718370336,0.3063308023215,0.2026914041541,0.1255365879410,0.6643779911397,0.6795542354815
0.4381795738013,0.7298430346160,0.6720761270861,0.6644759467497,0.5646076522077,-0.3743913521458,-0.2894865769990,0.8088911887713,-0.3691476658751,0.3711320468390,0.0900142026075,0.0240028007536,0.1691076667702,0.0507820218907,0.0546146807972,-0.3026006266545,0.6675371415472,0.6397720519227,0.2599773301381,0.5163284619528,0.4618517442760,0.7582318890456,0.7896055833140,0.8418542500370,0.8181119319158,0.2740818693740,0.5342382573025,0.5459387822058,0.7774186205256,0.3005538330166,1.0000000000000,-0.0649650486851,-0.1329981532245,0.3109505290439,0.4786618707207,0.5124543378400,0.6350031400834,0.4860325412555,0.4887097201028,0.5387245660837,-0.2871300622987,-0.2873158523193,0.7140942925965,-0.3806177456211,0.4469706530829,-0.0085168429271,-0.0546351892828,0.2523020488481,0.0092666091064,-0.1791597006330,-0.1446591972601,0.6524473803802,0.6390214413098,-0.1159226416716,0.2960931343277,0.3503262051845,0.7518409444659,0.7904267860106,0.7860113261646,0.7927344772210,0.4037993164832,0.1352441350892,0.6903365206977,0.7611451645766,0.2334173736265,0.8164183498927,-0.1366401895793,0.0971432482180,0.2997331018810,0.3965521206402
0.2235844662832,-0.0313167071522,-0.0079798403857,0.0451015748796,0.0867607925558,0.0600072675682,0.0695488165817,0.0596526269854,0.1369667604566,0.2216900394134,0.1449677819622,0.4452166237602,0.1595552985793,0.5783186777880,0.3147384793248,0.0705641367067,-0.1455803470835,0.1333482898174,0.4025603817301,0.1576646363224,0.1949117088884,-0.0276287913699,-0.1637792534576,-0.1029569172546,0.0106729873757,0.3464178920165,0.3337621903824,0.2277281156635,-0.0247752664428,0.2006225783610,-0.0649650486851,1.0000000000000,0.0079012310195,0.1596204129959,0.1512506877496,0.0750482508087,0.0053371385650,0.0664102751838,0.1513698085022,0.0893259508408,0.1251594401725,0.0707828450133,0.0341252029640,0.0516451113932,0.0868041456722,0.1180905237855,0.3078976708698,0.2271368606822,0.5707656496374,0.1844003424845,0.0421264863233,-0.1521017714092,0.1127546750351,0.3803110796980,0.1157759077929,0.1618846291702,-0.0277003914500,-0.1155441637748,-0.0375310491379,-0.0447322024059,0.3000004856725,0.4270546065860,0.1707871560628,-0.0346429285612,0.1557309448448,-0.0427621696192,0.5689446164035,0.1809669693640,0.1584654765475,0.1044846337337
-0.1498927666898,-0.1841456054570,-0.1209731064586,-0.0908041006017,-0.1921728358029,0.5047099033217,0.3564994759735,-0.1726445667782,0.2899829422267,0.0265310232684,0.0281451244665,0.0917425767039,0.1795089842748,0.1693819696276,0.2517965011019,0.5339666309828,-0.2304444946736,-0.1586542741934,-0.0440345443248,-0.1693436255395,-0.2238974682162,-0.0696027661702,-0.1787370154843,-0.2024605987983,-0.1756896959872,0.0765750762056,-0.1359102972661,-0.1229900364500,-0.2287275987559,0.2058550426705,-0.1329981532245,0.0079012310195,1.0000000000000,-0.0989811503048,-0.0892799849398,-0.2654161827923,-0.2305726667208,-0.1238588195657,0.0860934642778,-0.1719121147558,0.5453802375266,0.3648541010703,-0.1886460026035,0.3077350098763,-0.0315543661385,-0.0307339296551,0.1434748369920,0.1000756178258,0.1071490030237,0.2998190654351,0.5388375799108,-0.2204519648966,-0.1742115274629,0.0163392786851,-0.0973098482082,-0.0946669201197,-0.1751299946616,-0.1508598661822,-0.2198788993793,-0.1682741298453,-0.0946105460726,-0.1625698237028,-0.1854435933991,-0.2453349548917,0.2435512742051,-0.1082761382627,-0.0352233645287,0.3870991255874,-0.0775434773970,0.0550903047187
0.5651194196069,0.3499429681165,-0.0437887143506,0.3731708700591,0.4639247193445,0.0183913112045,0.0131258864179,0.0718096499352,0.0154249508036,0.1638168531535,0.2911050224234,0.1621456923017,0.4433031052731,0.1427037384139,0.3990437305177,0.0197829745236,0.0939046823838,0.5513317099678,0.3253339072360,0.6373647484464,0.4236665265759,0.2845247103052,0.2654852249955,0.2371227972818,0.1237840273204,0.3491631560330,0.2663353865273,0.0741263349940,0.1975038303273,0.7469209722951,0.3109505290439,0.1596204129959,-0.0989811503048,1.0000000000000,0.7283356013912,0.5955071075722,0.5898001935229,0.0019297569114,0.2921028876602,0.3623689996734,-0.0094884142800,-0.0077965361123,0.1916903567578,-0.0386288485362,0.2287464722455,0.2637020444027,0.0699099620088,0.4362872449861,0.1322614304041,0.2510171271334,0.0617624075351,0.0911648172333,0.6113929224475,0.1403466303170,0.4595493040460,0.4992693841471,0.2755918048263,0.2699206541882,0.2862988120213,0.1889340180311,0.4689744093791,0.0578589724250,0.1244026798021,0.1821983900055,0.4715606849411,0.3232331563203,0.0572734284316,-0.0449933606583,0.8532530999830,0.6392030502475
0.6248164813553,0.4892522663980,0.1663994487417,0.6244162978247,0.4248593003321,-0.0139626246542,0.0905000868624,0.2224680679487,-0.0283469900515,0.2869059142580,0.2297665220793,0.3917795736670,0.4513553738708,0.1977011330558,0.4245435873853,0.0901835849925,0.3120471683092,0.6119758186257,0.5390873920033,0.7414936796627,0.4979173648205,0.4315016079223,0.4550326222510,0.4286959773093,0.3333488306519,0.5624760025458,0.4709413888021,0.2600864441104,0.3172304586040,0.6938242862842,0.4786618707207,0.1512506877496,-0.0892799849398,0.7283356013912,1.0000000000000,0.6574572271151,0.6123071086654,0.1894726614925,0.5385232187955,0.3635594555684,0.0166744666873,0.0589397955168,0.3141577067141,-0.0564962712147,0.3590314021062,0.1938664407593,0.3123133309143,0.4754894127445,0.2378908427635,0.2496572925840,0.1474417197358,0.3408885110095,0.7003853821533,0.2786569765910,0.5228806550960,0.4899642214723,0.4358259680895,0.4581788284001,0.4795631662728,0.3619262955623,0.6320208841719,0.1894653432310,0.3761050307644,0.2921745105818,0.5026144074777,0.4819515002195,0.0008030028848,0.0859826084103,0.6322026678553,0.8349545461507
