1.0000000000000,0.5591217145644,0.4429262978627,0.7021081465281,0.1927596733006,-0.0311208383639,0.5764894461295,0.4402007183917,0.3912118303879,0.3114634100327,0.5414479208017,0.0757348301437,0.5083462885835,-0.0506172806119,0.7509086257749,0.3182530103703,0.2808688913101,0.6359470243889,0.0973349991014,0.2729252094555,0.4419074745859,0.3007346624008,0.5003195517719,0.5522965385835,0.4105524684044,0.2326265616033,0.4067771946834,0.2169021551185,0.4312591330965,0.5764379211061,0.7265649995718,-0.2923014287107,-0.0043969269313,0.4652079949863,0.5939752976898,0.5696465820073,0.2924799364537,0.0605385282625,0.6829525919482,0.1559181407371,-0.0986799189741,0.4281758051086,0.0489066285276,0.2959339881190,0.2696042738481,0.1936780020533,0.2280167020554,0.4018351039248,0.0789950219475,0.3036858105539,0.4699507469172,0.2012911356529,0.3736394772923,0.2576034173455,0.2902479297809,0.3345921195622,-0.0145887698448,0.3301648485835,0.2139648514544,0.4257214084866,0.0540269022638,-0.0865830793807,0.0524961753687,0.3604163749423,0.0989931712479,0.3677876055123,-0.1421446743896,-0.3538006538848,0.5126649599922,0.5248142332984
0.5591217145644,1.0000000000000,0.4670757891081,0.8203531862223,0.2273794104543,-0.1218859477883,0.4043447719479,0.3688574604398,0.1630042417394,0.3257622675787,0.4268201215982,-0.0724104273248,0.4793853254699,-0.0879569883514,0.4950516211578,0.2803308225929,0.2267946538589,0.6209609951713,-0.1544000476037,0.1089455434252,0.4376934859858,0.2842927826685,0.7033452897607,0.6026765214407,0.4157308674800,0.4003105267004,0.5316838367418,0.2727279607085,0.3925485294249,0.3891986214730,0.6993139212514,-0.2330381735363,-0.0821606187119,0.3443347272700,0.6114573109064,0.3866346652732,0.6984925968031,0.0361667170481,0.6523455568855,0.2467206609755,-0.2403766953294,0.3865783823540,-0.0121015084082,0.0662491387244,0.2829407008123,0.3110184521607,0.0176231687557,0.4163934995729,0.0273002566274,0.1903303913133,0.3634432099282,0.1936229676617,0.4603129971473,0.0685428363773,0.2570484630437,0.3700409636268,0.1494204936142,0.5706386751146,0.3767444296789,0.4086028539023,0.1443521109916,-0.0602629022456,0.0902591973749,0.3571759128836,0.1296491290346,0.4731473886041,-0.1174754068117,-0.4576404059570,0.4579761350399,0.5768927068271
0.4429262978627,0.4670757891081,1.0000000000000,0.4359238529605,0.2350819698635,-0.1818339263480,0.2932823610213,0.6264528244506,0.0799218956006,0.3555841878105,0.2884009645425,-0.0959367785249,0.3374429854923,0.2832070146245,0.3752472018042,0.1784825456115,0.2727217121862,0.2380774488365,-0.1215082938412,0.1744864244729,0.2461097402286,0.4964377336424,0.3373764250357,0.6018036445351,0.4505867487304,0.4810322126663,0.6640069006800,0.7516906977196,0.4525161098255,0.1554047554813,0.5838187016297,0.1070992717283,0.0935396079283,0.0508840723172,0.2886767551866,0.1878232653501,0.2284868396822,0.5298996538546,0.3508888141615,0.0538728007319,-0.0321942306252,0.0846352152047,0.2658729558268,0.1095465339311,0.2851684490315,-0.0101714391360,0.1601051266599,0.2181342502274,0.0926209250104,0.0139958107570,0.1282780541228,0.1347559687974,0.0905908938868,0.0918843841158,0.0078646270394,0.1704576475848,0.1643358415884,0.2476179702765,0.3143511215949,0.3435081743914,0.2602520045026,0.1707249747468,0.6202266694788,0.2475638457006,-0.2240018320559,0.1559798974924,-0.0034254193199,-0.1498117658378,0.1138978463161,0.1556415355908
0.7021081465281,0.8203531862223,0.4359238529605,1.0000000000000,0.3392642558829,0.0023882256471,0.6394535838363,0.4133019715171,0.3938527823487,0.4552586665076,0.5817390765106,0.0243030834649,0.6094284371339,-0.0919968865870,0.6787347635271,0.4279400985775,0.2897162857065,0.6679846291413,0.0010253419450,0.0583475159230,0.5792130806168,0.3411607193559,0.7915913005675,0.6294954205454,0.5675930391740,0.4140933137936,0.5129587332993,0.1897520072379,0.5037930641353,0.5731852533670,0.8248403129240,-0.3545679830319,0.0161072253331,0.5368090786459,0.7553533819427,0.4856478590792,0.5231455722898,0.0234362650428,0.8267838016523,0.3656280747630,-0.2517541147594,0.5586469640118,-0.0151727990107,0.2974335086756,0.4382693048719,0.3495801208206,0.1532564406413,0.5474920965439,0.1407155671497,0.3231989470723,0.5926843493083,0.2443357689924,0.4512814529073,0.2495593384702,0.2859064108751,0.4989835186704,0.1053835243627,0.6093126862345,0.3381501940089,0.6053507581154,0.1290972393099,-0.1672689035727,0.0047333235834,0.4792935927862,0.2173705183299,0.5314775288138,-0.2213177368602,-0.4788017825648,0.6491488294746,0.7275956293109
0.1927596733006,0.2273794104543,0.2350819698635,0.3392642558829,1.0000000000000,0.0416145898432,0.4544804072534,0.3401139099213,0.0820935509972,0.5900657148986,0.5767849840364,-0.0554643085742,0.6715771735148,0.0411049635361,0.0961621886709,0.4272858206246,0.4371666725495,0.2037908818530,-0.0645926444044,-0.2349218269011,0.8072986513585,0.4974422434563,0.2737784236889,0.4388335389817,0.5423801354234,0.0758181531334,0.1312777440918,0.1227340451082,0.6930117733110,0.2023532994061,0.3773126997137,-0.0503320792413,0.0665191574705,0.3651654827448,0.2489141561550,0.3529542888719,-0.0578835104129,0.1347012781844,0.2091851122551,0.8389672566033,-0.2276149376684,0.3949184674040,0.1829231907737,0.1846448380566,0.5627679451327,0.4691056389878,0.2142831917097,0.6741116505151,0.0811294603371,0.1423929964666,0.4990256461459,0.4386216083637,0.1857218358542,0.2149254106428,0.0518642528806,0.8256209426355,0.4174228105614,0.0709076109293,0.4271002408156,0.6048497747282,-0.2071967526569,-0.0972959101520,0.0286615208030,0.6102692424650,0.1921999759805,0.3129261374410,-0.2156377992605,-0.2451994662182,0.3787777741099,0.3034317918383
-0.0311208383639,-0.1218859477883,-0.1818339263480,0.0023882256471,0.0416145898432,1.0000000000000,0.3360781004181,-0.2251335498293,0.4574385501633,-0.0203804394441,0.0388015052326,0.4813092906587,-0.1100845592145,-0.1142189505588,-0.0237783570579,0.0199356095339,-0.0301987588004,0.1382815607223,0.5346915769043,-0.1953523594437,0.0216322772696,-0.2103675314365,0.0317882589683,-0.0945032552084,0.0471377427539,-0.1591174050320,-0.1956932243746,-0.1079238531834,0.0052097843381,0.0611126900268,-0.0069370459016,-0.2980251003279,0.5278301894592,0.1367625113538,0.0993854311732,0.0472526076708,-0.1796156202156,-0.0681067752494,0.0688257483911,0.0815684840555,0.1993153591895,0.3381629801707,-0.2459603184684,0.2839124082133,0.0266690714233,0.0122755294070,0.2292815125749,-0.0093554020363,0.3511855949037,0.0504083169681,0.1609785782799,-0.0646572341230,-0.0452110904166,0.1363001237507,-0.1329829370156,0.0755530203752,-0.1980671844265,-0.1442557491269,-0.1615052992403,0.0617325349281,-0.2270200415432,-0.1069803095527,-0.1921413129299,0.0162734050200,0.1212761938662,-0.0303195916132,-0.2305437092824,0.2109705065365,0.0312739872480,0.1575596317131
0.5764894461295,0.4043447719479,0.2932823610213,0.6394535838363,0.4544804072534,0.3360781004181,1.0000000000000,0.3209761609872,0.5806747133436,0.4287135510583,0.8410616876007,0.1524938730090,0.7472531483943,-0.0888585486656,0.4428287586564,0.5105717012408,0.3680447357602,0.5049811901847,0.1924537987165,-0.0228785481381,0.7102520357488,0.4373205570436,0.4483755299475,0.5926541699744,0.4649955069482,0.1115929037509,0.2934722426931,0.1727052317856,0.6063733954011,0.4798626216536,0.6562166216223,-0.3011546659152,0.2518141785749,0.5452025602712,0.6231719096391,0.3438670175840,0.1579741793978,0.0595706576234,0.5874457846354,0.5200479531888,-0.0591448697729,0.6779783506377,-0.0658284474846,0.4304636829793,0.4029420250006,0.4141584057780,0.3001132563968,0.6855777661353,0.1245141776698,0.1437325276378,0.6287827104648,0.3032847269291,0.2115995808656,0.3337063979865,0.0607937596291,0.6296317669420,0.1452070553925,0.2978284586009,0.3203245724471,0.5373630492669,-0.2124476493441,-0.2014193488965,0.0779795728998,0.5625779628460,0.0476354813547,0.4265236405705,-0.2291592052203,-0.2933888645358,0.4982189921867,0.5452431101656
0.4402007183917,0.3688574604398,0.6264528244506,0.4133019715171,0.3401139099213,-0.2251335498293,0.3209761609872,1.0000000000000,0.0277961045236,0.6222101026622,0.3828498658290,-0.1529700016817,0.3846774354278,0.3543224919460,0.3194486668011,0.4133537080795,0.2846957190591,0.1232436518176,-0.1796799259400,0.2026735883293,0.3481722617116,0.4309039897504,0.3968049508138,0.4101090194165,0.6859872871998,0.4330423272544,0.4446895148773,0.5649425892617,0.5133407146695,0.1662016070182,0.5814358305712,0.2262337157343,-0.0072748709827,0.1335908148466,0.1642250556310,0.0878639207187,0.0838734781816,0.1873488093269,0.4161968600512,0.2865611742287,-0.0707474670220,0.0176627412068,0.5574912234223,-0.0872844299280,0.5560377041659,0.0177439900171,0.0128699522464,0.2555617433911,0.0698276383504,-0.0613544938022,0.2470956321425,0.1845383178951,0.0026598191847,-0.0646665278808,-0.1132560532117,0.2972433380598,0.0463394645034,0.3154997947925,0.0865685600558,0.5435505761957,0.1596488901075,-0.0621260589010,0.4074884595127,0.3540602085392,-0.2861625710631,0.0953278047224,0.2719270532439,-0.2108164571455,0.0553109018139,0.0013644632408
0.3912118303879,0.1630042417394,0.0799218956006,0.3938527823487,0.0820935509972,0.4574385501633,0.5806747133436,0.0277961045236,1.0000000000000,0.0347726821676,0.3273458571896,0.4991507241087,0.1615712239191,-0.0442037658565,0.5500659711061,0.2616792632183,0.1002021912574,0.3160272865185,0.5658511248698,-0.0741682097401,0.2795930856379,0.0191238556360,0.1545342154079,0.1412312167966,0.1240208949629,0.0895967237414,0.1783891887075,0.0475072886259,0.2015285509693,0.3103359092960,0.3248195085863,-0.2916565537795,0.2393551326122,0.2933225462735,0.3651968765256,0.1884823392792,0.0240140112158,0.0654256473309,0.4092925824465,0.1111578648483,-0.0160641512450,0.4412867657798,-0.3102798848194,0.5803384628209,0.0312349132526,-0.0283812350047,0.3840124790568,0.1369041388608,0.2133721012799,0.2719987006465,0.4557170798560,-0.0008829238263,0.0371699003838,0.4367843793698,0.0701079953300,0.2024625018777,-0.2058237177397,-0.0044699187559,-0.0546072513180,0.1658013226169,-0.1029829506484,-0.1771518972729,-0.0636332070528,0.1493823029333,0.0875523235651,0.0595024508147,-0.4254581485039,-0.0737468305146,0.2899420456049,0.4179150286439
0.3114634100327,0.3257622675787,0.3555841878105,0.4552586665076,0.5900657148986,-0.0203804394441,0.4287135510583,0.6222101026622,0.0347726821676,1.0000000000000,0.4782954022177,-0.0703175329469,0.6047496372134,0.2447986873689,0.2168024838749,0.4627782253823,0.2700259022945,0.2016509921252,-0.0799721382692,-0.1203970606393,0.6478878133273,0.3163045778218,0.3962450616295,0.3291972008456,0.7623331864564,0.3773728346044,0.1630918416112,0.2489588399375,0.4102538832193,0.1748702907480,0.3940597322146,-0.0284499472888,-0.0220234905808,0.3249623493099,0.1948713341242,0.2292740718553,-0.0384364296681,0.0551809989673,0.4088145353132,0.6229512939755,-0.2089423092245,0.2546134926884,0.4447962360618,0.0609663522567,0.9180255704750,0.2906344239812,0.0879450089990,0.5715799846852,0.2257310863128,0.1707547281329,0.4542794713227,0.2115906877887,0.0608481528610,0.0683643513777,-0.0812942562469,0.6631491519394,0.1474689750986,0.2136626605633,0.1460699783134,0.7146871229023,0.0526727280726,-0.2452888736280,0.0697773876002,0.3414392350478,0.0393540370702,0.1804244574187,-0.0119093881506,-0.3091371012829,0.3220581191022,0.2063233232693
0.5414479208017,0.4268201215982,0.2884009645425,0.5817390765106,0.5767849840364,0.0388015052326,0.8410616876007,0.3828498658290,0.3273458571896,0.4782954022177,1.0000000000000,-0.0221592293135,0.8689656082473,-0.0395542825865,0.3861639855377,0.4967313901215,0.4279433478760,0.4333008714849,-0.0318600610054,-0.0505249773759,0.8181640158383,0.5246254948297,0.3780244324538,0.6113383865871,0.4391220344869,0.0921367359680,0.2472749640461,0.1741758556123,0.6363471257671,0.4712098815403,0.5750577003901,-0.1159339973568,0.0766558939086,0.5121766022195,0.5359393551655,0.4007547325976,0.1409786375072,0.0910239759446,0.4698254173673,0.6277852814870,-0.2085326373219,0.6101135758744,0.0601263102436,0.2668777241076,0.4397869648045,0.6494543022959,0.3149029230695,0.8201887584574,0.0835333925389,0.1868148971223,0.5660923269404,0.3468073123259,0.2402347190498,0.3332880386857,0.1159392105895,0.7411624565914,0.3585160465773,0.2599107739369,0.4815777112999,0.5111621085337,-0.1612519914129,-0.1732793148889,0.1273834181581,0.6343816275679,0.1313006635635,0.4522093602524,-0.1436425371005,-0.4293743172685,0.5192326714471,0.4661519093022
0.0757348301437,-0.0724104273248,-0.0959367785249,0.0243030834649,-0.0554643085742,0.4813092906587,0.1524938730090,-0.1529700016817,0.4991507241087,-0.0703175329469,-0.0221592293135,1.0000000000000,-0.0921660782555,0.2445204824981,0.2182641722391,0.1076932577220,-0.0696974260743,0.1769506742150,0.8340163356476,-0.0764114705315,-0.0451814844134,-0.2354502362144,-0.0596442699934,-0.1421016671071,-0.0914806371595,-0.0135501645819,-0.0863492615408,-0.0421897846719,-0.1110446244872,0.1357779828136,-0.0446480283068,-0.1143246157369,0.0458461430156,0.1752906554049,0.0748955561747,0.1262544749813,-0.1842411922278,-0.0108857692657,0.1219265855626,-0.0347181252449,0.0743456621115,0.1863179623629,-0.3317389330664,0.3371223255401,-0.0569790579970,-0.0797830817259,0.6176393973167,-0.0769305527540,0.6027391636626,0.3077087284387,0.2593538651668,-0.1581125051102,-0.0666751921293,0.4346184789379,0.0437162800935,-0.0154098791558,-0.2175643822388,-0.2108103993795,-0.2029653573351,-0.0798898567654,0.1136641752522,-0.0790782896591,-0.1835882038921,-0.1000914539129,0.2574160451187,-0.1812087719695,-0.2418113148968,0.1746511217864,0.0829603701852,0.1349902401417
0.5083462885835,0.4793853254699,0.3374429854923,0.6094284371339,0.6715771735148,-0.1100845592145,0.7472531483943,0.3846774354278,0.1615712239191,0.6047496372134,0.8689656082473,-0.0921660782555,1.0000000000000,-0.0462492321445,0.3189443174765,0.5321784909181,0.4678539563623,0.4920809896270,-0.1312018492675,-0.0051062867339,0.8800318219086,0.5946300268697,0.4387438194880,0.7026523992377,0.5136931669459,0.1396475988613,0.2874805574671,0.1368999506921,0.6721811954986,0.4717141766523,0.5965849426790,-0.1867979133891,-0.0644525454881,0.5638746594553,0.5499910368607,0.4008638629862,0.1885986576180,0.0418627694708,0.5004830346282,0.6955246501566,-0.2193751413731,0.5353326196615,0.1279369023096,0.1313208884173,0.5562845209765,0.6129119051710,0.1966349986319,0.9184213574083,0.0032579206758,0.1389232622275,0.5762496683041,0.4444027413679,0.3642104064242,0.2276684647296,0.1791718060393,0.8189374775792,0.4213518913478,0.3276470488481,0.5558491921104,0.6083008369263,-0.1295356505202,-0.1525853863357,0.0548245330352,0.6649746860860,0.1521428551241,0.5320723175075,-0.1281527336232,-0.4671315087863,0.5535283299903,0.4821300121092
-0.0506172806119,-0.0879569883514,0.2832070146245,-0.0919968865870,0.0411049635361,-0.1142189505588,-0.0888585486656,0.3543224919460,-0.0442037658565,0.2447986873689,-0.0395542825865,0.2445204824981,-0.0462492321445,1.0000000000000,0.0943043998249,0.1758122056508,-0.0325322045857,-0.2427184516191,0.1350018580097,0.1314793554078,-0.0649973283123,0.1041914007808,-0.1579137219551,-0.0761511121203,0.0308522883125,0.5382708355688,0.1858819539426,0.4576273195327,-0.0591142046160,-0.0106467905302,-0.0948449577223,0.5442169005377,0.0250549722162,-0.0830889851351,-0.1867227847915,-0.1013960175544,-0.2409613797078,0.2369921692043,0.0109159451205,-0.0881181384827,0.1624534835291,-0.1149596271400,0.1914396270255,0.0620467430302,0.1696017742178,-0.1850425399865,0.3077218119118,-0.1160008886975,0.5153960315664,0.0335691745815,0.0021588296423,-0.0658925047529,-0.2836367364393,0.0449195611738,-0.1946032432514,-0.0837828785449,0.0132327944910,-0.1722976693753,-0.1057329623603,-0.0763609304454,0.4703637355514,0.1750984407452,0.3623429320699,-0.1477644373163,-0.0986434029741,-0.3509419830777,0.4024961026117,0.2976382743305,-0.1758968430165,-0.2484130493844
0.7509086257749,0.4950516211578,0.3752472018042,0.6787347635271,0.0961621886709,-0.0237783570579,0.4428287586564,0.3194486668011,0.5500659711061,0.2168024838749,0.3861639855377,0.2182641722391,0.3189443174765,0.0943043998249,1.0000000000000,0.3388997179071,0.1017923633889,0.5075891583028,0.2300423563438,0.0276025609143,0.3197140347202,0.1379601927864,0.3852137119337,0.3593529888100,0.2762968048273,0.3956257081285,0.4224501692749,0.2198324987170,0.2174817212642,0.5665172629547,0.5875006813351,-0.1517250106991,0.1049790995853,0.2688781417984,0.4874834145392,0.4971347086530,0.2062538330986,0.0246430724090,0.5986607972438,0.0613318638116,-0.2390807680524,0.4352043884320,-0.1001385702343,0.3760474611000,0.1647373140284,0.1428904600852,0.3168820479095,0.2642449385287,0.3129220970633,0.5319048618614,0.4877625400779,0.0076707036613,0.2637677598543,0.4311257120699,0.2979362729308,0.2169979468779,-0.0908866358432,0.1859422463413,0.0913445564218,0.2767520374881,0.2425845406799,-0.0939624332421,-0.0035505790170,0.1670483085265,0.2505920973000,0.1536364662163,-0.2340553594830,-0.3090362076802,0.4738460049879,0.5049425271288
0.3182530103703,0.2803308225929,0.1784825456115,0.4279400985775,0.4272858206246,0.0199356095339,0.5105717012408,0.4133537080795,0.2616792632183,0.4627782253823,0.4967313901215,0.1076932577220,0.5321784909181,0.1758122056508,0.3388997179071,1.0000000000000,0.2329644625227,0.2206232514405,0.1053803135937,0.0088259877460,0.5371099150918,0.3446182618877,0.2559567664864,0.2751024520486,0.3362883389819,0.1631476852537,0.0844019654882,0.0031389350504,0.3728029659221,0.4521748368667,0.3611627576015,0.0303600800709,0.1677432377096,0.3909474137125,0.3241676150963,0.1987082847030,-0.0637982973877,-0.1660219960882,0.4310555334503,0.4011759853250,-0.2767887315411,0.3712070039998,0.0410035646492,0.0119559369136,0.4037668236138,0.2823960623122,0.0752176964889,0.4256124778876,0.1011103852460,0.1011771308742,0.7159940110324,0.2033058731981,0.0384547100956,0.0992074944233,-0.0540436856089,0.4780686251215,0.0962354107618,0.0685176942776,0.1348193391363,0.3987839404952,-0.0865598413132,-0.4061903191424,-0.1560509192519,0.4149996813467,0.1674954337639,0.1078298475591,0.0701833081156,-0.2320730977201,0.2778832630560,0.2131434056238
0.2808688913101,0.2267946538589,0.2727217121862,0.2897162857065,0.4371666725495,-0.0301987588004,0.3680447357602,0.2846957190591,0.1002021912574,0.2700259022945,0.4279433478760,-0.0696974260743,0.4678539563623,-0.0325322045857,0.1017923633889,0.2329644625227,1.0000000000000,0.1524884915326,-0.0085396135565,0.0180120633851,0.4376209818239,0.7426566244687,0.3513405013926,0.6553299324837,0.4380726864214,0.0509393564270,0.1922173125954,0.1795613393412,0.6886931980282,0.3528491227450,0.4087707578198,-0.0550033259126,0.0328165812063,0.2964526993224,0.2890360470262,0.2688905358214,0.0416907216530,-0.0175013831236,0.2084695135192,0.3562373603853,-0.0825471806962,0.2325957699115,0.0549375751843,0.0696978499481,0.2192486457149,0.3605886307016,0.1241043900920,0.4319924712622,-0.0364680891789,-0.0238334807891,0.1940545160167,0.8624975532327,0.1627293488690,0.0890793136781,-0.0397253436298,0.3941723866303,0.5511900813604,0.2304519552315,0.5835776818143,0.4655878417033,-0.1308571093759,-0.1438425031371,0.0077728227523,0.6903742138067,0.1295078551058,0.3727896961137,-0.1358724998433,-0.1306271115704,0.2442399203947,0.1738006937286
0.6359470243889,0.6209609951713,0.2380774488365,0.6679846291413,0.2037908818530,0.1382815607223,0.5049811901847,0.1232436518176,0.3160272865185,0.2016509921252,0.4333008714849,0.1769506742150,0.4920809896270,-0.2427184516191,0.5075891583028,0.2206232514405,0.1524884915326,1.0000000000000,0.1613963692991,0.1705205783800,0.4851869743766,0.1391933301844,0.4774670716572,0.5561045088098,0.2479348696465,0.0511700915287,0.3202038709483,-0.0612066573671,0.2907766586589,0.5266466313950,0.6371265631416,-0.4275131137973,-0.0188187094333,0.5337690020112,0.7536916798650,0.5900831974264,0.4442148914163,0.0218455410196,0.6341552785986,0.2751652374342,-0.1266264610389,0.5040448090964,-0.1285413853352,0.2855904467277,0.2267565633715,0.3058731916802,0.2297945607740,0.4651177657891,0.1223596970486,0.3637511157744,0.4599641335070,0.1241380895784,0.7093608148491,0.2726678553119,0.5740211568315,0.4346584476443,0.0652293654869,0.3106702801171,0.3087477661674,0.3559945211287,-0.1330172438323,0.0308301575778,-0.1248299128327,0.3014229729778,0.3254732029867,0.4996043235260,-0.2033017594983,-0.3505729423019,0.6186941639599,0.7288086480948
0.0973349991014,-0.1544000476037,-0.1215082938412,0.0010253419450,-0.0645926444044,0.5346915769043,0.1924537987165,-0.1796799259400,0.5658511248698,-0.0799721382692,-0.0318600610054,0.8340163356476,-0.1312018492675,0.1350018580097,0.2300423563438,0.1053803135937,-0.0085396135565,0.1613963692991,1.0000000000000,0.0211642343859,-0.0595401670907,-0.2063531048562,-0.1135282079703,-0.1830927665036,-0.1219180146595,0.0001519839558,-0.0634162645550,-0.0421398898590,-0.1229903589194,0.1713430063485,-0.0445026308190,-0.1239939783287,0.1609690790786,0.1978506037962,0.1225512703307,0.1291108051295,-0.3101039301244,-0.0191124841565,0.1588522892406,-0.0499866441336,0.0802043260564,0.1751140971269,-0.4139497335051,0.3949798985729,-0.0963187221201,-0.1100663277370,0.4946444551896,-0.1261891607685,0.4462444199718,0.2316558239144,0.2443941947953,-0.1258548339094,-0.1053223690426,0.4556907620933,0.0010421423499,-0.0321562641457,-0.2723355571759,-0.2777796139624,-0.2827445845807,-0.1125779577208,-0.0408512168278,-0.1312794554514,-0.1972026421745,-0.1436134714685,0.1939451720800,-0.2548344912689,-0.2858671502837,0.2103454804650,0.0534800277978,0.1309577824885
0.2729252094555,0.1089455434252,0.1744864244729,0.0583475159230,-0.2349218269011,-0.1953523594437,-0.0228785481381,0.2026735883293,-0.0741682097401,-0.1203970606393,-0.0505249773759,-0.0764114705315,-0.0051062867339,0.1314793554078,0.0276025609143,0.0088259877460,0.0180120633851,0.1705205783800,0.0211642343859,1.0000000000000,-0.1925351810893,0.0863139574838,0.0979467179340,0.1135009461978,-0.1184321328495,0.2461607207792,0.3743091265108,0.1919376077632,-0.0165936990401,0.2052615801336,0.2039275139998,0.0985026656329,-0.1732813623207,0.1770384397080,0.3211378365205,-0.1959640365467,0.2285292143773,0.0281636746126,0.3232881591600,-0.2897022163052,0.3215692689767,-0.2780845249139,-0.1121086815369,-0.2069082871344,-0.2157482743593,-0.3524641798291,-0.2683517950588,-0.1977508502210,-0.3704184327549,-0.4701628541298,-0.1368951834209,-0.0108689362909,0.0107719470417,-0.2493319363111,0.0681365383262,-0.2220638345335,-0.2576073505621,0.1742008064737,-0.1777270146021,-0.1895247850350,0.0532931911027,0.1271720173386,0.1079242876816,-0.1531887140340,-0.4069608483602,-0.1040718833859,0.2421862003223,0.1633559460541,-0.2030555732310,-0.0728057226025
0.4419074745859,0.4376934859858,0.2461097402286,0.5792130806168,0.8072986513585,0.0216322772696,0.7102520357488,0.3481722617116,0.2795930856379,0.6478878133273,0.8181640158383,-0.0451814844134,0.8800318219086,-0.0649973283123,0.3197140347202,0.5371099150918,0.4376209818239,0.4851869743766,-0.0595401670907,-0.1925351810893,1.0000000000000,0.4968442647859,0.3985234447363,0.5893557713255,0.5400523324624,0.0597421043496,0.1648854120943,0.0529583276717,0.6540402383092,0.3841069411304,0.5337373378578,-0.2031258413741,0.0493722657803,0.5263764817453,0.4657098916543,0.4965263973926,0.1319623687578,0.0766684715567,0.4483485042947,0.8400971881819,-0.3639094175216,0.5598242631749,0.1672939847218,0.2587093519953,0.6225005356545,0.5791450733934,0.2220856054245,0.8618296448926,0.0630584880493,0.2712498282726,0.6375583374083,0.4138589856331,0.3766507075701,0.3049441325768,0.2336789248833,0.9550551454073,0.3727874886326,0.2134132856281,0.4916372269095,0.6660592527436,-0.2740699993402,-0.1783036318519,0.0035843579666,0.6440990933337,0.2270282414320,0.4912837871292,-0.2179741356815,-0.4788470458015,0.5727606202501,0.5090474542168
0.3007346624008,0.2842927826685,0.4964377336424,0.3411607193559,0.4974422434563,-0.2103675314365,0.4373205570436,0.4309039897504,0.0191238556360,0.3163045778218,0.5246254948297,-0.2354502362144,0.5946300268697,0.1041914007808,0.1379601927864,0.3446182618877,0.7426566244687,0.1391933301844,-0.2063531048562,0.0863139574838,0.4968442647859,1.0000000000000,0.3338447804427,0.8018789794733,0.4327666428839,0.1513418673033,0.3872168507212,0.3852518586328,0.7712146509733,0.3739108288062,0.5571021202059,0.1072795350619,0.0145310309429,0.3394253233377,0.3659639290967,0.1781429789762,0.0810159874532,0.0981056141420,0.1893517142429,0.3848129396260,0.0025482619259,0.2282487011637,0.1152497117041,0.0280896587296,0.2774371386389,0.3393491107645,0.0996516167876,0.5193988170040,-0.1078482299905,-0.1679062614115,0.2621773028424,0.6964707364476,0.0882512512511,-0.0425212595520,-0.1144031071475,0.4190147898881,0.6574950190031,0.3324162119058,0.6651329050331,0.4490448867684,-0.0462823984737,-0.0809504342780,0.2591447838287,0.6880341852436,-0.0195440593355,0.4131640972259,0.0736789463293,-0.1213707029183,0.2495543052550,0.1746415590484
0.5003195517719,0.7033452897607,0.3373764250357,0.7915913005675,0.2737784236889,0.0317882589683,0.4483755299475,0.3968049508138,0.1545342154079,0.3962450616295,0.3780244324538,-0.0596442699934,0.4387438194880,-0.1579137219551,0.3852137119337,0.2559567664864,0.3513405013926,0.4774670716572,-0.1135282079703,0.0979467179340,0.3985234447363,0.3338447804427,1.0000000000000,0.5827575249331,0.5827000840974,0.2725188020170,0.3328088539824,0.1704485209992,0.4774028614057,0.4059453903335,0.7534816455473,-0.2975639668499,0.0001387383352,0.4566277176398,0.5664920661695,0.2949316340042,0.5018782035306,-0.1093990714923,0.6251526035616,0.3332532262098,-0.1414984558032,0.3713567981947,0.1171610663371,0.0552550543458,0.4232289545173,0.2582205051257,-0.0217156164489,0.4204950217178,0.0328294714963,0.1013484888090,0.3387822091155,0.3806083484110,0.3561999639846,0.0099947662199,0.1271447285072,0.3731249273665,0.1499660866505,0.7887272690268,0.3429237976584,0.5936268237283,0.0700193884187,-0.1911369053155,-0.0258029948395,0.4849280489859,0.1075183373970,0.6157855394440,-0.0631861943903,-0.3498692120204,0.4515945267344,0.5242623768762
0.5522965385835,0.6026765214407,0.6018036445351,0.6294954205454,0.4388335389817,-0.0945032552084,0.5926541699744,0.4101090194165,0.1412312167966,0.3291972008456,0.6113383865871,-0.1421016671071,0.7026523992377,-0.0761511121203,0.3593529888100,0.2751024520486,0.6553299324837,0.5561045088098,-0.1830927665036,0.1135009461978,0.5893557713255,0.8018789794733,0.5827575249331,1.0000000000000,0.4973819741019,0.1741752635726,0.5064942042686,0.3983359659687,0.7468171473217,0.4859682479450,0.7784719250484,-0.1827359358308,0.0078003636183,0.4272312611940,0.5991536231740,0.3664461755006,0.3971415817580,0.1586157133125,0.4500845331156,0.3819591346451,-0.0625719722395,0.3986487708314,0.0685063700015,0.1069634504483,0.3065590733719,0.3654480531912,0.1447732192612,0.6264339433964,-0.0409955284856,-0.0001450315465,0.3297600533025,0.6269971613211,0.4050559774817,0.0651899255662,0.1457615487912,0.4995351889725,0.5149969638167,0.5073789385401,0.7313318899642,0.5231582147278,-0.0479140401862,-0.0109621076882,0.2585908212652,0.6840884725047,0.0484476575348,0.6194001589505,-0.0730463494391,-0.3074115956120,0.4425030098337,0.4529185468799
0.4105524684044,0.4157308674800,0.4505867487304,0.5675930391740,0.5423801354234,0.0471377427539,0.4649955069482,0.6859872871998,0.1240208949629,0.7623331864564,0.4391220344869,-0.0914806371595,0.5136931669459,0.0308522883125,0.2762968048273,0.3362883389819,0.4380726864214,0.2479348696465,-0.1219180146595,-0.1184321328495,0.5400523324624,0.4327666428839,0.5827000840974,0.4973819741019,1.0000000000000,0.3257888057955,0.3350624474721,0.3077386584070,0.6531625291107,0.2347574547392,0.6105969094309,-0.1511507956273,0.0544633164702,0.3043447125697,0.2734495593741,0.2258399697820,0.1438343666326,0.0922922786679,0.4821490080442,0.5502780629685,-0.1728665494069,0.2782476903107,0.4666513713214,0.0936462780959,0.7766609505307,0.2581752304465,0.0976936741288,0.4945458860365,0.1595829145566,0.1215446811308,0.4071580895422,0.3594503474652,0.1193325979727,0.0585542799085,-0.0773155527460,0.5372825567238,0.1856610659819,0.3992211198096,0.2509273810438,0.9084885003088,0.0524681146126,-0.1541712869916,0.1247637587669,0.5641699338382,-0.0074334748913,0.3466445838437,-0.0782308865198,-0.3181676689912,0.3585564358057,0.3012763631696
0.2326265616033,0.4003105267004,0.4810322126663,0.4140933137936,0.0758181531334,-0.1591174050320,0.1115929037509,0.4330423272544,0.0895967237414,0.3773728346044,0.0921367359680,-0.0135501645819,0.1396475988613,0.5382708355688,0.3956257081285,0.1631476852537,0.0509393564270,0.0511700915287,0.0001519839558,0.2461607207792,0.0597421043496,0.1513418673033,0.2725188020170,0.1741752635726,0.3257888057955,1.0000000000000,0.5902993267483,0.5491690035898,0.1026119462370,0.1694118097147,0.3075476096075,0.1357662481382,-0.0472801239821,0.0291026443052,0.2571595786678,0.0241206265459,0.1928632783610,0.1878336819096,0.4592617176960,-0.0550289336999,0.0332346824544,0.0616921450462,0.0795143284680,0.0985448435851,0.2756817702627,-0.0822577063024,0.0511155948385,0.0572708756037,0.2656657143224,0.0644535755491,0.1234546404578,-0.0429609570296,-0.0585215520595,0.0568653817599,-0.0566263243781,0.0119485058995,-0.0889363361365,0.1896663257399,-0.0603573100994,0.1776533010821,0.6623005086186,0.1298793522117,0.2987477487754,-0.0392915571046,-0.1195785431201,-0.1319223297344,0.0360857517837,-0.0286377012589,0.0706263170113,0.1593166192103
0.4067771946834,0.5316838367418,0.6640069006800,0.5129587332993,0.1312777440918,-0.1956932243746,0.2934722426931,0.4446895148773,0.1783891887075,0.1630918416112,0.2472749640461,-0.0863492615408,0.2874805574671,0.1858819539426,0.4224501692749,0.0844019654882,0.1922173125954,0.3202038709483,-0.0634162645550,0.3743091265108,0.1648854120943,0.3872168507212,0.3328088539824,0.5064942042686,0.3350624474721,0.5902993267483,1.0000000000000,0.6574795015348,0.3726632038603,0.2466993584111,0.5847156208569,0.1362908168539,-0.0532208206796,0.1686309574387,0.4481274457269,0.0542602231537,0.4426187086532,0.3695639093732,0.4662976149227,-0.0041396988463,0.0422904126579,0.0882440331466,-0.0051756417678,0.1465991618292,0.1030222529260,-0.0468035131547,0.0539068378946,0.1548816595511,-0.0443342733631,-0.0613400663908,0.0929473523786,0.1371744715928,0.1229072312854,0.0791109290092,0.1120749074012,0.0887575390088,0.0265553861388,0.3003122541622,0.1962622380101,0.2306027170069,0.2948950345976,0.3543968387859,0.4834106319779,0.1468748832293,-0.2276812164494,0.1047239419697,-0.0028982256662,-0.1603913047280,0.1601139874062,0.2603188902889
0.2169021551185,0.2727279607085,0.7516906977196,0.1897520072379,0.1227340451082,-0.1079238531834,0.1727052317856,0.5649425892617,0.0475072886259,0.2489588399375,0.1741758556123,-0.0421897846719,0.1368999506921,0.4576273195327,0.2198324987170,0.0031389350504,0.1795613393412,-0.0612066573671,-0.0421398898590,0.1919376077632,0.0529583276717,0.3852518586328,0.1704485209992,0.3983359659687,0.3077386584070,0.5491690035898,0.6574795015348,1.0000000000000,0.3213453521279,0.0134564465635,0.3540975212687,0.3675834528184,0.1132099393225,-0.1003603403477,0.0218144899621,-0.1030825056039,0.1428073952494,0.5078866856831,0.1540152256480,-0.0440274524857,0.1243168033058,-0.0808509457119,0.2008396936551,0.0180585442681,0.1465272107345,-0.1618574462641,0.1271975924947,0.0445360996869,0.1372399126414,-0.1853104159717,-0.0623460008676,0.1143662942079,-0.1626125714116,0.0200891786161,-0.1956814391109,-0.0058521822932,0.1049797572402,0.1689640602948,0.1983315064761,0.1018851018087,0.3602353611861,0.2471317278702,0.7952917145369,0.0789010673680,-0.3856891848540,-0.0458264707251,0.1171149346967,0.0104507608961,-0.1033733042995,-0.1067237156165
0.4312591330965,0.3925485294249,0.4525161098255,0.5037930641353,0.6930117733110,0.0052097843381,0.6063733954011,0.5133407146695,0.2015285509693,0.4102538832193,0.6363471257671,-0.1110446244872,0.6721811954986,-0.0591142046160,0.2174817212642,0.3728029659221,0.6886931980282,0.2907766586589,-0.1229903589194,-0.0165936990401,0.6540402383092,0.7712146509733,0.4774028614057,0.7468171473217,0.6531625291107,0.1026119462370,0.3726632038603,0.3213453521279,1.0000000000000,0.3586909687482,0.6690728811435,-0.1288824881294,0.0812850776592,0.3962331111903,0.4145124767193,0.3130489842563,0.1308462838832,0.1402421928484,0.3793615744209,0.5544069424064,-0.0892182071860,0.4250727781115,0.1815477590468,0.1874667865692,0.3949494090439,0.4060832160315,0.1899967907605,0.6172744653138,-0.0278681268379,-0.0229070363352,0.4447188765453,0.6546716682133,0.2069151555150,0.1290521923727,0.0021400003730,0.5961817146535,0.4495464727411,0.3493797696688,0.5604552115380,0.6562693114771,-0.1298600859373,-0.0971407349306,0.1658139411809,0.8497608473604,0.0266246179654,0.5026914721756,-0.1374289093196,-0.2664901336658,0.3897738959992,0.3528907750286
0.5764379211061,0.3891986214730,0.1554047554813,0.5731852533670,0.2023532994061,0.0611126900268,0.4798626216536,0.1662016070182,0.3103359092960,0.1748702907480,0.4712098815403,0.1357779828136,0.4717141766523,-0.0106467905302,0.5665172629547,0.4521748368667,0.3528491227450,0.5266466313950,0.1713430063485,0.2052615801336,0.3841069411304,0.3739108288062,0.4059453903335,0.4859682479450,0.2347574547392,0.1694118097147,0.2466993584111,0.0134564465635,0.3586909687482,1.0000000000000,0.5196449851924,-0.1631467338524,0.1920349128963,0.5867907053700,0.6035583939132,0.4075292334684,0.1513048760059,-0.1217103384420,0.5638663003182,0.1879699355458,-0.0295179451115,0.5531867895995,-0.1955403109893,0.1976298321608,0.1481232640310,0.2864517014402,0.1839516714250,0.4571480122702,0.1441729112717,0.2476386732593,0.5992626446266,0.3014933747912,0.3357358880710,0.1907845001127,0.2189904783037,0.3089245513517,0.1604887043915,0.2654829489014,0.3275434706748,0.2974455596499,0.0756936150260,-0.2005684209097,-0.1458224692523,0.3909032731082,0.4761206173675,0.3267580561131,-0.0687356902277,-0.0975139607366,0.5554139725205,0.4574764346814
0.7265649995718,0.6993139212514,0.5838187016297,0.8248403129240,0.3773126997137,-0.0069370459016,0.6562166216223,0.5814358305712,0.3248195085863,0.3940597322146,0.5750577003901,-0.0446480283068,0.5965849426790,-0.0948449577223,0.5875006813351,0.3611627576015,0.4087707578198,0.6371265631416,-0.0445026308190,0.2039275139998,0.5337373378578,0.5571021202059,0.7534816455473,0.7784719250484,0.6105969094309,0.3075476096075,0.5847156208569,0.3540975212687,0.6690728811435,0.5196449851924,1.0000000000000,-0.2906176773962,0.0193507069088,0.5251165724229,0.7115879581959,0.4184249562065,0.4268720956409,0.1244187162379,0.7154677815756,0.3352533437145,-0.1053369669792,0.4379428457082,0.0878290683830,0.2267706913044,0.3834255178469,0.2308763580879,0.1112986202398,0.4958873786593,0.0044684557009,0.1140358326917,0.4822901147875,0.3518455782507,0.4071622609730,0.1399676694502,0.1804168256621,0.4455266567066,0.1781392997444,0.6112002178670,0.3770714840396,0.6070130449749,-0.0006212235967,-0.0543065358040,0.1829708006719,0.5433272255420,0.0043062759265,0.5572188966617,-0.1271619051748,-0.3619181918957,0.5115459153393,0.5901832166187
-0.2923014287107,-0.2330381735363,0.1070992717283,-0.3545679830319,-0.0503320792413,-0.2980251003279,-0.3011546659152,0.2262337157343,-0.2916565537795,-0.0284499472888,-0.1159339973568,-0.1143246157369,-0.1867979133891,0.5442169005377,-0.1517250106991,0.0303600800709,-0.0550033259126,-0.4275131137973,-0.1239939783287,0.0985026656329,-0.2031258413741,0.1072795350619,-0.2975639668499,-0.1827359358308,-0.1511507956273,0.1357662481382,0.1362908168539,0.3675834528184,-0.1288824881294,-0.1631467338524,-0.2906176773962,1.0000000000000,0.0763990671254,-0.2761599457140,-0.3477569537443,-0.3315026825125,-0.1941446557751,0.1324935442034,-0.3925888602432,-0.1177471701779,0.0698046064099,-0.3251785469455,0.1769983694333,-0.2672638466464,-0.0966257086956,-0.1270873344756,0.0271714001995,-0.2182469975619,0.0774105082069,-0.1911309993755,-0.2567808588005,-0.0350378709810,-0.3214577848897,-0.1526240946857,-0.1735919960769,-0.2100685488890,0.1701129413954,-0.2490651846148,0.0301292659416,-0.2570041378604,0.2214627832819,0.1968291807430,0.3602374477203,-0.1871763845957,-0.1530659546773,-0.3656380933000,0.5196070478422,0.2341306560363,-0.3486581089861,-0.4812790633116
-0.0043969269313,-0.0821606187119,0.0935396079283,0.0161072253331,0.0665191574705,0.5278301894592,0.2518141785749,-0.0072748709827,0.2393551326122,-0.0220234905808,0.0766558939086,0.0458461430156,-0.0644525454881,0.0250549722162,0.1049790995853,0.1677432377096,0.0328165812063,-0.0188187094333,0.1609690790786,-0.1732813623207,0.0493722657803,0.0145310309429,0.0001387383352,0.0078003636183,0.0544633164702,-0.0472801239821,-0.0532208206796,0.1132099393225,0.0812850776592,0.1920349128963,0.0193507069088,0.0763990671254,1.0000000000000,-0.1108965201453,0.0103885909736,-0.0086175346398,-0.1641346534133,0.0169564582321,-0.0120432662725,0.0484388815640,-0.0516529533724,0.2981224347326,-0.0298388937245,0.0768687484421,-0.0411619504957,0.0419000040529,-0.0050042270152,0.0026624792698,0.1999652931786,-0.0283058279683,0.1309705260938,0.0108988987935,-0.0670667693531,-0.0104619133201,-0.1353152272977,0.0482696856973,-0.0076163829276,-0.1713919213576,0.0416863275995,0.0419054988400,-0.1759060253269,-0.1244526288968,0.0370357246245,0.0863565839927,0.0518908628409,-0.0272781628914,-0.0368843254119,0.1983065156997,-0.0002586374298,-0.0316824210653
0.4652079949863,0.3443347272700,0.0508840723172,0.5368090786459,0.3651654827448,0.1367625113538,0.5452025602712,0.1335908148466,0.2933225462735,0.3249623493099,0.5121766022195,0.1752906554049,0.5638746594553,-0.0830889851351,0.2688781417984,0.3909474137125,0.2964526993224,0.5337690020112,0.1978506037962,0.1770384397080,0.5263764817453,0.3394253233377,0.4566277176398,0.4272312611940,0.3043447125697,0.0291026443052,0.1686309574387,-0.1003603403477,0.3962331111903,0.5867907053700,0.5251165724229,-0.2761599457140,-0.1108965201453,1.0000000000000,0.6259890660594,0.4061725086272,0.1251956589869,-0.0605375556662,0.5162520153585,0.3846380515303,-0.0156153737667,0.4310534678016,-0.1390234419816,0.2658276291151,0.3420787049276,0.2957577302271,0.2056863020492,0.5201820301260,0.0287083285428,0.1580816941159,0.5717232317010,0.3017334062408,0.3181505122629,0.1799217445188,0.1990775748303,0.4954174355848,0.1662015829576,0.3269697362411,0.2695430899414,0.4088649203340,-0.1663539258007,-0.1485767622768,-0.1685434456559,0.4007050409179,0.2914801637451,0.4104444020176,-0.0902985011749,-0.2764045014378,0.6700388997000,0.5621829911819
0.5939752976898,0.6114573109064,0.2886767551866,0.7553533819427,0.2489141561550,0.0993854311732,0.6231719096391,0.1642250556310,0.3651968765256,0.1948713341242,0.5359393551655,0.0748955561747,0.5499910368607,-0.1867227847915,0.4874834145392,0.3241676150963,0.2890360470262,0.7536916798650,0.1225512703307,0.3211378365205,0.4657098916543,0.3659639290967,0.5664920661695,0.5991536231740,0.2734495593741,0.2571595786678,0.4481274457269,0.0218144899621,0.4145124767193,0.6035583939132,0.7115879581959,-0.3477569537443,0.0103885909736,0.6259890660594,1.0000000000000,0.4153729382900,0.4761357819610,-0.0052932956894,0.6983674932348,0.2511623874648,-0.0856592881117,0.5179714221089,-0.2733854300354,0.2906208962626,0.1733704094620,0.2942114575705,0.1204932843901,0.4594327053201,-0.0230760238645,0.1525588078090,0.4949262379912,0.2277887466094,0.4697976496414,0.1869130597255,0.3494182441005,0.3884145232020,0.1082153664193,0.4762539802987,0.3143976932486,0.3592611249825,-0.0452887543849,-0.0864354995196,-0.0910518597333,0.3717727088110,0.2044375138816,0.4534892187529,-0.2354786735091,-0.3237845109830,0.5880370023438,0.7664169598741
