1.0000000000000,-0.0950710740359,0.1701305727840,0.0793511180536,0.3092672956770,-0.0806734040638,0.0105955138077,0.3866247507262,0.1543444983611,0.1219898865447,0.2821556220097,0.3421731598727,0.2261669930634,0.0767469726670,0.4875757363009,0.1303756956393,0.4675202459308,0.2781396716737,0.1642577823937,0.4663267968145,0.4683474303267,0.5154338217131,0.2058835940947,0.4899442133355,0.3002836328722,0.2764439490401,0.2601128841340,0.3292524746736,0.4124689983022,0.5397396822519,0.4369678457881,-0.1662828617558,-0.0050559677801,0.2935986676243,0.3756128473769,-0.0826698420898,0.1064210517455,-0.0814585275771,0.0056921040184,0.2931209886500,-0.1703346338913,-0.2305101077818,-0.1506059907325,-0.3296584484792,0.0266016597901,-0.1037570456212,-0.1731917984219,0.1556347342787,-0.1632799351445,-0.1531455670910,-0.0609483575721,0.2950121736858,-0.2386754213305,-0.2243236961860,-0.2183805451364,0.2823781684589,0.1095742730455,0.0758070263029,-0.0509358711737,0.1574863159503,-0.0078278416675,-0.1189658060152,0.1764822219335,0.2050633650876,-0.0963608458794,-0.0292859078726,-0.3159678987763,-0.0849060254200,-0.0546754846635,-0.1987906433762
-0.0950710740359,1.0000000000000,0.3783824064652,0.6121888047268,-0.1593433124064,0.2132689010550,0.1294247471453,-0.2116478129553,0.0021855279836,0.1260347892578,-0.3018970858097,-0.1881764895815,0.0490541417836,-0.2873289290617,-0.0920939159407,0.1560700845500,-0.2203979345019,0.2976345954199,-0.2044834722057,-0.0276835603789,0.0204617690378,-0.1888276007571,0.5035490976118,-0.0218065272390,0.0123636671872,0.0086365654749,0.0679487580073,0.0478057462315,-0.1703261844178,-0.0407611630960,-0.1459771680733,-0.2813530008452,0.1136563464432,0.1209010660171,0.1976046157225,0.5896236144309,0.6417494708743,0.5158218369449,0.7467601403198,0.0885328175861,0.2920416036302,0.1275263070073,0.4690418842216,0.1047943139039,0.3636690527078,0.0153673291131,0.5350142662114,0.1476192213405,0.3181136515451,0.0408957638191,0.1256284001334,0.3684395678794,0.6822500157001,0.4429581302373,0.6819175558326,0.0962496180462,0.4012612132718,0.6144810357666,0.6466253796632,0.3318244602797,0.5088507343518,0.5866233522233,0.3128054813317,0.1252427936229,0.4608689906214,0.5912991302892,-0.0556467994545,0.2030020737707,0.4339057793192,0.7019770212447
0.1701305727840,0.3783824064652,1.0000000000000,0.7943775532053,0.1628305232066,0.2152008155513,-0.0242593958839,0.3502709983121,0.2000659608588,0.2446567345075,-0.0197918326251,0.3579797411475,0.0358722202370,0.1147401288084,0.4170995993300,0.2777612187226,0.0366999180217,0.4532549033799,0.3030710861176,0.3704952809024,0.1879282161007,0.1766468237038,0.5129507223581,0.5037543518984,0.4167488907716,0.5347992838933,0.6410132298770,0.7238914816285,0.4011634117521,0.4054565106371,0.3114059999777,-0.5449401147439,0.1501789974466,0.3821576732326,0.2410533107767,0.3067561443153,0.6185810401506,0.7598890069849,0.6599252678610,0.1402578931228,0.1932500661752,-0.1134143708396,0.4004037854374,-0.0203767860537,0.3770274593721,-0.0244476814399,0.5621153113730,0.1039448745682,0.3197610040832,0.1035928764630,0.3267780289679,0.5307920143964,0.4220084332675,0.5367791138915,0.5492612953162,0.0909908505902,0.4953205645394,0.4212984710664,0.5502088203133,0.4303852596690,0.5881508744077,0.6551138557019,0.8158700750286,0.5216889035258,0.3490990778282,0.3852335477573,-0.3086395349357,0.3068976684129,0.2311999909633,0.3740437386691
0.0793511180536,0.6121888047268,0.7943775532053,1.0000000000000,0.0763670545602,0.2944691549134,0.0044661475822,0.1951751796169,0.1519191550573,0.3414417565841,-0.1090847016185,0.3396824083002,0.0264197284516,0.1376984004874,0.3329542515379,0.2765472073679,-0.0522167590800,0.4226281893129,0.2563993943784,0.3316899629719,0.1523853607399,0.0469125263183,0.6780831134854,0.3411060203977,0.3855578498542,0.5478982115465,0.5487922000506,0.5821808905147,0.2547636231838,0.3750555294067,0.2644099123598,-0.4573653987429,0.1893831185936,0.4023931202299,0.2885358798151,0.3755359494311,0.7879260292084,0.7210363754075,0.8319830505666,0.0502529965952,0.3030341612606,-0.0495612281513,0.4631609907024,-0.0315133894901,0.5034393314261,-0.0316259027381,0.6727797536127,0.0714768510498,0.3968498615571,0.1098948899897,0.2770712301178,0.4909684842033,0.5423826924919,0.6234557869752,0.6504643753429,0.0224742528129,0.5030203257188,0.6942107939769,0.5840930097849,0.4707780014513,0.7260836691809,0.7157283788579,0.7469704565257,0.4479267414380,0.4861037872899,0.5408121000913,-0.2465442643503,0.2560284243907,0.3232774107513,0.5508266354909
0.3092672956770,-0.1593433124064,0.1628305232066,0.0763670545602,1.0000000000000,-0.1913200916003,0.2404695710045,0.3505212832746,0.1769017729315,0.1608647717242,0.5453936995169,0.0683419414407,0.6308902303571,-0.1075677907417,0.1900256505834,0.1722466260006,0.0710067614379,0.1481586023735,-0.0720020635067,0.1210883129143,0.6633530376856,0.1758123327780,-0.0590438397214,0.1553159560237,0.3882957096961,0.1014194484404,0.1483631697639,0.1678889064516,0.4654330416842,0.1390735821947,0.1703351915817,-0.2864497745506,-0.2362115405487,0.2257204259137,0.0693532228262,0.2222166099159,0.0158519709742,0.0497829142962,-0.0141736226049,0.7820569952827,-0.2485334126954,0.0067365315359,0.2548551841172,-0.1398891462592,0.1828660896075,0.4635214172167,-0.0180049849091,0.6130507830838,-0.1752002317425,-0.1883037167706,0.1286898784349,0.1035838057410,-0.0120208486512,-0.1416576436050,0.0089465539559,0.7017286800448,0.1110495875545,-0.1369897936135,0.0224719174525,0.3913151581424,-0.0418089114966,0.1387254115702,0.2092979829119,0.4727187129633,-0.0962697208609,0.0266787856593,-0.4029290757315,-0.1000068618266,-0.0724827378716,-0.1433529082437
-0.0806734040638,0.2132689010550,0.2152008155513,0.2944691549134,-0.1913200916003,1.0000000000000,0.1830113102580,0.1097274478017,0.3321216466110,0.1774141411895,0.0435578868804,0.2151645883875,-0.2823867665301,0.2700835504863,0.3996511540215,0.6260905545457,-0.1403498197194,0.0851480541121,0.4095750428699,0.0351287917071,-0.1094905521476,-0.0065841499651,0.1878205268782,0.1214546210549,0.2014260965261,0.2094058251246,0.1786339177738,0.1922087426403,0.0638701127140,0.2070293795274,0.1172580369328,0.0492618369704,0.8650531230983,0.1298541473605,0.2494917693713,-0.0627154711283,0.2366493066653,0.1804417223814,0.3263977608403,-0.1300671105394,0.8517821964532,0.4962746451592,-0.0750704147459,0.4963171652941,0.2074620500612,-0.1602498745807,0.2787189817999,-0.2024833686118,0.2863653138358,0.2120623158687,0.4794672638174,-0.0371596607031,0.0530198362094,0.3871405057362,0.2045428680540,-0.2375095067886,-0.0472347888619,0.1694252400295,0.0042849559471,0.2132932274563,0.2312193226849,0.0650495953961,0.0892975223646,-0.0104972710816,0.1306247211927,-0.0415840659627,0.1460626981726,0.6516928666273,0.1418271040843,0.2542623585491
0.0105955138077,0.1294247471453,-0.0242593958839,0.0044661475822,0.2404695710045,0.1830113102580,1.0000000000000,-0.2621601282020,0.6154905432677,0.1269711484784,0.4124027212381,-0.2192951529277,0.5945316847961,-0.2523924639516,0.0190885860419,0.4277480267228,-0.3826703942867,-0.0881550430315,-0.2876732686515,-0.2887676464207,0.3526391796149,-0.4119504494049,0.0299063470884,-0.3654541596960,-0.0704242456351,-0.2680515446823,-0.3269779310351,-0.2704633446764,-0.2500741850713,-0.2044437311921,-0.3820441237076,-0.2423697984921,0.1663398970238,-0.1753064896042,-0.2133376345589,0.2214406363520,-0.0320973513915,0.0217617003854,0.2645637699393,0.3645786142149,0.0252939542688,0.5144097233311,0.2312795955160,0.3721172951825,0.2213298537203,0.4794665804193,0.1964719563958,0.5950047133243,0.1776555063663,-0.2110533552782,0.3502019925596,-0.1132121447269,0.1790257809803,-0.0975628247719,0.0162863913732,0.3995494746668,-0.1392286369354,0.0345060001887,0.1112145484950,0.2331441603393,0.0355612195512,0.1719842758337,0.0066378193737,-0.0346705116388,-0.2806403424101,-0.0041747934545,-0.2590439846143,0.0531801464022,0.0804811925917,0.0748102936849
0.3866247507262,-0.2116478129553,0.3502709983121,0.1951751796169,0.3505212832746,0.1097274478017,-0.2621601282020,1.0000000000000,0.1192212520464,0.2957816222315,0.3535558084860,0.5319199496004,-0.0371871452780,0.3885747551908,0.6771462205950,0.2655629486411,0.3872123450350,0.2768333332729,0.5047904853564,0.5735185807780,0.1578487698602,0.5526566450348,0.2251825996199,0.5886206980109,0.7578224349799,0.5548351065460,0.5820905223430,0.5348831877005,0.8518742040841,0.6057881268234,0.7825769111029,0.0174010670238,0.0627224259421,0.3628168164804,0.2258723834329,-0.3118344931498,0.0129893261627,-0.0846773678061,-0.0204858331402,0.2488717536918,0.0167876429985,-0.1872367941621,0.0742892627004,-0.1831264221583,0.1701776168112,-0.0432438309352,-0.1326847670812,-0.0305487104007,-0.1396400354769,0.1163456139546,0.1369831826452,0.1677006866032,-0.3875017888813,0.0123003057903,-0.1466076649555,-0.0309609351399,-0.0467000472737,-0.0914992010517,-0.3091478661061,0.4587327971980,0.0587769517204,-0.0900641854228,0.2289622246183,0.5266715159640,-0.1063079727850,-0.2153498474899,-0.0781908431595,0.1384962826295,-0.2496477646362,-0.3742338489702
0.1543444983611,0.0021855279836,0.2000659608588,0.1519191550573,0.1769017729315,0.3321216466110,0.6154905432677,0.1192212520464,1.0000000000000,0.0160947851857,0.5085059751718,0.1617352485257,0.3039891637669,0.0597310372586,0.5612855103176,0.4579301075543,-0.1422168004867,-0.1526951910330,0.0960811124146,-0.0019743093437,0.2873407529019,-0.1346319156451,0.0547003701266,-0.1042548317780,0.0787661931926,0.1144567146633,-0.0108308518506,0.0396278701844,0.1189037346418,0.2500763532500,-0.0150388882157,-0.2752920875344,0.2841405141295,0.1292317892606,-0.0373707103917,-0.0572720926585,-0.0372805121021,0.0058719684153,0.2498933331495,0.1981963387607,0.0647718078774,0.1823266451955,0.1114979870388,0.3585675536350,0.1485511161664,0.3586504792755,0.2439810508654,0.2570720856596,0.2252552448358,-0.0075485374257,0.3523053348599,0.1252874806725,-0.0609356892580,0.0250174797467,-0.0708347627681,0.1705309339774,-0.1185144635644,-0.0495734754612,-0.0580445438564,0.1885906274592,0.1515548653486,0.1661280397874,0.1625695412225,0.1944434601648,-0.1524578252833,-0.1062050854284,-0.3293266207884,0.1214322283868,0.0068302164305,-0.0184397272058
0.1219898865447,0.1260347892578,0.2446567345075,0.3414417565841,0.1608647717242,0.1774141411895,0.1269711484784,0.2957816222315,0.0160947851857,1.0000000000000,-0.0056371812621,0.1500279570287,0.0366136534616,0.1438464573443,0.1871267988911,0.3530452843204,-0.1021430479228,0.3076537080192,0.1019250410793,0.2448126310597,0.0614472646889,-0.0650220587332,0.4823718787369,0.0381969977830,0.6883552093492,0.2394284451527,0.1526950815939,0.1167641775274,0.1407946892827,0.0781295393509,0.1688936154673,-0.0178108381202,0.1249489044225,-0.0012554900205,0.0641937985817,-0.0199781586970,0.2065852507855,0.1433796402626,0.3572984550037,0.1399058813983,0.1434258784312,0.0629644951569,0.2154120287710,-0.1039586689663,0.7436208035266,-0.2099294422314,0.0417231935155,0.0930664366679,0.1415932903926,-0.0309893712213,0.2153009434402,-0.1671212929216,0.0124354804512,0.0699554950402,0.0379451363398,0.0009898341001,-0.1626741944739,0.3955403547744,-0.0723390957431,0.6033256277010,0.2018842918881,0.0526288916406,0.1243188538537,-0.0171745484799,-0.1450264110808,-0.0546799388627,-0.0790082183271,0.0327212442287,0.0025207885158,-0.0694902765264
0.2821556220097,-0.3018970858097,-0.0197918326251,-0.1090847016185,0.5453936995169,0.0435578868804,0.4124027212381,0.3535558084860,0.5085059751718,-0.0056371812621,1.0000000000000,0.2050481465849,0.5075926474222,0.0989557777353,0.4822718287394,0.2180330959314,0.2645591809891,-0.1060034283080,0.1341483645189,0.2000562283271,0.6114713277880,0.2765249733580,-0.1621104849982,0.1953905333682,0.2341967663347,0.1428077212911,0.1570604182313,0.1579433232521,0.4233375290287,0.3086018408655,0.2609019946640,-0.1473670005047,0.0012674574363,0.1887507053740,0.0537904005215,-0.2636820385735,-0.1501967871140,-0.2607739615366,-0.1566325762595,0.4586109593837,-0.1185402840563,0.1894820551829,-0.1769570716311,0.0445642849944,-0.0895564486398,0.6308213611339,-0.2302373477898,0.4635548304065,-0.1325195516016,-0.1874397198244,0.1797661991929,0.0645850451741,-0.4025278122888,-0.2500363663451,-0.3292587087867,0.4066964357526,-0.1614606796207,-0.3022185466894,-0.3061398917011,0.1487866664018,-0.1071405672378,-0.1557779722645,-0.0027681614082,0.2834658028915,-0.2810551975222,-0.2737151875073,-0.3333813716687,-0.0462830572112,-0.1842646312637,-0.3388615601736
0.3421731598727,-0.1881764895815,0.3579797411475,0.3396824083002,0.0683419414407,0.2151645883875,-0.2192951529277,0.5319199496004,0.1617352485257,0.1500279570287,0.2050481465849,1.0000000000000,-0.1733857723692,0.6254222059995,0.5464825932825,0.1879427950040,0.4005855236407,0.1277218213793,0.8552403211096,0.6023062444042,0.1295620111165,0.4439525329011,0.2993425980798,0.5399066096510,0.4289926594000,0.7472312696856,0.6760977212456,0.6582845321503,0.5534230132460,0.5740936918832,0.6118666333660,-0.1645226539576,0.2217634331818,0.3452047965630,0.4097854395273,-0.3262601456482,0.2055147376751,0.0777953757682,0.0672615636850,-0.0710573568551,0.0619182217289,-0.1749389892968,-0.1815471783671,-0.1249891623335,0.0400499748649,-0.2136604675348,0.2574346851703,-0.1839392050424,0.2084659713714,0.0982467204084,-0.0261867263950,0.2928104453603,-0.3387538460012,0.3603830996073,-0.1062045641781,-0.1605891648338,0.0771801656902,0.0939724489868,-0.2069194618734,0.1654753576945,0.3871025078225,0.0153289321708,0.3841293850828,0.3887178203825,0.0390430905734,-0.1179352985723,-0.1589447569392,0.1283049257954,-0.1510771866252,-0.2062037660619
0.2261669930634,0.0490541417836,0.0358722202370,0.0264197284516,0.6308902303571,-0.2823867665301,0.5945316847961,-0.0371871452780,0.3039891637669,0.0366136534616,0.5075926474222,-0.1733857723692,1.0000000000000,-0.2942634014599,0.0265021471048,0.1834028667411,-0.0394023345018,0.0064000365274,-0.3193371704387,-0.1029200253815,0.6973425980139,-0.0545829781443,-0.0325093768095,-0.1040099015828,0.0054035646596,-0.1733223671024,-0.1359856149531,-0.0557526401920,0.0666752014570,-0.0073943723603,-0.1216808292963,-0.3335801467126,-0.2381466339087,-0.0301759078999,-0.1400196294135,0.2528531854802,0.0289676326615,-0.0102248622548,0.1196418323232,0.6000635807171,-0.3288127391207,0.1572926904218,0.2608671337824,-0.0698071120168,0.1213029692687,0.5926655227833,0.0725216779967,0.8988378745595,-0.0651847287342,-0.2670829130816,0.2059380946804,0.1196417964442,0.1500594124749,-0.1642369262220,0.0406278301473,0.6613832946262,0.1370723187834,-0.0372159598682,0.1965760688767,0.1984112401549,-0.0297449522725,0.1948888187992,0.1522534680032,0.2707673352589,-0.0906975133052,0.1673854360499,-0.4046547252717,-0.1758742041095,-0.0170693983026,-0.0053152899560
0.0767469726670,-0.2873289290617,0.1147401288084,0.1376984004874,-0.1075677907417,0.2700835504863,-0.2523924639516,0.3885747551908,0.0597310372586,0.1438464573443,0.0989557777353,0.6254222059995,-0.2942634014599,1.0000000000000,0.4564553497177,0.1521940306010,0.2240882383805,-0.0175095975389,0.7012563144936,0.3629207690426,-0.1718641953543,0.2375276834110,0.0631250661895,0.2729057708405,0.2309260307259,0.6505558760623,0.4539266607736,0.3950320260688,0.3085193596370,0.3998933919428,0.4170783367725,0.3482427768660,0.3409400290040,0.1469452913863,0.1185628709817,-0.4828800372246,-0.0379592732423,-0.0919036951477,-0.0814915126160,-0.3919519778798,0.2431164794205,0.0429792877719,-0.3583447737744,0.0917117124516,-0.0695732921342,-0.2116733817505,0.0964051898796,-0.3729582161445,0.3821593447476,0.2576793403123,0.1409869596602,-0.0671411279619,-0.3548976160410,0.1872962704381,-0.1736809091350,-0.4219776332550,-0.1979451380983,-0.0400942147306,-0.3578161801346,-0.0919521770434,0.2478936883655,-0.1416907420097,0.1052804438625,0.0214911352457,-0.0038813000565,-0.3353749149713,0.3041475910970,0.2418976278873,-0.1822398972134,-0.2012098386812
0.4875757363009,-0.0920939159407,0.4170995993300,0.3329542515379,0.1900256505834,0.3996511540215,0.0190885860419,0.6771462205950,0.5612855103176,0.1871267988911,0.4822718287394,0.5464825932825,0.0265021471048,0.4564553497177,1.0000000000000,0.4137754947902,0.3580643805741,0.1488022666437,0.5553021245957,0.5254766235000,0.2551607258880,0.4763664311400,0.2286442058100,0.4987316150548,0.4988682851856,0.6207254389686,0.5475090288268,0.5506931335362,0.6394862366923,0.7748404232044,0.6022963226574,-0.1411942646204,0.3734711151527,0.4545854911318,0.2897149645035,-0.3232081617321,0.1171095628914,0.0294502215551,0.2021702318657,0.0846360804721,0.2413236275112,-0.0933937424841,-0.0601736745859,0.0268435200046,0.1648649749690,0.0456559920718,0.0812832465561,-0.0106391217402,0.1587296350832,0.1768680904297,0.3261158990591,0.3168253920751,-0.2962054769102,0.1236117716670,-0.0873953709294,-0.0642557007636,0.0319507011841,0.0084155051117,-0.1725251271206,0.3021055928580,0.2587579259275,0.0606879852232,0.3327973288676,0.4352580790219,0.0242403688377,-0.1409453873753,-0.1827700566367,0.3107129858621,-0.0473679821510,-0.1377676313110
0.1303756956393,0.1560700845500,0.2777612187226,0.2765472073679,0.1722466260006,0.6260905545457,0.4277480267228,0.2655629486411,0.4579301075543,0.3530452843204,0.2180330959314,0.1879427950040,0.1834028667411,0.1521940306010,0.4137754947902,1.0000000000000,-0.1820335382490,0.2024186103622,0.2309547493205,0.1318778778724,0.1907714417389,-0.0612509069319,0.2214815286044,0.1110184584036,0.3549407771970,0.2179793240433,0.1493353965500,0.2040323229120,0.1506104994892,0.1995946224940,0.1162061639194,-0.1750466585428,0.5148931041213,0.1743307257669,0.2205800376748,0.1124875790249,0.2156925320368,0.1611238547975,0.3206846489480,0.2347030238355,0.4410913807800,0.5032050872647,0.1646435687020,0.3576185851219,0.3456270583460,0.1046912058680,0.2351383524850,0.2222361333528,0.1758465656586,0.0545036105606,0.6264964875524,-0.0416995882704,0.0829561759569,0.1696611660246,0.1584733426723,0.1174776753688,-0.0467560528253,0.1203093329077,0.0461736447946,0.4090474275961,0.2017887946027,0.1319394794786,0.2282324347300,0.1484017108572,0.0030553970760,-0.0355421500655,-0.1871754242513,0.3696726088971,0.1053382986372,0.1392280810420
0.4675202459308,-0.2203979345019,0.0366999180217,-0.0522167590800,0.0710067614379,-0.1403498197194,-0.3826703942867,0.3872123450350,-0.1422168004867,-0.1021430479228,0.2645591809891,0.4005855236407,-0.0394023345018,0.2240882383805,0.3580643805741,-0.1820335382490,1.0000000000000,0.0717201236628,0.3552777290974,0.4738146963871,0.1797725824962,0.8529000789616,0.0780739453968,0.6753508278951,0.2119150718178,0.3653312503660,0.4106574380936,0.4044839818457,0.5740242151343,0.5522325152059,0.5924761198698,0.0040705068855,-0.0653037681285,0.2595603363958,0.2937859606942,-0.4117685245726,0.0635320113519,-0.1244648033871,-0.2492394791198,-0.0172858529057,-0.0954020063936,-0.3239476545481,-0.3849294876881,-0.4199054627615,-0.2208916318227,-0.1504458237000,-0.3066093824495,-0.0587735319398,-0.2376583442117,-0.0461879342946,-0.1511249510979,0.5127457865351,-0.4354865742208,-0.1252265554150,-0.2693334536576,-0.0554700113365,0.3381606322205,-0.0519692064623,-0.0913672874183,-0.0572419062525,-0.0899242697999,-0.2703770492214,0.0645615627520,0.3319750511658,0.0771138883162,0.0321046213572,-0.0589845491859,0.0224353113164,-0.1608886970163,-0.2586600773363
0.2781396716737,0.2976345954199,0.4532549033799,0.4226281893129,0.1481586023735,0.0851480541121,-0.0881550430315,0.2768333332729,-0.1526951910330,0.3076537080192,-0.1060034283080,0.1277218213793,0.0064000365274,-0.0175095975389,0.1488022666437,0.2024186103622,0.0717201236628,1.0000000000000,0.0569430351762,0.6140675929975,0.0546876482201,0.3109945966173,0.3468946377652,0.5277934884734,0.3345548002131,0.3098141781064,0.5323545380208,0.4478302066575,0.2785619883853,0.3156844541995,0.3923695342669,-0.1161751760164,0.1046251874075,0.4124113108408,0.4583822019630,0.1735143679310,0.4480163466439,0.3740619278570,0.3363098057589,0.1939097200404,0.0969375926792,-0.0414407515514,0.1358810209032,-0.2567115346108,0.2959616545616,-0.2171936746478,0.0395161074268,0.0369409484591,-0.0877873501839,-0.2344947867797,0.1155829928681,0.1226238601381,0.4116278356523,0.0390162446367,0.3771767704736,0.0136307734145,0.3232676250508,0.2751593937382,0.3537470927606,0.3211457869640,0.2202023670437,0.3384090001634,0.4435863257784,0.2177683025726,0.1224524791671,0.2764405308705,-0.0818022907685,0.2136232915759,0.3375856961951,0.2699719982837
0.1642577823937,-0.2044834722057,0.3030710861176,0.2563993943784,-0.0720020635067,0.4095750428699,-0.2876732686515,0.5047904853564,0.0960811124146,0.1019250410793,0.1341483645189,0.8552403211096,-0.3193371704387,0.7012563144936,0.5553021245957,0.2309547493205,0.3552777290974,0.0569430351762,1.0000000000000,0.4586802590358,-0.0636776614251,0.4129689174147,0.1404259839791,0.4835726657191,0.3765125281382,0.6279961505708,0.6326460742649,0.6033839029475,0.5015966607739,0.5351619433979,0.5434493186681,0.0067433755885,0.4431574680733,0.2337292588745,0.2836104197719,-0.3783189720384,0.1663144259638,0.0942445861872,0.0121692742640,-0.1986248494934,0.2972585706436,-0.0402151371684,-0.2523861335283,0.0203250123732,0.0181187193652,-0.3004459108056,0.2174106516392,-0.3055747155147,0.2665530761637,0.2785444706139,0.1009909467719,0.1573191216676,-0.3381753674181,0.4879255127037,-0.0304542390262,-0.3356145755498,0.0266102511234,-0.0131016617854,-0.2472918904226,0.0962419790463,0.2921868382805,-0.0661595973648,0.2544691997024,0.2766992332539,0.1225895729665,-0.1879853881488,0.0750631780509,0.3093665452530,-0.1641795895715,-0.1914779965628
0.4663267968145,-0.0276835603789,0.3704952809024,0.3316899629719,0.1210883129143,0.0351287917071,-0.2887676464207,0.5735185807780,-0.0019743093437,0.2448126310597,0.2000562283271,0.6023062444042,-0.1029200253815,0.3629207690426,0.5254766235000,0.1318778778724,0.4738146963871,0.6140675929975,0.4586802590358,1.0000000000000,0.1438538562288,0.5930661733971,0.2979491366277,0.6995124686455,0.4569030161982,0.6770812471304,0.7644008584376,0.6284393169231,0.5700504695224,0.6058747037024,0.6770232222678,-0.1090385021210,0.0545734775452,0.5029419438532,0.5409112164891,-0.2591299194471,0.3206523954828,0.0920157101004,0.1194050874003,-0.0013825167293,-0.0162542166782,-0.2388480422022,-0.1546467403024,-0.3538616332999,0.0929773597267,-0.2071288798124,-0.1092665355424,-0.1469674601096,-0.0433368114087,-0.0578685614448,-0.0253251484131,0.2485079459270,-0.1757116400734,0.0238563834784,-0.0209311311227,-0.1387226010685,0.1269316664236,0.1069599601545,-0.0879532289066,0.1893827069806,0.2370021215375,0.0935194446373,0.3822161869296,0.2973670505689,0.0522299138488,-0.0629935928621,-0.2038705439948,0.0845543961144,0.0844061927704,-0.1005910652061
0.4683474303267,0.0204617690378,0.1879282161007,0.1523853607399,0.6633530376856,-0.1094905521476,0.3526391796149,0.1578487698602,0.2873407529019,0.0614472646889,0.6114713277880,0.1295620111165,0.6973425980139,-0.1718641953543,0.2551607258880,0.1907714417389,0.1797725824962,0.0546876482201,-0.0636776614251,0.1438538562288,1.0000000000000,0.1808720197685,0.0509827191441,0.1878283123017,0.2043651414173,0.0265185196793,0.1064707846431,0.2202501959603,0.2688866147710,0.2063803333308,0.1195139660097,-0.3920267035629,-0.1544403400996,0.1347213914746,0.1419627076495,0.1906598549345,0.1556799019168,0.0868324647654,0.1475235589255,0.6265738768332,-0.2031103048335,-0.0000882393369,0.1434478526559,-0.2058376126495,0.0598062461340,0.4347078138338,0.0763531981682,0.6252936560065,-0.0221482284305,-0.3295621480560,0.0453299068651,0.3207608118931,0.0032943395549,-0.0414732982720,0.0106523954096,0.7858608583138,0.1983117849556,0.0229543775129,0.1598971174411,0.2601778416731,0.0466490347506,0.1749317687513,0.2564721777474,0.3463457478470,-0.0825389544938,0.1568238491469,-0.4919309299558,-0.1876906726903,-0.0150662600068,-0.0510303006564
0.5154338217131,-0.1888276007571,0.1766468237038,0.0469125263183,0.1758123327780,-0.0065841499651,-0.4119504494049,0.5526566450348,-0.1346319156451,-0.0650220587332,0.2765249733580,0.4439525329011,-0.0545829781443,0.2375276834110,0.4763664311400,-0.0612509069319,0.8529000789616,0.3109945966173,0.4129689174147,0.5930661733971,0.1808720197685,1.0000000000000,0.0894853893214,0.8544450942892,0.3118142718279,0.4546590971001,0.5755045261216,0.5753788816247,0.7251808522669,0.6805151856952,0.7709197548636,0.0018678240472,0.0609989060244,0.4633595524774,0.4565367563461,-0.3739233793901,0.1336022100176,-0.0886804074001,-0.2256897759278,0.0759623474517,0.0242698813613,-0.2801537905314,-0.3704810474226,-0.4258509080097,-0.1678290332445,-0.1795432993439,-0.3192176143024,-0.0615765222299,-0.3001535916469,-0.0866975964544,-0.0468357548719,0.4536366744447,-0.3707782504773,-0.1124624501371,-0.1850137623656,-0.0711576546119,0.3929668533329,-0.0606890762245,-0.0651061519163,0.0152282847561,-0.0824369540887,-0.2001412765268,0.1936465575151,0.4338605610519,0.1185898836891,0.0520163159089,-0.0555125271231,0.1845001879000,-0.0435884708494,-0.2066417929057
0.2058835940947,0.5035490976118,0.5129507223581,0.6780831134854,-0.0590438397214,0.1878205268782,0.0299063470884,0.2251825996199,0.0547003701266,0.4823718787369,-0.1621104849982,0.2993425980798,-0.0325093768095,0.0631250661895,0.2286442058100,0.2214815286044,0.0780739453968,0.3468946377652,0.1404259839791,0.2979491366277,0.0509827191441,0.0894853893214,1.0000000000000,0.2773488962492,0.4869936143895,0.4038118127265,0.3395783483991,0.3652575367569,0.1929822501813,0.2802406259719,0.3723894524979,-0.2992898839127,0.1428765867622,0.2049219951522,0.3111419982692,0.1956140974310,0.5869203978052,0.3947861463505,0.6089219913168,0.0310196808871,0.1730909179293,-0.0433561741773,0.3506065851078,-0.1402569100214,0.4711248349775,-0.1945069546291,0.3887013304507,0.0087149242902,0.1795215548443,-0.0150388107684,0.0658330955550,0.4004027700460,0.2576997137687,0.2830350603537,0.2673034392210,-0.0640999237993,0.2809091538903,0.8470075962096,0.3385569718260,0.5387062593509,0.5243543314735,0.3654447866800,0.4683747164131,0.2782718341396,0.1575491645452,0.4376140959851,-0.2170565009103,0.1465682087688,0.1216058772523,0.3245941003324
0.4899442133355,-0.0218065272390,0.5037543518984,0.3411060203977,0.1553159560237,0.1214546210549,-0.3654541596960,0.5886206980109,-0.1042548317780,0.0381969977830,0.1953905333682,0.5399066096510,-0.1040099015828,0.2729057708405,0.4987316150548,0.1110184584036,0.6753508278951,0.5277934884734,0.4835726657191,0.6995124686455,0.1878283123017,0.8544450942892,0.2773488962492,1.0000000000000,0.3923770905041,0.6027832953126,0.7454038390040,0.7988312297412,0.7028328200433,0.6870598123083,0.7782207097000,-0.1749208155515,0.1245722884345,0.5642909634287,0.5494284531640,-0.1859323265504,0.3931223344192,0.2061955011369,0.0515642336981,0.0603357762309,0.1220859209476,-0.2074637980443,-0.2067523602801,-0.3691288057168,-0.0678810716178,-0.1801557588436,-0.0896168098666,-0.0972173891044,-0.1900197798198,-0.0951434208484,0.0434942473615,0.4875528960222,-0.1350961268107,0.0918231811499,0.0400277180362,-0.0613794219220,0.4584426882094,0.1087787694419,0.1430909897595,0.1178154487420,0.1345463229935,0.0490710308895,0.4922181780327,0.4785173323662,0.1770861399700,0.1488682746671,-0.1657008334962,0.2651486326101,0.1023839309323,-0.0040187304581
0.3002836328722,0.0123636671872,0.4167488907716,0.3855578498542,0.3882957096961,0.2014260965261,-0.0704242456351,0.7578224349799,0.0787661931926,0.6883552093492,0.2341967663347,0.4289926594000,0.0054035646596,0.2309260307259,0.4988682851856,0.3549407771970,0.2119150718178,0.3345548002131,0.3765125281382,0.4569030161982,0.2043651414173,0.3118142718279,0.4869936143895,0.3923770905041,1.0000000000000,0.4745946189107,0.4743221396675,0.4007217402359,0.6867156101887,0.3913903596829,0.5992857894629,-0.1489887842889,0.0969757792511,0.2037707433315,0.1910494619935,-0.0571375690117,0.1965204536268,0.1225370939335,0.2564261060922,0.3664743917655,0.1292700052894,-0.0707714582164,0.2892213776003,-0.1315486146291,0.5439192474143,-0.1199133485970,0.0223602644351,0.0907443365334,0.0057476961495,0.0658850090057,0.2172678063749,0.1081555228274,-0.1744083910759,0.1346531263480,0.0229429739494,0.0820905470975,-0.0368478943124,0.2321855545938,-0.1612795724051,0.8028528066320,0.1979058414565,0.0562041149996,0.2326191601704,0.4542389134654,-0.1081897801684,-0.0495450585276,-0.1906370296911,0.1228791654127,-0.1638131218587,-0.2252232789669
0.2764439490401,0.0086365654749,0.5347992838933,0.5478982115465,0.1014194484404,0.2094058251246,-0.2680515446823,0.5548351065460,0.1144567146633,0.2394284451527,0.1428077212911,0.7472312696856,-0.1733223671024,0.6505558760623,0.6207254389686,0.2179793240433,0.3653312503660,0.3098141781064,0.6279961505708,0.6770812471304,0.0265185196793,0.4546590971001,0.4038118127265,0.6027832953126,0.4745946189107,1.0000000000000,0.8047164688723,0.7473552631883,0.5818987811919,0.6034440671030,0.6060492537609,-0.2187761880934,0.1687176978993,0.5205080368955,0.4389552867071,-0.1871734794427,0.3434586172469,0.2675262198628,0.2759705980662,-0.1003967151362,0.1348841405477,-0.1847277228897,-0.0276253909130,-0.1599734606207,0.1565676622871,-0.1366168711494,0.2789863450181,-0.1800912648324,0.2938362768121,0.1295622770333,0.1621502937872,0.3895802564168,-0.1019557105112,0.3134660379787,0.1100564988238,-0.2190199937159,0.2203116193536,0.2207592084486,0.0081762270677,0.2479615728716,0.5591070542670,0.2925526613664,0.5729597701034,0.4718132565854,0.1539451838361,-0.0092330328429,-0.1836080351781,0.2714766588028,-0.0097322507874,0.0558849345046
0.2601128841340,0.0679487580073,0.6410132298770,0.5487922000506,0.1483631697639,0.1786339177738,-0.3269779310351,0.5820905223430,-0.0108308518506,0.1526950815939,0.1570604182313,0.6760977212456,-0.1359856149531,0.4539266607736,0.5475090288268,0.1493353965500,0.4106574380936,0.5323545380208,0.6326460742649,0.7644008584376,0.1064707846431,0.5755045261216,0.3395783483991,0.7454038390040,0.4743221396675,0.8047164688723,1.0000000000000,0.8754552061038,0.6373139198373,0.6114112430031,0.6660624284055,-0.2785517102227,0.1549678155665,0.5453211848652,0.4762355587383,-0.1357041425944,0.4433078569354,0.3918196596011,0.2682798859662,0.0091496991341,0.1463264233685,-0.2037315939642,-0.0309733015453,-0.2676175305881,0.1127574073894,-0.1639441628813,0.2011524786750,-0.0972652608169,0.1730899827086,0.0306598181792,0.1094826338524,0.4219425772531,0.0031603647274,0.3708232538605,0.2614151909609,-0.1428519951285,0.3515329775903,0.1725969334020,0.1319404906432,0.2609728971453,0.4544827547448,0.3945653689638,0.6447898133180,0.5235309534162,0.2204717283413,0.0743687631940,-0.1964143800580,0.3097696494804,0.0425703464693,0.0481764821241
0.3292524746736,0.0478057462315,0.7238914816285,0.5821808905147,0.1678889064516,0.1922087426403,-0.2704633446764,0.5348831877005,0.0396278701844,0.1167641775274,0.1579433232521,0.6582845321503,-0.0557526401920,0.3950320260688,0.5506931335362,0.2040323229120,0.4044839818457,0.4478302066575,0.6033839029475,0.6284393169231,0.2202501959603,0.5753788816247,0.3652575367569,0.7988312297412,0.4007217402359,0.7473552631883,0.8754552061038,1.0000000000000,0.6236105902411,0.6327936624302,0.6525116739261,-0.3934707203541,0.1821633501557,0.5075142442045,0.3992377584483,-0.0764012154277,0.5251924685651,0.4736398650735,0.2742341708500,-0.0037406088239,0.1194451373836,-0.2106468609034,-0.0062996760788,-0.2813579868387,0.0564816968297,-0.1199601315171,0.2646050293142,-0.0550783806366,0.0901456242592,-0.0441090070060,0.1610669612860,0.4919646946095,0.0346548953249,0.3677223143221,0.2252425022256,-0.0583504118221,0.4824230518590,0.2226960345581,0.2607802725681,0.1755219845949,0.3982374750282,0.3939224851371,0.8146066863893,0.5679872864863,0.2158360892904,0.2105725800878,-0.3061977412583,0.2829066184309,0.0385106414421,0.0707442011057
0.4124689983022,-0.1703261844178,0.4011634117521,0.2547636231838,0.4654330416842,0.0638701127140,-0.2500741850713,0.8518742040841,0.1189037346418,0.1407946892827,0.4233375290287,0.5534230132460,0.0666752014570,0.3085193596370,0.6394862366923,0.1506104994892,0.5740242151343,0.2785619883853,0.5015966607739,0.5700504695224,0.2688866147710,0.7251808522669,0.1929822501813,0.7028328200433,0.6867156101887,0.5818987811919,0.6373139198373,0.6236105902411,1.0000000000000,0.6680849649806,0.7984643425329,-0.1690627490448,0.0529125368639,0.4212359214858,0.2571950271126,-0.2315277519292,0.1307519527678,0.0317730276753,0.0052345102249,0.3300132478241,0.0110211592940,-0.2257123823178,0.0540931863944,-0.2128173132714,0.0905254887700,0.0352044709777,-0.0668139924588,0.0851702651836,-0.1475918734181,0.0670644003990,0.1790042637133,0.3784533727971,-0.3090486982300,0.0779976926885,-0.0604096894679,0.0711343630717,0.2328977209378,-0.0719628570746,-0.1321993246132,0.4219725904358,0.0928475113451,0.0132490124737,0.3317225591161,0.7531898689013,0.0446412187487,-0.0067106490042,-0.2103338614978,0.2077205480496,-0.1611240440970,-0.2751945473740
0.5397396822519,-0.0407611630960,0.4054565106371,0.3750555294067,0.1390735821947,0.2070293795274,-0.2044437311921,0.6057881268234,0.2500763532500,0.0781295393509,0.3086018408655,0.5740936918832,-0.0073943723603,0.3998933919428,0.7748404232044,0.1995946224940,0.5522325152059,0.3156844541995,0.5351619433979,0.6058747037024,0.2063803333308,0.6805151856952,0.2802406259719,0.6870598123083,0.3913903596829,0.6034440671030,0.6114112430031,0.6327936624302,0.6680849649806,1.0000000000000,0.7366756155019,-0.0970222061452,0.2795499619596,0.6164225112728,0.4646585440284,-0.3114519284836,0.2918714813620,0.0527139889773,0.1505343362088,0.0510892491784,0.1205518868284,-0.3104849713093,-0.1480531144213,-0.2151434491230,0.0910020785615,-0.1254824524177,0.0737294288128,-0.0714530590874,0.0381983879950,0.0668767042339,0.2094156968906,0.4380667199222,-0.2031260455986,0.1263337362498,-0.0290233199260,-0.1113747303068,0.2909851760783,0.1144525616115,-0.0167874232142,0.1823898331830,0.2779228411526,0.0402900307546,0.3863042669944,0.4766442935076,0.3203330316781,0.1082094237042,-0.1181457829623,0.2695225558331,0.0972331210062,-0.0087723152107
0.4369678457881,-0.1459771680733,0.3114059999777,0.2644099123598,0.1703351915817,0.1172580369328,-0.3820441237076,0.7825769111029,-0.0150388882157,0.1688936154673,0.2609019946640,0.6118666333660,-0.1216808292963,0.4170783367725,0.6022963226574,0.1162061639194,0.5924761198698,0.3923695342669,0.5434493186681,0.6770232222678,0.1195139660097,0.7709197548636,0.3723894524979,0.7782207097000,0.5992857894629,0.6060492537609,0.6660624284055,0.6525116739261,0.7984643425329,0.7366756155019,1.0000000000000,-0.0001284642869,0.1341869111567,0.4803229648197,0.4184315569457,-0.4178447828546,0.2207397162836,-0.0677682184662,-0.0651193951045,0.0169289954571,0.0857594900469,-0.2159794514717,-0.1708317166817,-0.3358734521750,-0.0190520521650,-0.2030614187994,-0.1837234976533,-0.1709644099660,-0.2456745122202,-0.0358289407989,0.0093010671230,0.2868348195921,-0.3672368246545,-0.0056942541528,-0.1963360347401,-0.2122201938101,0.1588737121522,0.1310249267281,-0.2056549880333,0.2452714872840,0.0388875037091,-0.1325530600779,0.3024435042848,0.4657799729171,0.0121771370972,0.0453451415083,-0.0754091624082,0.2042824491107,-0.1150004468726,-0.2475244679707
-0.1662828617558,-0.2813530008452,-0.5449401147439,-0.4573653987429,-0.2864497745506,0.0492618369704,-0.2423697984921,0.0174010670238,-0.2752920875344,-0.0178108381202,-0.1473670005047,-0.1645226539576,-0.3335801467126,0.3482427768660,-0.1411942646204,-0.1750466585428,0.0040705068855,-0.1161751760164,0.0067433755885,-0.1090385021210,-0.3920267035629,0.0018678240472,-0.2992898839127,-0.1749208155515,-0.1489887842889,-0.2187761880934,-0.2785517102227,-0.3934707203541,-0.1690627490448,-0.0970222061452,-0.0001284642869,1.0000000000000,0.1201825725272,-0.1752857078883,-0.0999003858553,-0.4369696956143,-0.4499364400243,-0.5308036673901,-0.4657772142151,-0.3260512785808,0.1379112475310,0.0669630200830,-0.4327233070420,0.0742685544400,-0.2058212886977,-0.2571810907494,-0.4239006948346,-0.3841191890654,-0.1081273143708,0.1078695308098,-0.1631756402735,-0.5153676109426,-0.3127019482084,-0.3003383342749,-0.3042289905966,-0.3628347405103,-0.4649847395919,-0.2470767935138,-0.4859101215354,-0.3067266981661,-0.3700059498194,-0.5676378544140,-0.6255441891793,-0.5029123656658,-0.1401304207378,-0.4083975393977,0.8362558802383,-0.0114889370059,-0.1247695563191,-0.2496137083430
-0.0050559677801,0.1136563464432,0.1501789974466,0.1893831185936,-0.2362115405487,0.8650531230983,0.1663398970238,0.0627224259421,0.2841405141295,0.1249489044225,0.0012674574363,0.2217634331818,-0.2381466339087,0.3409400290040,0.3734711151527,0.5148931041213,-0.0653037681285,0.1046251874075,0.4431574680733,0.0545734775452,-0.1544403400996,0.0609989060244,0.1428765867622,0.1245722884345,0.0969757792511,0.1687176978993,0.1549678155665,0.1821633501557,0.0529125368639,0.2795499619596,0.1341869111567,0.1201825725272,1.0000000000000,0.0786596225218,0.1846277710478,-0.1704018644461,0.2133321523025,0.1059115053935,0.2088815516173,-0.2131712185703,0.7492816275879,0.4573953352716,-0.1879008065560,0.4339136539276,0.1583565859947,-0.2325235149395,0.2050532937642,-0.2006458054706,0.2533606785480,0.1994883926378,0.4850676978338,-0.0794929632009,-0.0044192624151,0.3082483198535,0.1010143699281,-0.3108500542453,-0.0263215408852,0.1408736362458,-0.0215189824511,0.0821472291675,0.1445704958469,-0.0386632194899,0.0540138062113,-0.0521463262560,0.1363476970644,-0.0405715549146,0.2082792244540,0.6950390101082,0.1306515202627,0.1781210476552
0.2935986676243,0.1209010660171,0.3821576732326,0.4023931202299,0.2257204259137,0.1298541473605,-0.1753064896042,0.3628168164804,0.1292317892606,-0.0012554900205,0.1887507053740,0.3452047965630,-0.0301759078999,0.1469452913863,0.4545854911318,0.1743307257669,0.2595603363958,0.4124113108408,0.2337292588745,0.5029419438532,0.1347213914746,0.4633595524774,0.2049219951522,0.5642909634287,0.2037707433315,0.5205080368955,0.5453211848652,0.5075142442045,0.4212359214858,0.6164225112728,0.4803229648197,-0.1752857078883,0.0786596225218,1.0000000000000,0.6954023852363,0.0032444738297,0.2944217054072,0.1805954903527,0.1978230724829,0.1481115678088,0.0415381996305,-0.1974550878118,-0.0224433191852,-0.2164911725142,0.0580966073215,0.0421809655319,0.0969443760325,-0.0627501236326,-0.0263932531515,-0.0838152145819,0.0480219711765,0.3707947105878,0.0692632361836,0.0712723537233,0.1561805658273,-0.0109108298764,0.3036541982973,0.1228271671582,0.1367548928036,0.1533568602390,0.3026955564621,0.2443116785034,0.4205119896691,0.3786821079582,0.2807537820874,0.1265559026251,-0.1610670558597,0.1395001906637,0.4735409912058,0.2338375383083
0.3756128473769,0.1976046157225,0.2410533107767,0.2885358798151,0.0693532228262,0.2494917693713,-0.2133376345589,0.2258723834329,-0.0373707103917,0.0641937985817,0.0537904005215,0.4097854395273,-0.1400196294135,0.1185628709817,0.2897149645035,0.2205800376748,0.2937859606942,0.4583822019630,0.2836104197719,0.5409112164891,0.1419627076495,0.4565367563461,0.3111419982692,0.5494284531640,0.1910494619935,0.4389552867071,0.4762355587383,0.3992377584483,0.2571950271126,0.4646585440284,0.4184315569457,-0.0999003858553,0.1846277710478,0.6954023852363,1.0000000000000,-0.0039571701937,0.3556489148228,0.1158278560646,0.1433709421358,0.1029348137216,0.1875649638852,-0.0830791718681,-0.2137891523087,-0.2442672287772,0.0218672532647,-0.2142569419705,0.0551557047926,-0.1459644985821,-0.0221191106690,-0.1802865283499,-0.0776967591169,0.2983642266542,0.0302766483674,0.1109729104041,0.1289694840085,-0.0100235078429,0.2333516339004,0.2379953779673,0.1093599487484,0.1263600991627,0.2872154162025,0.0679816614289,0.2333323915539,0.1352274329901,0.2679065206931,0.0870851419382,-0.0916845012423,0.1376190624352,0.3946730264018,0.3339228229927
