1.0000000000000,0.0878943409197,0.4133556931128,0.3957058619496,0.3718187988261,0.0028993810601,0.1292916226509,0.4337522597084,0.3232824635925,0.3124627182802,0.3776664622911,0.3849786636628,0.4531335569989,0.0796912711038,0.6808949400099,0.3575317038250,0.3527276193628,0.4467135557076,0.4083683057647,0.4625161380030,0.4687181227080,0.4957668021244,0.3960599699742,0.5710313241470,0.3009749694130,0.2582010759749,0.3133932709653,0.3916231204867,0.3387586179120,0.6776591438329,0.3521338786750,0.0697745422269,0.0891466531908,0.3906969408964,0.5333999074864,0.3910363214453,0.1303132315839,0.2425092400570,0.2304291543925,0.3347098917214,-0.1913658949214,-0.2104481841171,0.0394039115208,-0.4197841595925,0.1578859549422,-0.1245849105983,-0.1680111558074,0.2479773243423,-0.0728030830536,-0.3282385520790,-0.0241663176053,0.3837735487684,0.1390152404454,-0.0834432698770,0.1831894746182,0.3531562667740,0.3644796080502,0.3194512855378,0.4013500288288,0.2635145022082,0.1362712184927,-0.2100099986512,0.3257217865986,0.2818292638469,-0.0737198340493,0.0883922797660,-0.2805053889071,-0.1745480432101,0.0290329282700,0.2304588561396
0.0878943409197,1.0000000000000,0.0354696472163,0.3108668775769,0.1264994608027,-0.1973991590031,-0.3453252658520,0.2230856699806,-0.3937321516852,0.0574643556243,-0.2592948795179,-0.0891786145109,-0.2045150445361,-0.1332856617388,-0.2786947602403,-0.1472880817305,0.0449374808372,0.3634455716413,-0.2567564814096,0.0892974255976,-0.0345441444162,0.0291145448263,0.3310016039507,0.1520611406719,0.1867480393624,0.2891330397246,0.2091481166916,0.1285559081104,0.0683157569581,-0.0700806682375,0.2156829804102,0.0159570124878,-0.1114771619386,0.3567059267334,0.3344003341088,0.4591303283231,0.4991066368580,0.0096681946663,0.3337666418356,0.1998199172911,-0.0605666255597,-0.0804382141910,0.2264197181867,-0.0338338692732,0.1791661052839,-0.1574025332351,0.0476807333254,-0.0434816620344,-0.0685145846059,-0.0515833233040,-0.1315332038158,0.1290771484046,0.3591792008973,-0.1042940383641,0.1473423669510,0.1316700710685,-0.1079093066411,0.3662504755246,-0.0534231202188,0.2021131033728,0.3320669440347,0.2375089485928,0.0296783829549,-0.1419331948605,0.1325261223259,0.2214408687848,-0.0206880027975,0.0070663929108,0.3126581561104,0.4025139185472
0.4133556931128,0.0354696472163,1.0000000000000,0.4432055577943,0.2691787037111,0.0600979934663,-0.0503608493263,0.3770933707278,0.2185261928540,0.2801741988642,0.0171016743836,0.2698066210400,0.2541752097316,0.0276000376065,0.3762025596437,0.1309674500206,0.1910241217564,0.3099684325200,0.4773337312461,0.4054063430394,0.2438146907069,0.3500751531600,0.3622808995056,0.6233764236880,0.2495512436153,0.0973032712613,0.3856715560038,0.6264848945734,0.3561204215546,0.3151063166768,0.3347470712377,-0.1074527302614,0.0516745534710,0.0171096789488,0.1916096473017,0.0175867166349,0.3271348297292,0.4865269381513,0.2355166658346,0.2569472218431,-0.1734516175391,-0.2128830907940,0.0294492211017,-0.3586438686596,0.0145886197128,-0.3370106558638,-0.0723402698852,0.1329742586703,-0.1310905754587,-0.3422240389721,-0.1078315167793,0.1578793953971,0.0288937066930,0.0807952930646,0.1021982119368,0.1857089933934,0.3804370890820,0.2372060398091,0.4270367875096,0.1746116447177,0.0557734118665,0.0153411800411,0.4855821345137,0.3445639830137,-0.1027399807867,0.1653340989165,-0.1944064330494,-0.1331299429129,-0.0596890778601,-0.0116328700230
0.3957058619496,0.3108668775769,0.4432055577943,1.0000000000000,0.2372726870403,-0.0241946737086,-0.0764378832525,0.2434958599316,0.0332850988404,0.5013689679543,-0.0108060617807,0.2073081439369,0.2234868539577,-0.0472682210335,0.2353202655370,0.0473572955257,0.1595367955225,0.4086303556852,0.1389898949952,0.4149239033460,0.2479021968834,0.1650647563982,0.6456242265342,0.4334711384509,0.4276424366190,0.3242048839767,0.2757094806524,0.4324969011782,0.2364857939542,0.4089091873675,0.3311965163562,-0.0313621361055,-0.0871370736731,0.1376724711976,0.3231554705675,0.3701648733150,0.7124499001369,0.3308954701093,0.7164553761312,0.1552531454740,-0.0882377739906,-0.2000412268357,0.2037782125433,-0.3274119542061,0.3489660484080,-0.3100434306664,-0.0242150062567,0.1035775885873,-0.1516104810387,-0.1239189285162,-0.1141309460154,0.1750866026053,0.3381973563882,0.0599734678707,0.3646875813539,0.1625127969519,0.2013937983042,0.6306278620123,0.2933917841331,0.3836000437326,0.3470823823471,0.1854174018610,0.3915842235842,0.1655610894988,0.1906585842507,0.2820904918240,-0.2313054065386,-0.2147127259166,0.0518122372145,0.3133901128905
0.3718187988261,0.1264994608027,0.2691787037111,0.2372726870403,1.0000000000000,-0.2801385408581,0.0259900787584,0.3006420258952,-0.0288426208597,0.3944539954315,0.3381895944757,0.0437696711784,0.5835230765794,-0.2402640956520,0.2055970348000,-0.0755658967887,0.2473769930857,0.3238779568966,0.0620236641431,0.1429447944319,0.7308429580071,0.3772369191154,0.1671246745349,0.2827868237224,0.3926651127999,-0.0827171788987,0.1264054712683,0.1011349386357,0.5011031774855,0.2466625944416,0.0719849634969,0.0880827017703,-0.1860360529448,0.1746087252871,0.1055374154343,0.3206542047664,0.0565537421082,0.1661968789447,-0.0146536348144,0.7964940633980,-0.4329598745261,-0.1019876341259,0.1173454761734,-0.3414000130247,0.3035709889763,0.1953188345500,-0.2541717986894,0.6583786794036,-0.2645731736367,-0.3625949130151,-0.2133136611958,0.2505736264756,0.0559430685890,-0.2074577206138,0.0713323968678,0.7682833956332,0.2993842048824,0.0867261479788,0.2135111454561,0.3281655243485,-0.1879071628126,-0.1321684427434,0.0778966417113,0.4500571755955,-0.0111599640180,0.1530307717614,-0.1095038288304,-0.2674680611190,-0.0822176176312,-0.0144870501657
0.0028993810601,-0.1973991590031,0.0600979934663,-0.0241946737086,-0.2801385408581,1.0000000000000,0.5159533686235,-0.1966293625388,0.4910620604435,-0.0346566004937,0.2093651646886,-0.0194690766780,0.0079108508992,0.2443546555227,0.3209287290105,0.6630719173849,-0.2288162485349,-0.1243834963915,0.2462106158623,-0.1554360150998,-0.1721908412487,-0.1191878100590,-0.1517712245850,0.0185653638977,-0.1805140604733,-0.1500341885703,-0.0252971426360,0.0131235648365,-0.3005833084859,0.2618879205150,-0.0467011761012,-0.1420758342218,0.8716289932686,0.1013044596562,0.1885901620497,-0.2966391582799,-0.0251300755416,0.0285705751233,0.0012427188154,-0.2377041103101,0.6596908121079,0.3139988871104,-0.3098970079234,0.2264447280026,-0.1264634111550,-0.0802800759270,-0.0500368367338,-0.0582553791016,0.1364787301569,-0.0166920519329,0.6192765111449,-0.2748583056781,-0.1727300951077,0.0644267000371,-0.2278548747214,-0.2323704897641,-0.0044100266931,-0.0912270510223,0.0934069347867,-0.1757401709111,-0.1142072569984,-0.2093994298536,0.0208062093140,-0.2456755049100,0.0575000864457,-0.1046175501689,0.1059679091534,0.5366875597418,0.1463233481757,0.1262995648288
0.1292916226509,-0.3453252658520,-0.0503608493263,-0.0764378832525,0.0259900787584,0.5159533686235,1.0000000000000,-0.1831882723675,0.7510781550097,0.1532736020013,0.6591180302223,0.2758116446788,0.4904805545056,0.3102016922881,0.4831387587451,0.6410700310689,-0.0584143461382,-0.2268559653676,0.3069187110735,0.0110273496821,0.1919669015289,0.0048619739974,-0.2652889765917,-0.1797243797868,-0.0600892107172,-0.0790819397371,-0.1512178610001,-0.2859082382251,-0.0966785245806,0.2700186369863,-0.2237478874824,-0.0473188522926,0.5258915810543,-0.0536862812496,-0.0157858285192,-0.3023880637185,-0.3580771373250,-0.0628508112653,-0.0500215311995,0.0082796249916,0.3329999436235,0.6010947487656,-0.4212006078314,0.3070075993224,0.1333161815833,0.2771883389141,-0.1262710920581,0.4408753126495,0.2107618370056,-0.0323764351314,0.5192830977159,-0.0809633217068,-0.4044021488677,-0.1534503555851,-0.2365999158537,0.1445881449699,-0.0673592664525,-0.3051853650091,-0.0804669025026,-0.0797340694137,-0.1896671951681,-0.3405874838266,-0.2944060294580,-0.0997167606299,-0.2063859879013,-0.2941999995271,0.1093488778195,0.2470121137933,-0.1252335062085,-0.0896841535873
0.4337522597084,0.2230856699806,0.3770933707278,0.2434958599316,0.3006420258952,-0.1966293625388,-0.1831882723675,1.0000000000000,-0.0552997234817,0.3720748054500,-0.0543579140182,0.0275158218194,0.0817987791342,-0.1820750871344,0.1085028826718,-0.0020515452518,0.1426573843145,0.3099965696807,0.0302654955848,0.1246601999135,0.1967877321622,0.2191247564176,0.4509859418655,0.2984065487152,0.6157223874780,0.0604758350425,0.2217082333962,0.2880338827901,0.6184074752499,0.1373636277396,0.5751037663275,0.1494756435191,-0.1493726594385,0.0286106068286,0.0293601312168,0.2284416354796,0.1215097981294,-0.0906745178433,0.1787524404592,0.4068140982669,-0.2487534227658,-0.1117611306832,0.4754340529623,-0.2756862760522,0.3015247436291,-0.1362528155016,-0.1873335000476,0.0862081343100,-0.1909977537829,-0.1019367055222,-0.1889455018666,0.2513366086476,-0.0882917051728,-0.2574604277939,-0.1498740646227,0.2302525353476,-0.0505523727305,0.3067606926651,-0.0673098707214,0.5076111474439,0.0798625217535,-0.1770872933051,0.1841115644505,0.2816714167654,-0.2675274627018,-0.0664765452315,-0.1587429542575,-0.2307575587011,-0.0598265634629,-0.1416179073553
0.3232824635925,-0.3937321516852,0.2185261928540,0.0332850988404,-0.0288426208597,0.4910620604435,0.7510781550097,-0.0552997234817,1.0000000000000,0.1240604482741,0.6920902612905,0.4264592305118,0.4422841037503,0.4426523280945,0.7529378271899,0.6377655980456,-0.0593593710016,-0.0644433348198,0.5385763725064,0.2326557307885,0.2120897928738,-0.0165013397185,-0.2210924472414,0.0039270434769,-0.0912819060835,-0.0085227454319,0.1084889148509,-0.0354686411025,-0.0201094227835,0.4087890114669,-0.1674006595531,-0.1633650725429,0.4763632530735,0.0728492200366,0.1042843102889,-0.3127700869330,-0.2832784265125,0.0720515376566,-0.0634828979819,-0.1026136020238,0.2322663585822,0.3493666782909,-0.4338923751549,0.1929495384548,-0.0077812771258,0.1805729029552,-0.0770447908935,0.2624159186553,0.2560520210775,-0.0832770973115,0.3686522266755,-0.0505551976456,-0.3601459826970,-0.0232548581199,-0.1579625417812,0.0642987782955,-0.0281067382773,-0.2922728852583,0.0289859994420,-0.1413582413964,-0.1512080780238,-0.2605162320531,-0.1114142134223,-0.0790645459936,-0.2834055889264,-0.4006203334604,-0.0067500113818,0.1643676292310,-0.1410212856979,-0.0971897162022
0.3124627182802,0.0574643556243,0.2801741988642,0.5013689679543,0.3944539954315,-0.0346566004937,0.1532736020013,0.3720748054500,0.1240604482741,1.0000000000000,0.0896676802823,0.1121140393800,0.3307338698951,-0.0663874213080,0.3304911708394,0.1782143358062,-0.0271611265177,0.1925452648301,0.1278425747199,0.1669010048159,0.2801335451037,0.1112777198024,0.4456945806966,0.1087805211916,0.6978649050350,0.1352532205204,0.0508859753744,0.1102429984546,0.1233770287384,0.2161206799931,0.1336155435783,0.0327578814660,-0.0369970690394,-0.0261151551214,0.0212271710427,0.0902006049456,0.1866458190488,0.2599040409470,0.4157198723941,0.3420501666361,-0.1428136782282,-0.0510453764290,0.3392668780121,-0.3514232861354,0.7184558894041,-0.1908580005972,-0.2236156534748,0.2978557956217,-0.0009780921856,-0.1609058797817,0.0139915152869,-0.0087352806042,-0.0608011510332,-0.1766152944330,0.0356860168749,0.2349177388987,0.0889799285571,0.3076654401387,0.0478281923911,0.5496577955847,0.1267753457269,-0.1358479074557,0.1516014415474,0.0542087759064,-0.1770780715137,0.0200016354925,-0.1799718089953,-0.2088159706215,-0.1164384267693,-0.0565773292933
0.3776664622911,-0.2592948795179,0.0171016743836,-0.0108060617807,0.3381895944757,0.2093651646886,0.6591180302223,-0.0543579140182,0.6920902612905,0.0896676802823,1.0000000000000,0.2331515246782,0.6872714995928,0.1913780421404,0.6018274783463,0.5178399060215,0.0800662887488,-0.0703787181164,0.2979246436009,0.0475324055076,0.5611318369056,0.1439180221787,-0.2444990267390,0.0344307329969,-0.0844375979281,-0.0371711081869,0.0602674110694,-0.1643399071836,0.1193924425258,0.4082965574817,-0.2315757642020,-0.0886815312573,0.2217813442280,0.3193029522137,0.2280580379716,-0.0902154939745,-0.3090587753706,0.0285822108513,-0.0756430915612,0.2995760571261,-0.0634265578872,0.3620219580467,-0.4850127998344,0.1282856213764,0.0564799435361,0.5613911101357,-0.2546428226637,0.6074279402390,0.1090264590693,-0.1894339195299,0.2618360680476,0.1328778429946,-0.3145898027721,-0.2379784734109,-0.1436238416459,0.4985965891385,0.0561120682125,-0.2672444974182,0.0919092255750,-0.0105036307501,-0.1870196032818,-0.2936133905372,-0.1921793836027,0.0668324483823,-0.2063532785669,-0.3676231295529,-0.0503966042456,-0.0195779713632,0.0188568355505,0.0594383156251
0.3849786636628,-0.0891786145109,0.2698066210400,0.2073081439369,0.0437696711784,-0.0194690766780,0.2758116446788,0.0275158218194,0.4264592305118,0.1121140393800,0.2331515246782,1.0000000000000,0.2341212929978,0.5208982079404,0.5321066426588,0.1050712167929,0.1422356244076,0.1210612104748,0.6791989707118,0.6293091431496,0.2425014830627,0.0826599322607,0.0023566344963,0.1813210327492,0.0094705977022,0.4263492073271,0.3811005069432,0.3734378308363,0.1000618965344,0.4175611305041,-0.0770377024580,0.0538374822939,0.0687447483420,0.0657536365896,0.2262252916124,-0.1644764309642,-0.0322230524220,-0.0491680650984,0.1081041079240,-0.0992372899965,-0.1523189499455,-0.1567010657253,-0.1705173655807,-0.1289961300245,-0.0435809073222,-0.1773386988489,0.5071985528863,0.0669706962322,0.3753892614219,-0.1884592518443,-0.1221047144472,0.0728701152523,-0.0864184571351,0.4245393519683,0.1131548886974,0.0447105976597,0.0918826942033,-0.1005245094890,0.0765413134245,-0.2005670083819,0.2776608218407,0.0440912333736,0.2285822024917,0.1282632060034,-0.1433842572541,-0.1379557455624,0.0292884943893,-0.1164716373554,-0.2194197440722,-0.0744288114912
0.4531335569989,-0.2045150445361,0.2541752097316,0.2234868539577,0.5835230765794,0.0079108508992,0.4904805545056,0.0817987791342,0.4422841037503,0.3307338698951,0.6872714995928,0.2341212929978,1.0000000000000,-0.0844860549177,0.5672981689439,0.4374444089531,0.1068142854421,0.0311628426342,0.3473721013460,0.1827671831707,0.8279316782768,0.3013142060708,-0.0175719479873,0.2787549463096,0.1148798876260,-0.1551413005964,-0.0570271646577,-0.0688836436312,0.2572200354081,0.4584064572854,-0.0190931026728,0.0709685979359,-0.0206871075293,0.1439973552366,0.2118663442412,0.1320027584305,-0.0582476342860,0.2890048327279,0.0605085409057,0.5017542903111,-0.3780250254399,0.1331291946048,-0.2698097222016,-0.3048976430544,0.1435323021106,0.2212331472598,-0.2694948987254,0.8827326711425,-0.2190212552004,-0.3997578843697,0.1135432770247,0.1870528812565,-0.1148050919842,-0.2092765611352,0.0944413909869,0.7408044141893,0.4438723140989,-0.0491746570646,0.4296758702083,0.1498307021438,-0.2387180848084,-0.3672467297163,0.0481031226676,0.3816303589525,-0.0809736619739,0.0186311575944,-0.1341953989721,-0.2690885978144,-0.0207463525122,0.0211089217501
0.0796912711038,-0.1332856617388,0.0276000376065,-0.0472682210335,-0.2402640956520,0.2443546555227,0.3102016922881,-0.1820750871344,0.4426523280945,-0.0663874213080,0.1913780421404,0.5208982079404,-0.0844860549177,1.0000000000000,0.3307525180768,0.2490095794966,0.0352562904907,-0.0857269942471,0.4290367861161,0.1314465770079,-0.1704311696138,-0.0762336424937,-0.1289553860914,-0.0943131280656,-0.0878126759096,0.4514184205071,0.3934112413195,0.2298704103318,-0.1938164280645,0.1221404350299,-0.1224177934890,-0.1815700360868,0.3378459102373,-0.0488270387944,-0.0091653720727,-0.2498777799127,-0.1462584099841,-0.1543802868094,-0.0614549509629,-0.2445187820496,0.2851933719872,0.0970821424214,-0.2612383799057,0.2730217235585,-0.0241690920922,-0.0002018784763,0.5274596463590,-0.1797495396341,0.7045838641393,0.1872177466758,0.2412157444825,-0.1286724693503,-0.1621687676849,0.4190860219053,-0.1039059975815,-0.2806680923687,-0.1867188886756,-0.2307529121627,-0.1556182444465,-0.1789300220666,0.2770947737004,0.1638086623512,0.0873925849367,-0.1919938854135,-0.0796686677707,-0.2588056330412,0.1348139165633,0.3179289777893,-0.2478519113398,-0.1409831078410
0.6808949400099,-0.2786947602403,0.3762025596437,0.2353202655370,0.2055970348000,0.3209287290105,0.4831387587451,0.1085028826718,0.7529378271899,0.3304911708394,0.6018274783463,0.5321066426588,0.5672981689439,0.3307525180768,1.0000000000000,0.5741253506883,0.0400870451066,0.1731520369021,0.7005303795598,0.3879941644570,0.4114548666362,0.2077398831662,0.0526652008520,0.3326031100125,0.1000100577815,0.1456310107539,0.2621687026667,0.2728012043865,0.0646036988532,0.6821844016557,0.0097732388541,0.0246422770402,0.3402577595887,0.2753261642697,0.3604643134854,-0.0660642006281,-0.0729761495213,0.3069587965783,0.0619703662321,0.0987991377421,-0.1200830004232,-0.1106785237094,-0.1762278953767,-0.3205469179520,0.0078685114252,-0.0398948520575,-0.0665032124671,0.2844400466056,0.0910861927861,-0.3279273543858,0.1413906165024,0.0544568649543,-0.0875262472363,0.0837641336397,0.0686247797073,0.2038077055941,0.3532338546534,-0.0209644642345,0.4028250392674,0.0295329280887,-0.0328079481948,-0.2757308816784,0.2940953162674,0.1830846804383,-0.1799592177684,-0.1089151006413,-0.1556104523071,-0.0437978060347,-0.0743224502069,-0.0061288613203
0.3575317038250,-0.1472880817305,0.1309674500206,0.0473572955257,-0.0755658967887,0.6630719173849,0.6410700310689,-0.0020515452518,0.6377655980456,0.1782143358062,0.5178399060215,0.1050712167929,0.4374444089531,0.2490095794966,0.5741253506883,1.0000000000000,-0.0920258627378,-0.0823231947207,0.3238133045298,-0.0442935542290,0.1702786971717,0.0617448776510,-0.0612994548251,0.1562475700268,-0.0188030446336,-0.0005618460745,-0.0178526908770,-0.0405468149830,-0.1609444893994,0.4446780352677,0.0194006184923,-0.1362688276672,0.5723059159163,0.2390069521138,0.3702754336784,-0.0884932123390,-0.0754827611758,0.1809373030818,0.1735667839691,0.0319977413843,0.3097520627827,0.3015159660067,-0.3543248731268,0.0292908521571,0.0836720605368,0.0088900318380,-0.1829146008330,0.2778923726696,0.1568957829180,-0.1239894289425,0.6672705833319,-0.0542794678483,-0.1742637089107,-0.1022221706291,-0.1203519613620,0.1151573795059,0.1476696297681,-0.0311486405254,0.2520511704057,0.0601519235197,0.0109581122328,-0.3460197800149,0.0305136988187,-0.1148666524420,-0.0641527989264,-0.1533995500791,-0.0958421781921,0.2454667661388,0.1614165196345,0.2421115072631
0.3527276193628,0.0449374808372,0.1910241217564,0.1595367955225,0.2473769930857,-0.2288162485349,-0.0584143461382,0.1426573843145,-0.0593593710016,-0.0271611265177,0.0800662887488,0.1422356244076,0.1068142854421,0.0352562904907,0.0400870451066,-0.0920258627378,1.0000000000000,0.0592782908153,-0.0183901239383,0.2025209473055,0.2291262763030,0.7382405488181,0.3964662885018,0.3752232100670,0.2591233295029,0.2123490479075,0.1182553037075,0.1968325023566,0.4890792237494,0.2279244494565,0.2785165935303,-0.0660485865954,-0.1326332563549,0.0779958285993,0.2310262359034,0.2612430399656,0.0135153021544,-0.0436876041056,0.0749384777607,0.2914592639250,-0.0511236890567,-0.1380266340522,0.0316498095585,-0.0873185625623,0.1339117964000,0.0478362184366,-0.0513864553272,0.0599154665940,-0.0084490859312,-0.0267285168503,-0.1310422287645,0.8221061476829,-0.0546296691228,-0.0834398437263,-0.0105877333953,0.2326233242758,0.3161920078775,0.3389880595371,0.2114798777852,0.3032657111993,0.1193564825264,-0.0777646802075,0.0854742288471,0.5067371692055,0.0657723093742,0.1716551247714,-0.1738953889078,-0.0916669223699,-0.1294778738297,0.1761647308337
0.4467135557076,0.3634455716413,0.3099684325200,0.4086303556852,0.3238779568966,-0.1243834963915,-0.2268559653676,0.3099965696807,-0.0644433348198,0.1925452648301,-0.0703787181164,0.1210612104748,0.0311628426342,-0.0857269942471,0.1731520369021,-0.0823231947207,0.0592782908153,1.0000000000000,0.0759882794737,0.4966847724735,0.1605575215983,0.2368536485278,0.2700243888012,0.4642480659195,0.1830915511688,0.2156792225449,0.5110160629856,0.4090784378299,0.1892209699453,0.3688924044916,0.2494277689356,0.1062155924164,-0.0141793776044,0.2749477869404,0.2889265434006,0.3498731457044,0.4191712032993,0.0633096579487,0.1988928582292,0.1983621139270,-0.0702274481912,-0.2643444290299,0.1128925657291,-0.3163715404725,0.0547451291003,-0.2207838656069,-0.0807815641166,0.0095323853165,-0.1967016182373,-0.2964990895330,-0.1902451516589,0.0413027600543,0.5762918143903,-0.0067036221696,0.3557005759082,0.1197896588793,0.1478450457079,0.1734280806983,0.2019907450868,0.0886079986003,0.1348212272490,0.2409359744343,0.2663664414094,0.0315220583282,0.1315163909094,0.2335895729537,-0.1999474999135,-0.0480552121177,0.1526344419092,0.1841109252544
0.4083683057647,-0.2567564814096,0.4773337312461,0.1389898949952,0.0620236641431,0.2462106158623,0.3069187110735,0.0302654955848,0.5385763725064,0.1278425747199,0.2979246436009,0.6791989707118,0.3473721013460,0.4290367861161,0.7005303795598,0.3238133045298,-0.0183901239383,0.0759882794737,1.0000000000000,0.4787806138906,0.2193470779454,0.0443681987804,-0.0460327432143,0.3270538477818,-0.0469031012248,0.2348305274310,0.3065839966241,0.4478413132214,0.0573138273603,0.4291282492665,-0.0231187325168,-0.1440686648390,0.2622700322174,0.0048654124269,0.1028280380912,-0.2686758177243,0.0031138963184,0.2731665680282,0.0276310777295,0.0290864027055,-0.1690388290123,-0.1293349395669,-0.2156932339338,-0.2635549730217,-0.2062827088545,-0.2090622432453,0.2651851038628,0.1408133781057,0.2404751796184,-0.3103579148320,0.0168318541612,-0.1375243173205,-0.1228338041739,0.4150066169807,0.0235916505974,0.0623578508156,0.2518406976160,-0.1317251303783,0.3322254770306,-0.1627618111424,0.1222851856457,-0.0830058311596,0.4282885460240,0.1959400663737,-0.2531350059977,-0.0848761024095,-0.1308880597844,-0.0293008064115,-0.1798157024048,-0.2172872261549
0.4625161380030,0.0892974255976,0.4054063430394,0.4149239033460,0.1429447944319,-0.1554360150998,0.0110273496821,0.1246601999135,0.2326557307885,0.1669010048159,0.0475324055076,0.6293091431496,0.1827671831707,0.1314465770079,0.3879941644570,-0.0442935542290,0.2025209473055,0.4966847724735,0.4787806138906,1.0000000000000,0.2101886843282,0.1137585287883,0.1061882896182,0.2690737391697,0.0884948472340,0.4562835158174,0.4912394498342,0.4009571737251,0.1955022814116,0.4108744459863,0.0179918733881,-0.0693967918557,-0.1042501166702,0.0331881422661,0.2723930835113,0.0412017889760,0.2230954361803,0.0427323010367,0.2655802894573,-0.0299493924663,-0.1277950350560,-0.2342572504007,-0.0292348857974,-0.2192879802734,-0.0019145782056,-0.2115999850808,0.1747266397471,0.0131923999285,0.1025598380246,-0.1528936246214,-0.1932292072060,0.1565830407274,0.2294331461420,0.2582563817259,0.4174422903818,0.0396379550716,0.0800755049490,0.0127214115775,0.0949019501716,-0.0974945389642,0.3698984668801,0.2813313025505,0.1936903270492,0.1295874780530,0.0055497355070,-0.0023955482196,-0.1220850778247,-0.1593351879138,-0.1093442885454,0.0816756884496
0.4687181227080,-0.0345441444162,0.2438146907069,0.2479021968834,0.7308429580071,-0.1721908412487,0.1919669015289,0.1967877321622,0.2120897928738,0.2801335451037,0.5611318369056,0.2425014830627,0.8279316782768,-0.1704311696138,0.4114548666362,0.1702786971717,0.2291262763030,0.1605575215983,0.2193470779454,0.2101886843282,1.0000000000000,0.3611504442669,0.0683407799576,0.3612069691778,0.1550273559806,-0.1081109795215,0.0701968350753,0.0150981023814,0.3812275951678,0.3784459427336,-0.0081575557935,0.0660739904954,-0.1502686646816,0.3452021840457,0.3168819670780,0.3210503352702,-0.0422558266097,0.1817605102005,0.0586198564932,0.5804499869130,-0.5121729312389,-0.0371963572474,-0.1813209615646,-0.3359392055381,0.1688555425972,0.1538831355581,-0.1997970618580,0.7911648277399,-0.2369099951315,-0.4461718445057,-0.1816553314502,0.3512176167950,-0.0782430573297,-0.2039116459344,0.0907522264955,0.8977200134916,0.4042103745360,0.0135584678412,0.3587703351229,0.1613365410422,-0.2021683288018,-0.2812972730537,0.0595473146713,0.4182448177766,-0.1214684041884,-0.0301388610485,-0.1582645358440,-0.3487458291811,-0.0349954920142,0.0937376988522
0.4957668021244,0.0291145448263,0.3500751531600,0.1650647563982,0.3772369191154,-0.1191878100590,0.0048619739974,0.2191247564176,-0.0165013397185,0.1112777198024,0.1439180221787,0.0826599322607,0.3013142060708,-0.0762336424937,0.2077398831662,0.0617448776510,0.7382405488181,0.2368536485278,0.0443681987804,0.1137585287883,0.3611504442669,1.0000000000000,0.4262485229340,0.6301181409737,0.2522357773569,0.0190191522586,0.1654273708007,0.2879859780436,0.4754659617633,0.4245394111879,0.4361725206981,0.1069716792504,-0.0080405265152,0.2035222363831,0.3151967587783,0.3281856307058,0.0285866886140,0.1406299143401,-0.0035737026488,0.4102020414529,-0.1557925799478,-0.2231661778900,0.0410871960810,-0.3299242275919,0.1008596120090,-0.0569492873363,-0.2104454583080,0.2482216189590,-0.2411216378986,-0.3093933417399,-0.1223631418806,0.6803644531896,0.0145105844179,-0.1853647892883,-0.0256433613634,0.3478905915051,0.6543256230042,0.3598820816741,0.4840328544981,0.3254962849824,-0.1190931122416,-0.2071258632161,0.2554476370806,0.5956313192914,0.1017074688902,0.3913651879342,-0.1679684546380,-0.1238522544084,-0.0158692520260,0.1712038101218
0.3960599699742,0.3310016039507,0.3622808995056,0.6456242265342,0.1671246745349,-0.1517712245850,-0.2652889765917,0.4509859418655,-0.2210924472414,0.4456945806966,-0.2444990267390,0.0023566344963,-0.0175719479873,-0.1289553860914,0.0526652008520,-0.0612994548251,0.3964662885018,0.2700243888012,-0.0460327432143,0.1061882896182,0.0683407799576,0.4262485229340,1.0000000000000,0.4431442914202,0.6390567068015,0.2724019131039,0.1287597129927,0.3555959423544,0.3045345153550,0.2672224817878,0.7044377100237,0.0119824310135,-0.1060072370429,0.0559823614233,0.2377475745972,0.4356346726772,0.5152864975333,0.2866337083722,0.5151491869457,0.3048284938064,-0.1284307640308,-0.3049529332527,0.4756689945594,-0.4074189602560,0.4159902939373,-0.4157461286800,-0.0923220717482,-0.0718281318855,-0.1980678433756,-0.1412457072878,-0.1804432277632,0.3809073348404,0.1746380143734,-0.1215579307412,0.0972640220216,0.0885254047890,0.2541510205655,0.8578689128859,0.2567915415972,0.6789698975533,0.2862721438014,-0.0476872455926,0.3966231115607,0.2745243876983,0.0208264945258,0.4174764161960,-0.3649817441056,-0.1984532548648,-0.0478562799534,0.2428020945510
0.5710313241470,0.1520611406719,0.6233764236880,0.4334711384509,0.2827868237224,0.0185653638977,-0.1797243797868,0.2984065487152,0.0039270434769,0.1087805211916,0.0344307329969,0.1813210327492,0.2787549463096,-0.0943131280656,0.3326031100125,0.1562475700268,0.3752232100670,0.4642480659195,0.3270538477818,0.2690737391697,0.3612069691778,0.6301181409737,0.4431442914202,1.0000000000000,0.1306498906377,0.0525179185962,0.2646125088953,0.6603409957801,0.4163304134701,0.4851431488454,0.4909823070380,0.1122842859625,0.0334432028848,0.3323674491142,0.4610732633939,0.3351766015027,0.4164006368235,0.4423470652754,0.2646387470666,0.3099591513069,-0.2579572771232,-0.4055953720568,0.0361363600276,-0.5177820365302,-0.0717273393084,-0.3690382637760,-0.0895517454750,0.1327226931642,-0.3231114194596,-0.5081601970558,-0.1912694830372,0.3443397363497,0.2694994226284,0.0435397074924,0.1418117559200,0.2897822981490,0.6636780013688,0.4451769549968,0.7511470771374,0.1611169136969,0.0334392684579,-0.0925919258908,0.6621192131156,0.4786649323286,0.0426661318909,0.4725037453168,-0.2672361097375,-0.1302365191054,0.2031286357240,0.2477444653743
0.3009749694130,0.1867480393624,0.2495512436153,0.4276424366190,0.3926651127999,-0.1805140604733,-0.0600892107172,0.6157223874780,-0.0912819060835,0.6978649050350,-0.0844375979281,0.0094705977022,0.1148798876260,-0.0878126759096,0.1000100577815,-0.0188030446336,0.2591233295029,0.1830915511688,-0.0469031012248,0.0884948472340,0.1550273559806,0.2522357773569,0.6390567068015,0.1306498906377,1.0000000000000,0.1189803217187,0.1317380289046,0.1427468630003,0.4599832109696,0.1054133502581,0.4873067126078,0.0872521774179,-0.1374631516521,-0.1327885022268,-0.0359617076034,0.2145924554284,0.2097639375422,0.0784998783774,0.3003569371578,0.4573567165681,-0.1699471921079,-0.1407458594354,0.6148118192889,-0.3181991390968,0.6271470749292,-0.1555610609956,-0.1697441085545,0.1410650019490,-0.0677912834179,-0.0636757158006,-0.0988394773577,0.2039887848526,-0.0818068752784,-0.2189984150009,-0.0787231357952,0.1812030716203,0.0190865849473,0.5039339256788,-0.0591036308613,0.8469246850333,0.1150869117022,-0.1180461457424,0.1663204952624,0.3042218273621,-0.1793881600365,0.1355314792087,-0.1404998926090,-0.2361679685757,-0.2300834702337,-0.1271826938323
0.2582010759749,0.2891330397246,0.0973032712613,0.3242048839767,-0.0827171788987,-0.1500341885703,-0.0790819397371,0.0604758350425,-0.0085227454319,0.1352532205204,-0.0371711081869,0.4263492073271,-0.1551413005964,0.4514184205071,0.1456310107539,-0.0005618460745,0.2123490479075,0.2156792225449,0.2348305274310,0.4562835158174,-0.1081109795215,0.0190191522586,0.2724019131039,0.0525179185962,0.1189803217187,1.0000000000000,0.5042291622047,0.3842616868528,-0.0347507197248,0.1155746439990,0.0396201575342,-0.2524247276301,-0.0544532836157,0.0747241564198,0.2030570636371,0.0850219358962,0.2426529108448,-0.0337835120448,0.4444620890130,-0.0288523957185,0.0471579901962,-0.1399218664620,0.0237717550695,-0.0188459463697,0.2272658515543,-0.1775698804628,0.4159162301296,-0.2290926363039,0.5075784991696,0.1116238671654,0.0057161168952,0.1228714521368,0.2076737386731,0.3632906936679,0.2595941654893,-0.1323564649397,-0.1371938502442,0.1634042521999,-0.0883033551135,0.1016032401986,0.7764196737373,0.4661603746905,0.2643405855633,-0.1071331125701,-0.0445053892516,-0.0702162640533,-0.2754852606115,0.0911107819884,-0.1181333744067,0.2106594357176
0.3133932709653,0.2091481166916,0.3856715560038,0.2757094806524,0.1264054712683,-0.0252971426360,-0.1512178610001,0.2217082333962,0.1084889148509,0.0508859753744,0.0602674110694,0.3811005069432,-0.0570271646577,0.3934112413195,0.2621687026667,-0.0178526908770,0.1182553037075,0.5110160629856,0.3065839966241,0.4912394498342,0.0701968350753,0.1654273708007,0.1287597129927,0.2646125088953,0.1317380289046,0.5042291622047,1.0000000000000,0.5977003420383,0.1159380598263,0.3055957578624,0.1582445034354,-0.1357518815898,0.0549545568275,0.2251398790434,0.2683906415528,0.0034518259033,0.2397010520519,-0.0584036356041,0.0943231329925,0.0211085278088,-0.0620382183385,-0.2919687864258,-0.0243173154152,-0.1774802846431,-0.0516823356042,-0.1152711980366,0.2538254936738,-0.1151719741333,0.2526523435939,-0.1152000522860,-0.1441688788708,0.0856624187445,0.2621541218402,0.3266475638667,0.2341396835789,-0.0527089208349,0.0147883419647,0.0166902328463,0.0450814271103,-0.0078179390699,0.3346950794029,0.5453835983934,0.3787768980111,0.0158328776974,0.0286156676570,-0.0771906383520,-0.0384969485913,0.0210174059657,-0.0512668444275,0.0469870240483
0.3916231204867,0.1285559081104,0.6264848945734,0.4324969011782,0.1011349386357,0.0131235648365,-0.2859082382251,0.2880338827901,-0.0354686411025,0.1102429984546,-0.1643399071836,0.3734378308363,-0.0688836436312,0.2298704103318,0.2728012043865,-0.0405468149830,0.1968325023566,0.4090784378299,0.4478413132214,0.4009571737251,0.0150981023814,0.2879859780436,0.3555959423544,0.6603409957801,0.1427468630003,0.3842616868528,0.5977003420383,1.0000000000000,0.2954477861586,0.3414941085869,0.3340802366665,0.0564650633909,0.0352138694674,0.1236997615239,0.2512370714798,0.0704705775707,0.4712502229742,0.2236660088017,0.2797029691628,0.0585838503527,-0.1185759053641,-0.4851020179460,0.0862354127321,-0.3841630168255,-0.1406431285671,-0.3874024161510,0.2782854596041,-0.2197149726005,0.0885460011493,-0.2123430064931,-0.2228291035316,0.0880454773176,0.3102883462870,0.4097399379153,0.2364093903592,-0.0870686214999,0.3459080286637,0.3085505683297,0.4372827942247,0.0005955536366,0.3503859830372,0.3209273065527,0.8165136024313,0.2934697517748,0.1102015440637,0.2690143237956,-0.0670243812350,-0.0140529103677,0.0255220727158,0.0583672445021
0.3387586179120,0.0683157569581,0.3561204215546,0.2364857939542,0.5011031774855,-0.3005833084859,-0.0966785245806,0.6184074752499,-0.0201094227835,0.1233770287384,0.1193924425258,0.1000618965344,0.2572200354081,-0.1938164280645,0.0646036988532,-0.1609444893994,0.4890792237494,0.1892209699453,0.0573138273603,0.1955022814116,0.3812275951678,0.4754659617633,0.3045345153550,0.4163304134701,0.4599832109696,-0.0347507197248,0.1159380598263,0.2954477861586,1.0000000000000,0.1164296517501,0.3638487782620,0.1019103797658,-0.2383637409091,-0.0273634254730,-0.0159774263454,0.1923012706557,0.0733513873293,-0.0895661478480,0.0031253788457,0.5019087597660,-0.2926246322978,-0.1124576860204,0.2635735844782,-0.1943074941282,0.1073677974553,0.1191449224186,-0.1485998217863,0.2765040065748,-0.2735644193542,-0.1661778784206,-0.2810911588813,0.4840641452592,-0.1036674717929,-0.2203586167027,-0.1094751071299,0.4215919643659,0.1960420236796,0.2327050765680,0.1030019914456,0.3965492519190,-0.0871469737399,-0.1353836617911,0.1554156813003,0.7333325267319,-0.1154312455123,0.1203575896272,-0.1004894620663,-0.2658005324009,-0.1574438317001,-0.1263365730967
0.6776591438329,-0.0700806682375,0.3151063166768,0.4089091873675,0.2466625944416,0.2618879205150,0.2700186369863,0.1373636277396,0.4087890114669,0.2161206799931,0.4082965574817,0.4175611305041,0.4584064572854,0.1221404350299,0.6821844016557,0.4446780352677,0.2279244494565,0.3688924044916,0.4291282492665,0.4108744459863,0.3784459427336,0.4245394111879,0.2672224817878,0.4851431488454,0.1054133502581,0.1155746439990,0.3055957578624,0.3414941085869,0.1164296517501,1.0000000000000,0.2838855957899,0.0867240457423,0.2597898310633,0.4169580387519,0.6194950414394,0.1161829927908,0.2015415693932,0.2108461187951,0.2642716132110,0.1787923323273,-0.0809637534052,-0.2595521278798,-0.1173967083830,-0.4072020517835,0.0086125543718,-0.1641064044053,-0.0676936564364,0.1891479106992,-0.0464727202897,-0.3294070985263,0.1509086208788,0.2670498749510,0.1662878251874,0.0754839811855,0.1519089516324,0.1957375632191,0.4415830854546,0.2968983570105,0.4645883939790,0.1154275753572,0.0768864986938,-0.1848162047855,0.3495417371374,0.2476480859791,0.2917665261427,0.2064216718129,-0.1350527303431,-0.0927310235077,0.2107607974443,0.3294313395535
0.3521338786750,0.2156829804102,0.3347470712377,0.3311965163562,0.0719849634969,-0.0467011761012,-0.2237478874824,0.5751037663275,-0.1674006595531,0.1336155435783,-0.2315757642020,-0.0770377024580,-0.0190931026728,-0.1224177934890,0.0097732388541,0.0194006184923,0.2785165935303,0.2494277689356,-0.0231187325168,0.0179918733881,-0.0081575557935,0.4361725206981,0.7044377100237,0.4909823070380,0.4873067126078,0.0396201575342,0.1582445034354,0.3340802366665,0.3638487782620,0.2838855957899,1.0000000000000,0.0461148159413,0.0050644973089,-0.0590749085823,0.1361721723679,0.3129027540121,0.3853587612012,0.1236150071562,0.2008650960712,0.2853694814017,-0.0939192945961,-0.2189636154332,0.4211255806973,-0.3123632628222,0.0996465119148,-0.3617955704066,-0.0648138719143,-0.0559301602262,-0.2561033954783,-0.1399570955822,-0.0510667088356,0.2578922714057,0.1589474103222,-0.1016759092611,0.0132711494928,-0.0059354682671,0.2464095245162,0.6402405822578,0.2580614255844,0.5808885877589,0.1210790491257,-0.0635380038905,0.4185954044736,0.3373730646892,0.0430641791711,0.4910657736765,-0.2553615214635,-0.0513560372030,0.0046551848402,0.0844272066084
0.0697745422269,0.0159570124878,-0.1074527302614,-0.0313621361055,0.0880827017703,-0.1420758342218,-0.0473188522926,0.1494756435191,-0.1633650725429,0.0327578814660,-0.0886815312573,0.0538374822939,0.0709685979359,-0.1815700360868,0.0246422770402,-0.1362688276672,-0.0660485865954,0.1062155924164,-0.1440686648390,-0.0693967918557,0.0660739904954,0.1069716792504,0.0119824310135,0.1122842859625,0.0872521774179,-0.2524247276301,-0.1357518815898,0.0564650633909,0.1019103797658,0.0867240457423,0.0461148159413,1.0000000000000,-0.1283743704281,0.0081258766699,-0.0103799322597,0.1317243625274,-0.0376047662765,-0.0697039654373,-0.0904573491624,0.0340922670386,-0.2039671366553,-0.1977632670462,0.2264907581297,-0.2349826413161,-0.0943614310502,-0.0016560207291,-0.0608456970863,0.0383579748803,-0.3097461240139,-0.1668317312903,-0.2159375945452,-0.0269927197819,0.0857605055015,-0.0805354940781,0.0152153539348,0.0178284290109,0.2226609230477,0.0245957364429,0.1585118890056,-0.0757921776656,-0.2626353778909,-0.2022569195133,0.1193123856859,0.1788056370333,0.0886535283823,0.2013336149509,0.5064497831530,-0.2089384696882,0.0366804246057,-0.1627142958223
0.0891466531908,-0.1114771619386,0.0516745534710,-0.0871370736731,-0.1860360529448,0.8716289932686,0.5258915810543,-0.1493726594385,0.4763632530735,-0.0369970690394,0.2217813442280,0.0687447483420,-0.0206871075293,0.3378459102373,0.3402577595887,0.5723059159163,-0.1326332563549,-0.0141793776044,0.2622700322174,-0.1042501166702,-0.1502686646816,-0.0080405265152,-0.1060072370429,0.0334432028848,-0.1374631516521,-0.0544532836157,0.0549545568275,0.0352138694674,-0.2383637409091,0.2597898310633,0.0050644973089,-0.1283743704281,1.0000000000000,0.1365907487193,0.1863619572980,-0.2544360018235,-0.1054184668337,-0.0406904947647,-0.0779003761449,-0.1426419270899,0.6127835130288,0.3418738056475,-0.2917100074429,0.2718549681590,-0.0693405536966,-0.0920647256898,-0.0003361049560,-0.0452731325918,0.1936963697246,-0.0869423758893,0.5162374452892,-0.2025507251278,-0.1650285857500,0.0129294128517,-0.2958477487597,-0.1887112918951,-0.0124424666015,-0.1084166693890,0.0374220702763,-0.1408243889982,-0.1269676694158,-0.2264871067606,-0.0172727001982,-0.2230891298418,-0.0498468976603,-0.0769722244791,0.0878278924249,0.6898541894362,0.0828917814260,0.0804989224732
0.3906969408964,0.3567059267334,0.0171096789488,0.1376724711976,0.1746087252871,0.1013044596562,-0.0536862812496,0.0286106068286,0.0728492200366,-0.0261151551214,0.3193029522137,0.0657536365896,0.1439973552366,-0.0488270387944,0.2753261642697,0.2390069521138,0.0779958285993,0.2749477869404,0.0048654124269,0.0331881422661,0.3452021840457,0.2035222363831,0.0559823614233,0.3323674491142,-0.1327885022268,0.0747241564198,0.2251398790434,0.1236997615239,-0.0273634254730,0.4169580387519,-0.0590749085823,0.0081258766699,0.1365907487193,1.0000000000000,0.7028274814434,0.2807034278004,0.0598753655954,0.0946701458541,0.1701378579360,0.1097639919362,-0.1151465061126,-0.1400164974742,-0.1860864832193,-0.1297192296066,0.0070636149686,0.0444467953352,-0.1276002656073,0.1046927604983,-0.0864572185269,-0.2805864641926,-0.0162224914589,0.2612815928183,0.2250629107716,-0.1071419817158,0.0578286036466,0.3137523733665,0.1862215614350,0.1455064814227,0.2402867804165,-0.0291082913876,0.0213876340649,-0.0562445414966,0.0902002559085,-0.0874389773637,0.0764042081724,-0.0475537380281,-0.0882060790002,-0.0159587750323,0.6193783596372,0.4997816532083
