1.0000000000000,-0.0077262331395,0.1449861867590,0.1204915673213,-0.1298301780593,-0.0735271777434,-0.0529179323582,0.4092597956993,-0.0048000198481,0.1658618079532,-0.1576962496798,0.0255221238413,-0.1448614664452,-0.1088640508898,0.6274803578823,-0.1480909274554,-0.1605886732851,0.4239672840491,0.4838871537968,0.1810979555446,-0.0378089486565,-0.0504779502085,0.0517096742201,0.0654589795051,0.0756650395990,0.0760928837379,0.0613031930317,0.0673907637418,-0.0771502931982,0.2724258371638,0.3852051131813,0.0060150978346,-0.0707509000195,0.1387749717140,0.1567846568562,0.6948178334288,-0.0652120130129,-0.1119405557940,0.1726872669200,-0.2176971999316,-0.0895986010566,-0.0708102889938,0.3196541719910,-0.0737138170769,0.1035887049087,-0.1168125587576,-0.1671595233055,-0.1871355485392,-0.2136435995242,0.2529645113709,-0.1202561072012,-0.1113888172155,0.3091916413913,0.1572456074117,0.2079993398037,-0.0251094306965,-0.0822222806621,-0.0260136525029,-0.1452756320628,-0.0078759772158,0.0077312500173,0.0201775080979,-0.0001076060838,-0.2015666579095,0.0101887870573,0.0708136631620,-0.0060847783692,-0.0542598089429,-0.0463750512694,0.0156006451647
-0.0077262331395,1.0000000000000,-0.0499069201310,0.4136300016736,0.1628188615019,-0.3009407852181,-0.2406728669310,-0.0947744601822,-0.3488683186164,0.2772364626331,-0.2059755783701,-0.2557303608692,0.0028468269828,-0.2409046413563,-0.2774817497896,-0.2149612877214,0.1945199044857,0.2779177214281,-0.0963609501999,0.1385977713912,0.0208202207444,0.3423032925574,0.5204210615760,0.2983514804904,0.2633287411419,0.4680157187542,0.2678118325696,0.2808593549458,0.0547351795728,0.1376668643991,0.3621237302814,0.0649133742555,-0.2750569530209,0.3807187439862,0.5078940595762,0.1261526908080,0.7944586366274,-0.1671653314525,0.3257953199621,0.1817142903794,-0.2364754379437,-0.2663994301011,-0.0404393610072,-0.3349588189163,0.2263719996334,-0.2394217672014,-0.2995508734733,0.0196962190056,-0.2154699492674,-0.3409167920013,-0.2857563195678,0.2724833832565,0.3000454912058,-0.3141438541060,0.0500965958874,0.0896359014019,0.3389449271835,0.5180577702353,0.3215424415383,0.3369897541099,0.3237680672204,0.1781848990862,0.2742363036075,0.0401450692499,0.0831661634282,0.4902088310177,-0.1569710500209,-0.2338004965283,0.4910520176887,0.4661134407673
0.1449861867590,-0.0499069201310,1.0000000000000,-0.0621703846092,-0.0563449828986,-0.3277715670729,-0.2597222738258,0.1796681986266,-0.2062271273987,0.0494625425120,-0.0897816198769,0.1553908012457,-0.2132029915639,0.1378815717630,0.0392291475346,-0.3133755129096,0.1345801544987,0.3616503533201,0.2950832299193,0.0627801792506,-0.0564011621532,0.0664628040255,0.0661891552597,0.5073049572145,0.0168376415397,-0.0755629165831,0.5635186100906,0.7246784211671,0.0549182887109,0.0333245282590,0.1003517471741,-0.0493585249054,-0.1678444163412,-0.0596022301767,-0.0677365214203,-0.0676564300058,-0.0542033194612,0.7136204443196,-0.1124042135214,-0.1250316771526,-0.3105568164407,-0.2737547253658,0.0174300769942,-0.1628527471682,-0.1351213581532,-0.1047168956520,0.0481234406100,-0.1935166809511,0.0812717027692,-0.1126361948399,-0.2038562084961,0.1775594419259,0.0729123214755,0.1898204799609,0.0407125319656,-0.0258381036853,0.0868401426516,-0.0182706094809,0.3334989260336,-0.1618625688507,0.0113285287749,0.2575834655947,0.6397763628722,0.0538641955743,-0.1178575995074,-0.2163653357392,0.0809382202635,-0.1629384293309,-0.1803428192118,-0.2105504253799
0.1204915673213,0.4136300016736,-0.0621703846092,1.0000000000000,0.0762905179400,-0.2750864027803,-0.1965006402607,0.0028703871570,-0.3378469058915,0.3555502433902,-0.3491220189546,-0.0809187628478,-0.0387259478043,-0.0477114075855,-0.1071975704500,-0.0885891908302,0.0033434266498,0.2622000942507,-0.1099843621059,0.2538988113707,-0.0378184832400,0.0845544813977,0.4844960074825,0.1416241183180,0.2179669702480,0.4833006814159,0.2619657937316,0.1688112687227,0.0025795023582,-0.0348004601374,0.2199883612821,0.2106434148631,-0.3285289098882,0.1941647719845,0.2616999472378,0.1546645131592,0.5070860880487,-0.2353912576457,0.7744896356720,-0.0200190426032,-0.2672295271473,-0.3463214253698,-0.0235200795716,-0.3630071494858,0.3862061971818,-0.3905166670617,-0.1993740963985,-0.1306918080990,-0.1799146944158,-0.2749708950354,-0.1599668032424,0.0341645060308,0.3597253938297,-0.1045702273833,0.2834702030307,0.0349024063930,0.1330611011060,0.4739827811608,0.1607191456877,0.2461512290536,0.5041651433293,0.2804602176705,0.2511960041646,-0.0117419581498,-0.0942464271597,0.1848479228654,0.1008832927009,-0.2389691978984,0.0654641327943,0.3090814558703
-0.1298301780593,0.1628188615019,-0.0563449828986,0.0762905179400,1.0000000000000,-0.2397677896489,-0.0162681708498,0.0143541811634,-0.2714761345534,0.5518624269917,0.4580690208964,-0.0474861176934,0.7107103654360,0.0446442407204,-0.2178953753977,0.1457520634253,0.3693760774878,0.0872023142807,-0.1079048460215,0.2319719316422,0.7562986301343,0.3720700586057,0.2316028531018,0.2485044418092,0.5402403140444,0.0514354302126,0.0779928463863,0.1397511712533,0.4488224592330,0.2509583166702,0.0059741024081,0.1192656880451,-0.3060705297314,0.4249686903803,0.1532438913936,-0.1210794208238,0.2318350597342,-0.2034883666809,0.1198240235864,0.9244864227782,-0.2282708935509,-0.1172373567369,-0.2070077703303,-0.2866500150294,0.4623280569852,0.3311596944465,0.0026823441499,0.6971437780275,0.0762219521930,-0.3065961020138,0.0119930752525,0.3209234758067,-0.0125979664810,-0.1886643538601,0.1164740689939,0.7998026157823,0.2947744930224,0.3544723346629,0.2903556046931,0.5404411356407,0.0889325724821,0.0429337350211,0.0724045442429,0.3925478604457,0.1080146343779,-0.0400944270450,-0.0572388612315,-0.1971869228691,0.3195876091543,0.1835924379475
-0.0735271777434,-0.3009407852181,-0.3277715670729,-0.2750864027803,-0.2397677896489,1.0000000000000,0.4985224382314,-0.1026683350304,0.7260510679511,-0.3322669459383,0.2443061829990,0.1484419754003,0.0150027829943,0.0577984066780,0.2122366874355,0.4543266290738,-0.1606542858063,-0.4506834045304,-0.2052420371553,-0.3559928251708,-0.1875404417329,-0.1904335349304,-0.2713140697155,-0.4141336869232,-0.2625190600497,-0.3860938211763,-0.4991003583209,-0.5232250525349,-0.1802617980181,-0.0065881033084,-0.2641681104939,-0.2260227228234,0.7702008898988,-0.0597129587946,-0.1631707290787,-0.0790696056459,-0.3703876630756,-0.0934203785574,-0.2947713951389,-0.1485083219146,0.8891845945566,0.6838952183193,-0.0216158564457,0.7495304356450,-0.1597813296910,0.3785811535833,0.3175699531718,0.0109121172246,0.1859458893994,0.5567560621167,0.5655822610231,-0.1722314915651,-0.4096612709587,-0.0179008738004,-0.3550846923743,-0.2338162429442,-0.1860553692617,-0.3066532720517,-0.3470178653912,-0.2449180429402,-0.3522419707881,-0.5066904667666,-0.5297044499304,-0.1810587873257,0.1708638364319,-0.1358155397621,-0.1272347281205,0.6841537650523,-0.0516249936019,-0.0717513925055
-0.0529179323582,-0.2406728669310,-0.2597222738258,-0.1965006402607,-0.0162681708498,0.4985224382314,1.0000000000000,-0.1149412954957,0.7663068644509,-0.1878290601189,0.5547241838608,0.2107175235743,0.4686754641638,0.0942630623027,0.4012585686090,0.6704601896552,-0.2177121011255,-0.3783608249410,0.1431308462384,-0.0280563682900,0.2390528133432,-0.4312100510697,-0.3628837391127,-0.4769829655669,-0.1262378267873,-0.0608119023809,-0.4484554013963,-0.5293881156347,-0.0195016701507,0.0506101875000,-0.3391844733586,-0.0553362615105,0.4996768770277,-0.1451497775008,-0.0715399157718,0.0307603932636,-0.1939044824564,-0.0557687820029,0.0409503719272,0.0502097873991,0.3333593080844,0.8227194682349,-0.1302842626076,0.6573888521709,-0.0759542048048,0.4936083916330,0.1282081293553,0.4757405985207,0.0151443166505,0.4612560789716,0.6369038198162,-0.3262058967085,-0.3302622436619,0.2880123202007,-0.0897987357187,0.1701345335744,-0.4352464413309,-0.3729135121610,-0.4420312848929,-0.1196518849908,-0.0366016369429,-0.2830256134635,-0.4852929091167,-0.0913218977037,0.1391938128904,-0.2931651117519,0.1898210724347,0.2944884881199,-0.0819747667082,0.0089615644694
0.4092597956993,-0.0947744601822,0.1796681986266,0.0028703871570,0.0143541811634,-0.1026683350304,-0.1149412954957,1.0000000000000,-0.0817303582116,0.3100804648234,0.1860573528423,-0.1310382621091,-0.1134286980199,-0.1153085461252,0.2325538933167,-0.1324369835510,0.0800931592545,0.2899133081095,0.0580765894485,0.0464163702242,0.0510987532624,0.0936235408955,0.1182824525803,0.1298685066084,0.4727500345904,-0.0370261871720,0.0917632113305,0.0846153366417,0.4667504123673,-0.0896962594406,0.4009514254786,-0.0957622745718,-0.1185297192182,-0.0771242059266,-0.1278075043748,0.2155223289517,-0.0333422045627,0.0181780633027,-0.0888028112722,-0.0583080963843,-0.0349901267621,-0.1954998101172,0.7475870394640,-0.1517827283411,0.1077406979948,0.2650755881932,-0.0531281521741,-0.1501667884780,-0.0938771963645,0.1266811622660,-0.2375539144408,0.1035161231908,0.2258534211470,-0.1047376147330,0.1444655733491,0.0414179505976,-0.0510884291514,-0.0052666370534,-0.0649735501867,0.2834216208055,-0.1395639473705,0.1005346673192,0.0583405546618,0.5185946920625,-0.3155289202033,0.1005753007494,-0.3206010068994,0.0187256921045,-0.1186184998168,-0.1536696314545
-0.0048000198481,-0.3488683186164,-0.2062271273987,-0.3378469058915,-0.2714761345534,0.7260510679511,0.7663068644509,-0.0817303582116,1.0000000000000,-0.4350548854090,0.3857504650316,0.3356162494527,0.0432077591750,0.0754839472746,0.4652370305632,0.4573485252970,-0.2068899653527,-0.4334728016244,0.1787475370982,-0.1505840564655,-0.0926959360183,-0.3931560062272,-0.4735286917497,-0.4622201470796,-0.3285269648186,-0.1453077373537,-0.4585101775096,-0.5436299412192,-0.1251342431755,0.0211487985175,-0.3268263430240,-0.1510209271525,0.6913479644674,-0.1937462629369,-0.1267565620583,-0.0264620188151,-0.3379868214219,0.0155651158456,-0.1770757493663,-0.1868876690909,0.5608407453241,0.8514669877245,-0.0741127287965,0.8842678319870,-0.3370726394449,0.3920994804909,0.2154756557652,0.0561516916975,0.0556321900499,0.5532666540738,0.5835708200131,-0.2937309370877,-0.4541772339271,0.2266111484217,-0.2141159956773,-0.1685386997997,-0.4154522168282,-0.4901660022253,-0.4709539784042,-0.3623537871722,-0.2176080444171,-0.4008688705818,-0.5476563006380,-0.1817892154636,0.1009923592255,-0.2907532992206,0.0255225348816,0.4581996303304,-0.1981559265098,-0.0636274565844
0.1658618079532,0.2772364626331,0.0494625425120,0.3555502433902,0.5518624269917,-0.3322669459383,-0.1878290601189,0.3100804648234,-0.4350548854090,1.0000000000000,0.1183975797805,-0.2019519324225,0.3606057581719,-0.0275858461687,-0.0780664097744,-0.0023528821099,0.2879219001606,0.3690539365464,-0.0760806010428,0.1802696419235,0.4456672383330,0.3396031707553,0.4752458225284,0.3545592654649,0.7234866083010,0.1580018816132,0.1237628063300,0.2625703145550,0.3969100567104,0.1766166761054,0.3688690152327,0.0709655348693,-0.3449834233431,0.2745193952442,0.1849285280539,0.1733283231283,0.3039062635670,-0.1658745955732,0.2875587464646,0.4617369821022,-0.2501752125748,-0.2866193362454,0.1641119403515,-0.4267534592741,0.7298278784420,0.1080021004671,-0.1858452464869,0.3338474491228,-0.1333771832555,-0.2367316172957,-0.1645375022149,0.2900031963867,0.2943432585524,-0.2088601075241,0.1883319893020,0.5249271298026,0.2629489412799,0.4726814408988,0.3060460533474,0.6809950312829,0.1408069118862,0.1189403143545,0.2654982119348,0.3499751864411,-0.0481753543077,0.2250039391103,-0.2092515055553,-0.1396210857610,0.2498644934207,0.1749495328185
-0.1576962496798,-0.2059755783701,-0.0897816198769,-0.3491220189546,0.4580690208964,0.2443061829990,0.5547241838608,0.1860573528423,0.3857504650316,0.1183975797805,1.0000000000000,0.1510215853708,0.6332318999764,0.0853694830794,0.1465618433318,0.3853969123252,0.1140328731452,-0.0807616160774,0.0316345692115,0.1071700364583,0.6190027278732,0.0192445448067,-0.2197018653951,-0.0427779964411,0.2162403232368,-0.2266812058002,-0.2188994013546,-0.2134896342973,0.4956975873465,0.0621646681252,-0.1259572326350,-0.1592168019894,0.1648860572573,0.0254486287792,-0.0353355279149,-0.1570151026353,-0.1832079518629,-0.0668604352863,-0.1920697169282,0.4671043396778,0.1547269757342,0.4534050726940,-0.0626107846020,0.3158448429552,0.0451630794755,0.8922872925479,0.2043968770431,0.6267284744166,0.1406644904569,0.1609763263925,0.3585613305166,0.0099920104744,-0.2221973926610,0.0933726101220,0.0220927469732,0.5251249694358,-0.1262385144981,-0.1521693322228,-0.0736174920090,0.1298861066957,-0.2073199301084,-0.1599735550089,-0.2945723334496,0.4193624308472,-0.0022564408717,-0.2377315717273,-0.1339092893301,0.1382852386656,0.0038642444952,-0.0105629556404
0.0255221238413,-0.2557303608692,0.1553908012457,-0.0809187628478,-0.0474861176934,0.1484419754003,0.2107175235743,-0.1310382621091,0.3356162494527,-0.2019519324225,0.1510215853708,1.0000000000000,0.0058122605808,0.7277175288685,0.3492080163259,0.2185892258847,-0.0170979099672,-0.1240715934531,0.4395554732688,0.0683857474066,-0.0126510208297,-0.1131177389338,-0.2832948794644,0.0429724294671,-0.2710622854776,0.0254938507087,0.0190094276289,0.0104021997938,-0.0896419829097,0.1122843511251,-0.2242644517758,0.0671972630935,0.1420719381945,-0.0617272328463,0.0656313833775,-0.0352762322749,-0.2194085444538,0.0583442764850,-0.0174867875775,-0.0685385855712,0.0587974917395,0.2300302649862,-0.2282208577351,0.3096450996352,-0.1618811979593,0.1062251428276,0.6712851822015,-0.0560220411168,0.6197658730914,0.2970423973565,0.3913249270936,-0.0452916136594,-0.2812635633556,0.5535539413827,0.0816991987981,0.0069902980944,-0.0746386064778,-0.1708828514191,0.0505528255141,-0.3215124126904,0.0745753780510,-0.0551159426083,-0.0526122655852,-0.0922188808961,0.1852056697303,-0.2714065345130,0.3821162069394,0.1320578903224,-0.3107028005282,0.1589521768414
-0.1448614664452,0.0028468269828,-0.2132029915639,-0.0387259478043,0.7107103654360,0.0150027829943,0.4686754641638,-0.1134286980199,0.0432077591750,0.3606057581719,0.6332318999764,0.0058122605808,1.0000000000000,0.1151258518791,0.0191282844478,0.5645213862873,0.1135626987965,-0.0687628427278,-0.0476756603023,0.2286785178977,0.8251024265518,0.0609750069353,0.0277455551647,-0.0504624694683,0.2974828403642,-0.0226015230134,-0.1157980378221,-0.1612547866499,0.3005127383802,0.2335643783482,-0.1435761553035,0.1041239937075,-0.0236321937239,0.2419429087839,0.1379383496545,-0.0763920615158,0.0719056490728,-0.2135502836585,0.0994164488677,0.6709260441784,-0.0668260383088,0.2235611168624,-0.2480396611526,-0.0379386794191,0.3898770673250,0.4974360702415,0.0563286916180,0.9457442121809,0.0854818809412,-0.0291714906479,0.3832290672643,0.0335489053079,-0.0926111946017,0.0476327035305,0.1172567028179,0.7932383254384,0.0140060057752,0.0847933297430,0.0194331990105,0.3506916182988,0.0976800554843,-0.0228740443969,-0.1749369271417,0.2329308335298,0.2314687798905,-0.1241584064070,0.1198394063652,-0.0700022214966,0.2832059027781,0.1709789113077
-0.1088640508898,-0.2409046413563,0.1378815717630,-0.0477114075855,0.0446442407204,0.0577984066780,0.0942630623027,-0.1153085461252,0.0754839472746,-0.0275858461687,0.0853694830794,0.7277175288685,0.1151258518791,1.0000000000000,0.1410712486741,0.3396597048865,0.0181185424836,-0.1051401376313,0.1915846236994,0.0578202178745,0.0115038760831,-0.0528246861946,-0.2060455499780,0.0315912519090,-0.1792790616887,0.0393970517738,0.0261502543046,0.0443077376982,-0.0949527485977,0.1231475870294,-0.3145556004048,0.3769165865195,0.0528886068606,-0.0333655334743,0.0323509071206,-0.1246938480308,-0.1974105512148,0.0953095740469,-0.1119046550122,0.0118802516616,0.0927455724848,0.0531185668988,-0.1451986702416,0.0875342394374,0.0742964381961,0.1179512577591,0.6660151297418,0.0808202691039,0.6780053319440,0.2271637933725,0.3788077921006,0.0033143647548,-0.1873373977170,0.3851321365601,0.1424662049171,0.0388717129192,-0.0071176913358,-0.1235023613164,0.1104118164507,-0.2050895447721,0.1762693410821,-0.0464316210042,0.0198241701061,-0.0245957979177,0.2619219900632,-0.2729963818437,0.4256292519458,0.1725973932813,-0.1502858076072,0.1421187155566
0.6274803578823,-0.2774817497896,0.0392291475346,-0.1071975704500,-0.2178953753977,0.2122366874355,0.4012585686090,0.2325538933167,0.4652370305632,-0.0780664097744,0.1465618433318,0.3492080163259,0.0191282844478,0.1410712486741,1.0000000000000,0.1550064189045,-0.2139607852422,0.1045077710323,0.6526495607304,0.2478527944160,-0.0346319900196,-0.2936660510837,-0.2263133680023,-0.1842707873830,-0.1180700975980,0.0742459140755,-0.1132242357676,-0.2250370426855,-0.0553043579356,0.4257952691525,0.1257197270835,0.0509530607585,0.2654611687063,0.0249268325031,0.1613673142216,0.4975134028501,-0.2228214810228,-0.0545226850868,0.0994004564313,-0.2135559566649,0.1135102463220,0.3849782021638,0.1270958601187,0.3746118748656,-0.0674528031759,0.1259175732812,0.0933714569589,-0.0075484086489,-0.0215822287311,0.6068868797997,0.3233798461227,-0.2762306211032,0.0157866098102,0.4916469355552,0.2335255706530,-0.0338632425206,-0.3269257544858,-0.2828086371473,-0.3308514724213,-0.2142860702395,0.1010331005111,-0.0117226696068,-0.2765962835140,-0.2099301143584,0.3181289974574,-0.1534640750813,0.1843431434532,0.1461462901887,-0.1135321723244,0.1384516021899
-0.1480909274554,-0.2149612877214,-0.3133755129096,-0.0885891908302,0.1457520634253,0.4543266290738,0.6704601896552,-0.1324369835510,0.4573485252970,-0.0023528821099,0.3853969123252,0.2185892258847,0.5645213862873,0.3396597048865,0.1550064189045,1.0000000000000,-0.1449061504698,-0.3795288207537,-0.1289534406887,-0.0760652101062,0.2828090916036,-0.2963077160343,-0.2346246771203,-0.3866288917828,-0.0893195614764,-0.0773596983754,-0.3961659757085,-0.4586659363897,-0.0892032231452,0.0342655665634,-0.4135816057860,0.1112597271854,0.3161848853495,-0.0340815783791,-0.0545047351682,-0.0430666961508,-0.1617724140528,-0.1334226108426,-0.0098445189414,0.1574139737921,0.3599927812428,0.5070269008779,-0.1189910044091,0.3475899230818,0.1869944563813,0.3946985338657,0.2435248375937,0.5308149054343,0.2043473852268,0.3556757204480,0.7165698621501,-0.2059129146922,-0.3008821786736,0.1471908132776,-0.0497193934970,0.2462177329285,-0.2807454834594,-0.2278727869396,-0.2797669171144,-0.0022550509668,-0.0087802280991,-0.3148086521665,-0.3705717803204,-0.0554187363191,0.1663712360570,-0.2992510709009,0.2229528999169,0.2455708835481,-0.0187293391261,0.0873804124347
-0.1605886732851,0.1945199044857,0.1345801544987,0.0033434266498,0.3693760774878,-0.1606542858063,-0.2177121011255,0.0800931592545,-0.2068899653527,0.2879219001606,0.1140328731452,-0.0170979099672,0.1135626987965,0.0181185424836,-0.2139607852422,-0.1449061504698,1.0000000000000,0.0731936418180,-0.0745714879605,0.0541999080376,0.1612555525904,0.7052495569301,0.3634952186945,0.6525033303438,0.3581338847108,0.0686595769506,0.0044385353208,0.3328503326407,0.4930877637969,0.1222672426639,0.2036230153771,-0.0755153304413,-0.0877906001517,0.2265200708555,0.1581694542720,-0.2670117281691,0.2563912610220,0.0115800576136,0.0018835760370,0.4245132199909,-0.1562006227516,-0.1562563174410,-0.1270069836535,-0.1728744263982,0.1435466567547,0.1055304099648,0.0631107273710,0.1342289985792,0.1040136590661,-0.2870963218721,-0.1583159500877,0.9160674715627,-0.0232302617318,-0.1061340455422,0.0248391526046,0.2895462333530,0.6308014236064,0.5238568596786,0.6699019572473,0.3776285932362,0.0653005976086,-0.0285835314774,0.2610961867970,0.4483555471380,0.0935735423517,0.2246111252362,-0.2750500837053,-0.0233806168050,0.3302488277218,0.2091360488277
0.4239672840491,0.2779177214281,0.3616503533201,0.2622000942507,0.0872023142807,-0.4506834045304,-0.3783608249410,0.2899133081095,-0.4334728016244,0.3690539365464,-0.0807616160774,-0.1240715934531,-0.0687628427278,-0.1051401376313,0.1045077710323,-0.3795288207537,0.0731936418180,1.0000000000000,0.2643565126112,0.6399268158860,0.0813511853324,0.3106820791036,0.2664675666081,0.4970300599843,0.2327754727562,0.1604672060931,0.6144487282397,0.4849859791140,0.2591288976709,0.2188611185533,0.5582979056915,0.1287245786529,-0.3904051224683,0.2539857257057,0.4000058349720,0.3061129819565,0.2228932914276,0.0169396340610,0.1841781448049,-0.0077925233430,-0.4113776747788,-0.4396157698281,0.1300611616925,-0.4686741268790,0.1986083211626,-0.1369077316458,-0.1905932966197,-0.0950776855165,-0.1858986488748,-0.2626749590517,-0.3488358796962,0.1125357652370,0.7448706732038,-0.0140389708447,0.4965903001861,0.0825517341487,0.2166017665020,0.2768997960058,0.2751087532454,0.1419001081175,0.0944176318030,0.5046365635467,0.3734507562230,0.1284630243270,-0.0237949967062,0.2708242734897,-0.1943108449620,-0.2671166084859,0.1440555034408,0.0988158387333
0.4838871537968,-0.0963609501999,0.2950832299193,-0.1099843621059,-0.1079048460215,-0.2052420371553,0.1431308462384,0.0580765894485,0.1787475370982,-0.0760806010428,0.0316345692115,0.4395554732688,-0.0476756603023,0.1915846236994,0.6526495607304,-0.1289534406887,-0.0745714879605,0.2643565126112,1.0000000000000,0.3385986844642,0.0407669728115,-0.1207368496743,-0.1867982883197,0.0911121508671,-0.1577157074166,0.2528562890470,0.1882432402496,0.1013503145960,-0.0498559154987,0.2960808285404,0.0796027035648,0.0940236481681,-0.0399976140670,-0.0244939501686,0.2287369633904,0.3376415598211,-0.0651019373317,0.1137049987754,0.0743915838825,-0.1333567011457,-0.2921450618344,0.0983948114485,-0.0075926822552,0.1024840378851,-0.1488037471299,-0.0306564208394,-0.0136971553708,-0.0611518971591,-0.0628665681844,0.2817721232227,0.0358733932282,-0.1075229204077,0.0937137191138,0.5902313581953,0.2916238895453,0.0318390665015,-0.1422492423680,-0.2072935033320,-0.0726905809555,-0.2464279084555,0.1861532002505,0.1728050710619,0.0162442154552,-0.1759066367116,0.2009342933737,-0.1530326802904,0.2537004788578,-0.1673613761911,-0.1497497333818,0.1393707260004
0.1810979555446,0.1385977713912,0.0627801792506,0.2538988113707,0.2319719316422,-0.3559928251708,-0.0280563682900,0.0464163702242,-0.1505840564655,0.1802696419235,0.1071700364583,0.0683857474066,0.2286785178977,0.0578202178745,0.2478527944160,-0.0760652101062,0.0541999080376,0.6399268158860,0.3385986844642,1.0000000000000,0.2313917844738,0.1460623874877,0.0701908960952,0.2108452777379,0.1309016387085,0.3916960887967,0.4034104106317,0.0969838519709,0.2660722385169,0.3585133782562,0.3299812965003,0.3576879265349,-0.3199402110434,0.3292563886905,0.5228970876542,0.1897824310305,0.2014148888050,-0.1266900932132,0.3456327442326,0.1823166131870,-0.4248869694079,-0.1818311885413,-0.1056448182267,-0.2479841110527,0.1674340669155,-0.0319152060623,-0.0884900405443,0.1989708752680,-0.0827985634851,-0.1367550799538,-0.0586933639443,-0.0112195457055,0.4908127239585,0.1891347904873,0.6975708102128,0.2296823510198,0.0461843751515,0.1622983551345,0.1034426447459,0.0809847493711,0.3764140772376,0.5155949884570,0.0031651148853,0.0989433761302,0.2617861118507,0.1359982219426,0.1552716397698,-0.3304746793898,0.2158538885581,0.3718140072252
-0.0378089486565,0.0208202207444,-0.0564011621532,-0.0378184832400,0.7562986301343,-0.1875404417329,0.2390528133432,0.0510987532624,-0.0926959360183,0.4456672383330,0.6190027278732,-0.0126510208297,0.8251024265518,0.0115038760831,-0.0346319900196,0.2828090916036,0.1612555525904,0.0813511853324,0.0407669728115,0.2313917844738,1.0000000000000,0.1327987232582,0.0414353645690,0.1035239422800,0.4091339141088,0.0079730811836,0.0023268082620,0.0142580795879,0.3668722584403,0.1769509579445,-0.0323072545476,0.0335236632806,-0.1539642880623,0.2517911683929,0.1178472748195,-0.0120295072676,0.0978989343975,-0.1363142438242,0.1186712614957,0.6279970010561,-0.2762506369121,0.0324643133905,-0.1628404065377,-0.1777739338275,0.3776111175293,0.4671976402969,-0.0889555206817,0.7877393875294,-0.0468841251130,-0.1630736181711,0.1279046955121,0.0863581432627,-0.0006016861273,-0.0123325179152,0.1652923581450,0.8983797893677,0.0576521141014,0.1298805359097,0.0810790758120,0.4043073195770,0.0658363026722,0.0490166835933,-0.0163529105793,0.3153587595012,0.0584826368017,-0.1070547726659,0.0304751088553,-0.2105223657463,0.2283514587732,0.1014037895041
-0.0504779502085,0.3423032925574,0.0664628040255,0.0845544813977,0.3720700586057,-0.1904335349304,-0.4312100510697,0.0936235408955,-0.3931560062272,0.3396031707553,0.0192445448067,-0.1131177389338,0.0609750069353,-0.0528246861946,-0.2936660510837,-0.2963077160343,0.7052495569301,0.3106820791036,-0.1207368496743,0.1460623874877,0.1327987232582,1.0000000000000,0.4533807865134,0.7661240577040,0.3529940935748,0.0031205022965,0.1085133812642,0.3271043585332,0.4649184037115,0.1992091170283,0.4661161315007,-0.0490160394958,-0.1717022248117,0.3921256501296,0.3325524096484,-0.2062500891899,0.2407691933368,-0.1812410228340,-0.0597852941421,0.4084083365646,-0.1420811968699,-0.3579351272913,-0.0635370778413,-0.3530681628717,0.2160457077503,0.0350412570745,0.0436701671353,0.0871201726319,0.1205763688823,-0.3808404807317,-0.3105604945338,0.7390252284059,0.1119860487083,-0.3383099860942,-0.0006484518181,0.2664715422592,0.8842309812302,0.5452477132038,0.7129050350297,0.3666730580547,-0.0548092383249,-0.0507676169203,0.1915453082816,0.4066184798216,0.1149824493226,0.4440965217216,-0.3458445170912,-0.0504582488355,0.4717975015915,0.2255762997081
0.0517096742201,0.5204210615760,0.0661891552597,0.4844960074825,0.2316028531018,-0.2713140697155,-0.3628837391127,0.1182824525803,-0.4735286917497,0.4752458225284,-0.2197018653951,-0.2832948794644,0.0277455551647,-0.2060455499780,-0.2263133680023,-0.2346246771203,0.3634952186945,0.2664675666081,-0.1867982883197,0.0701908960952,0.0414353645690,0.4533807865134,1.0000000000000,0.4708542257076,0.4354995659734,0.1853174012223,0.2067742196785,0.4131109839181,0.3410678589300,0.0579826100751,0.5247154511673,-0.0912834266876,-0.2623300541268,0.2482360309227,0.1835247204168,0.0442372759795,0.4979748407443,-0.1851174627575,0.3360011275779,0.2178162860628,-0.2192005808838,-0.4018927956026,0.0637656220847,-0.4615449038356,0.3662116889714,-0.2017160375839,-0.1570163105273,0.0028423206348,-0.1192449052017,-0.3440670297279,-0.3078644284981,0.4594823361618,0.3148707579426,-0.2422462588856,0.0670365517516,0.1565152337108,0.4621822173837,0.8462876015083,0.4958414268570,0.5064466303723,0.1929954062009,0.1442362409174,0.4132687630344,0.3056434688229,-0.0025661097412,0.4435180513337,-0.2182657207148,-0.1347119735114,0.2869588734824,0.2107881263944
0.0654589795051,0.2983514804904,0.5073049572145,0.1416241183180,0.2485044418092,-0.4141336869232,-0.4769829655669,0.1298685066084,-0.4622201470796,0.3545592654649,-0.0427779964411,0.0429724294671,-0.0504624694683,0.0315912519090,-0.1842707873830,-0.3866288917828,0.6525033303438,0.4970300599843,0.0911121508671,0.2108452777379,0.1035239422800,0.7661240577040,0.4708542257076,1.0000000000000,0.2479916941516,0.0565414697740,0.3624646806217,0.6834355413214,0.4395511071409,0.1180948544760,0.4799504061400,-0.0481151875896,-0.3458829772186,0.2284368935917,0.2185825069422,-0.1686707414937,0.2717746556288,0.1036368805196,0.0413828299644,0.2177604084779,-0.4003726667359,-0.4711609370789,-0.1461598964298,-0.4422945020840,0.1230046166872,-0.0768495208652,0.0079495975350,-0.0518531829432,0.0806515868669,-0.4460457970192,-0.3492412891859,0.6913538673608,0.2045571897254,-0.1075546910355,0.1033612313544,0.2457767255308,0.6878215262970,0.5394295215121,0.8509035015259,0.2004717516936,0.0661265351525,0.1225690302046,0.5693689880355,0.3741663988370,-0.0565572107258,0.2535519119571,-0.2088681736103,-0.2162297756548,0.1796155143643,0.0982904643019
0.0756650395990,0.2633287411419,0.0168376415397,0.2179669702480,0.5402403140444,-0.2625190600497,-0.1262378267873,0.4727500345904,-0.3285269648186,0.7234866083010,0.2162403232368,-0.2710622854776,0.2974828403642,-0.1792790616887,-0.1180700975980,-0.0893195614764,0.3581338847108,0.2327754727562,-0.1577157074166,0.1309016387085,0.4091339141088,0.3529940935748,0.4354995659734,0.2479916941516,1.0000000000000,0.1696507462790,0.0506262935775,0.1835658623381,0.6108578035418,0.0902088354617,0.3642016998047,-0.0001533884780,-0.2243776631826,0.1879366056290,0.1484503537081,0.1594767643155,0.3224330027198,-0.1215582526071,0.2224653168160,0.4838237407704,-0.2029411548503,-0.1862708538349,0.3206523181861,-0.3347544025017,0.5784926919000,0.1979370224265,-0.1883251526754,0.2870829478778,-0.1538301541824,-0.2038846388394,-0.2039383407380,0.3541140651911,0.2458545309026,-0.2716044346138,0.1421421724443,0.4442681807970,0.2488413537122,0.4242441450002,0.2059641332539,0.8554043323691,0.1197601318012,0.1391817654521,0.1861959176542,0.5447146708824,-0.0962415843100,0.2345446042104,-0.2445738475537,-0.1106765812286,0.2802169908957,0.1466351850013
0.0760928837379,0.4680157187542,-0.0755629165831,0.4833006814159,0.0514354302126,-0.3860938211763,-0.0608119023809,-0.0370261871720,-0.1453077373537,0.1580018816132,-0.2266812058002,0.0254938507087,-0.0226015230134,0.0393970517738,0.0742459140755,-0.0773596983754,0.0686595769506,0.1604672060931,0.2528562890470,0.3916960887967,0.0079730811836,0.0031205022965,0.1853174012223,0.0565414697740,0.1696507462790,1.0000000000000,0.2584469934052,0.1285306911878,-0.0074151296799,0.0840141253298,0.0726565199006,0.4586826369031,-0.3323750396782,0.1431710166497,0.4454996112183,0.1598892009567,0.5886577210322,-0.2147031964766,0.5548293515814,0.0111323023074,-0.4043334364825,-0.1740989399722,-0.0382138352366,-0.2184508970679,0.1722137713567,-0.2798356930837,-0.3290398571539,-0.0695809246478,-0.3023521055626,-0.1789732552185,-0.1476219721726,0.0607627448726,0.2213019764777,0.0570275629581,0.3867550472442,0.0513439937964,-0.0117755668750,0.2326126940823,0.0639615423581,0.1495893725509,0.7607980679546,0.3489290591942,0.1555793310926,-0.0549934635028,0.0256545714224,0.0839243936078,0.1926342515036,-0.3592104337704,0.1136619635294,0.5660911297729
0.0613031930317,0.2678118325696,0.5635186100906,0.2619657937316,0.0779928463863,-0.4991003583209,-0.4484554013963,0.0917632113305,-0.4585101775096,0.1237628063300,-0.2188994013546,0.0190094276289,-0.1157980378221,0.0261502543046,-0.1132242357676,-0.3961659757085,0.0044385353208,0.6144487282397,0.1882432402496,0.4034104106317,0.0023268082620,0.1085133812642,0.2067742196785,0.3624646806217,0.0506262935775,0.2584469934052,1.0000000000000,0.7012090814832,0.0585177951835,0.0332464507842,0.2085679415573,0.2314848194031,-0.4416983553018,0.0849848507102,0.1195432524971,-0.0287271589509,0.2598926009349,0.2800907547353,0.1753658231223,-0.0068927953513,-0.4462183756965,-0.5088224706588,-0.0334882056070,-0.4383431494229,0.0090398095616,-0.2941978616639,-0.1474775672990,-0.1533909332768,-0.0858566985408,-0.3515954254675,-0.3434688203651,0.0619146587971,0.4460600763979,-0.0002109536120,0.3304220065157,-0.0018034309580,0.1098806776740,0.1856885135605,0.2486613480728,-0.0361391043649,0.2651489522689,0.7592184031379,0.5965036291298,0.0356546152520,-0.0818118925999,-0.0068397368151,0.0716694287074,-0.4049857799659,-0.0709562098207,-0.0357758076656
0.0673907637418,0.2808593549458,0.7246784211671,0.1688112687227,0.1397511712533,-0.5232250525349,-0.5293881156347,0.0846153366417,-0.5436299412192,0.2625703145550,-0.2134896342973,0.0104021997938,-0.1612547866499,0.0443077376982,-0.2250370426855,-0.4586659363897,0.3328503326407,0.4849859791140,0.1013503145960,0.0969838519709,0.0142580795879,0.3271043585332,0.4131109839181,0.6834355413214,0.1835658623381,0.1285306911878,0.7012090814832,1.0000000000000,0.1676678796580,0.0117213632044,0.2469424186730,0.0184063664655,-0.3915047686036,0.0351679616779,-0.0276790629612,-0.1131317583715,0.2442864083054,0.4172355679554,0.0452861366280,0.0733260601097,-0.4622657396087,-0.5603122535948,-0.0655386490488,-0.4989670210692,0.0518520091802,-0.2525004573588,-0.0816747493030,-0.1741881014557,-0.0062362818819,-0.3982018490184,-0.4522243111764,0.4440448366151,0.2966089886238,-0.0068556693319,0.1268942896240,0.0885501136788,0.3608083780162,0.3901146664112,0.6234521233986,0.1074908036091,0.1311027670291,0.4391386559640,0.9118613347038,0.1714498703037,-0.1659628783924,0.0070131266581,-0.1238425088737,-0.2693001100742,-0.0691937092176,-0.1014005520993
-0.0771502931982,0.0547351795728,0.0549182887109,0.0025795023582,0.4488224592330,-0.1802617980181,-0.0195016701507,0.4667504123673,-0.1251342431755,0.3969100567104,0.4956975873465,-0.0896419829097,0.3005127383802,-0.0949527485977,-0.0553043579356,-0.0892032231452,0.4930877637969,0.2591288976709,-0.0498559154987,0.2660722385169,0.3668722584403,0.4649184037115,0.3410678589300,0.4395511071409,0.6108578035418,-0.0074151296799,0.0585177951835,0.1676678796580,1.0000000000000,-0.0617531821152,0.4560240075343,-0.1286758707031,-0.1297514500967,0.0046339141832,0.0203372826649,-0.2203069487139,0.1218800563096,-0.1948452229432,-0.0239410462825,0.4487005618262,-0.1779894451474,-0.1157322663426,0.1608714358507,-0.1747660802717,0.1728303051253,0.4352940846708,0.0072409321610,0.2811422709361,-0.0166583481332,-0.2287544243592,-0.1488556041548,0.4739130545683,0.0768511931321,-0.1198471480055,0.1120669057423,0.4133691109546,0.2605162113605,0.3622285739893,0.3511822511573,0.5113584455831,-0.0640995454113,0.0672818834205,0.0597309850317,0.8963612138691,-0.1961395424218,0.2051673057350,-0.3283202912877,-0.0842674356035,0.0968096149831,-0.0058676860112
0.2724258371638,0.1376668643991,0.0333245282590,-0.0348004601374,0.2509583166702,-0.0065881033084,0.0506101875000,-0.0896962594406,0.0211487985175,0.1766166761054,0.0621646681252,0.1122843511251,0.2335643783482,0.1231475870294,0.4257952691525,0.0342655665634,0.1222672426639,0.2188611185533,0.2960808285404,0.3585133782562,0.1769509579445,0.1992091170283,0.0579826100751,0.1180948544760,0.0902088354617,0.0840141253298,0.0332464507842,0.0117213632044,-0.0617531821152,1.0000000000000,0.1634753187534,0.1087167054962,0.0349498227753,0.7414877915763,0.4233546670783,0.3914266954786,0.0979492729200,-0.0699461270653,0.0792222096926,0.2939289762655,-0.0384054643129,0.0562754136382,-0.1713893043763,-0.0157651871777,0.2311846862652,0.0459368260122,0.0834418840158,0.2800048440328,0.1170637347921,0.2428993302266,0.0554108321993,0.0465589853448,0.1132722140085,0.1575294042306,0.2219403068463,0.2549559471859,0.1240856105843,0.0700452481465,0.0569030624736,0.0392763004657,0.1921113235062,0.0161147465691,-0.1191778024017,-0.2067664761826,0.8120271725916,0.0294581203130,0.1151703735574,-0.0142394180700,0.5409849652530,0.3375813788333
0.3852051131813,0.3621237302814,0.1003517471741,0.2199883612821,0.0059741024081,-0.2641681104939,-0.3391844733586,0.4009514254786,-0.3268263430240,0.3688690152327,-0.1259572326350,-0.2242644517758,-0.1435761553035,-0.3145556004048,0.1257197270835,-0.4135816057860,0.2036230153771,0.5582979056915,0.0796027035648,0.3299812965003,-0.0323072545476,0.4661161315007,0.5247154511673,0.4799504061400,0.3642016998047,0.0726565199006,0.2085679415573,0.2469424186730,0.4560240075343,0.1634753187534,1.0000000000000,-0.1688947408235,-0.2131840545194,0.2200873941768,0.3377629054411,0.2932605064169,0.2454978874561,-0.2040070560186,0.1874899557006,0.0149859063609,-0.2429090542615,-0.3727433969444,0.2702706537456,-0.3602294381181,0.1656020772344,-0.1279217648005,-0.2190807102974,-0.1361879330953,-0.2122962628808,-0.2113262733305,-0.4037346563209,0.2586402149992,0.4177927577188,-0.1454503733597,0.1704242761948,0.0663720215938,0.3248328253826,0.4725800448623,0.3156787984454,0.3437054487910,-0.0081971927639,0.1491108997476,0.1801347327965,0.3241089029318,-0.0180112464656,0.6565458254343,-0.2876315799653,-0.1512227783936,0.2573372997790,0.1756781832986
0.0060150978346,0.0649133742555,-0.0493585249054,0.2106434148631,0.1192656880451,-0.2260227228234,-0.0553362615105,-0.0957622745718,-0.1510209271525,0.0709655348693,-0.1592168019894,0.0671972630935,0.1041239937075,0.3769165865195,0.0509530607585,0.1112597271854,-0.0755153304413,0.1287245786529,0.0940236481681,0.3576879265349,0.0335236632806,-0.0490160394958,-0.0912834266876,-0.0481151875896,-0.0001533884780,0.4586826369031,0.2314848194031,0.0184063664655,-0.1286758707031,0.1087167054962,-0.1688947408235,1.0000000000000,-0.2805947866600,0.1146721153503,0.2495733620928,0.0549147105335,0.0946606023876,-0.1717129851529,0.1843944187349,0.0794807911972,-0.2068954997751,-0.1510807040418,-0.0991402384515,-0.1947279007274,0.2225008473637,-0.1956273196091,-0.0771696463051,0.0626891832795,0.0263893540875,-0.0573618427732,0.0579239296612,-0.0759989531507,0.1833374353819,0.0477265735676,0.3957957351271,-0.0188338251882,-0.0366173403252,-0.0248680347200,-0.0327260645057,0.0090248661139,0.4658327740974,0.2901119941367,0.0200406918200,-0.1236455555234,0.1588039629829,-0.1632042269734,0.4784915146469,-0.2391702630667,0.0595083669998,0.2495911548884
-0.0707509000195,-0.2750569530209,-0.1678444163412,-0.3285289098882,-0.3060705297314,0.7702008898988,0.4996768770277,-0.1185297192182,0.6913479644674,-0.3449834233431,0.1648860572573,0.1420719381945,-0.0236321937239,0.0528886068606,0.2654611687063,0.3161848853495,-0.0877906001517,-0.3904051224683,-0.0399976140670,-0.3199402110434,-0.1539642880623,-0.1717022248117,-0.2623300541268,-0.3458829772186,-0.2243776631826,-0.3323750396782,-0.4416983553018,-0.3915047686036,-0.1297514500967,0.0349498227753,-0.2131840545194,-0.2805947866600,1.0000000000000,-0.1842451416499,-0.1037233690770,-0.0800119414208,-0.3323966584718,0.0466553306975,-0.3268089504145,-0.2399720384981,0.6928123549533,0.6669363765279,-0.0467366362993,0.7270264693406,-0.2275769264128,0.2734817645172,0.2675248871867,0.0074833713432,0.1551829489950,0.5587960906681,0.4579776159331,-0.1068952549111,-0.3684061186252,0.1142114223382,-0.3193697189719,-0.1782333359917,-0.1591898226283,-0.3438038301473,-0.2876317964720,-0.2003442749841,-0.2880503707893,-0.4227981489539,-0.4009710044614,-0.1316482265317,0.2250399432787,-0.1175263726237,-0.1618522282047,0.7637927725428,0.0221706311701,-0.0932234171284
0.1387749717140,0.3807187439862,-0.0596022301767,0.1941647719845,0.4249686903803,-0.0597129587946,-0.1451497775008,-0.0771242059266,-0.1937462629369,0.2745193952442,0.0254486287792,-0.0617272328463,0.2419429087839,-0.0333655334743,0.0249268325031,-0.0340815783791,0.2265200708555,0.2539857257057,-0.0244939501686,0.3292563886905,0.2517911683929,0.3921256501296,0.2482360309227,0.2284368935917,0.1879366056290,0.1431710166497,0.0849848507102,0.0351679616779,0.0046339141832,0.7414877915763,0.2200873941768,0.1146721153503,-0.1842451416499,1.0000000000000,0.5330185215569,0.2438280896171,0.3070293038755,-0.1738507579629,0.2357910366234,0.4454245573289,-0.0692378306404,-0.1494440995303,-0.1495223823998,-0.2068938375298,0.3502727865568,-0.0213850852813,0.0032442367932,0.2731100740357,0.0947082124213,-0.0834148817360,-0.0928766692512,0.1672071907719,0.1895799671078,-0.1846340768846,0.2051909726126,0.3179407683464,0.3329180108637,0.3331629975809,0.1916837553864,0.1935776855355,0.1847588186732,0.0220092187838,-0.0797657427661,-0.0846234277044,0.5885445582048,0.2171008259667,0.0409555788030,-0.1691640653853,0.7215147716090,0.4420578616902
