1.0000000000000,0.2902363872640,0.1341719378190,0.4756010880813,0.0400882094220,0.0976590286634,0.0697521446837,0.4987468384597,0.1392193966759,0.3270707016579,0.0418245335684,0.1458374480282,0.0448661707397,-0.0977325932552,0.6369788147848,0.1208395968253,-0.0452221572578,0.4798128945579,0.5466173098103,0.5364480743552,0.0288205801468,0.0614514497485,0.2754285551141,0.1071688572202,0.2630235086399,0.3201459847503,0.3075727316726,0.1672432275468,0.0837286796827,0.3134659311540,0.4491526029566,0.0397343269585,0.0501578585900,0.2411242130233,0.3360970407359,0.7353900749406,0.2802219781686,-0.1075043828354,0.4828928726586,-0.0736327272470,0.0637979054853,0.0864116864684,0.2785754203866,0.0309363447331,0.3473978363043,0.0706395233716,0.0646468227656,-0.0215551461515,-0.0061583888217,0.3962786216383,0.1581163059144,-0.0194590521975,0.4729912358541,0.2252880119590,0.4007428312413,-0.0114327743548,0.0129739320335,0.2311524037026,0.0099707201352,0.2173247896035,0.2604880651412,0.2057205921909,0.0959870595946,0.0305491251578,0.1917898706451,0.2416353641963,-0.0209354774312,-0.0141721596844,0.0825091643233,0.3278747567068
0.2902363872640,1.0000000000000,0.1003367949108,0.5512405584019,0.3818601192784,-0.0935408173240,-0.0515467122774,0.2455789044208,-0.1548058558002,0.3846057098548,0.1548945719562,0.0491638491733,0.2815955176239,-0.1928494619384,0.1204676202610,0.0325971441517,0.3785503187622,0.4140167640813,0.2110997572393,0.4370372493277,0.2930875826395,0.4604117053109,0.6666318193436,0.4739509111711,0.3826873393821,0.3970166229939,0.4198672332203,0.4272103949306,0.3401517384709,0.4370770257721,0.6032741408430,-0.1135827043959,-0.0865720352441,0.4886852837874,0.6356329432423,0.4247846318805,0.8710925328130,-0.2722535132683,0.4876841346635,0.3767710379759,-0.1410129487490,-0.1572381126895,-0.0342835827590,-0.2239541589244,0.4102162586140,0.0726460033969,-0.1842688193931,0.2942634317037,-0.1404472702923,-0.0317924231258,0.0582208819814,0.3363432475180,0.5337681168027,-0.0720394144862,0.2893999393812,0.3320462876220,0.4497497311378,0.6734235300000,0.4676789165355,0.4237763797938,0.5133771383503,0.2936587437671,0.3554377185318,0.3040343455161,0.3839153682075,0.5859741330000,-0.2493591823611,-0.1883911729633,0.5602382206442,0.6348635534911
0.1341719378190,0.1003367949108,1.0000000000000,0.0464953782250,-0.1451887476522,-0.1167368996081,-0.3053666588548,0.3419441474955,-0.1226534576378,0.0901826033470,-0.2373137447087,-0.1216305492095,-0.2203152010639,-0.0560867643171,0.0583319669471,-0.2120583838697,0.2808205313116,0.0582209966738,0.1128779110907,-0.0886384094532,-0.1113987661022,0.1341826116534,0.3437056873147,0.4566515560290,0.2263142977501,-0.1297348132266,0.3973059887101,0.6633349501943,0.3587023967293,-0.1601912507294,0.2409250913921,-0.0241281563003,-0.0443549658979,-0.2293024940310,-0.1374711320145,-0.0358932472389,0.0778359964257,0.5429110481906,-0.0463204015215,-0.1103066844482,-0.1477059032967,-0.3354452254586,0.1870904764217,-0.1365959774314,-0.0039870112252,-0.2074893779945,0.0174775515152,-0.2371467290366,-0.0581656123176,-0.0287583413520,-0.1597130597437,0.2632270171866,-0.0139454384209,0.0423141396690,-0.1694778852681,-0.0576500268744,0.0825165669151,0.2744018279570,0.3243482244371,0.1185677023301,-0.1870519003520,0.1336719725419,0.6268532558294,0.2326753944280,-0.2379806460938,0.0248824525627,0.0757436660442,-0.0608492105941,-0.2185282088871,-0.2059319481529
0.4756010880813,0.5512405584019,0.0464953782250,1.0000000000000,0.2717229915177,-0.1907057935939,0.0697090887013,0.3709048943342,-0.1189191435284,0.5144759527884,0.1088773402148,-0.0188863639750,0.2767578778112,-0.3138792676255,0.2030251456421,0.0912255274745,0.1539457225345,0.4163584785096,0.1996985677252,0.5802023382048,0.3106709936437,0.1942080900102,0.4724844525387,0.2168331018173,0.4468360398689,0.6074456877431,0.4504784683426,0.2785716432671,0.2109389528661,0.1445706464357,0.4348131070102,0.0076555893417,-0.3033970672483,0.3227743935592,0.5333370781252,0.5023688429352,0.5487180089198,-0.1602149817245,0.9010829957228,0.1481972802603,-0.1954114162618,-0.0681916332056,0.1611538468187,-0.2119963161163,0.5731465449095,0.0043640864996,-0.1486439634919,0.2486164505485,-0.1097920104279,-0.0568644562827,0.1943143226675,0.1732896347419,0.5117458825846,-0.0374341000980,0.4665448585365,0.3134745786834,0.1899276404538,0.4402043097096,0.1946399965962,0.4381766669839,0.5598687087668,0.2953074409161,0.2752248624622,0.2110179341369,0.0689482336418,0.3045334669080,-0.1204427445247,-0.2816886787002,0.2284400376728,0.5008871198617
0.0400882094220,0.3818601192784,-0.1451887476522,0.2717229915177,1.0000000000000,-0.0498195209788,0.1005733742229,0.2220787278050,-0.2484943833510,0.5559637020246,0.5201712972866,0.0783289271588,0.7715530267395,-0.1302585771455,-0.1048661985883,0.1824889067657,0.3698845055945,0.3004504514820,-0.0270438010365,0.2743576299520,0.8302201190089,0.5211126561454,0.3957147645077,0.3607733076704,0.5835334986661,0.0680899878303,0.0766851037663,0.0878631804507,0.4296591533826,0.4285754305450,0.2656499550489,-0.1043321772208,-0.1311800420270,0.5341029610234,0.3858872988290,0.0922010774999,0.2948314559907,-0.3316336987985,0.1954699654444,0.9253277634323,-0.0083827689497,0.0194679583763,-0.0637900328592,-0.2386168033157,0.4538080418047,0.3726329444161,-0.2145085199162,0.7342867682522,-0.1750792152339,-0.2310860068908,0.1307658258692,0.3692556818348,0.2547464957827,-0.3147705580033,0.1746530279233,0.7941032267476,0.5276188803043,0.3904244454736,0.3366547148691,0.5865291507929,0.1144079331457,0.0123695485850,-0.0733452015899,0.4558710590498,0.2344253718524,0.2953702094462,-0.4080450441326,-0.1484926046092,0.5081567533468,0.3121788871330
0.0976590286634,-0.0935408173240,-0.1167368996081,-0.1907057935939,-0.0498195209788,1.0000000000000,0.5844767277520,-0.0365777989300,0.7640320059885,-0.1192038860619,0.1939238701151,0.4166528068826,0.0612418733438,0.5155325691116,0.2551308236421,0.6037251906831,-0.2383840526558,-0.1854522475596,0.1609857487823,-0.0132275213239,-0.0462951574743,-0.1066536940719,-0.1517791619360,-0.2408155278951,-0.0269331096541,-0.1751017654105,-0.2606692819751,-0.3806777042275,-0.1612908167151,0.0824567295677,0.0115156615102,0.2577364182344,0.8007933785003,-0.0272441838756,-0.1001856462092,0.0464150289538,-0.0956465454269,0.0740448067432,-0.1060142433553,-0.0496770094739,0.8804982016385,0.7101549310986,-0.0707285968598,0.7597273440022,-0.0902442766972,0.0899125045888,0.6440188849213,0.0333057963993,0.3902905041147,0.5071002496696,0.5370344152127,-0.2318491401421,-0.1985210323369,0.3044592095496,-0.0994805637019,-0.2030076360953,-0.1260808544665,-0.1524354606655,-0.2174307913442,-0.0290969218556,-0.0958338519398,-0.1824264421563,-0.4283171017897,-0.1366052704693,0.1622523642311,-0.0164403787526,0.1784981539309,0.7560901918444,0.0144177022630,-0.0050712659085
0.0697521446837,-0.0515467122774,-0.3053666588548,0.0697090887013,0.1005733742229,0.5844767277520,1.0000000000000,-0.0985638132575,0.7135845835972,-0.0027504979577,0.5662165915875,0.3444878039621,0.4205315843575,0.3382993183922,0.3688353343543,0.7412155005893,-0.2592817334504,-0.0434721652097,0.2355019860293,0.2249758138242,0.2624635107038,-0.2170579323777,-0.2533881097541,-0.3848763857845,-0.0463916734927,0.0936081272132,-0.1640633339494,-0.5080852231752,-0.2026242270978,0.1253172591938,-0.1158188048154,0.2386113393628,0.4352938874347,0.0545618559297,-0.0167569293580,0.1733749917172,-0.0798294421198,0.0129405863567,0.1606423422434,0.0510778111811,0.5265630324388,0.8316312683091,-0.0665113492579,0.6249896439948,0.0382878833615,0.4366706397527,0.4405756621165,0.4120840171936,0.2628229340732,0.4200788927729,0.6441929174888,-0.2982052424487,-0.0004213970448,0.2745113385342,0.2302603515187,0.1165148016942,-0.2048812384528,-0.2675561451103,-0.3613571241093,-0.0414451260883,0.1448806418185,0.0062011039601,-0.5466005534152,-0.1563023159715,0.1618368562934,-0.1043176569382,0.1640963702580,0.3697239550835,0.0711019535379,0.1451491627221
0.4987468384597,0.2455789044208,0.3419441474955,0.3709048943342,0.2220787278050,-0.0365777989300,-0.0985638132575,1.0000000000000,-0.1512973334709,0.4881630073844,0.1974549651337,0.0470914444499,0.1838718817783,-0.1772296350325,0.3311513490784,-0.0300845832763,0.2113081058913,0.3062803758374,0.2436736407493,0.3435323501168,0.2148697990893,0.3619760783072,0.5254252333173,0.3900132823137,0.6759878543917,0.0975256516195,0.2328238291747,0.3297791361150,0.5598556554939,0.1506570187956,0.6664295568759,-0.1093340356184,-0.2044727849349,0.1228923153923,0.1859372499358,0.3993079284383,0.2145426821430,-0.1068502276706,0.3223791875434,0.1616619975381,-0.0872175787399,-0.1640719268954,0.5763596126567,-0.2523105920646,0.4064634406739,0.1265097466622,-0.1324370139897,0.0789492739901,-0.1220148699806,0.0367909167797,-0.0306978223759,0.2896938375210,0.3345536709803,-0.1032666965513,0.1395324449266,0.1614750429769,0.3249995843104,0.4715400141383,0.3114738168275,0.5834647272849,0.0337170508196,0.0392594104486,0.2676284466508,0.5304865009083,-0.0244461154049,0.4077530286100,-0.2100119390455,-0.1560237245972,0.1204398052737,0.0800409437507
0.1392193966759,-0.1548058558002,-0.1226534576378,-0.1189191435284,-0.2484943833510,0.7640320059885,0.7135845835972,-0.1512973334709,1.0000000000000,-0.2894858618562,0.1667828536606,0.4738476303599,-0.1035392849942,0.5405616461893,0.4531311925442,0.6471992725673,-0.3526254217744,-0.2693260984857,0.3103571935168,-0.0013408331807,-0.2060598596953,-0.3756195507653,-0.3614396240034,-0.4551188166458,-0.2069472331734,0.0161269373160,-0.2016270898659,-0.4660575410735,-0.2856136365992,-0.0343032251795,-0.1220301789775,0.3073229392699,0.7042803807916,-0.1869434179709,-0.1818135556723,0.1447473151672,-0.1628410692818,0.2118017471017,0.0192852189803,-0.2955512908625,0.6270905185002,0.8009946557696,-0.0205678919709,0.9259327117307,-0.2006578598839,0.1074314407143,0.7353860707853,-0.1015102637318,0.4865349071211,0.6672157064139,0.5768712973299,-0.3992887463587,-0.2259720914733,0.5591516306315,0.0079164935198,-0.3301210577472,-0.3942137551102,-0.3560566402522,-0.4570910620808,-0.1971605752686,0.0297320636667,-0.0948744405176,-0.4463016748249,-0.2854320159680,0.0469234185549,-0.1747680393286,0.4140391437961,0.6117300779819,-0.2391681178405,-0.0149833479216
0.3270707016579,0.3846057098548,0.0901826033470,0.5144759527884,0.5559637020246,-0.1192038860619,-0.0027504979577,0.4881630073844,-0.2894858618562,1.0000000000000,0.2908030266220,-0.0021388062271,0.5783941793829,-0.1893537550024,0.0697581599229,0.1367633712208,0.3048342254605,0.4713041989488,0.0618618069907,0.4508613618534,0.5565297251515,0.4313522066345,0.5669758985671,0.3958772802008,0.7439608789450,0.2111740569046,0.2699390239789,0.2951649666131,0.3697415723720,0.3443355269090,0.4505375944790,-0.0790818064837,-0.2415583215631,0.4528653727757,0.4181792474940,0.3386177955389,0.3025818351321,-0.3114373656674,0.4209126277850,0.4906629242956,-0.1305108469380,-0.0934195810152,0.0571638495624,-0.3313925117762,0.8531707907934,0.2419541638651,-0.1994982400032,0.5232401306403,-0.1234349987475,-0.0940022182065,0.0997595606865,0.3406543518589,0.5133474048134,-0.1850390468011,0.3787286630039,0.5769081934592,0.4285302062712,0.5174599651142,0.3696340499967,0.6903330975703,0.2393156327654,0.2027868292564,0.1811493512561,0.3699878114685,0.1861713788897,0.3359008016679,-0.3066587651876,-0.2450692444768,0.4625393539752,0.3913350912349
0.0418245335684,0.1548945719562,-0.2373137447087,0.1088773402148,0.5201712972866,0.1939238701151,0.5662165915875,0.1974549651337,0.1667828536606,0.2908030266220,1.0000000000000,0.2169872501786,0.6865439739950,-0.0189723000425,0.1503809146616,0.3612155309294,0.1296956087097,0.1982038717425,0.0406202859061,0.3019816121930,0.6900971856049,0.2389832733509,0.0933194619527,0.0497765595148,0.2904320817872,0.0316846872260,-0.0799063882072,-0.2261235499042,0.2116841746873,0.3655401461069,0.1312578317129,-0.1606184253477,0.0573054302610,0.4269518962241,0.2037336927007,0.1736113695632,0.1061962581234,-0.2327397786090,0.1062573855590,0.5407947620386,0.1992809588835,0.4051231792701,-0.0455891833976,0.1090321747929,0.2297881301350,0.8569446604852,-0.0484821131527,0.7070526168420,-0.1167478054896,0.0528856732401,0.2889607140638,0.0831360391797,0.2096883560781,-0.1702235884981,0.2638534588378,0.5627753578136,0.2360071775664,0.0929767845932,0.0454017173470,0.2911420702243,0.0721348110745,-0.0645794243676,-0.3497848972689,0.2921730814918,0.2211918884315,0.1514820334193,-0.4020078768294,0.0079319154556,0.4168338386345,0.2178362326985
0.1458374480282,0.0491638491733,-0.1216305492095,-0.0188863639750,0.0783289271588,0.4166528068826,0.3444878039621,0.0470914444499,0.4738476303599,-0.0021388062271,0.2169872501786,1.0000000000000,0.0601919129632,0.7129216555346,0.2411159155502,0.3650091138914,0.1110677614676,-0.1558949994562,0.3460936949275,0.0613652931348,0.0330983814706,0.1410147712591,0.0395682142080,0.0387719078646,0.0944293050783,0.0154752587121,-0.2185817362071,-0.1187789772559,0.1035125021631,0.2637634509929,0.1825166481833,0.1168422630016,0.3947496801251,0.0914094378293,0.0926396813709,0.1337657343922,0.0207071426674,-0.0788067294399,0.0648857288637,0.0180365513845,0.3379428923371,0.4040203612973,0.0940134929166,0.4335791880215,0.0396451910233,0.1931392501481,0.6685939696025,0.0292568319819,0.6540388728605,0.3836524214670,0.3452428971600,0.1306419929660,-0.1497794136837,0.4602581497595,0.0356716423702,-0.0198133310902,0.1551416071180,0.0903975388646,0.0574373433701,0.1363471471090,0.0577253680515,-0.1595727105220,-0.2204312476416,0.1239410536104,0.2152991848362,0.2723970669505,0.2101371177324,0.3595154028696,0.0397866243402,0.1677610618834
0.0448661707397,0.2815955176239,-0.2203152010639,0.2767578778112,0.7715530267395,0.0612418733438,0.4205315843575,0.1838718817783,-0.1035392849942,0.5783941793829,0.6865439739950,0.0601919129632,1.0000000000000,-0.0690383846579,0.0759740961048,0.4262036357534,0.2696249617201,0.3529646201522,0.0394021200585,0.4435887926292,0.8688594750440,0.4056565614839,0.3084097769976,0.2249177837500,0.4716965553945,0.1469863840495,0.0543538118060,-0.0277989325080,0.3127789054513,0.4735924743492,0.1954856150232,0.0332221314254,-0.0962515418963,0.5362464908884,0.4014656457809,0.1623163305846,0.2037768364475,-0.3407405551934,0.2355600881689,0.7351413702526,0.0645210885906,0.2223978134228,-0.1190985003470,-0.1650068220904,0.4575431859868,0.5404111275085,-0.1640735007908,0.9463004823943,-0.1230123310650,-0.0674404297510,0.3322760531368,0.2684734924117,0.3367223892617,-0.1946787982856,0.4082311927175,0.7965560122252,0.4201162598730,0.2781168296104,0.2490278727182,0.4737705561307,0.2409751500652,0.1435739214641,-0.1723037225191,0.3741058325117,0.4018203932725,0.2131395957958,-0.3093285106896,-0.1466202003189,0.5715669267048,0.4306477990813
-0.0977325932552,-0.1928494619384,-0.0560867643171,-0.3138792676255,-0.1302585771455,0.5155325691116,0.3382993183922,-0.1772296350325,0.5405616461893,-0.1893537550024,-0.0189723000425,0.7129216555346,-0.0690383846579,1.0000000000000,0.2195664922869,0.4713852918211,-0.0288736257282,-0.2945304559051,0.2488890405508,-0.1429726542878,-0.1664615728960,-0.1038853984665,-0.2259774531514,-0.1563413200145,-0.1370288701797,-0.0937309142379,-0.2156915040590,-0.2061163450157,-0.1503468506228,0.1716909121811,-0.1169922838111,0.4631265978717,0.5613379400069,-0.1037082827812,-0.1609039600716,-0.0966992799775,-0.2222327501482,0.1165233985805,-0.2287732017251,-0.1316076083472,0.4365443045310,0.4738869224712,-0.0413325839014,0.5611271548367,-0.1982803318539,0.0234673398123,0.8320507939223,-0.0828418924108,0.8429012693430,0.4492879458584,0.4193404352140,-0.0308538037855,-0.3543679667282,0.5728363984400,-0.0662448039329,-0.2075944544351,-0.0862568980133,-0.1891565703108,-0.1255106809293,-0.1150628444635,-0.0479937749638,-0.0148228922531,-0.2889034524731,-0.1406291298760,0.2306967580562,-0.0264788068298,0.5681934819822,0.5084470287780,-0.1301499447093,-0.0402189962770
0.6369788147848,0.1204676202610,0.0583319669471,0.2030251456421,-0.1048661985883,0.2551308236421,0.3688353343543,0.3311513490784,0.4531311925442,0.0697581599229,0.1503809146616,0.2411159155502,0.0759740961048,0.2195664922869,1.0000000000000,0.4267487927924,-0.1241790149165,0.2792919984350,0.6900958372006,0.4954608378186,-0.0778424580203,-0.1713205425989,-0.0167030977129,-0.1768747237224,0.0180669718715,0.3635888120315,0.3102086734851,-0.0539912198355,-0.0535238331371,0.4072280164309,0.1927101588699,0.2771992576196,0.2344402893179,0.1189863590405,0.2905006268688,0.5346878985875,0.1120583523050,0.0026977204563,0.2728623942532,-0.1756732109037,0.2168954846338,0.3558231185862,0.1743400968517,0.3559016618401,0.0607942397806,0.1631580548861,0.2432071039973,0.0272526601071,0.2393137542985,0.6785814708481,0.4460112541549,-0.1661023055817,0.2523503749838,0.4698884520746,0.4296979452661,-0.1426096414932,-0.2195733390399,-0.0704171337181,-0.2364497556994,-0.0170675248317,0.3332582351287,0.2909590689370,-0.1039928474594,-0.1142751226811,0.3399790726608,0.0268328504092,0.2697984268756,0.1466458425953,-0.0141519227725,0.3176896720648
0.1208395968253,0.0325971441517,-0.2120583838697,0.0912255274745,0.1824889067657,0.6037251906831,0.7412155005893,-0.0300845832763,0.6471992725673,0.1367633712208,0.3612155309294,0.3650091138914,0.4262036357534,0.4713852918211,0.4267487927924,1.0000000000000,-0.1057482435450,0.0742013816059,0.3319389035263,0.3509335851953,0.2054863213174,-0.0602986607528,-0.1051624282922,-0.2088876586807,0.0929870590708,0.1774808907531,-0.0140700607977,-0.3051818974507,-0.1635660430043,0.3602268622129,-0.0032779760583,0.4841164075131,0.4022954549681,0.2529256053708,0.1616184734754,0.2314689592568,0.0177314553048,0.0296717377040,0.1827890250569,0.1062611985186,0.5025949118114,0.6967633741849,-0.1160670638226,0.5546468377528,0.1739004944579,0.2927269391776,0.4940568940187,0.3921323756159,0.3778423424406,0.4689834613639,0.8325780353892,-0.1408823494622,0.0586286428242,0.3584229816910,0.3716042811137,0.0852080214295,-0.0673329540342,-0.1319965056027,-0.1999618403031,0.1073304271986,0.2553234920649,0.1928234573853,-0.3986664701566,-0.1081786401274,0.3755434403886,-0.0151458279598,0.2963466407041,0.2656650452822,0.1901544724470,0.3336794272490
-0.0452221572578,0.3785503187622,0.2808205313116,0.1539457225345,0.3698845055945,-0.2383840526558,-0.2592817334504,0.2113081058913,-0.3526254217744,0.3048342254605,0.1296956087097,0.1110677614676,0.2696249617201,-0.0288736257282,-0.1241790149165,-0.1057482435450,1.0000000000000,0.0673069847828,-0.0036353906428,0.1623184079105,0.3131758098414,0.5790292805663,0.5373263966615,0.6213047005181,0.4521929996739,0.1769011145736,0.0879620442081,0.4249928697215,0.5875566353703,0.3018800202112,0.3355410970794,-0.2254065887979,-0.1676560775187,0.3483089887314,0.4206684798333,-0.0608155094541,0.3872660388366,-0.1415024990700,0.0768539289401,0.4185263593722,-0.2173857913446,-0.3035861376816,-0.0531657593657,-0.3244597759008,0.1618590381560,0.1401786993192,-0.1634472818165,0.2618246559373,-0.0654799576387,-0.1926265401415,-0.0781632872646,0.9274109833634,0.0284634496995,-0.1686322493893,0.0282841221566,0.4164543395211,0.5785243972528,0.5615383982598,0.6572561460051,0.4565611948301,0.1927859657996,-0.0586556708264,0.2898065191872,0.5612107326229,0.2605364278463,0.4271331762885,-0.1827096377697,-0.2449365177427,0.3779136999599,0.3132173692043
0.4798128945579,0.4140167640813,0.0582209966738,0.4163584785096,0.3004504514820,-0.1854522475596,-0.0434721652097,0.3062803758374,-0.2693260984857,0.4713041989488,0.1982038717425,-0.1558949994562,0.3529646201522,-0.2945304559051,0.2792919984350,0.0742013816059,0.0673069847828,1.0000000000000,0.2854045784631,0.6894406456857,0.2707974941659,0.2468671607579,0.3072276850850,0.2991992962315,0.2327785775975,0.2311288504640,0.5974937306523,0.3432709056058,0.1131001621688,0.5072488400175,0.3561055719911,0.1095411635932,-0.2149333752730,0.6355948172970,0.4892897869919,0.5054189972531,0.2728950825103,-0.2147618970607,0.2978099627713,0.2370859231928,-0.2287544435948,-0.1753080730755,-0.0583908936916,-0.3364661737486,0.4366768900344,0.2397884190203,-0.3280300421923,0.3597003691137,-0.3105160278144,-0.0161087560096,0.0612627862015,0.0269300448110,0.8400056610798,-0.0992063129858,0.6939625404791,0.3200675573167,0.1933393522816,0.2144747323407,0.1792556727724,0.1644327033866,0.2902728333318,0.6106450534576,0.1927938763735,0.0749520333672,0.3485892484206,0.1712505815751,-0.2512551675733,-0.3503382284168,0.4389280521242,0.4809000096887
0.5466173098103,0.2110997572393,0.1128779110907,0.1996985677252,-0.0270438010365,0.1609857487823,0.2355019860293,0.2436736407493,0.3103571935168,0.0618618069907,0.0406202859061,0.3460936949275,0.0394021200585,0.2488890405508,0.6900958372006,0.3319389035263,-0.0036353906428,0.2854045784631,1.0000000000000,0.5104462083217,-0.0282794971687,-0.0209775578611,0.1112454222428,-0.0202203890775,0.0729578743564,0.4118277999924,0.3241246364349,0.0524844067996,0.0358317261369,0.4318399555148,0.2301232914372,0.3374100476697,0.1845089552611,0.1176006335596,0.3864482150134,0.4290889658818,0.1709675973659,-0.0328019777319,0.2203724187632,-0.0999448620617,0.0923895898691,0.2034980388120,0.1106213119552,0.1839011615630,0.1256877072844,0.1188978519310,0.2127557086274,0.0173065947221,0.2759626735531,0.5121672903555,0.3161656948084,-0.0237268601323,0.2607926746777,0.5657963797536,0.4451991919177,-0.0486370375051,-0.0617283587712,0.0604045504788,-0.0693287960330,0.0644784833010,0.3583376159407,0.2705242385681,-0.0480224081235,-0.0247244356779,0.3719803330892,0.0585444228829,0.3273670109469,0.0023794788139,0.0361292407789,0.4058073905387
0.5364480743552,0.4370372493277,-0.0886384094532,0.5802023382048,0.2743576299520,-0.0132275213239,0.2249758138242,0.3435323501168,-0.0013408331807,0.4508613618534,0.3019816121930,0.0613652931348,0.4435887926292,-0.1429726542878,0.4954608378186,0.3509335851953,0.1623184079105,0.6894406456857,0.5104462083217,1.0000000000000,0.3315189982616,0.2085626744761,0.3286297538420,0.1760570243358,0.3110223086626,0.6535972391898,0.5063573678195,0.1739919226872,0.1606155210815,0.5302782210351,0.4395355850760,0.2105496163983,-0.1632805637570,0.5888419964318,0.7214238681250,0.5547977578461,0.4276321217755,-0.2410429978630,0.5843733725197,0.1535954945856,-0.0368420748953,0.0775007928972,0.0052690660847,-0.1158436387989,0.4702813532706,0.2362624264352,-0.1550398437248,0.4142772771427,-0.0846042385260,0.1809421602910,0.3693063799368,0.1192225419424,0.6440959423794,0.0907088595301,0.7676902985929,0.3071234062409,0.1890607173640,0.2597120555838,0.1587638058481,0.2796393118065,0.6209939331673,0.4918094476758,0.0710992269054,0.1282906368121,0.4729659914011,0.3049044778469,-0.0368391580083,-0.2834418447181,0.4368297500288,0.7362455128406
0.0288205801468,0.2930875826395,-0.1113987661022,0.3106709936437,0.8302201190089,-0.0462951574743,0.2624635107038,0.2148697990893,-0.2060598596953,0.5565297251515,0.6900971856049,0.0330983814706,0.8688594750440,-0.1664615728960,-0.0778424580203,0.2054863213174,0.3131758098414,0.2707974941659,-0.0282794971687,0.3315189982616,1.0000000000000,0.3995075654397,0.3052587190712,0.2698568719578,0.5185771575378,0.1028567990444,0.0442402955967,-0.0002489955291,0.3712865063726,0.3492087737366,0.1732295243835,-0.0956511259677,-0.1601762811552,0.4582202112395,0.3556490930449,0.1090236239419,0.2399040956540,-0.2591693999025,0.2397085429240,0.7968140336493,0.0005080808493,0.1083066049089,-0.0758042003714,-0.2319751513902,0.4471538761792,0.5440080400553,-0.2054527293096,0.8535806545558,-0.1415599049570,-0.1876687162848,0.1851649058034,0.2925477908325,0.2761653511372,-0.2362159957779,0.2672730070308,0.9167943580618,0.4170532854481,0.2914838229136,0.2839243879013,0.5339047459049,0.1771008724479,0.0348651370204,-0.1210767948363,0.4239185135851,0.2261857280373,0.1877664607563,-0.3642410153186,-0.1613211424186,0.4636746368710,0.3313623235079
0.0614514497485,0.4604117053109,0.1341826116534,0.1942080900102,0.5211126561454,-0.1066536940719,-0.2170579323777,0.3619760783072,-0.3756195507653,0.4313522066345,0.2389832733509,0.1410147712591,0.4056565614839,-0.1038853984665,-0.1713205425989,-0.0602986607528,0.5790292805663,0.2468671607579,-0.0209775578611,0.2085626744761,0.3995075654397,1.0000000000000,0.6780101324074,0.8714860878858,0.5928865766577,-0.0188814812759,0.1194095668968,0.4719724857513,0.6837642578308,0.3903772404947,0.6471027963719,-0.1840823755350,-0.1410046017115,0.4835077513558,0.4205240658159,0.0935015323274,0.3552387649512,-0.3442446639208,0.0802129091839,0.5089445088371,-0.1318930635231,-0.3134360605346,0.0581461608010,-0.4272498277082,0.3644061659559,0.1336477170845,-0.2485591215255,0.3342569357210,-0.1775912077959,-0.2451629133870,-0.1247963560719,0.6360046105058,0.2430020157435,-0.3354621207995,0.0580861910182,0.3970839548613,0.9207965386260,0.6997100438399,0.8036674432952,0.6112465481184,0.0258447753971,-0.0442950465431,0.3220989343051,0.6783807469412,0.2759970115768,0.6642641953379,-0.4034320126620,-0.2028815076074,0.5599408720844,0.3236713568573
0.2754285551141,0.6666318193436,0.3437056873147,0.4724844525387,0.3957147645077,-0.1517791619360,-0.2533881097541,0.5254252333173,-0.3614396240034,0.5669758985671,0.0933194619527,0.0395682142080,0.3084097769976,-0.2259774531514,-0.0167030977129,-0.1051624282922,0.5373263966615,0.3072276850850,0.1112454222428,0.3286297538420,0.3052587190712,0.6780101324074,1.0000000000000,0.7263710649019,0.6535395827641,0.1700483168816,0.2921688219998,0.6615558416104,0.6424184287102,0.2820300984093,0.7794111774023,-0.1711206210935,-0.2358170554359,0.3800121716982,0.4694032912573,0.3087553626494,0.5750420431824,-0.3004042611033,0.3444331183924,0.3788684037049,-0.1921028748437,-0.3718065131885,0.1498441784619,-0.4550079373710,0.5344878810838,0.0322440868573,-0.2481901157618,0.2458108677908,-0.2173982806741,-0.1758873819118,-0.1245029265427,0.5813749624561,0.4068509373709,-0.2174839439209,0.1323524676617,0.3347117112238,0.6346074619706,0.9312825794912,0.6878685560369,0.6541991207689,0.2089608746879,0.0855932679266,0.5581506523900,0.6017841740622,0.1833231050671,0.6465515703700,-0.3308299958133,-0.2736948889491,0.4418039594254,0.3819418015041
0.1071688572202,0.4739509111711,0.4566515560290,0.2168331018173,0.3607733076704,-0.2408155278951,-0.3848763857845,0.3900132823137,-0.4551188166458,0.3958772802008,0.0497765595148,0.0387719078646,0.2249177837500,-0.1563413200145,-0.1768747237224,-0.2088876586807,0.6213047005181,0.2991992962315,-0.0202203890775,0.1760570243358,0.2698568719578,0.8714860878858,0.7263710649019,1.0000000000000,0.5432607635646,-0.0241630605724,0.2998822916774,0.7247039542651,0.7307853723935,0.2421368316642,0.6472630755994,-0.1639100558547,-0.2118039184070,0.3410864094439,0.3451760384918,0.0474916103544,0.3609751344496,-0.1725432729662,0.0845072495250,0.3589367990298,-0.2574787911897,-0.5040851148103,0.0388158488682,-0.5027960379767,0.3121328536808,-0.0316079536747,-0.2477855040291,0.1652836334186,-0.2018686576368,-0.3185561597316,-0.2111292948356,0.6655498225211,0.2532519018702,-0.2924295319182,0.0217258500228,0.3266494671169,0.8180121734545,0.7272687911414,0.9091884603665,0.5172064311157,0.0000844666126,0.0569713535095,0.5819793934556,0.6746687754865,0.1076735369853,0.5856581977749,-0.3130497347439,-0.2618077694923,0.3592175033731,0.2320064238481
0.2630235086399,0.3826873393821,0.2263142977501,0.4468360398689,0.5835334986661,-0.0269331096541,-0.0463916734927,0.6759878543917,-0.2069472331734,0.7439608789450,0.2904320817872,0.0944293050783,0.4716965553945,-0.1370288701797,0.0180669718715,0.0929870590708,0.4521929996739,0.2327785775975,0.0729578743564,0.3110223086626,0.5185771575378,0.5928865766577,0.6535395827641,0.5432607635646,1.0000000000000,0.1589185408528,0.1636008821144,0.3485923785858,0.6920224572950,0.2669739887170,0.5888291952677,-0.1402281245473,-0.1618859768765,0.3324597897835,0.3164815989568,0.2965548552588,0.2977326462923,-0.1961917662766,0.3631118662705,0.5146960139534,-0.0512326028891,-0.0996633385981,0.3328659118365,-0.2703335791010,0.6685461005392,0.1852111918849,-0.1331794441807,0.3779776279248,-0.1270118474688,-0.1058906467008,0.0367704792180,0.5316259769870,0.2984208782820,-0.2243511886126,0.1498987634504,0.4916144169594,0.5798106972963,0.6165375599158,0.5096752459285,0.9321342526449,0.1280853381186,0.0237115033084,0.2446223394528,0.6976527602152,0.0786479375460,0.4699253713555,-0.3044162581415,-0.1730700195402,0.3552036506069,0.2496096248666
0.3201459847503,0.3970166229939,-0.1297348132266,0.6074456877431,0.0680899878303,-0.1751017654105,0.0936081272132,0.0975256516195,0.0161269373160,0.2111740569046,0.0316846872260,0.0154752587121,0.1469863840495,-0.0937309142379,0.3635888120315,0.1774808907531,0.1769011145736,0.2311288504640,0.4118277999924,0.6535972391898,0.1028567990444,-0.0188814812759,0.1700483168816,-0.0241630605724,0.1589185408528,1.0000000000000,0.4594806588735,0.1182947655449,0.0415953810935,0.2771856059016,0.1879479618559,0.1900114407126,-0.2389572176017,0.2664667450620,0.6649746261255,0.3449469535041,0.4867034979120,-0.1384872720698,0.6833406920388,-0.0202043700198,-0.1240271815202,0.0711325966426,0.0259077778352,-0.0267329665373,0.2787361240749,0.0233917447988,-0.1159135500936,0.1542478873154,0.1005572894145,0.1650695848367,0.3108276538425,0.1346985265833,0.3252390087031,0.1853889329546,0.5283651090460,0.1486737436886,-0.0170453049271,0.1529933821001,0.0262295649387,0.1724317404489,0.8671033590455,0.3867287731673,0.1416136236072,0.0179044265907,0.3528049378101,0.1522923601480,0.2358397399225,-0.3008462494456,0.2081340441627,0.6708954944289
0.3075727316726,0.4198672332203,0.3973059887101,0.4504784683426,0.0766851037663,-0.2606692819751,-0.1640633339494,0.2328238291747,-0.2016270898659,0.2699390239789,-0.0799063882072,-0.2185817362071,0.0543538118060,-0.2156915040590,0.3102086734851,-0.0140700607977,0.0879620442081,0.5974937306523,0.3241246364349,0.5063573678195,0.0442402955967,0.1194095668968,0.2921688219998,0.2998822916774,0.1636008821144,0.4594806588735,1.0000000000000,0.6059462102009,0.1461010345994,0.2560877519029,0.2889475274204,0.2215535366251,-0.2391764011450,0.2454701864565,0.4130660732675,0.3159994343912,0.3637408596547,0.0407340156456,0.3831359143179,0.0358461630207,-0.2736429186186,-0.2582703073240,-0.0688685795007,-0.2335268122838,0.2369482085270,-0.0981746932220,-0.2392889495168,0.0907466835220,-0.1508592150151,0.0110798463380,0.0785139257548,0.0409457511321,0.5336915495155,0.0238182405651,0.4677579078113,0.1338213861340,0.0565647747808,0.2156829778373,0.1783546255869,0.1005360412791,0.4321586223986,0.7473414029962,0.5091012446200,0.0294708553049,0.1505607225647,0.0762307539277,0.0765670422499,-0.3107864348108,0.1212136340008,0.3647668774354
0.1672432275468,0.4272103949306,0.6633349501943,0.2785716432671,0.0878631804507,-0.3806777042275,-0.5080852231752,0.3297791361150,-0.4660575410735,0.2951649666131,-0.2261235499042,-0.1187789772559,-0.0277989325080,-0.2061163450157,-0.0539912198355,-0.3051818974507,0.4249928697215,0.3432709056058,0.0524844067996,0.1739919226872,-0.0002489955291,0.4719724857513,0.6615558416104,0.7247039542651,0.3485923785858,0.1182947655449,0.6059462102009,1.0000000000000,0.4794892246642,0.1102466609953,0.5017918825889,-0.0000529882483,-0.3359298279064,0.1372179228938,0.2107930804399,0.1377982549794,0.3316812905898,0.0633633848119,0.1691864603785,0.0913293201463,-0.3872431777814,-0.5851055182733,0.0584768000385,-0.5189767432117,0.2420089935851,-0.2285359408752,-0.2796584107656,-0.0417775966048,-0.1977245536203,-0.2513246671132,-0.2760142269353,0.4484534583338,0.3113697464470,-0.1651067925978,0.0869667400071,0.1078475724818,0.4312206029319,0.6148066670194,0.6358162629882,0.2889955397236,0.1132892846119,0.3679290263181,0.8938111601009,0.3842872721325,0.0019548581214,0.3119077790179,-0.0923427555998,-0.3773195875821,0.1269880615905,0.1545311438897
0.0837286796827,0.3401517384709,0.3587023967293,0.2109389528661,0.4296591533826,-0.1612908167151,-0.2026242270978,0.5598556554939,-0.2856136365992,0.3697415723720,0.2116841746873,0.1035125021631,0.3127789054513,-0.1503468506228,-0.0535238331371,-0.1635660430043,0.5875566353703,0.1131001621688,0.0358317261369,0.1606155210815,0.3712865063726,0.6837642578308,0.6424184287102,0.7307853723935,0.6920224572950,0.0415953810935,0.1461010345994,0.4794892246642,1.0000000000000,0.0928036389918,0.6277967445532,-0.2084027462711,-0.1808003651967,0.1603866478296,0.2480929576536,0.0234682981004,0.2583927681314,-0.1731242799303,0.1090874148530,0.4005762139816,-0.1961226073453,-0.3339020715242,0.3257111981060,-0.3218416896838,0.2564059257411,0.0725055525366,-0.1892455838786,0.2234246771439,-0.1647997591150,-0.1863714960829,-0.1772721413536,0.6187349518788,0.1238639757398,-0.2244238506935,-0.0331590860772,0.3783214844512,0.6380614473959,0.6313163617719,0.6801831653811,0.6399803348116,0.0166382888450,-0.0823281119989,0.3693784566778,0.9187423960783,-0.0056460840160,0.5486324314380,-0.2624197285653,-0.2130029794500,0.1982868660261,0.1355620440849
0.3134659311540,0.4370770257721,-0.1601912507294,0.1445706464357,0.4285754305450,0.0824567295677,0.1253172591938,0.1506570187956,-0.0343032251795,0.3443355269090,0.3655401461069,0.2637634509929,0.4735924743492,0.1716909121811,0.4072280164309,0.3602268622129,0.3018800202112,0.5072488400175,0.4318399555148,0.5302782210351,0.3492087737366,0.3903772404947,0.2820300984093,0.2421368316642,0.2669739887170,0.2771856059016,0.2560877519029,0.1102466609953,0.0928036389918,1.0000000000000,0.3047622820725,0.1411357777939,0.0460858220230,0.7259080957631,0.6077863297008,0.4353811484699,0.3743057435192,-0.2941398525589,0.1584585371997,0.4146876512691,0.0645678090810,0.1436596450623,-0.1345920445399,-0.0760093449046,0.3175254652415,0.4386773827752,-0.0581491552955,0.4881694096267,0.0864389662985,0.2674254722589,0.3199553692334,0.2636964954814,0.4495831210093,0.0891520207815,0.5083074056374,0.3446364228320,0.3605902583448,0.2540942242271,0.2085393154541,0.3093598311973,0.4082218983196,0.3397870216755,-0.0691210526355,0.1151474596210,0.8366160310916,0.3221794140948,-0.1083502782450,-0.1173611547795,0.6762560083479,0.6327679714210
0.4491526029566,0.6032741408430,0.2409250913921,0.4348131070102,0.2656499550489,0.0115156615102,-0.1158188048154,0.6664295568759,-0.1220301789775,0.4505375944790,0.1312578317129,0.1825166481833,0.1954856150232,-0.1169922838111,0.1927101588699,-0.0032779760583,0.3355410970794,0.3561055719911,0.2301232914372,0.4395355850760,0.1732295243835,0.6471027963719,0.7794111774023,0.6472630755994,0.5888291952677,0.1879479618559,0.2889475274204,0.5017918825889,0.6277967445532,0.3047622820725,1.0000000000000,-0.1077899317603,-0.0757771272839,0.3426426909386,0.4509620441762,0.4680904915218,0.4983600489613,-0.2905641715742,0.3638427747368,0.1950526484854,-0.0660457890981,-0.2189900250342,0.2959079948749,-0.2403517407928,0.4463693323636,0.0230767373805,-0.0929757274062,0.1068436718210,-0.1029943257762,-0.0159493185868,-0.0302227112635,0.3682274270403,0.4507352444865,-0.0681400171504,0.1662215660393,0.1548752950610,0.5520380312976,0.7493143304404,0.5924412221700,0.5745495893566,0.2025106560132,0.0809198092426,0.4152977378688,0.5689336497975,0.1976032069859,0.7828677245992,-0.2436963102412,-0.1226487375681,0.3743786178761,0.3854289042809
0.0397343269585,-0.1135827043959,-0.0241281563003,0.0076555893417,-0.1043321772208,0.2577364182344,0.2386113393628,-0.1093340356184,0.3073229392699,-0.0790818064837,-0.1606184253477,0.1168422630016,0.0332221314254,0.4631265978717,0.2771992576196,0.4841164075131,-0.2254065887979,0.1095411635932,0.3374100476697,0.2105496163983,-0.0956511259677,-0.1840823755350,-0.1711206210935,-0.1639100558547,-0.1402281245473,0.1900114407126,0.2215535366251,-0.0000529882483,-0.2084027462711,0.1411357777939,-0.1077899317603,1.0000000000000,0.1759715450431,-0.0245227295153,0.0146928297487,0.1009155261586,-0.1569595267667,0.1239584719699,0.0390543956780,-0.1287498685498,0.1563139978378,0.2488601491529,-0.1222131734706,0.2433401001343,-0.0464204276942,-0.1731015494423,0.4378466311954,0.0613660000264,0.5092908430777,0.3143913983795,0.4368594257119,-0.2609169069935,0.0292712861348,0.5058047723823,0.3226904104374,-0.1073813770422,-0.1856547560071,-0.2307716135470,-0.1514845332757,-0.1411147466477,0.2569428218327,0.4708457366664,-0.0470501605924,-0.1929793037738,0.2246005642109,-0.2405553812534,0.6942991110953,0.1080844017330,-0.1303230513090,0.1800515787778
0.0501578585900,-0.0865720352441,-0.0443549658979,-0.3033970672483,-0.1311800420270,0.8007933785003,0.4352938874347,-0.2044727849349,0.7042803807916,-0.2415583215631,0.0573054302610,0.3947496801251,-0.0962515418963,0.5613379400069,0.2344402893179,0.4022954549681,-0.1676560775187,-0.2149333752730,0.1845089552611,-0.1632805637570,-0.1601762811552,-0.1410046017115,-0.2358170554359,-0.2118039184070,-0.1618859768765,-0.2389572176017,-0.2391764011450,-0.3359298279064,-0.1808003651967,0.0460858220230,-0.0757771272839,0.1759715450431,1.0000000000000,-0.1025275934871,-0.1506647829470,-0.0074785176555,-0.1460446772539,0.0816813765287,-0.2748151747423,-0.0879056503054,0.7030059810709,0.5954623898626,-0.1826873175034,0.7339885746297,-0.1996140622184,0.0197452093923,0.6411832269363,-0.0868639497032,0.4420719418380,0.5167001888327,0.3342321922946,-0.2084885369206,-0.2516257171635,0.3738653730511,-0.1676370029905,-0.2507110433855,-0.1837114589841,-0.1894647878230,-0.2082894469010,-0.1333182523982,-0.2033871719242,-0.1854812051578,-0.3778553974923,-0.1869530138411,0.1440050946254,-0.0821330277970,0.2439909903549,0.8423035550148,-0.1264123111428,-0.0642263677212
0.2411242130233,0.4886852837874,-0.2293024940310,0.3227743935592,0.5341029610234,-0.0272441838756,0.0545618559297,0.1228923153923,-0.1869434179709,0.4528653727757,0.4269518962241,0.0914094378293,0.5362464908884,-0.1037082827812,0.1189863590405,0.2529256053708,0.3483089887314,0.6355948172970,0.1176006335596,0.5888419964318,0.4582202112395,0.4835077513558,0.3800121716982,0.3410864094439,0.3324597897835,0.2664667450620,0.2454701864565,0.1372179228938,0.1603866478296,0.7259080957631,0.3426426909386,-0.0245227295153,-0.1025275934871,1.0000000000000,0.6527113533298,0.3552615347495,0.4185565101172,-0.3680278252873,0.2543274492015,0.4789506836724,-0.0150161319360,-0.0117661351111,-0.1895613965182,-0.2043275561454,0.4384213705102,0.4480620264604,-0.2344354623567,0.5447137472397,-0.2220300498160,-0.0111052411407,0.1806578390352,0.3127917153499,0.5548045404421,-0.1901151272274,0.5558373123549,0.4759891794589,0.4238816056680,0.3519422539472,0.3010727520167,0.3372770121720,0.3463785961662,0.3010841934101,-0.0427396471371,0.2029906265119,0.5800606154830,0.3742373682338,-0.3781528420176,-0.2310589049977,0.7720236862717,0.6415172549302
0.3360970407359,0.6356329432423,-0.1374711320145,0.5333370781252,0.3858872988290,-0.1001856462092,-0.0167569293580,0.1859372499358,-0.1818135556723,0.4181792474940,0.2037336927007,0.0926396813709,0.4014656457809,-0.1609039600716,0.2905006268688,0.1616184734754,0.4206684798333,0.4892897869919,0.3864482150134,0.7214238681250,0.3556490930449,0.4205240658159,0.4694032912573,0.3451760384918,0.3164815989568,0.6649746261255,0.4130660732675,0.2107930804399,0.2480929576536,0.6077863297008,0.4509620441762,0.0146928297487,-0.1506647829470,0.6527113533298,1.0000000000000,0.3833665682296,0.6796484503046,-0.4077341731003,0.5201602564433,0.3445982494656,-0.0724433079544,-0.0659480578788,-0.1531453155327,-0.2181290714484,0.3921507934656,0.1809982433458,-0.2430002769337,0.4012883617998,-0.0622974854149,0.0767199483591,0.2556522519658,0.3825592025189,0.4968272127700,-0.0036898526324,0.5627435273752,0.4075840920800,0.3975752885060,0.4656716902472,0.3720347622913,0.3672953573579,0.6931470148326,0.2988953244494,0.1258693395120,0.2218430558531,0.6025161017993,0.4490317967462,-0.1132504946360,-0.2457406248621,0.6096071260702,0.8678095748304
