1.0000000000000,-0.0178042759352,-0.3037390887940,0.0214407478180,0.0878665883794,-0.4278255634261,0.2439535474067,0.2054263060977,-0.0905201990131,0.2944184575947,-0.0746384013419,-0.0091725433709,0.2810482820795,0.0569545038797,-0.0469482822860,-0.0550947936497,-0.0000887502928,0.0322610462247,-0.0772808629526,0.0984123304855,0.1746461953536,-0.1598071102509,0.2974767200079,-0.1282668317977,0.2242345445049,-0.0212075361704,-0.2203505335427,-0.0025247148269,-0.2145688378530,-0.1389212146384,0.1912744028526,-0.0703679202593,-0.1472574304360,0.3923724603668,-0.0096804340636,0.4597472556075,-0.0972767337542,-0.1647793383465,0.3819408673142,-0.0544728010459,-0.1015286668443,0.1982763126748,-0.1299266778804,0.0285982193550,0.2582167057206,-0.1037389350261,-0.1911915154222,0.3192595964477,-0.0827260870964,0.0480096776042,0.0456750630282,-0.0455691798798,-0.2638640811348,-0.0778571048560,0.1540236130343,0.3931203290338,-0.2051297290308,0.2874652554572,-0.3278662448693,0.1157715389384,-0.1653050617113,-0.2678227260436,-0.3310349531948,-0.4428107164426,0.1463405580570,-0.2237782573195,0.0147169228592,-0.3762726118049,0.0709662392044,-0.1254114895893
-0.0178042759352,1.0000000000000,-0.0822923356888,0.5688099160159,0.1934877061892,-0.2670249068450,-0.2857205569303,-0.0901253651463,-0.3603044407054,-0.2540494413960,-0.3054200527575,-0.0171213340489,-0.0505549762135,-0.2182166687899,-0.3205265528121,-0.3466608029695,0.3118034570284,0.2269451296841,0.0308730260480,0.2399888134805,0.1150760607934,0.3095892853991,0.4861177244160,0.2147173785095,0.1287534188232,0.1709111275930,0.1263967240402,-0.0306734902583,0.2380094847696,0.1433068311379,0.4819580710114,0.1095158166086,-0.1525015306503,0.1751845903525,0.3366288424531,0.1839185630281,0.8056712075025,-0.0224306444444,0.2568368774740,0.0753942736681,-0.2311331623925,-0.2655418012379,0.0916929128178,-0.3912266776382,-0.2148830086431,-0.2569008298137,-0.1390906045536,-0.1870542989426,-0.2007362669900,-0.4479030939064,-0.2887117983475,0.4312265451510,0.3565795634649,-0.0732075926567,0.1733196404858,0.0407083231724,0.3270055573315,0.4632029859583,0.3499953348380,0.1605875321625,0.2714583534959,0.2784182054482,0.2076293722785,0.2222435919847,0.0329831829638,0.4789401236552,-0.0010010106580,-0.0901028738722,0.0394558253974,0.3887546945561
-0.3037390887940,-0.0822923356888,1.0000000000000,0.0697237112614,-0.0974974524504,0.1986732871652,-0.2124018794020,0.1936576912991,0.0745321424331,0.0768728025383,0.0006467072406,0.1023753762411,-0.2547326339294,0.2843885554274,0.1501453419705,0.0672830257826,0.0669348029852,0.2068203991666,0.0870054586178,0.0782329674099,-0.0961407435740,0.3247844659544,-0.1278245869585,0.4891901538278,-0.0357299256516,0.2531334978855,0.5974011047781,0.5947748894962,0.1218867195940,-0.1820286409355,-0.0002013448923,0.1048801508933,0.0035959908785,-0.3212191962996,-0.1585603660018,-0.3336548101611,-0.1053685907387,0.5219780665134,-0.1464312018947,-0.0278562890656,0.0000508599331,-0.1687439832756,-0.0772934731706,0.0318558754321,0.0065298075246,0.1776389586301,0.1827966534230,-0.2121123239502,0.1478871098908,0.0547112541652,0.1067332270910,-0.0949167719593,0.0616121499279,0.0999656456852,-0.1448389573937,-0.1476637208207,0.0616426329379,-0.2561230241932,0.1863051219836,-0.0335381826110,0.1745927504340,0.1782147635904,0.5332133741154,0.1372852523799,-0.2704986018447,-0.1531200920044,-0.0164724894717,0.0872317076934,0.1029779947111,-0.0387533392634
0.0214407478180,0.5688099160159,0.0697237112614,1.0000000000000,0.4973009060322,-0.2441511343783,-0.2841432386314,0.1408003069388,-0.3275054830756,0.2076234073180,-0.2360571880055,-0.0813309027262,0.2083959748571,-0.1812599482598,-0.0443782098222,-0.2324512580801,0.2527619675835,0.3593807726557,0.0092416895866,0.2980948837999,0.4614598752671,0.3584467587369,0.5184905622549,0.1659349619361,0.3859116572851,0.1011523456759,0.0000253766819,-0.0061225502713,0.4517655205872,0.1530866564424,0.2812780229469,0.0825466142022,-0.1756607283441,0.1450119321488,0.2398457423320,0.1130165235706,0.4584596635677,0.1417100058589,0.4509583612205,0.3631540147024,-0.2741336353219,-0.3075067976409,0.2361691167972,-0.4469405631169,0.1839502444986,-0.0678291038943,-0.1877093114478,-0.1261272998907,-0.2187281267516,-0.3862377493424,-0.1810727876435,0.3688620999645,0.3798103201288,-0.1265749900074,0.1730049106421,0.3725596909186,0.3831010944500,0.4492132996294,0.3815820938842,0.3295879069417,0.2419309126037,0.2096684586900,0.2701690184715,0.4199073244902,-0.0449630002970,0.3797819081384,0.0023190790949,0.0280951202177,0.1698263181075,0.2756734507726
0.0878665883794,0.1934877061892,-0.0974974524504,0.4973009060322,1.0000000000000,-0.0504843095572,-0.0739177938244,0.2008062891200,-0.0986588474499,0.3208649837167,0.2797561832694,-0.2742941015041,0.3986403852279,-0.2669408989062,0.2032285911685,-0.0439917555491,-0.0051414561396,0.4502025035806,0.1623794855214,0.3729517972619,0.5606762436912,0.2175667576392,0.1779974884059,-0.0483011376526,0.4418015315916,-0.0741831407998,-0.0647572132451,-0.0895545128254,0.4373240641146,0.2125125130703,0.1072768646076,-0.1314385920363,-0.0694125628187,0.1965672132189,0.2204984860421,0.0631147820329,0.1963657926569,0.0328839745268,0.2876508446451,0.8115410762841,-0.1954879150303,-0.1668793250729,0.1662568037819,-0.2630971692997,0.2117673160546,0.0154044129300,-0.2899939396710,0.1288941105640,-0.1689402967267,-0.2407019281085,-0.1415434550274,0.1235986495952,0.1887029817163,-0.0907059662230,0.1979614197243,0.5834591366331,0.2342885409978,0.1549268168262,0.1712071618264,0.2804845006847,0.1295191341179,0.0878546878115,0.0357009619924,0.3846367697535,-0.1561877892181,0.1780424922277,-0.0482863278509,0.1082774865649,0.0143281007639,-0.0122292077475
-0.4278255634261,-0.2670249068450,0.1986732871652,-0.2441511343783,-0.0504843095572,1.0000000000000,0.3736691033039,-0.3136191356787,0.7864384891370,-0.1796070302121,0.5572381602474,0.1830518716673,-0.1732830630790,0.0619901468028,0.5379348354857,0.6766499136979,-0.1346054763744,-0.0704814666390,0.0884923403353,-0.1443034715449,-0.2196305888685,-0.1105429331612,-0.4245417966610,-0.1262390926244,-0.2643955841490,-0.1071920678948,0.1906257910784,-0.0806413017137,-0.1054589685594,0.1585836176232,-0.3864119975698,-0.1112429680476,0.8111651559884,-0.2013896838928,0.1222888306348,-0.4280802403627,-0.2254890378206,0.1172575666397,-0.3317463632626,0.1290322370071,0.6377344605619,0.1470075206988,-0.1949560515008,0.5410054500563,-0.1556352370068,0.1302831227659,0.3124138388746,-0.1012690915483,0.0419679948723,0.4088533197641,0.0923940271511,-0.2057746170036,-0.1229994484889,0.1108422346740,-0.2926536678999,-0.2232478361925,-0.0408097571571,-0.4323861163775,-0.0259054819350,-0.2034747798269,-0.0392283912616,-0.0981705907684,-0.0703942909402,0.0880098043984,-0.3483588159283,-0.1593369416548,-0.2631634782493,0.4851505519254,-0.2116639995076,-0.0859569461737
0.2439535474067,-0.2857205569303,-0.2124018794020,-0.2841432386314,-0.0739177938244,0.3736691033039,1.0000000000000,-0.2734968209796,0.6889991703397,0.1559181302891,0.4689941946918,0.0176641782010,0.3980713007315,0.1664408062124,0.1134422392726,0.6544625190952,-0.3074198009806,-0.4082195480739,-0.2703944149994,-0.4014444166934,-0.2534742570977,-0.5846081219368,-0.1112481719612,-0.4417030359221,-0.0166990581512,-0.1112084703803,-0.3364791390452,-0.2176449919269,-0.5530426472945,-0.0315474413469,-0.2949961427975,-0.2096505529648,0.5238189047666,0.1722011118774,-0.1974751047549,0.0405821663386,-0.4071858260901,-0.3326951797113,-0.0647143191379,-0.1110933813520,0.5267448921694,0.7211715701287,-0.3252469376418,0.6531243974359,0.2657772093498,0.1486091572028,0.2096292827181,0.5151874252626,0.0245293789802,0.5181442388558,0.3574776174182,-0.3368035843955,-0.4482880081702,0.1304447747769,-0.2227862969611,0.0764691521425,-0.4353255953209,-0.0740851397550,-0.5153903664837,0.0289172650437,-0.2699656392347,-0.5270000139236,-0.5874016146711,-0.5640480060073,0.1846125086437,-0.4107045950446,0.0041890527322,0.0618444724055,-0.1511573200686,-0.1393942399686
0.2054263060977,-0.0901253651463,0.1936576912991,0.1408003069388,0.2008062891200,-0.3136191356787,-0.2734968209796,1.0000000000000,-0.2561797086110,0.4165679852808,-0.2535678296073,0.0110592655057,-0.0600741915088,-0.0221624195828,0.0690801944301,-0.2763380882715,0.0281605721090,0.1462275190717,0.0568262786968,0.0159651482526,0.1681769338935,0.1442266048275,0.1481866725539,-0.0609755494224,0.5538587554297,0.0412241766161,0.0651231301779,0.3501754816166,0.4811694201182,-0.2471209479613,0.2731009337446,0.1935316874531,-0.3018797004347,-0.0842054681390,-0.2543509314245,0.0688314872952,-0.1504228539979,-0.0099821004591,0.0537578412325,0.1514530647045,-0.4701527588376,-0.1943613253404,0.4811507728176,-0.3393446621402,0.2784009166930,-0.1039761629051,-0.3191629207323,-0.0517179404505,-0.1632365962188,-0.3127316472278,0.0387600063744,-0.0424121825877,-0.1493888289293,-0.4038661595375,-0.1682386183518,0.1137385580386,-0.1909576854904,0.0209631249460,-0.2020653266531,0.2792071723165,-0.1379888045289,-0.0895993515675,0.1759718836475,0.2150736295503,-0.1924017292822,-0.0654338559179,0.2912277935818,-0.0971331359087,0.0849105885008,-0.3933778190339
-0.0905201990131,-0.3603044407054,0.0745321424331,-0.3275054830756,-0.0986588474499,0.7864384891370,0.6889991703397,-0.2561797086110,1.0000000000000,0.0008335209289,0.6082886391874,0.3147919313239,0.0754978027389,0.2467080123386,0.4950421006273,0.8135410631244,-0.1712723938875,-0.2684007252343,-0.0073545093516,-0.2876897705823,-0.2057800392969,-0.3406489481342,-0.3914985990924,-0.2617128643491,-0.1510260787567,-0.0346320223756,0.0470426153476,-0.1204053282872,-0.3134447604472,0.0651355301050,-0.3635145505825,-0.1358698461153,0.7304488453670,-0.0053686044920,-0.0037412677550,-0.2504562577821,-0.4179646382355,-0.0509365176952,-0.2627372745429,-0.0537750785673,0.6482219222774,0.4188739993869,-0.3285459627315,0.7315373957996,0.0163233487375,0.2033717422213,0.3371952600371,0.1959493637986,0.0788295392281,0.5186749192089,0.1861348881195,-0.2827681005214,-0.4023144090943,0.0888978635063,-0.3917608960342,-0.0627081436776,-0.3173579741707,-0.3856636712448,-0.3467834404236,-0.1230958505169,-0.1976557493803,-0.3747639347147,-0.3549202335241,-0.2687570834099,-0.2248017196071,-0.3967813941828,-0.2367403053695,0.2096894762892,-0.2172957997825,-0.1920108173357
0.2944184575947,-0.2540494413960,0.0768728025383,0.2076234073180,0.3208649837167,-0.1796070302121,0.1559181302891,0.4165679852808,0.0008335209289,1.0000000000000,-0.0139932169857,-0.2051127649361,0.3390611429402,0.2258494341629,0.0916432945629,0.1319445713630,-0.1538265886592,0.0731218473379,-0.1496131579131,-0.0985919096111,0.1518753941789,-0.2443437912170,0.1782188421726,-0.2875225268437,0.6634909328211,0.1312478903306,-0.1220924987557,0.1853047037799,0.0183408992450,-0.2362091177448,-0.1422969594778,0.0613178657163,-0.0478027483211,0.0772650380478,-0.2973638386296,-0.0641923654436,-0.3640060028136,0.0542370681578,0.2173916322973,0.2287096108967,-0.0892260010786,0.2065394915760,0.1523515870336,0.0188362253277,0.8417316716755,0.0082206045001,-0.1948320306990,0.3487974516212,0.0727110631777,0.0514103627657,0.2043017938379,-0.1720441909693,-0.3380605887946,-0.2310146068226,-0.1416885019852,0.3872816051144,-0.3065786589708,0.1620789747192,-0.4032327501409,0.5093167817421,-0.0306028853952,-0.2382051045017,-0.0259569890398,-0.1509829939703,-0.0415335194224,-0.3418490727995,0.0785949059062,-0.1389437818523,0.0097636613344,-0.3771569747702
-0.0746384013419,-0.3054200527575,0.0006467072406,-0.2360571880055,0.2797561832694,0.5572381602474,0.4689941946918,-0.2535678296073,0.6082886391874,-0.0139932169857,1.0000000000000,0.0373611173074,0.2445727230462,-0.0035272363642,0.5551148229142,0.4673914237709,-0.1993493827920,0.1766553513789,0.2909503929338,0.1771741244266,0.0532385841173,-0.1523236345957,-0.4674537251433,-0.1997396451814,-0.1595879105486,-0.0732886808985,0.1021342076821,-0.0847491229747,-0.1535927751198,0.3079839181862,-0.3745388438880,-0.2342919168050,0.4006339643291,0.0958780646689,0.2332988430118,-0.3180825174190,-0.1936773197856,0.1419057690495,-0.0844310457741,0.4562176821066,0.3596196398937,0.1507365466930,-0.3354668717692,0.3770520710204,-0.0961948520617,0.1628281779056,0.1064782586392,0.2666425890327,0.1574707391912,0.3468673598382,-0.0425948576058,-0.1874919918350,-0.1581965685315,0.3342120635287,0.1015427711420,0.1854492371863,-0.0696395182296,-0.3984924069828,-0.1045147858608,-0.2450115872471,0.1347660814504,-0.0202813041168,-0.1373433783650,-0.0256266361609,-0.1054672764883,-0.3311950000827,-0.2426525590863,0.1104135857743,-0.2081151240187,-0.1300003737431
-0.0091725433709,-0.0171213340489,0.1023753762411,-0.0813309027262,-0.2742941015041,0.1830518716673,0.0176641782010,0.0110592655057,0.3147919313239,-0.2051127649361,0.0373611173074,1.0000000000000,-0.1309538275600,0.4071102163327,0.1026944220422,0.1791056400650,0.1437926673692,-0.2741507323661,0.2544747538259,-0.1458670907148,0.0410967718735,-0.0775243920036,-0.2366557572595,-0.0086422325640,-0.2360274474376,0.2879538660252,0.1987346606170,0.1461696848474,-0.0642820162216,0.0228743248953,-0.1176923221308,0.3380966083744,0.0943929328644,0.0386883216224,0.1145377238611,-0.0236686394979,-0.0897650076794,-0.0035595501283,-0.0900339416101,-0.3713244270751,0.0934884990111,-0.0717881873432,-0.1438882693874,0.1712396588287,-0.3093647668450,0.0277401384220,0.4299678398245,-0.1351801411022,0.1571941103713,0.0431819979827,0.0051695218449,0.0074259886773,-0.2962381463858,-0.0120196184967,-0.3015217629706,-0.1295720599086,-0.2310599673380,-0.2500438982750,-0.1759435077623,-0.3282094228143,-0.0583431773487,-0.1821127329503,0.0157276673932,-0.1535369857900,-0.1513988648569,-0.2395148165737,-0.0451496065323,-0.1204926141671,-0.0626968111443,-0.1137318620781
0.2810482820795,-0.0505549762135,-0.2547326339294,0.2083959748571,0.3986403852279,-0.1732830630790,0.3980713007315,-0.0600741915088,0.0754978027389,0.3390611429402,0.2445727230462,-0.1309538275600,1.0000000000000,0.0651336409989,-0.0254799331482,0.1310165206137,-0.1114881664016,-0.0030253717601,-0.1224467377116,0.0849388484009,0.4739137778614,-0.1916911691354,0.0583670528854,-0.1862424575134,0.2429720628054,0.0164849993877,-0.3115313287574,-0.2848411849482,-0.0839451527342,0.1720482876518,0.0266644499696,-0.1947546961157,-0.0523140563267,0.2227948787374,-0.0605635388043,0.2031149621311,-0.0874951464101,-0.1925020581140,0.1936133294938,0.2571359859733,0.0258113123430,0.4231224889904,-0.1342619025270,0.0877938500866,0.3259292434976,0.2922701111822,-0.0090362697781,0.6225111429999,0.0091215907141,0.1218204623729,0.2320968396393,-0.0461421606956,0.0032123316877,0.1205692884615,0.0959824462140,0.6282009425201,-0.0910307954741,0.1062004909518,-0.1371220064247,0.2094763195993,-0.0040668889355,-0.2103904076671,-0.3592189963038,-0.1271825054731,0.3767025097961,-0.0521037532510,0.0308509588690,-0.1006134567933,0.1099853619089,0.1482323083991
0.0569545038797,-0.2182166687899,0.2843885554274,-0.1812599482598,-0.2669408989062,0.0619901468028,0.1664408062124,-0.0221624195828,0.2467080123386,0.2258494341629,-0.0035272363642,0.4071102163327,0.0651336409989,1.0000000000000,0.0486041996042,0.2368599360893,-0.1279704856057,-0.3167088164968,-0.0379108472685,-0.2604137435665,-0.1499441975515,-0.3289458678300,-0.2707383027923,-0.0349573679690,-0.1266257783074,0.6752375580569,0.1656851517813,0.3614614515014,-0.4211685854568,-0.2361569650259,-0.3293404876263,0.4558105425446,0.1639912218269,-0.1539931577811,-0.3384751022602,-0.0488744410344,-0.3385688220133,-0.0176114511243,-0.0626772310173,-0.3586989184796,0.1904885752324,0.3318539249528,-0.3322670002548,0.3387952870952,0.1231846046044,0.3542945172687,0.4878312931197,0.1555966868643,0.6977085213610,0.3805013160591,0.2692831554959,-0.2731520524939,-0.3676070755545,0.1113063328761,-0.2978397523017,-0.0431730004045,-0.4332204118425,-0.3244348275903,-0.3578671836197,-0.1307772040560,0.2797247500162,-0.0678041295471,0.1262845747569,-0.4402105271833,-0.0037424294896,-0.5295213156804,0.2495401980583,-0.0939540398839,0.0074915073499,-0.1246937733305
-0.0469482822860,-0.3205265528121,0.1501453419705,-0.0443782098222,0.2032285911685,0.5379348354857,0.1134422392726,0.0690801944301,0.4950421006273,0.0916432945629,0.5551148229142,0.1026944220422,-0.0254799331482,0.0486041996042,1.0000000000000,0.3866407976208,-0.1197455354630,0.4067074918531,0.5240905610834,0.3105109452783,0.0847716800118,0.0907794751065,-0.3879898224155,-0.1546152623693,-0.0478774964210,-0.0061879894713,0.2696769105283,-0.0463322688597,0.1907448966974,0.3679839468645,-0.3405325289614,-0.0501195690664,0.4163747180037,-0.1139453322645,0.3227801030359,-0.4798106495860,-0.2269676101613,0.2647552290596,-0.1111415945935,0.4174520007911,0.2412961860372,-0.1739798667992,-0.0491906778659,0.1084432431771,-0.0567547107824,-0.0966890003195,-0.0429561481657,-0.1592278751863,0.1398130766968,0.2181022888806,-0.1691479411297,-0.1071389981535,-0.0569445509416,0.0635746267141,-0.0042772281244,0.0110582797460,0.0907044907231,-0.3975042614998,0.0346921148357,-0.2385404744458,0.1728656898201,0.0913009719364,0.0538970427919,0.3005233039303,-0.3948636214672,-0.1996015990131,-0.2316472889656,0.3098047774414,-0.2294936930414,-0.2306661853377
-0.0550947936497,-0.3466608029695,0.0672830257826,-0.2324512580801,-0.0439917555491,0.6766499136979,0.6544625190952,-0.2763380882715,0.8135410631244,0.1319445713630,0.4673914237709,0.1791056400650,0.1310165206137,0.2368599360893,0.3866407976208,1.0000000000000,-0.1369937721823,-0.2482005740324,-0.0501470848729,-0.3304404904055,-0.2376228152341,-0.3172283070172,-0.1869455495557,-0.2419265649099,-0.0570653913248,-0.1690125356816,-0.0770386016939,-0.1000457562712,-0.3365521212355,0.0968574992805,-0.3584543816188,-0.1109213405041,0.6637526782050,0.0770349966551,-0.0453680985376,-0.2264815512851,-0.3832255605511,0.0162713037008,-0.1208347619769,-0.0058067851199,0.6935194817174,0.3700066911947,-0.3547852160285,0.6673739376437,0.1964707265279,0.1308999281539,0.4017330540066,0.1594644769936,0.1500403422402,0.6018096025520,0.3412840883056,-0.2681542411180,-0.4052275191696,0.2494935189401,-0.2692941142902,0.0032292413629,-0.2939651084356,-0.1488309447467,-0.3517049759027,-0.0040081846433,-0.1617305670995,-0.3732792283854,-0.3282098766209,-0.3398165108670,-0.0945009435991,-0.3973136581307,-0.2271700500625,0.2171198064068,-0.1503954508795,-0.1709405695127
-0.0000887502928,0.3118034570284,0.0669348029852,0.2527619675835,-0.0051414561396,-0.1346054763744,-0.3074198009806,0.0281605721090,-0.1712723938875,-0.1538265886592,-0.1993493827920,0.1437926673692,-0.1114881664016,-0.1279704856057,-0.1197455354630,-0.1369937721823,1.0000000000000,0.0443756720380,0.1278700589481,0.1159903280425,0.2680664760058,0.5214803852668,0.3750614281944,0.4432466475867,0.1372500375947,-0.0258771208258,0.0987313206282,0.0632346674563,0.3093738056435,0.0399746295279,0.4380788950341,-0.0854816959987,-0.2011993147566,0.1271604261266,0.2522398348321,0.2426870114760,0.3470827542261,0.1431906182682,0.1848601889913,-0.0919326422392,-0.1118033268529,-0.2917066132233,-0.0408670981963,-0.1492355031585,-0.2162267074854,-0.0713046378134,-0.0365059151127,-0.2477320785954,-0.1727142868748,-0.2132701348966,-0.1194280620277,0.7961109726351,0.0639543295102,-0.0557585292688,0.0206900952397,0.1029777548652,0.2796304499192,0.3143719623254,0.3104011883929,0.1427936210876,-0.0414589349878,0.0027839818342,0.1794568596506,0.1966611873914,-0.0180226804118,0.2969586352389,-0.2600658692902,-0.1326278252058,0.1690726203393,0.1664216210164
0.0322610462247,0.2269451296841,0.2068203991666,0.3593807726557,0.4502025035806,-0.0704814666390,-0.4082195480739,0.1462275190717,-0.2684007252343,0.0731218473379,0.1766553513789,-0.2741507323661,-0.0030253717601,-0.3167088164968,0.4067074918531,-0.2482005740324,0.0443756720380,1.0000000000000,0.5430553521698,0.8783410433830,0.3054100963846,0.5036464756353,0.0505928011878,0.2287596444210,0.1849884469225,-0.0659725890508,0.3825445315676,0.0610386964868,0.4600570054456,0.3905775916043,0.1861715086522,-0.0884371476592,-0.1198678411171,0.0329212122882,0.4955353524239,-0.2840124762421,0.3641294649707,0.5009081785034,0.2994914609116,0.5994452565808,-0.2335389512660,-0.5232390629744,0.0877937315963,-0.4795960912273,-0.0802911399768,-0.3229388565282,-0.3146628613509,-0.2527029240655,-0.0071149381689,-0.3297932562053,-0.3967469544114,0.1880075392856,0.4907757376942,0.1744107845586,0.5601983520404,0.2025958100598,0.5158579093349,0.0641471034311,0.4622572661849,-0.0001390055938,0.4531393835940,0.5344624668095,0.3481001742108,0.5210962013098,-0.1853283588097,0.2806034507284,-0.2144249080431,0.0817573317527,-0.0874096175675,0.0895179676174
-0.0772808629526,0.0308730260480,0.0870054586178,0.0092416895866,0.1623794855214,0.0884923403353,-0.2703944149994,0.0568262786968,-0.0073545093516,-0.1496131579131,0.2909503929338,0.2544747538259,-0.1224467377116,-0.0379108472685,0.5240905610834,-0.0501470848729,0.1278700589481,0.5430553521698,1.0000000000000,0.6178820249752,0.1239919325918,0.2700052798611,-0.2311577316886,0.0710936966881,-0.0859461623941,0.0723415219518,0.4167160835520,0.0338493194017,0.2464501343789,0.4446847049341,-0.0771903393594,0.0945520111400,-0.0306011576745,-0.0132150236264,0.5954937152467,-0.3372187705204,0.1707972447096,0.3170995157481,0.1380792941113,0.2983920028499,-0.1065344450372,-0.4118642727053,0.0264605326041,-0.2535840236514,-0.3485736797282,-0.3712950389688,0.0082261591072,-0.2820406992153,0.1971540442682,-0.0933983456281,-0.3074650589983,0.1475676174168,0.0584042186572,0.2540036273172,0.2826032543596,0.0042740275694,0.1799546299642,-0.1763332509413,0.1834865210794,-0.3065594537419,0.3485508126351,0.2976419510371,0.1722487491326,0.2791476508846,-0.1207788613423,0.0244372233473,-0.3175299189703,0.0403890941767,-0.2246285328500,-0.0334279150249
0.0984123304855,0.2399888134805,0.0782329674099,0.2980948837999,0.3729517972619,-0.1443034715449,-0.4014444166934,0.0159651482526,-0.2876897705823,-0.0985919096111,0.1771741244266,-0.1458670907148,0.0849388484009,-0.2604137435665,0.3105109452783,-0.3304404904055,0.1159903280425,0.8783410433830,0.6178820249752,1.0000000000000,0.4365866723917,0.4820687471047,-0.0398088264979,0.2841383599402,-0.0016302415719,-0.0055581169037,0.3653347132911,-0.0139813036550,0.3792221643310,0.4544645011701,0.1959131770187,-0.0592259317589,-0.2155227082700,0.1487024511497,0.5888664382445,-0.1002536747001,0.4079399789219,0.3524439160326,0.3534098990745,0.4796340899112,-0.2358560049146,-0.4634434090925,-0.0208535749739,-0.4645419104265,-0.2677637738801,-0.2247515919378,-0.2140560290813,-0.1502795221748,0.0352672324775,-0.3228542345353,-0.3949256834386,0.2321068385397,0.5338000259194,0.3079885052725,0.6619605692325,0.3191334946693,0.4880067203032,-0.0113347230300,0.4778300044686,-0.1575360223688,0.4589475727379,0.5281978658094,0.2486487035752,0.4313335253256,-0.0414715231020,0.2622555748679,-0.2302360687672,0.0058807089586,0.0094234391315,0.2751891632996
0.1746461953536,0.1150760607934,-0.0961407435740,0.4614598752671,0.5606762436912,-0.2196305888685,-0.2534742570977,0.1681769338935,-0.2057800392969,0.1518753941789,0.0532385841173,0.0410967718735,0.4739137778614,-0.1499441975515,0.0847716800118,-0.2376228152341,0.2680664760058,0.3054100963846,0.1239919325918,0.4365866723917,1.0000000000000,0.3777621211093,0.0778012826717,0.2263409146866,0.2092499177988,-0.0011120851660,-0.0697119176466,-0.0752047558666,0.4748507807622,0.1700520684002,0.2169373159268,-0.0844552131070,-0.2955170295687,0.2129473884216,0.2456056601617,0.3025423596135,0.2167897377293,0.0694213410475,0.3193646579574,0.4310790160545,-0.2675489258640,-0.2142089781194,-0.0103124831282,-0.2873981234196,-0.0064755999159,0.2379262331287,-0.1222867342034,0.1269363075126,-0.1457830597089,-0.3312087512113,-0.1609564932642,0.3178002787837,0.2818461182966,-0.0308805494278,0.2487370726170,0.7473593058480,0.3093695395767,0.0546860612089,0.3307643134876,0.0597326005839,0.0855298501350,0.1355502999495,0.0852616675982,0.3966356752515,-0.0631494449907,0.2164469933981,-0.0798392075822,-0.0824603489940,0.1803912070417,0.1904943303423
-0.1598071102509,0.3095892853991,0.3247844659544,0.3584467587369,0.2175667576392,-0.1105429331612,-0.5846081219368,0.1442266048275,-0.3406489481342,-0.2443437912170,-0.1523236345957,-0.0775243920036,-0.1916911691354,-0.3289458678300,0.0907794751065,-0.3172283070172,0.5214803852668,0.5036464756353,0.2700052798611,0.4820687471047,0.3777621211093,1.0000000000000,0.2395590058175,0.7437436281677,0.0560926084136,-0.1196726915147,0.2510268424750,0.1010923576346,0.6466501282459,0.2237961814809,0.5492358403990,-0.1140335425774,-0.2984387398122,-0.1079204786218,0.3571578625168,0.0317852587349,0.4447359855264,0.3856900805486,0.1781347504150,0.2538558267590,-0.2369459944405,-0.5464374296129,0.0087148545099,-0.3869634826374,-0.2940242773627,-0.0485074714503,-0.1595014670410,-0.4640858685398,-0.1983435212867,-0.3502336574191,-0.2074262475561,0.4922525835034,0.4561644811980,0.0106784077185,0.2192233476299,0.0687274830956,0.6845789290914,0.1475873605317,0.6992312226941,0.0308759732543,0.1325884853676,0.3064652287145,0.3975099646004,0.5975450411575,-0.1913668011382,0.5052152394084,-0.2404688431624,0.1197536081680,0.1517060301054,0.2383129813691
0.2974767200079,0.4861177244160,-0.1278245869585,0.5184905622549,0.1779974884059,-0.4245417966610,-0.1112481719612,0.1481866725539,-0.3914985990924,0.1782188421726,-0.4674537251433,-0.2366557572595,0.0583670528854,-0.2707383027923,-0.3879898224155,-0.1869455495557,0.3750614281944,0.0505928011878,-0.2311577316886,-0.0398088264979,0.0778012826717,0.2395590058175,1.0000000000000,0.1197028673310,0.4903296067046,-0.1648672594096,-0.2701344169904,-0.0446133734214,0.1864487216074,-0.1130784752463,0.5409825578193,-0.0706107967237,-0.2075163157432,0.2098648529837,-0.0163428888240,0.2719284975221,0.3660131507782,-0.0176864734879,0.3606609268955,-0.0046836683127,-0.2011252634195,-0.0915660616984,0.1990958174137,-0.2659444960930,0.2546650075121,-0.2781551295566,-0.2431060580273,-0.0849717057519,-0.3072177804322,-0.2594645653396,-0.0623498031900,0.4178996524057,0.0399398454456,-0.1701907851273,0.0925420794371,0.1513143182391,0.2171399686147,0.8851323150893,0.1289749117091,0.5431652866545,-0.1084355803642,-0.1125816307420,-0.0018803393194,0.0285979659326,0.1214306789786,0.3601804015973,-0.0052809827414,-0.1758732231155,0.0800564391794,0.0531800418347
-0.1282668317977,0.2147173785095,0.4891901538278,0.1659349619361,-0.0483011376526,-0.1262390926244,-0.4417030359221,-0.0609755494224,-0.2617128643491,-0.2875225268437,-0.1997396451814,-0.0086422325640,-0.1862424575134,-0.0349573679690,-0.1546152623693,-0.2419265649099,0.4432466475867,0.2287596444210,0.0710936966881,0.2841383599402,0.2263409146866,0.7437436281677,0.1197028673310,1.0000000000000,-0.1737592605704,0.0007909938743,0.2697390127290,0.3519525419100,0.2526540935181,0.0849091040911,0.4436102146168,-0.0139156464885,-0.2987125192150,-0.1336912972124,0.1550859460602,0.1253866824395,0.3939353652735,0.3344057046716,0.1563859808199,-0.0423643208610,-0.0971840239733,-0.3164174821648,-0.3043514166154,-0.1433631376228,-0.2707709265039,0.1510053981757,0.0867095710966,-0.2956301017513,-0.0067426019751,-0.2052209153109,0.0059505877106,0.3313073740763,0.3770610858049,0.1514954211453,0.1535373251323,0.0432826445484,0.4439528795118,0.0558852498370,0.6395859211217,-0.0883549746570,0.1000935662992,0.2287957640236,0.4347397200248,0.1969946929166,0.0094804255806,0.3185045170983,-0.1876361681652,0.0291591111110,0.2725932995611,0.3487303582333
0.2242345445049,0.1287534188232,-0.0357299256516,0.3859116572851,0.4418015315916,-0.2643955841490,-0.0166990581512,0.5538587554297,-0.1510260787567,0.6634909328211,-0.1595879105486,-0.2360274474376,0.2429720628054,-0.1266257783074,-0.0478774964210,-0.0570653913248,0.1372500375947,0.1849884469225,-0.0859461623941,-0.0016302415719,0.2092499177988,0.0560926084136,0.4903296067046,-0.1737592605704,1.0000000000000,-0.0745865900555,-0.1713138888822,0.0294261997382,0.3663998412765,-0.1578037450459,0.3014053304762,-0.0183886900471,-0.1511949027404,0.0813191633719,-0.1180271442821,0.0351366264403,0.0065948722307,0.0651670496563,0.2737719400732,0.2994707720664,-0.2381925577775,-0.0472763527896,0.4133236864935,-0.2189057348158,0.6174051182396,-0.2433771423940,-0.2898517633173,0.0699624404194,-0.1726136517078,-0.2342060153848,0.0111821964761,0.1772883980962,-0.1426233882633,-0.2951565438980,-0.0454031765665,0.3267435307100,-0.0418578858134,0.4774788880146,-0.1726407287034,0.8148260557739,-0.0740407377823,-0.1349647904022,0.0064433568176,0.1562082115159,-0.0787574132200,0.1222004874946,0.0682884775421,-0.1723216901111,-0.0698917512781,-0.2898543683868
-0.0212075361704,0.1709111275930,0.2531334978855,0.1011523456759,-0.0741831407998,-0.1071920678948,-0.1112084703803,0.0412241766161,-0.0346320223756,0.1312478903306,-0.0732886808985,0.2879538660252,0.0164849993877,0.6752375580569,-0.0061879894713,-0.1690125356816,-0.0258771208258,-0.0659725890508,0.0723415219518,-0.0055581169037,-0.0011120851660,-0.1196726915147,-0.1648672594096,0.0007909938743,-0.0745865900555,1.0000000000000,0.3850212526078,0.2979775666390,-0.1798596625280,-0.1837451590250,-0.1277439979034,0.3410752631313,-0.0513247395183,-0.1231595050586,-0.0367331048162,-0.0079827334995,-0.0449156688097,-0.0497119476214,-0.0249327188024,-0.2306285452101,-0.0768632051185,0.1021402480569,-0.0798731162849,0.0550296505424,0.0210364601180,0.2481967252075,0.1076380333390,-0.0095124317806,0.4484322768011,0.0961343508201,0.0206599921832,-0.0790165262030,-0.1329480439851,-0.1509745179368,-0.2041686099075,-0.0560731906327,-0.2248215160154,-0.2740799118595,-0.1659191642026,-0.0888340010033,0.5073355679788,0.1346965486029,0.2466088112160,-0.1456203855191,-0.0472915786411,-0.2595691323002,0.2199068365920,-0.1538272221101,0.0923785751471,0.0899785218174
-0.2203505335427,0.1263967240402,0.5974011047781,0.0000253766819,-0.0647572132451,0.1906257910784,-0.3364791390452,0.0651231301779,0.0470426153476,-0.1220924987557,0.1021342076821,0.1987346606170,-0.3115313287574,0.1656851517813,0.2696769105283,-0.0770386016939,0.0987313206282,0.3825445315676,0.4167160835520,0.3653347132911,-0.0697119176466,0.2510268424750,-0.2701344169904,0.2697390127290,-0.1713138888822,0.3850212526078,1.0000000000000,0.4253064329062,0.1579289773225,0.0308912530587,0.0308997891135,0.2064110163007,0.0398015271183,-0.2109671472690,0.2906436807163,-0.3137176191198,0.1240202873317,0.3874260631471,-0.0680991824387,0.0433639835798,-0.0854271820150,-0.2407246877747,-0.0508461554888,-0.0451867941546,-0.2474424024873,-0.0200635269490,-0.0832680028721,-0.2003149968012,0.1284143253548,-0.0491878077848,-0.0833550868096,-0.0485677039173,0.1050867875815,-0.0001130875836,-0.0691740287023,-0.1937609787396,0.0113358272773,-0.3363397068346,0.1043032527547,-0.2120401337337,0.3196420399787,0.3949884399875,0.4072152233720,0.1566636274163,-0.3379217220644,-0.0764551236628,-0.1697862196599,-0.0665949489705,0.0646418232505,0.0515805246448
-0.0025247148269,-0.0306734902583,0.5947748894962,-0.0061225502713,-0.0895545128254,-0.0806413017137,-0.2176449919269,0.3501754816166,-0.1204053282872,0.1853047037799,-0.0847491229747,0.1461696848474,-0.2848411849482,0.3614614515014,-0.0463322688597,-0.1000457562712,0.0632346674563,0.0610386964868,0.0338493194017,-0.0139813036550,-0.0752047558666,0.1010923576346,-0.0446133734214,0.3519525419100,0.0294261997382,0.2979775666390,0.4253064329062,1.0000000000000,0.0940756045985,-0.3237857249904,-0.0733839127339,0.3612336938850,-0.1271166696998,-0.1374808036210,-0.2620152090094,-0.1276441732251,-0.0011478725024,0.3420988935751,0.1093261385979,-0.0565140357254,-0.2199552508066,-0.1342283167118,-0.1158174247753,-0.0722470496764,0.0815463899179,0.0439233323884,-0.0076868665831,-0.0672055762689,0.1795657045684,-0.0797542241588,0.0722059714265,-0.1159747658263,-0.1936841861380,-0.0598664419014,-0.0990465019773,-0.0171443816479,-0.2383880138345,-0.0691881002601,-0.0397472290507,-0.1180015153973,0.1264394105440,0.1255777245757,0.6867341376158,-0.1178756948211,-0.1918546999879,-0.3502477970148,0.1482505696656,-0.1747304142747,0.0759012862011,-0.3119457170016
-0.2145688378530,0.2380094847696,0.1218867195940,0.4517655205872,0.4373240641146,-0.1054589685594,-0.5530426472945,0.4811694201182,-0.3134447604472,0.0183408992450,-0.1535927751198,-0.0642820162216,-0.0839451527342,-0.4211685854568,0.1907448966974,-0.3365521212355,0.3093738056435,0.4600570054456,0.2464501343789,0.3792221643310,0.4748507807622,0.6466501282459,0.1864487216074,0.2526540935181,0.3663998412765,-0.1798596625280,0.1579289773225,0.0940756045985,1.0000000000000,0.1278516430617,0.3404629444917,0.0359899133336,-0.2606705517929,-0.1547439450994,0.2319199370720,-0.1137131697099,0.2957210292030,0.1926216006878,0.0869462452579,0.4776720688212,-0.3992173669690,-0.5484114959502,0.4507961837044,-0.5395926448474,-0.0826960310731,-0.1041343176029,-0.3659763511453,-0.3477393633124,-0.3763845157707,-0.5579236460140,-0.2464529736282,0.3890272657090,0.3324894124008,-0.2570416218959,0.0473875459637,0.1752980075418,0.4513198253615,0.1445696721453,0.4484475571435,0.1318349444442,0.0064426489638,0.1896140402689,0.3543927896026,0.8159149092422,-0.3109731729771,0.4676179348220,-0.0587978607118,0.1393620609901,0.0392907427789,-0.0396427128804
-0.1389212146384,0.1433068311379,-0.1820286409355,0.1530866564424,0.2125125130703,0.1585836176232,-0.0315474413469,-0.2471209479613,0.0651355301050,-0.2362091177448,0.3079839181862,0.0228743248953,0.1720482876518,-0.2361569650259,0.3679839468645,0.0968574992805,0.0399746295279,0.3905775916043,0.4446847049341,0.4544645011701,0.1700520684002,0.2237961814809,-0.1130784752463,0.0849091040911,-0.1578037450459,-0.1837451590250,0.0308912530587,-0.3237857249904,0.1278516430617,1.0000000000000,0.0905720654805,-0.0311073126612,0.0425981104817,0.3840032221839,0.6221472037670,-0.2194449880521,0.3135183983348,0.0405963824481,0.0888437411841,0.3070392440745,0.0721818299301,-0.3095385313794,-0.1944071330295,-0.2332316644450,-0.2814594624266,-0.2890218494336,-0.0099924181139,-0.1453286615456,0.0523305634376,-0.1645234422502,-0.2324880248997,0.1907886227700,0.3026282080051,0.2905634270153,0.2691578356370,0.0220758593523,0.3350679698486,-0.0165484889754,0.3586977231228,-0.1960276092791,0.2360495078476,0.2567730583804,-0.0241541868898,0.2871504496306,0.2066645874409,0.2351957673509,-0.2101444409665,0.1952363246746,0.0218475040692,0.3264328303717
0.1912744028526,0.4819580710114,-0.0002013448923,0.2812780229469,0.1072768646076,-0.3864119975698,-0.2949961427975,0.2731009337446,-0.3635145505825,-0.1422969594778,-0.3745388438880,-0.1176923221308,0.0266644499696,-0.3293404876263,-0.3405325289614,-0.3584543816188,0.4380788950341,0.1861715086522,-0.0771903393594,0.1959131770187,0.2169373159268,0.5492358403990,0.5409825578193,0.4436102146168,0.3014053304762,-0.1277439979034,0.0308997891135,-0.0733839127339,0.3404629444917,0.0905720654805,1.0000000000000,-0.1817832041470,-0.3500313462960,0.1041769059914,0.1860673101285,0.3674092130510,0.4820193873677,-0.0936601073022,0.2164683516859,-0.0389347090200,-0.2468982566298,-0.1617544801374,0.0353466042264,-0.2527129112809,-0.1119406515879,-0.1462735825212,-0.2124290755964,-0.1557915140963,-0.3176095191827,-0.3795227110870,-0.0765063290006,0.4503535911656,0.2793264022370,-0.1437259148496,0.0590824364893,0.0866785527812,0.2910739059907,0.4437558719791,0.2770175018111,0.3312076082124,-0.1328734415206,0.0109579985263,-0.0155334309931,0.1821591744919,0.1512997699500,0.5469344120682,-0.0948738278691,-0.1201332850273,0.1925227792428,0.3108631720745
-0.0703679202593,0.1095158166086,0.1048801508933,0.0825466142022,-0.1314385920363,-0.1112429680476,-0.2096505529648,0.1935316874531,-0.1358698461153,0.0613178657163,-0.2342919168050,0.3380966083744,-0.1947546961157,0.4558105425446,-0.0501195690664,-0.1109213405041,-0.0854816959987,-0.0884371476592,0.0945520111400,-0.0592259317589,-0.0844552131070,-0.1140335425774,-0.0706107967237,-0.0139156464885,-0.0183886900471,0.3410752631313,0.2064110163007,0.3612336938850,0.0359899133336,-0.0311073126612,-0.1817832041470,1.0000000000000,-0.0326308167943,-0.0161206298324,-0.0644399302875,-0.1271576349514,0.0042787201051,-0.0450132608362,-0.0562731942152,-0.1608607337116,-0.1324384477467,-0.1653549558077,0.0759928562293,-0.2082240108210,-0.0160603962093,-0.0546903886209,0.1378019397963,-0.0831798477795,0.2310272387959,-0.1786554263319,0.0515175562033,-0.1094055046882,-0.1307534208945,-0.0827849701676,-0.1416103687547,-0.1480176691129,-0.2473549833143,-0.0787209761856,-0.1164621316302,-0.1093403344237,0.1798360762478,0.1405437041958,0.3414555660256,-0.0592352030307,-0.2021187228387,-0.2311716648432,0.3152641770725,-0.1074775867895,-0.0603131301693,-0.1342762649029
-0.1472574304360,-0.1525015306503,0.0035959908785,-0.1756607283441,-0.0694125628187,0.8111651559884,0.5238189047666,-0.3018797004347,0.7304488453670,-0.0478027483211,0.4006339643291,0.0943929328644,-0.0523140563267,0.1639912218269,0.4163747180037,0.6637526782050,-0.2011993147566,-0.1198678411171,-0.0306011576745,-0.2155227082700,-0.2955170295687,-0.2984387398122,-0.2075163157432,-0.2987125192150,-0.1511949027404,-0.0513247395183,0.0398015271183,-0.1271166696998,-0.2606705517929,0.0425981104817,-0.3500313462960,-0.0326308167943,1.0000000000000,-0.0911781577394,0.0664021722343,-0.2692019539089,-0.2121836534205,-0.0415987903337,-0.1919812294105,0.0388664138759,0.6688794838967,0.3800915869265,-0.2072244224154,0.5720058251097,0.0008199041367,0.0569065615872,0.2450362433616,0.0507288572450,0.0684264666505,0.4455201798898,0.1207036853777,-0.2301784058204,-0.2045104737623,0.0394375795637,-0.2993028222097,-0.1584659978536,-0.1665498786144,-0.2137531475390,-0.2008067790807,-0.0959053033463,-0.0438750907383,-0.1963915420576,-0.2236565927196,-0.1437785029246,-0.2196963640206,-0.2078446740845,-0.1768346528273,0.4043100617065,-0.1916556028879,-0.0652279431884
0.3923724603668,0.1751845903525,-0.3212191962996,0.1450119321488,0.1965672132189,-0.2013896838928,0.1722011118774,-0.0842054681390,-0.0053686044920,0.0772650380478,0.0958780646689,0.0386883216224,0.2227948787374,-0.1539931577811,-0.1139453322645,0.0770349966551,0.1271604261266,0.0329212122882,-0.0132150236264,0.1487024511497,0.2129473884216,-0.1079204786218,0.2098648529837,-0.1336912972124,0.0813191633719,-0.1231595050586,-0.2109671472690,-0.1374808036210,-0.1547439450994,0.3840032221839,0.1041769059914,-0.0161206298324,-0.0911781577394,1.0000000000000,0.3116376431970,0.2597041937847,0.1153313847876,-0.1754751899421,0.2576536216400,0.0276612514865,-0.0038541341104,-0.0377121829220,-0.1703906717662,-0.0583998563063,0.0651785903226,-0.2135993956781,-0.0974952283289,0.2286602059748,-0.1520312113542,-0.0926112074968,-0.1243340669180,0.1402132861830,-0.0782526881548,0.0892353991271,0.1842392654811,0.3223720788193,-0.0733131556296,0.2603987782197,-0.0919657736893,0.0233841982134,-0.0781010841941,-0.0986934443494,-0.2053042616848,-0.2439401699456,0.2063274762636,-0.1238704204843,-0.0458592032700,-0.2615593915213,0.2601821727926,0.1328254162669
