1.0000000000000,0.4271747172247,0.2606145571308,0.5232146498155,0.3798657581521,0.0289011535848,0.2424516662734,0.5241784792921,0.1715148870632,0.2896143255281,0.2195951363935,0.1382840449687,0.2132816782248,0.2149516114593,0.3580424470543,-0.0233073285996,0.2189953761246,0.3585488538009,0.0505537937187,0.2736787783575,0.3137889212916,0.2007695338721,0.4318869752814,0.2508913543868,0.4046888889356,0.3692150068097,0.3578592903292,0.2871658611070,0.1968343061334,0.4559129210503,0.4225978289372,-0.0762995252800,-0.0405158859125,0.2700479290403,0.3547784353046,0.5009560610032,0.3392607647445,-0.0859365584045,0.3552669154123,0.1726642811326,0.1941997195468,-0.0647458171988,0.1649182434530,-0.1169744921298,0.2756507062052,0.0040774573026,-0.0513968447830,0.1738577621006,-0.0990907341139,-0.0397943444772,-0.0311756329128,0.1856695305563,0.0372420468696,-0.2331300414744,-0.1370479703196,0.2424337981844,0.0763153709646,0.2770450572877,0.0747422163766,0.3393705370510,0.1972477317045,-0.2133627099948,0.3294624252640,0.0162975547892,-0.0084018254763,0.1151645268340,0.0366343265360,0.1507760061671,-0.1055724136870,0.1807528455873
0.4271747172247,1.0000000000000,0.2629264318377,0.6081475433033,0.2172079858766,0.0237115209404,0.2345356241030,0.3485429395995,0.0607044582869,0.1334556453596,0.2628078270725,-0.0488252781207,0.2693925410534,0.0578023231975,0.1212070646866,0.0143067049757,0.4012173418414,0.5414164299541,-0.1648063865145,0.4492403719717,0.1473199485417,0.4098291653114,0.6733260940500,0.5057138349332,0.3519740710828,0.3596467650983,0.5531579318856,0.3889730835482,0.2976147479735,0.4987414330850,0.6682623144914,-0.0254705976678,-0.1236089695911,0.4829417084732,0.6499080734760,0.0493603000999,0.7004075212528,-0.3181003819504,0.3146585744767,0.0382070261568,0.2344688079098,-0.0449524420422,-0.2785033407414,-0.2604563409432,-0.0002814076503,-0.0917325088929,-0.2405104160128,0.3163213122800,-0.3566363785576,-0.3414318935061,0.0212173031637,0.3316552885376,0.2169713346509,-0.4088093183436,-0.1873354923245,0.1346551127145,0.2071955565295,0.5316086330180,0.2960228623925,0.1552775900697,0.0589934380540,-0.2653601662768,0.2854538983183,0.1159930317351,0.1595220093050,0.4161353029134,0.0713922311592,0.1774249381380,0.1567496611745,0.4471733924213
0.2606145571308,0.2629264318377,1.0000000000000,0.3337891501786,0.2583017319880,-0.1267107185880,-0.1510169577731,0.4363672718074,-0.1070417212830,0.1397815186935,0.0520095792796,-0.0207606364807,0.1203019305942,-0.0770052322285,-0.0407319827378,-0.1534841855949,0.2726584175229,0.3886368583776,-0.0268559666212,0.1951606667588,0.1862199866171,0.3165806168925,0.3914332759324,0.4502179160337,0.2995527518568,0.1265829076404,0.4455408955239,0.6600905452279,0.2458315573421,0.0230542108904,0.4850490416366,-0.2297983344325,-0.0859760490895,0.0844125254407,0.1253407745320,-0.0088841717058,0.1708905168281,0.2770730824456,0.2213018128708,0.1162942798791,-0.1030786027915,-0.2736977775951,0.1650531529860,-0.2263238975521,0.0795317364887,-0.0443318542487,-0.0361135992282,0.1424588129926,-0.0996821112945,-0.1751774523055,-0.1563159401864,0.2016654930405,0.0932729171789,-0.0630881353026,0.0485889661247,0.1528580380152,0.1096091433886,0.2843733860343,0.2402103714446,0.2217126792989,0.1127037991989,0.0754157036858,0.5940905877088,0.0322851140098,-0.1905996356964,0.1422946053432,-0.2343731780829,-0.0419265427910,-0.0455127166276,-0.1608212585337
0.5232146498155,0.6081475433033,0.3337891501786,1.0000000000000,0.3851622367441,0.1341080038065,0.3973643726409,0.5092815478561,0.3150191508160,0.4837829988512,0.3118815502161,0.1701225040322,0.4918401384069,0.3714175880974,0.3701053024381,0.2777881531605,0.2480129839850,0.4914855364297,0.1125600751322,0.5309303597131,0.3497797573437,0.2413144752101,0.5840102862930,0.2800062739349,0.5088715526049,0.6209666421720,0.6280641491667,0.5408935925798,0.2711564804105,0.5289782984706,0.4944322298220,0.0235783086645,-0.0551757741690,0.5230522431733,0.5324193682585,0.0324068229140,0.2933202943628,-0.0963722535544,0.5426140871406,0.1852046266406,0.2958422169318,-0.0688336859648,-0.0290701791637,-0.1779194928936,0.3716967275564,-0.2954051526424,-0.0832586827238,0.4193561300202,-0.1189105258160,-0.3464862274315,0.1989260861670,0.2123548676171,0.0048283177082,-0.3742145268631,-0.2295867333441,0.3030321267977,-0.0588666393366,0.3596769988337,-0.0359856621610,0.4325391196974,0.0897890183422,-0.1967541866305,0.5066790077335,0.1617617689609,-0.1861438895988,0.1141204049759,0.0882653704139,0.1271328496426,-0.0401111781774,0.2911701759153
0.3798657581521,0.2172079858766,0.2583017319880,0.3851622367441,1.0000000000000,0.0103914728988,0.0993708490129,0.6125662278858,0.1480181527840,0.4829581788358,0.6067761302837,-0.0564235055339,0.5524293762318,0.0284908615998,0.2540466136086,0.0379356405399,-0.0156581595485,0.1758024127001,-0.0107234520673,0.0377155890134,0.6756940857639,0.2459382322623,0.3852222626187,0.1569587950648,0.4157633563682,0.2295523096960,0.1929587574811,0.2009192597715,0.5424509357854,0.3108385568786,0.3804651431893,-0.1909960022651,0.0223865412439,0.3635475970564,0.1011443133658,0.1664714769714,0.1337489630968,0.0223283042025,0.3214514341524,0.7495349642265,0.1638901996477,0.1142507146691,0.4157661240666,-0.0292997917804,0.4534790828507,0.3467302164124,0.0021051937676,0.5189870076636,-0.0068726932857,0.0633964456291,0.0985494014090,0.1318486999400,-0.1061730899119,-0.1323836396326,-0.0691717991345,0.6724515593409,0.1530682881456,0.2601220196730,0.0536606567148,0.4803699545735,0.1156388754948,-0.0566985228048,0.3588215515008,0.3355580312704,0.0708748419452,0.0982257705050,-0.0569125325429,0.0991064402388,0.0679661890305,0.0538920812232
0.0289011535848,0.0237115209404,-0.1267107185880,0.1341080038065,0.0103914728988,1.0000000000000,0.6570417987196,-0.0726843412615,0.7082174417045,-0.1312792036144,0.0700557943328,0.6267718729675,-0.0758297516653,0.4850565521132,0.5929257821156,0.6600689493508,-0.1195409959673,-0.2254589870939,0.6553424506756,0.1048904082147,-0.0384608807180,-0.1386162488093,-0.1393369114301,-0.1228385207066,-0.0734695580936,0.2455503626191,0.0712793331512,0.0325225120213,-0.1082291329287,0.2268013526178,-0.0311352595462,-0.0369999972344,0.7486898637641,0.2145471437668,0.2927956207124,-0.1782437314261,-0.0250167320772,-0.3400611127712,0.0653105639928,-0.0387720329058,0.6227026590282,0.5808095224409,-0.2968143213027,0.6668521411453,-0.1667344947614,-0.1769502885661,0.4507556260154,-0.0474660503358,0.3594270758621,0.2204162349143,0.6683705581384,-0.0884743396563,-0.3715248855421,0.2716909415646,-0.2506161742870,-0.0362831385751,-0.3021763834084,-0.2392724981234,-0.3598724318281,-0.0712963397713,0.0652229337064,-0.2965838849908,-0.0825601355806,-0.1872353827427,0.0204570957452,-0.2056836937528,-0.3169170914749,0.3249332060577,-0.0108459959190,0.2915803920095
0.2424516662734,0.2345356241030,-0.1510169577731,0.3973643726409,0.0993708490129,0.6570417987196,1.0000000000000,0.0464393786247,0.7260093739685,0.0189374290428,0.3035511029704,0.5036913670823,0.2665202881148,0.5068369458503,0.5974144955060,0.6048689970032,0.1071213456993,0.0585209208327,0.4289004737370,0.3375625640347,0.0087240733355,0.0980258462560,0.0856020454046,0.1115075009544,0.0933144790387,0.2548624256487,0.2001879865690,-0.0198943050541,0.0812139304112,0.4309974539055,0.1305308980033,0.1517779960238,0.4079506575140,0.3437549270582,0.4317225061807,0.0010417683837,0.0154979402284,-0.3937828016476,0.1687675892582,-0.1038892280783,0.4685951888372,0.5817950693936,-0.3693126941776,0.4447126595891,-0.0369010212179,-0.1021781999270,0.1630805324128,0.3089781998866,0.0771983598252,0.0007541654609,0.5879395429303,0.0613423883868,-0.1898472969550,-0.0023302022160,-0.2300783318783,-0.0317793508810,-0.1198145676858,-0.0810521516794,-0.1795421668731,0.0476506254468,-0.1124322241139,-0.4196360101450,-0.0407237646865,-0.0779792158044,0.0065024651390,-0.1126353574790,-0.0382313965997,0.2066063184660,0.0068359949049,0.3717430030799
0.5241784792921,0.3485429395995,0.4363672718074,0.5092815478561,0.6125662278858,-0.0726843412615,0.0464393786247,1.0000000000000,0.1254607690002,0.3648210559161,0.5445923426851,-0.0808561547688,0.4673991997871,0.0411122375044,0.2839631334964,0.0470916369730,0.2268378095583,0.3232106997202,-0.0472146026275,0.3134834805415,0.4962500133344,0.3580739092655,0.4706945379458,0.3165223067729,0.6062944884406,0.4113162747568,0.4837071889005,0.4468285691000,0.6141486530563,0.3942525711909,0.6814071358999,-0.0864780273420,-0.0641366049790,0.3053009904913,0.2770178510638,0.0787142868267,0.1586703082497,-0.0635450287921,0.2704282658815,0.5258033658075,0.1214358898095,-0.1102418370332,0.3601591929842,-0.2449158279265,0.2248675137148,0.2620184928090,-0.1183329242934,0.3492502165706,-0.1201682585329,-0.1507396773645,-0.0414314604368,0.3335536872045,-0.0501359851991,-0.3242765454145,-0.0605998911843,0.4274548199300,0.1277731089368,0.2572416032732,0.0557346072574,0.4521039043018,0.1699006577846,-0.0391057957672,0.4496871754788,0.4394965537039,-0.0681241365976,0.1014456569944,0.0845266392631,0.0644106236244,-0.0219433461770,0.0625876162665
0.1715148870632,0.0607044582869,-0.1070417212830,0.3150191508160,0.1480181527840,0.7082174417045,0.7260093739685,0.1254607690002,1.0000000000000,-0.1044231321891,0.3869392641432,0.5812355473433,0.1806275753855,0.5682238699129,0.8600425004960,0.7146944032502,-0.1582095453592,-0.0135275678184,0.6653175398661,0.4101685835151,0.0641422854931,-0.1008474359165,-0.1438176660220,-0.0746082135594,-0.0501646951149,0.4454364683967,0.3013939311697,0.1199658638536,0.1130535974497,0.3614022556123,0.0332560101437,0.0350235396658,0.5468782322410,0.3856897939282,0.3245061838533,-0.1026481605867,-0.1182000626724,-0.3341657830077,0.2189737575734,-0.0092757516264,0.4312119341937,0.5785699807502,-0.2999437635806,0.5627341719543,-0.1846030064031,-0.0263912459605,0.3286591620027,0.0423224293284,0.2656557152792,0.1646882905006,0.5577993872425,-0.0788503855188,-0.3136172159048,0.0525992337579,-0.1477016870141,0.0022875864121,-0.3049786687601,-0.3839166659533,-0.3667700506075,-0.1287561760459,0.0849339545173,-0.2466519616657,0.0707177500390,-0.0605351861517,-0.1602853789211,-0.3129907446562,-0.1459892552788,0.1622207022421,-0.0731152005645,0.2326518335039
0.2896143255281,0.1334556453596,0.1397815186935,0.4837829988512,0.4829581788358,-0.1312792036144,0.0189374290428,0.3648210559161,-0.1044231321891,1.0000000000000,0.1455936010752,-0.0857617976622,0.5393538708742,0.0214292698893,0.0310264098648,0.0383342519058,-0.0811681332626,0.0367304509795,-0.1568294404864,-0.0836708696914,0.6135480906307,-0.0807262159926,0.4250110210863,-0.1157931982527,0.6591339872670,0.1989598469995,0.0120418031056,0.0776382282915,0.0509176737290,0.0373488484366,0.0671439180887,-0.0590251425834,-0.1496069393147,0.1466471830721,0.0387390414470,0.0055600218498,0.0628405741248,0.1649971878711,0.4697167832278,0.4960970359057,0.0450949584568,-0.1742739830035,0.4432935015823,-0.1642935263700,0.8740100932115,-0.0665997754972,-0.0506127250797,0.5340339934651,0.0501353371459,-0.0617248234702,0.0969964574032,-0.1363400132345,-0.1417431066347,-0.1663524950074,-0.1637490456365,0.6212330460843,-0.1428435218982,0.3234275430017,-0.1955670260375,0.6646682353912,0.1652164506446,0.0229133063968,0.1498514587796,0.0382145055131,-0.1534886300918,0.0117796268025,-0.0060518634814,-0.0024638852023,0.0409453477306,0.0709242841788
0.2195951363935,0.2628078270725,0.0520095792796,0.3118815502161,0.6067761302837,0.0700557943328,0.3035511029704,0.5445923426851,0.3869392641432,0.1455936010752,1.0000000000000,-0.0706487989428,0.6367192882560,0.1401089868336,0.4354051228157,0.2192442463046,0.0975178284394,0.1512312222959,0.0647603347322,0.2650102492361,0.4134120770254,0.3774605046681,0.1616809697444,0.2834633897826,0.1571784947983,0.3454736645319,0.3464810881899,0.2038361382473,0.5865749869424,0.4747868794814,0.3576966982880,-0.0656635446165,0.0350826148266,0.4210824820762,0.1623708437914,0.1140114320406,0.0144553519319,-0.1982895577998,0.1303167024781,0.4862064773176,0.2064639337448,0.3151227507809,0.0780863029758,0.0032837397936,0.0475769226478,0.6016901961394,-0.0786256362904,0.5320149955933,-0.0515946508904,0.0544583804017,0.1606198481253,0.3214116750325,-0.1434808949400,-0.2299048126043,-0.0756965025303,0.3463855109623,0.2225503102464,0.0058524907409,0.1018687132979,0.1397000063380,0.0410640917445,-0.1137792265150,0.3221079918360,0.4516785473475,0.1112434918086,-0.0574009312816,0.0922327870541,0.1391751323825,0.0204212683671,0.0556315009400
0.1382840449687,-0.0488252781207,-0.0207606364807,0.1701225040322,-0.0564235055339,0.6267718729675,0.5036913670823,-0.0808561547688,0.5812355473433,-0.0857617976622,-0.0706487989428,1.0000000000000,-0.1134872984401,0.7745337455693,0.4633157971169,0.4534588110041,-0.1322236531464,-0.2076283809816,0.8343658728977,0.1341529849466,-0.0643967331820,-0.2203458174310,-0.0986999451706,-0.1753626268324,-0.0719599363179,0.1947346191108,0.0682210143153,0.0088702722150,-0.2238792843176,0.1130571304880,-0.0911946489023,0.1729757224273,0.4924821584640,0.0643462770776,0.1928662625028,-0.0654435650516,-0.1080337163180,-0.2733130939647,0.1655188460235,-0.1954984075066,0.2396706620399,0.3775820632339,-0.2867856934871,0.5637897575870,-0.0676094092521,-0.2195383074265,0.7125420797553,-0.1405824532546,0.6105406887678,0.2628587559811,0.4465212578987,-0.1910008471730,-0.3797445341742,0.5356744259084,-0.1833823337940,-0.0821062847152,-0.3600817509970,-0.2530224976002,-0.3700120127600,-0.0940565511797,0.1179038533795,-0.2463450589575,-0.0391339183067,-0.3430616268334,-0.0574345777188,-0.3125287975270,-0.2210996318861,0.1569034280313,-0.1084421523577,0.1476168626542
0.2132816782248,0.2693925410534,0.1203019305942,0.4918401384069,0.5524293762318,-0.0758297516653,0.2665202881148,0.4673991997871,0.1806275753855,0.5393538708742,0.6367192882560,-0.1134872984401,1.0000000000000,0.1038312812037,0.1978577506316,0.1570635958718,0.0345623409127,0.2284158600916,-0.0623737873570,0.2524406093341,0.7031980417501,0.2158096435005,0.2890680199311,0.1633344695687,0.4506239965115,0.2434002815824,0.2978564841076,0.1532794585837,0.4280589853579,0.2048677693198,0.2816678855204,0.0637981065890,-0.1677870804246,0.3352646064251,0.1589937627737,-0.0230695211194,-0.0251850856514,-0.0863299014626,0.2657708975962,0.4823204018009,0.1207264435239,-0.0118350056841,0.2164036257312,-0.1867235547889,0.3889167201782,0.1724691076494,-0.1866232683895,0.8239901634456,-0.1104881083173,-0.1102448705092,0.0857020883083,0.1341694488687,-0.0317267956661,-0.2932035042288,-0.0581251515352,0.6361610171968,0.0402862730410,0.1604805007214,-0.0148260538254,0.3885254944078,-0.0424839725504,-0.0964007926332,0.3018604702030,0.3501388460684,-0.1162532923507,0.0179531626416,0.1524816964101,0.0442483782619,0.0910647144499,0.0675417524737
0.2149516114593,0.0578023231975,-0.0770052322285,0.3714175880974,0.0284908615998,0.4850565521132,0.5068369458503,0.0411122375044,0.5682238699129,0.0214292698893,0.1401089868336,0.7745337455693,0.1038312812037,1.0000000000000,0.5294576268209,0.3986170639922,-0.0855249225419,-0.0435141377349,0.7569527267089,0.3063692650864,0.0325843965077,-0.0943446980434,-0.0359908519127,-0.0934618965732,-0.0120719911948,0.4158506643626,0.2559470137263,0.1453872923151,-0.1730328121857,0.3215701814179,-0.0375761886283,0.3856448217160,0.2708846756858,0.1986768491107,0.1835074466730,-0.0012282211644,-0.0936023862851,-0.2245041492693,0.1405194430190,-0.1049884473526,0.2745084431463,0.2277446261515,-0.2214123439623,0.3180995610878,0.0048138176739,-0.2371151115526,0.4701823179880,-0.0034912731763,0.5861366369895,0.0651337389140,0.3547955868546,-0.0802621260645,-0.4038957299602,0.2422183925074,-0.3050596111668,-0.0040352671739,-0.2953026888375,-0.2282516955491,-0.3444573200937,0.0070805127963,-0.0066998128122,-0.2268327308692,0.1648906916786,-0.1834198100722,-0.0922269639907,-0.2624540042716,0.1260414622280,0.2535578092222,-0.2278918451792,0.0712072944695
0.3580424470543,0.1212070646866,-0.0407319827378,0.3701053024381,0.2540466136086,0.5929257821156,0.5974144955060,0.2839631334964,0.8600425004960,0.0310264098648,0.4354051228157,0.4633157971169,0.1978577506316,0.5294576268209,1.0000000000000,0.6599659286958,-0.1929126212875,0.1197601112312,0.6160057280093,0.4727999103752,0.1144330868991,-0.1173888985084,-0.0486928867513,-0.1050958340699,0.0051901049588,0.4588730040780,0.3419412907000,0.1822501794175,0.0917244332690,0.5163967430906,0.0644272949528,0.0888987312220,0.4734610824039,0.5000264136536,0.3439521775936,0.0384198298846,-0.0426200118140,-0.3043638639249,0.3059440631770,0.1364802260695,0.3604220240402,0.4651863259927,-0.1416568033511,0.4047029925819,-0.0514358285560,0.0632636435804,0.2339947335832,0.0757242966799,0.2677949692467,0.2519589816981,0.5021412364564,-0.0715382075919,-0.2163374306828,0.0333734739386,-0.0305137715896,0.0561286831867,-0.3101643641953,-0.3287872952784,-0.3960080441671,-0.0607718320621,0.1689326302958,-0.1405778222470,0.1418243186632,-0.0559778917417,-0.0800555370480,-0.3531495177914,-0.0697110157908,0.1651900283750,0.0049922670395,0.2453852530675
-0.0233073285996,0.0143067049757,-0.1534841855949,0.2777881531605,0.0379356405399,0.6600689493508,0.6048689970032,0.0470916369730,0.7146944032502,0.0383342519058,0.2192442463046,0.4534588110041,0.1570635958718,0.3986170639922,0.6599659286958,1.0000000000000,-0.1510623429561,-0.0968734617115,0.4982915789176,0.3415464469205,-0.0263959413840,-0.1291073849085,-0.0659691900813,-0.1552569560168,0.0640361269345,0.2594791243811,0.1599697003557,0.0476927251918,0.0469022741994,0.3140003361661,-0.0754525387255,0.1859061643524,0.3366449243916,0.2445508712212,0.3106642834769,-0.3084697480371,-0.2601365550532,-0.3487078783486,0.1020143873694,-0.0265741366238,0.4603843758885,0.5430167331864,-0.2461484456015,0.4651941435384,-0.0269015791784,-0.1394093194593,0.2336573124756,0.0901980022727,0.2015857170797,0.2237881211359,0.7857395085207,-0.0696422660686,-0.2696158726448,0.1392520590251,0.0187395456925,-0.0549898309650,-0.3479186741237,-0.2391634978899,-0.4359692758944,0.0056572948400,0.0166405455869,-0.2109015503732,-0.0351669869711,-0.0300102491702,0.0411439831780,-0.3723186799692,-0.0099339564344,0.2072935070537,0.2681665102434,0.2913572981358
0.2189953761246,0.4012173418414,0.2726584175229,0.2480129839850,-0.0156581595485,-0.1195409959673,0.1071213456993,0.2268378095583,-0.1582095453592,-0.0811681332626,0.0975178284394,-0.1322236531464,0.0345623409127,-0.0855249225419,-0.1929126212875,-0.1510623429561,1.0000000000000,0.2532117554618,-0.2435338657356,0.1060431170672,-0.1075855042879,0.7712075374639,0.4909768221652,0.8105091723396,0.2014673856034,0.0051569737864,0.1298273120726,0.3060660258521,0.3718532742573,0.3412305312861,0.5515077611468,-0.0424868891936,-0.2174959220339,0.1953282783829,0.3294943827332,0.2743507457840,0.2907354673202,-0.0128626859679,-0.0108231304479,-0.1001943896577,0.0793855327715,-0.1001510948334,-0.1169056969289,-0.2774708784836,-0.0606735777577,0.0443912995155,-0.2906173318637,0.0663228958244,-0.4212175822566,-0.2767722820914,-0.1212735807306,0.8599475144149,0.1054139507881,-0.3005294793603,-0.1489962184900,-0.1704137670225,0.6233879739873,0.6207191696268,0.6873648872994,0.2565793537853,-0.1730795946620,-0.2813962176554,0.3756260653651,0.2709916807745,0.2172737395310,0.4029684574968,0.1279800098755,0.1017871961067,0.0897146931786,0.1201065879442
0.3585488538009,0.5414164299541,0.3886368583776,0.4914855364297,0.1758024127001,-0.2254589870939,0.0585209208327,0.3232106997202,-0.0135275678184,0.0367304509795,0.1512312222959,-0.2076283809816,0.2284158600916,-0.0435141377349,0.1197601112312,-0.0968734617115,0.2532117554618,1.0000000000000,-0.1851722783295,0.6123560388944,0.0909071361709,0.3912963731558,0.4626508493898,0.4845277739783,0.1580694484617,0.1390789966879,0.5676446987423,0.3413610579681,0.3156622186825,0.5270535478700,0.4557180046763,0.0651740967022,-0.2794347763264,0.4847055849259,0.4581618697887,0.1478888004056,0.4118403337802,0.0747897767789,0.2426089246450,0.0444101174373,0.0028542306672,-0.3048154594607,-0.0976915132421,-0.4917376829053,-0.0058373482418,-0.1554296174480,-0.3928146348992,0.2168375933920,-0.3943729813549,-0.3873976800069,-0.2034389745840,0.2652424516304,0.6158773298285,-0.3953896214092,0.2226256486321,0.0357814074974,0.2515844599417,0.3321718018205,0.3492214439241,0.1139501668139,-0.1447415776469,0.0878194161057,0.4060577848728,0.2145367702265,0.0598526896588,0.2781258719813,0.2466672333338,-0.0055961081471,0.0612345277768,0.2413050985776
0.0505537937187,-0.1648063865145,-0.0268559666212,0.1125600751322,-0.0107234520673,0.6553424506756,0.4289004737370,-0.0472146026275,0.6653175398661,-0.1568294404864,0.0647603347322,0.8343658728977,-0.0623737873570,0.7569527267089,0.6160057280093,0.4982915789176,-0.2435338657356,-0.1851722783295,1.0000000000000,0.2545288236081,-0.0443685772195,-0.2853805978875,-0.2687361164060,-0.2468810293937,-0.2118424794121,0.3273684922900,0.1662494776035,0.1447381210347,-0.2100089447973,0.1568859304038,-0.1576331147341,0.0942836790414,0.5225633006544,0.1227726480275,0.1206582448197,-0.1028937344918,-0.2073620319466,-0.2200460002261,0.1222900129943,-0.0626162044474,0.2469930177787,0.3354910878698,-0.2382349304851,0.4976926707338,-0.1823406703247,-0.1450917624698,0.6673646368122,-0.1296223936920,0.6656772122500,0.2506994238090,0.4084509964266,-0.1915537355717,-0.3562786071090,0.4697830915080,-0.0868520528575,-0.0596349401342,-0.4201063826622,-0.4463162306959,-0.4492595376232,-0.2215462858749,0.1462196672526,-0.0839765094402,0.0501373024596,-0.2596119154899,-0.1139958818290,-0.3640218228019,-0.2465592850246,0.1461906763961,-0.1509260563203,0.0892487688253
0.2736787783575,0.4492403719717,0.1951606667588,0.5309303597131,0.0377155890134,0.1048904082147,0.3375625640347,0.3134834805415,0.4101685835151,-0.0836708696914,0.2650102492361,0.1341529849466,0.2524406093341,0.3063692650864,0.4727999103752,0.3415464469205,0.1060431170672,0.6123560388944,0.2545288236081,1.0000000000000,0.0030197836633,0.1512919178828,0.1597730275180,0.2433558480924,0.0980899844402,0.5458242249854,0.7888544647894,0.4597674919286,0.1694162162379,0.5202966045746,0.3181203484327,0.2553603090385,-0.1163391546132,0.3574399251101,0.6103692961174,-0.0992317071422,0.1269887099188,-0.2943952284937,0.1915789562618,-0.0885811343153,0.1557420274364,-0.0448196390432,-0.3368541662289,-0.2169538166852,-0.2321936802214,-0.1760644110492,-0.1361606013106,0.1332671459227,-0.1232161852235,-0.2547395837496,0.0804490567688,0.1645912373447,0.3120040619951,-0.2804271418156,0.2659113105297,-0.0705343735652,-0.0587371264507,-0.0721704411799,-0.0150889870889,-0.0936502350016,0.1021125813356,0.0548352564884,0.3026961755323,0.0579043533405,-0.0063701162757,-0.0278317651431,0.2767736778426,0.0606745776513,0.0787956585306,0.3698130582894
0.3137889212916,0.1473199485417,0.1862199866171,0.3497797573437,0.6756940857639,-0.0384608807180,0.0087240733355,0.4962500133344,0.0641422854931,0.6135480906307,0.4134120770254,-0.0643967331820,0.7031980417501,0.0325843965077,0.1144330868991,-0.0263959413840,-0.1075855042879,0.0909071361709,-0.0443685772195,0.0030197836633,1.0000000000000,0.0213353721766,0.2188438910088,0.0012699928662,0.5016320421531,0.2457055469952,0.1413511900037,0.1630699004114,0.2837698373172,0.0225011238713,0.2004517310368,-0.0601692135752,-0.0146093032594,0.2007636641061,0.0735981065788,0.0845424986594,0.1279786946409,0.1627566171021,0.3907845601196,0.7374058106865,0.1496175437015,-0.1373961847327,0.5206256795332,-0.1284848938611,0.5289221024861,0.1862259523408,-0.0017703126985,0.6517594303550,0.0195444817040,-0.0265699055494,-0.0124525495241,-0.0444665021659,-0.0889063278109,-0.1805047125896,-0.0850505045759,0.9362415596275,-0.0303386138768,0.1845943641328,-0.0641907542484,0.5242845962953,0.2053831551573,0.0780901611689,0.3035156094317,0.1997811262671,-0.1589453744477,0.0632318161255,-0.0320009580019,0.0482052839161,-0.0228128427750,0.0675320166143
0.2007695338721,0.4098291653114,0.3165806168925,0.2413144752101,0.2459382322623,-0.1386162488093,0.0980258462560,0.3580739092655,-0.1008474359165,-0.0807262159926,0.3774605046681,-0.2203458174310,0.2158096435005,-0.0943446980434,-0.1173888985084,-0.1291073849085,0.7712075374639,0.3912963731558,-0.2853805978875,0.1512919178828,0.0213353721766,1.0000000000000,0.5054423670805,0.9132906980797,0.1483697828416,-0.0043562453577,0.2027542431143,0.2748361524702,0.6368796919009,0.4858386718707,0.6484663066300,-0.0371903475488,-0.2228088269534,0.3323291137352,0.3277115300202,0.2958000328980,0.2440874609477,0.0297707984627,-0.0459582059494,0.0752199751779,0.1370681926929,0.0057703104749,-0.0540309976787,-0.2849513849073,-0.0380369868098,0.1849220041574,-0.3365982772264,0.1974840641162,-0.4110051402928,-0.2279407456794,-0.0867945732362,0.8468955322031,0.1920193462894,-0.3252711873887,-0.0400262189818,-0.0371542326401,0.8163592262447,0.5817867254615,0.7797447351653,0.2733578114645,-0.2467028007008,-0.2186806656217,0.4737705332673,0.5085890861125,0.3543845880010,0.4274464108763,0.2033639263147,0.1596151447566,0.1630179696897,0.1473972910399
0.4318869752814,0.6733260940500,0.3914332759324,0.5840102862930,0.3852222626187,-0.1393369114301,0.0856020454046,0.4706945379458,-0.1438176660220,0.4250110210863,0.1616809697444,-0.0986999451706,0.2890680199311,-0.0359908519127,-0.0486928867513,-0.0659691900813,0.4909768221652,0.4626508493898,-0.2687361164060,0.1597730275180,0.2188438910088,0.5054423670805,1.0000000000000,0.5392822360161,0.5566506367828,0.1483272751872,0.2863337111748,0.2947927463864,0.4074924117558,0.4285210783787,0.7167846487986,-0.0434098381403,-0.2445684129150,0.3799929404785,0.4371679444486,0.1265357007757,0.4113359756231,-0.0338870321878,0.2942625564779,0.1994384119880,0.1073836526943,-0.1741870164823,0.0137753159453,-0.3178807898972,0.3525798386005,-0.1088758558691,-0.2489232120674,0.3026085996145,-0.3677008975733,-0.2861605274740,-0.0199902839900,0.4027933367279,0.0653420465357,-0.3449637715546,-0.2251980928845,0.2010010765965,0.3388793364966,0.8320178434824,0.3530143902980,0.4528757840199,-0.0988652975836,-0.2797349931158,0.3393961477214,0.2094282696040,0.1680011045273,0.4659508118620,0.1061180251012,0.1104020755893,0.1716303167178,0.2797527245650
0.2508913543868,0.5057138349332,0.4502179160337,0.2800062739349,0.1569587950648,-0.1228385207066,0.1115075009544,0.3165223067729,-0.0746082135594,-0.1157931982527,0.2834633897826,-0.1753626268324,0.1633344695687,-0.0934618965732,-0.1050958340699,-0.1552569560168,0.8105091723396,0.4845277739783,-0.2468810293937,0.2433558480924,0.0012699928662,0.9132906980797,0.5392822360161,1.0000000000000,0.1399075865478,0.0391870185781,0.2845200211395,0.3394832453356,0.5130677245582,0.4713371625983,0.6666241106300,-0.0788576803505,-0.2440224468851,0.3312373760731,0.4094526144016,0.2789019273349,0.3258362672449,0.0409901868242,-0.0043286874580,-0.0199980619557,0.0856624073863,-0.0944835149820,-0.1545155324546,-0.3329901605920,-0.1020585533317,0.1120385625282,-0.3425835058058,0.1459934528839,-0.4478061379185,-0.3015469628530,-0.1354157781748,0.7899102379764,0.2240449186600,-0.3460756953484,-0.0748345619983,-0.0903185074037,0.7251044644499,0.5822109906940,0.8063464212142,0.2032171039354,-0.1963699730523,-0.2470655265358,0.4891282980415,0.2998884847490,0.2860885111042,0.4371591211380,0.1015708124254,0.0826841506300,0.1358618317279,0.1995302955122
0.4046888889356,0.3519740710828,0.2995527518568,0.5088715526049,0.4157633563682,-0.0734695580936,0.0933144790387,0.6062944884406,-0.0501646951149,0.6591339872670,0.1571784947983,-0.0719599363179,0.4506239965115,-0.0120719911948,0.0051901049588,0.0640361269345,0.2014673856034,0.1580694484617,-0.2118424794121,0.0980899844402,0.5016320421531,0.1483697828416,0.5566506367828,0.1399075865478,1.0000000000000,0.2289513349233,0.2768714891657,0.1942896782768,0.3790385443609,0.1161582272179,0.4110210279491,-0.0186128883921,-0.1312851165025,0.0797563430071,0.1828344266177,-0.1389002129395,0.1890060154351,-0.0288717631945,0.3353916546598,0.3725975396020,0.1208072859126,-0.1931318990071,0.3312414735623,-0.2133611726462,0.5093605303226,-0.0527540982702,-0.1304133979478,0.4136294766200,-0.1470477631196,-0.2404991538802,0.0262656584023,0.0996225742327,-0.1367279199154,-0.3113882115107,-0.1960431625502,0.4431775512752,-0.0236774343780,0.4451160535919,-0.0503950170315,0.7827523281553,0.1236841701303,-0.0489654725775,0.1921525404562,0.2584044167928,-0.0782174370587,0.1644687241914,0.1061949247875,0.1176459073070,0.0328507535180,0.0716007916657
0.3692150068097,0.3596467650983,0.1265829076404,0.6209666421720,0.2295523096960,0.2455503626191,0.2548624256487,0.4113162747568,0.4454364683967,0.1989598469995,0.3454736645319,0.1947346191108,0.2434002815824,0.4158506643626,0.4588730040780,0.2594791243811,0.0051569737864,0.1390789966879,0.3273684922900,0.5458242249854,0.2457055469952,-0.0043562453577,0.1483272751872,0.0391870185781,0.2289513349233,1.0000000000000,0.6748501606126,0.5737958394654,0.1346084369414,0.3963744222568,0.2819176839557,-0.1301656018642,0.1229209397635,0.2923687478483,0.4398065128563,-0.0424634867671,0.1815815400196,-0.1786430148475,0.3983884021646,0.1368456897541,0.3568948275259,0.0316189995100,-0.0803778891221,-0.0335413660844,0.0404601445143,-0.0928051516238,0.1237382114786,0.0959126938133,0.1859863217062,-0.2715033091161,0.1271140665888,0.0682543536129,-0.1788396606279,-0.3898735198044,-0.2669041166475,0.2029079513473,-0.1768801922365,-0.0614311958193,-0.1617364603302,0.0684742990942,0.4984846633446,0.0110926115599,0.3796337259712,0.0545210473135,-0.1976570692829,0.0150683972076,0.0004581555068,0.1523476687382,-0.2271199337753,0.2622862383458
0.3578592903292,0.5531579318856,0.4455408955239,0.6280641491667,0.1929587574811,0.0712793331512,0.2001879865690,0.4837071889005,0.3013939311697,0.0120418031056,0.3464810881899,0.0682210143153,0.2978564841076,0.2559470137263,0.3419412907000,0.1599697003557,0.1298273120726,0.5676446987423,0.1662494776035,0.7888544647894,0.1413511900037,0.2027542431143,0.2863337111748,0.2845200211395,0.2768714891657,0.6748501606126,1.0000000000000,0.7036108364422,0.2679303375010,0.4131493457243,0.5075170393415,0.0163068127662,-0.0219898170864,0.3474088152308,0.5013062490752,-0.1512623135872,0.3008349928172,-0.2213623547915,0.2918171767350,0.0271962571622,0.1879963533301,-0.1100129212428,-0.1981086055159,-0.2192034194738,-0.1712417569082,-0.1065701699409,-0.0761124912000,0.1757449335725,-0.0626204813012,-0.3605017524296,-0.0365087089808,0.1883849523479,0.1430477341951,-0.3544968182914,0.0005082937767,0.0809566379323,-0.0490874792692,0.0476028771733,0.0134638795228,0.0314095984454,0.2615156106155,0.1526546119687,0.5077949821488,0.1566664765130,-0.1955643141218,0.0611815967548,0.1202305285080,0.1006999472107,-0.1351795297092,0.1361671843751
0.2871658611070,0.3889730835482,0.6600905452279,0.5408935925798,0.2009192597715,0.0325225120213,-0.0198943050541,0.4468285691000,0.1199658638536,0.0776382282915,0.2038361382473,0.0088702722150,0.1532794585837,0.1453872923151,0.1822501794175,0.0476927251918,0.3060660258521,0.3413610579681,0.1447381210347,0.4597674919286,0.1630699004114,0.2748361524702,0.2947927463864,0.3394832453356,0.1942896782768,0.5737958394654,0.7036108364422,1.0000000000000,0.1983124261269,0.2568755644663,0.4614863629573,-0.1662011374989,-0.0125607539496,0.2640938400710,0.2782482568962,-0.0570564616746,0.2698354667461,0.0617713720657,0.2610257892752,0.1524022032827,0.0939473699390,-0.2378175690107,-0.0006176630923,-0.2445638177471,-0.0514934357286,-0.0862546043910,-0.0361415096324,0.1035250069099,-0.0034178876247,-0.3336540589996,-0.1002571559577,0.3376404424018,0.0053375584562,-0.2660446394133,-0.0625994958411,0.1270107660193,0.0172563516920,0.1752469176028,0.1015512937450,0.1227040400685,0.2912427179426,0.1403092115573,0.7749853350235,0.1873252815554,-0.2668893279567,0.0789096590572,-0.1012802532621,0.0304018851856,-0.1415268983696,-0.0727490779318
0.1968343061334,0.2976147479735,0.2458315573421,0.2711564804105,0.5424509357854,-0.1082291329287,0.0812139304112,0.6141486530563,0.1130535974497,0.0509176737290,0.5865749869424,-0.2238792843176,0.4280589853579,-0.1730328121857,0.0917244332690,0.0469022741994,0.3718532742573,0.3156622186825,-0.2100089447973,0.1694162162379,0.2837698373172,0.6368796919009,0.4074924117558,0.5130677245582,0.3790385443609,0.1346084369414,0.2679303375010,0.1983124261269,1.0000000000000,0.3660013518954,0.5976444586617,-0.2100729039128,-0.0964712275490,0.2753113770523,0.2204176413456,0.0987252280765,0.0830959718829,-0.0643828326876,0.1152882637982,0.3533879788531,0.2185675181862,0.1470034777283,0.1469563904448,-0.1431395833661,0.0191210275667,0.3478932655775,-0.1912031442917,0.3181193151829,-0.3268411050660,-0.1237006944194,0.0007486118956,0.5387439204683,0.1037406972442,-0.3231205095111,0.0552672097001,0.2214479274713,0.4816703597013,0.3395880444584,0.4157959922250,0.3002457300284,-0.0715304033188,-0.1206921670915,0.3459955480378,0.7230245416589,0.1764885400142,0.2640947108756,0.0781472091515,0.1816817425012,0.1388628443840,0.0782046035757
0.4559129210503,0.4987414330850,0.0230542108904,0.5289782984706,0.3108385568786,0.2268013526178,0.4309974539055,0.3942525711909,0.3614022556123,0.0373488484366,0.4747868794814,0.1130571304880,0.2048677693198,0.3215701814179,0.5163967430906,0.3140003361661,0.3412305312861,0.5270535478700,0.1568859304038,0.5202966045746,0.0225011238713,0.4858386718707,0.4285210783787,0.4713371625983,0.1161582272179,0.3963744222568,0.4131493457243,0.2568755644663,0.3660013518954,1.0000000000000,0.4772494070625,0.0955133502510,-0.0097578859666,0.6358311836657,0.5547044227220,0.2775036733212,0.2642930045730,-0.1808787297639,0.1634714565368,0.1634941199187,0.3268686747001,0.1481754284745,-0.1728512300546,-0.1357573642532,0.0341474955258,0.0549038492508,-0.1277999269657,0.1874099722041,-0.1256893230930,-0.1377550725088,0.2461159786558,0.4666111223444,0.1256551433473,-0.2665882284966,-0.0410981836487,-0.0398002544588,0.2789138312649,0.2976868705009,0.2092208173763,0.1849587624235,-0.0745672148998,-0.2217654093058,0.3518710488345,0.2839503191750,0.4362209976391,0.1773552773446,0.2303868573257,0.2106144143852,0.1698720617463,0.4468422099589
0.4225978289372,0.6682623144914,0.4850490416366,0.4944322298220,0.3804651431893,-0.0311352595462,0.1305308980033,0.6814071358999,0.0332560101437,0.0671439180887,0.3576966982880,-0.0911946489023,0.2816678855204,-0.0375761886283,0.0644272949528,-0.0754525387255,0.5515077611468,0.4557180046763,-0.1576331147341,0.3181203484327,0.2004517310368,0.6484663066300,0.7167846487986,0.6666241106300,0.4110210279491,0.2819176839557,0.5075170393415,0.4614863629573,0.5976444586617,0.4772494070625,1.0000000000000,-0.1081932753654,-0.1015896318185,0.3961031076399,0.4860400590831,0.0785159247183,0.4267890685566,-0.1750494921580,0.1556954063817,0.1926415484854,0.1418418649968,-0.0959232881866,-0.0423634816180,-0.2526315035073,-0.0519056325454,0.0726355593321,-0.2290269224871,0.2567254408360,-0.3616005111329,-0.3406026031547,-0.0977080438099,0.5340705781770,0.0930607346674,-0.3826264520060,-0.1914185068232,0.1464154047871,0.3938466444794,0.5636875365507,0.4070748004142,0.2375304751853,-0.0304497092008,-0.2608718741304,0.4166849203331,0.3541058059381,0.1084528211659,0.5063238834680,0.0649191148130,0.0701285690249,0.0691463939863,0.2249818074876
-0.0762995252800,-0.0254705976678,-0.2297983344325,0.0235783086645,-0.1909960022651,-0.0369999972344,0.1517779960238,-0.0864780273420,0.0350235396658,-0.0590251425834,-0.0656635446165,0.1729757224273,0.0637981065890,0.3856448217160,0.0888987312220,0.1859061643524,-0.0424868891936,0.0651740967022,0.0942836790414,0.2553603090385,-0.0601692135752,-0.0371903475488,-0.0434098381403,-0.0788576803505,-0.0186128883921,-0.1301656018642,0.0163068127662,-0.1662011374989,-0.2100729039128,0.0955133502510,-0.1081932753654,1.0000000000000,-0.1726330682622,-0.0339048196692,0.0472625044087,-0.1077725724728,-0.2005820940981,-0.1553951069329,-0.1764861460118,-0.1067584271977,-0.1479632777183,-0.1342237364219,-0.0966233450331,-0.1164344717139,-0.0682331260108,-0.1329829215541,-0.1534876241656,0.0420001089747,0.0671392056466,-0.0133362218106,0.0320190461229,-0.0555718470204,0.0090301157301,0.0486861932293,0.1750907699169,-0.0899158197416,-0.1198682601255,-0.0442319024817,-0.1771876953732,0.0008254822908,-0.2681650315860,-0.0067384193220,-0.1149567312020,-0.0659480986039,0.1470821953334,-0.1458133063201,0.6967007232169,-0.0504519774944,0.0861176050400,0.0675779835741
-0.0405158859125,-0.1236089695911,-0.0859760490895,-0.0551757741690,0.0223865412439,0.7486898637641,0.4079506575140,-0.0641366049790,0.5468782322410,-0.1496069393147,0.0350826148266,0.4924821584640,-0.1677870804246,0.2708846756858,0.4734610824039,0.3366449243916,-0.2174959220339,-0.2794347763264,0.5225633006544,-0.1163391546132,-0.0146093032594,-0.2228088269534,-0.2445684129150,-0.2440224468851,-0.1312851165025,0.1229209397635,-0.0219898170864,-0.0125607539496,-0.0964712275490,-0.0097578859666,-0.1015896318185,-0.1726330682622,1.0000000000000,0.1747615081551,0.0976395865169,-0.1545540127830,0.0963819312733,-0.2358015408218,0.2259410635229,0.0556122403022,0.3670811005645,0.4995245215835,-0.1685617978233,0.6320084065296,-0.1591056218651,-0.0036467639714,0.4994673327341,-0.1133439717916,0.4045896480829,0.2500996239578,0.3936964997358,-0.1802640806059,-0.2955959011385,0.2928120965643,-0.1870426890386,-0.0068705359374,-0.2775836345415,-0.3098563286549,-0.3403353692006,-0.1157928963678,0.1993595822546,-0.0534523247895,-0.1453826015706,-0.1074683710822,-0.1107320200518,-0.2271223889531,-0.4398478501456,0.2475746124190,-0.2263574725432,0.1099938055769
0.2700479290403,0.4829417084732,0.0844125254407,0.5230522431733,0.3635475970564,0.2145471437668,0.3437549270582,0.3053009904913,0.3856897939282,0.1466471830721,0.4210824820762,0.0643462770776,0.3352646064251,0.1986768491107,0.5000264136536,0.2445508712212,0.1953282783829,0.4847055849259,0.1227726480275,0.3574399251101,0.2007636641061,0.3323291137352,0.3799929404785,0.3312373760731,0.0797563430071,0.2923687478483,0.3474088152308,0.2640938400710,0.2753113770523,0.6358311836657,0.3961031076399,-0.0339048196692,0.1747615081551,1.0000000000000,0.5723959262227,0.1538785554353,0.4611390394095,-0.1609672208400,0.5141659039222,0.2340278066213,0.2303629412880,0.1482986852610,-0.0873619980566,-0.0388602704264,0.1228689655885,0.0693043070226,-0.1022452285486,0.2667179456463,-0.1257143747266,-0.1177660773799,0.2528933936744,0.2605454764608,0.1517132529697,-0.2631875275234,-0.1127248514866,0.1966705834238,0.1754533467928,0.2382006849648,0.1379912518889,0.1648387565281,-0.0186346197851,-0.1570355364116,0.3347909071867,0.1522897512611,0.0420013330499,0.1552708202589,-0.0159171580992,0.0571594475803,0.1345597076665,0.3897399681862
0.3547784353046,0.6499080734760,0.1253407745320,0.5324193682585,0.1011443133658,0.2927956207124,0.4317225061807,0.2770178510638,0.3245061838533,0.0387390414470,0.1623708437914,0.1928662625028,0.1589937627737,0.1835074466730,0.3439521775936,0.3106642834769,0.3294943827332,0.4581618697887,0.1206582448197,0.6103692961174,0.0735981065788,0.3277115300202,0.4371679444486,0.4094526144016,0.1828344266177,0.4398065128563,0.5013062490752,0.2782482568962,0.2204176413456,0.5547044227220,0.4860400590831,0.0472625044087,0.0976395865169,0.5723959262227,1.0000000000000,0.0833527763912,0.5161351118483,-0.3443693623079,0.4974733171312,-0.0486586184935,0.4531644145036,0.1937945492771,-0.2913524351608,-0.0283384526274,-0.0143246466508,-0.1096244241144,-0.0094278993072,0.1465296583438,-0.1957941504192,-0.1598036806080,0.3227945842378,0.3036013725288,0.2692322509252,-0.2344221229749,0.0454782308175,0.0434024636039,0.2128572650377,0.3065378240305,0.2418634666159,0.0622552385011,0.2128259006886,-0.1768494400685,0.1473133226995,-0.0465160253091,0.2118559045135,0.3171346071691,0.0321988549450,0.2614819206806,0.2834809026126,0.7765669289298
