1.0000000000000,0.3174411446199,0.3840104333138,0.4810578072030,0.3448940861000,-0.2572616967038,0.2432279113934,0.3684196839052,0.1503622782500,0.4249269981637,0.3170126996510,0.1023187398138,0.3275205766891,0.4052404638894,0.6649045676994,0.4373895229900,0.3843148198509,0.4982176111554,0.3072966132031,0.3128331954016,0.3640562863544,0.5319755041532,0.3492560830010,0.4992499437077,0.3433745075579,0.2835355591094,0.2415909026260,0.3598749537044,0.2779108704059,0.6295616350048,0.4326442785009,-0.0851882365227,-0.1385423053845,0.3506502140727,0.4311684602953,0.7309230772645,0.1400806749231,0.2066211576106,0.4836602097630,0.3730983200360,0.0164277640212,-0.0286515615794,0.2919517569549,-0.1286904532144,0.4210419722977,0.2004041392595,-0.0619753422555,0.3528689525964,0.3146568311274,0.3394570712410,0.3794507915522,0.3808619398754,0.2622197130955,-0.0956524943840,0.1726923161424,0.3109298928064,0.4501377410095,0.3420506478903,0.4995582038160,0.4305243960948,0.4441800569040,0.0057393191113,0.3544055108678,0.2256201091933,0.4144715040693,0.2079758634728,0.1382966901117,0.0901063305759,0.2357149074976,0.2900235291331
0.3174411446199,1.0000000000000,0.3847767131469,0.7146027555294,0.0670818824828,-0.3644013373676,-0.0205571994260,0.4190309800770,-0.1145781332622,0.2797803051010,0.0975608662516,0.1874040137207,0.1048954671299,0.1267824984754,0.1177463833349,0.1569637661574,0.1644497329601,0.6552133457014,0.1749431100753,0.4419962441019,0.1783612686703,0.2052911501254,0.6732485576875,0.4114281710768,0.4162565770571,0.5870585394066,0.4979102053736,0.5318347553062,0.2817930653084,0.1860808251517,0.4583777934440,0.0000010338365,-0.3038266091954,0.2143360293412,0.4879213954774,0.2995263311996,0.8021020907450,0.2702147716435,0.5614209723761,0.0575786612584,-0.1463319344355,-0.2814702894224,0.3137623421777,-0.3647766746007,0.3176756269882,-0.0190215049116,-0.0317692953852,0.0805374778166,0.0204102958394,-0.1999402983867,0.1394421366790,0.1186926094705,0.6077639045273,-0.1488288970016,0.2459477030811,0.1709859574533,0.1132135143506,0.6138523143690,0.3470001710214,0.2758734844880,0.5407314078538,0.2089950203148,0.5260570891800,0.1698058022822,0.0299209390003,0.1669413018623,0.2508573581470,-0.1286505660310,0.1841265985821,0.3848285587481
0.3840104333138,0.3847767131469,1.0000000000000,0.6038087333363,-0.1016890345516,-0.0908537189785,0.0928659472282,0.7034535332639,0.3614480008225,0.3942210012343,-0.1193361129250,0.2076083046020,-0.0240033329019,0.4496695920112,0.4510661996391,0.4618646284299,0.2884833517036,0.5482238492373,0.4893699999932,0.4589756590962,-0.0015686439504,0.2563858294155,0.5491646392002,0.3568304333270,0.4519921506552,0.4730550913651,0.6090165279203,0.7306934084352,0.1950508303435,0.1103809117960,0.4497229097974,-0.2615341178649,-0.1232525661047,0.3045351814072,0.2306563169491,0.1532868726412,0.1256637184697,0.6819748994079,0.5386949771928,-0.0421600090231,0.1254281872662,-0.2189769725101,0.5108578107296,-0.0879968398465,0.3601065832892,-0.2664499057644,0.1066401798483,-0.0310802414363,0.3526707381783,0.1829673494924,0.1312633699160,0.2913036452293,0.2899420968359,-0.0099507010844,0.0553398554698,0.0386029481169,0.0685505686056,0.4470124869302,0.3258685055467,0.4196558329488,0.5490190692170,0.2959529788575,0.6415597426895,-0.0051944789520,-0.1556398195328,-0.0740575840690,-0.0803971360912,-0.1708798447908,-0.0338870045411,0.0046313558607
0.4810578072030,0.7146027555294,0.6038087333363,1.0000000000000,0.0351968929014,-0.3202394124565,0.2507066776714,0.6045480816911,0.1492967625825,0.4323165988143,0.0913805350931,0.1775741517338,0.1692289989351,0.3329689631035,0.3072542203918,0.3607070504744,0.2202227931550,0.6224005010529,0.3382170238320,0.4545872252422,0.2193507136143,0.2142889757934,0.7441441479218,0.3575399325769,0.5474216517472,0.6256451197460,0.5811212501929,0.5793876396403,0.3101262787834,0.1803336963757,0.5351040785918,-0.2411626831692,-0.3193255621449,0.3124166093750,0.4693596271851,0.3115864944018,0.5360583871681,0.3840107245731,0.8205562659124,0.0637872336628,-0.0074961662363,-0.1790685674844,0.4830717195606,-0.2698825338526,0.4828235014067,-0.0658034407955,0.0065379782349,0.1863012436821,0.1823114099381,-0.0180373480137,0.1533143231617,0.1986520918873,0.5361063225904,-0.1429440446401,0.1406293552190,0.2998215568991,0.0504692020323,0.6352216537037,0.2992391052815,0.4519737022286,0.6242367417574,0.2710177309358,0.5454295389552,0.1183320349734,-0.0962109780003,0.0554534201625,0.0951063510618,-0.1961801032921,0.1171079810085,0.2898713122603
0.3448940861000,0.0670818824828,-0.1016890345516,0.0351968929014,1.0000000000000,-0.2910875914767,0.1787478603147,-0.0124190331707,-0.1910590269163,0.5243956867083,0.6561234339479,-0.0628447955125,0.8735916784971,0.0188428491576,0.0293336179221,0.2214599742121,0.6144323586983,-0.0588797396494,-0.3022166286024,-0.1863596065588,0.8660080266873,0.7495941249150,0.1890524929541,0.6467084138130,0.5292536567211,0.0186442333154,-0.0918965035299,0.0398672817494,0.6441742793985,0.5995700998693,0.4282927056640,0.0093531081210,-0.1760712385296,0.1580170327231,0.3705378906217,0.4361145447219,-0.0613606418642,-0.1505169646094,0.0374236338061,0.9498140113927,-0.1601301211832,0.0208404020349,0.0333451785404,-0.1082820372911,0.5505205189733,0.5701345759505,-0.2112686935798,0.8279533665149,0.1083261355692,-0.1388732241063,0.5224558538797,0.5338796360900,0.0776476208617,-0.2507623418918,-0.1267739132677,0.7008363768326,0.7575112641784,0.2176588961162,0.5404770414498,0.5711981678548,-0.0260304442624,-0.2609301807249,0.0470829174872,0.6906884495663,0.5901231914373,0.6083422972661,0.1886102541345,0.1024151019248,0.3354766230817,0.3621205275878
-0.2572616967038,-0.3644013373676,-0.0908537189785,-0.3202394124565,-0.2910875914767,1.0000000000000,0.2813910781722,-0.3648168956931,0.5842913636479,-0.3469696912556,-0.0839761024915,0.1746095728471,-0.2867774265034,0.1428418123787,0.1131747411868,0.2115428407355,-0.1306572208856,-0.2656942193834,0.1045204347199,-0.1412594200232,-0.2929092096575,-0.2340538261853,-0.3046733510312,-0.2671273452206,-0.3887201296173,-0.1874973566796,-0.1001006071925,-0.1884561875061,-0.4224706137455,-0.1685267554381,-0.3025019318414,-0.0030194598739,0.8187047205012,-0.1775168069819,-0.0903115182053,-0.2830289141730,-0.2464227564209,0.0232056180329,-0.3334883057860,-0.2740308470768,0.6937003323748,0.6272122845571,-0.3795774850324,0.7494138519683,-0.3483651962191,-0.0598226520542,0.4476257551231,-0.2612496034661,0.2056084756916,0.4039100399414,-0.0587300466867,-0.0755201113505,-0.3145431971794,0.2813075324688,-0.1416298910934,-0.2649424316176,-0.3111229909225,-0.3034927642916,-0.2352406146958,-0.3153244948542,-0.1807867475179,0.0876619865781,-0.2186627035152,-0.3942134937561,-0.1862129346993,-0.1928534073362,-0.3440522164309,0.4777598826026,-0.1863383137246,-0.0484738927563
0.2432279113934,-0.0205571994260,0.0928659472282,0.2507066776714,0.1787478603147,0.2813910781722,1.0000000000000,0.0723081407804,0.5620124547634,0.0181954566205,0.5780720268824,0.1244150884533,0.4365236859298,0.3089623311386,0.2553911050993,0.3993412597268,0.1790430799349,0.0308131360108,0.2508360159539,0.1153009770114,0.2693403108079,0.0937839485473,0.0073773476205,0.1025687969509,0.1745498561990,0.1388227343100,0.2988475953967,0.1218774579565,0.2930124408402,0.2036304219652,0.2175010906763,-0.1625212715894,0.0923717033148,0.1537936769629,0.2737562509926,0.0142058454101,-0.0331710038634,0.0103771496808,0.1849065005743,0.1926961455019,0.4157077203699,0.6308637005614,-0.0138843546133,0.4479688947352,0.0772955206757,0.4624253337203,0.0942496970255,0.4446080769451,0.2521984327464,0.1655281320912,0.3131778023835,0.1390385094620,0.0338182717465,0.0439533243217,-0.1139458450632,0.3887254222405,-0.0771730352318,-0.0543259451041,-0.0159000085893,0.1914171770493,0.1058500454100,0.0694565875682,0.0226073687963,0.2408700054502,-0.0264759808911,0.0525909301526,-0.0518997924395,0.1546261417812,-0.0623133029937,0.1700245952142
0.3684196839052,0.4190309800770,0.7034535332639,0.6045480816911,-0.0124190331707,-0.3648168956931,0.0723081407804,1.0000000000000,0.0285422139380,0.4288024390155,0.0248926078854,0.0725449561641,0.0570273575850,0.2716857945974,0.3382025275714,0.2751408560187,0.2155255998305,0.4735619421575,0.3203017739771,0.3187672402689,0.0365202341946,0.1837787672446,0.5216740799384,0.2129858864870,0.6557572687055,0.3978895139370,0.5403970245970,0.7505426677185,0.4460380140268,0.1044301696148,0.4296805664021,-0.1439599048208,-0.3100579082897,0.2232485474717,0.0803215692053,0.1377234714386,0.2325831137104,0.3928859317333,0.5251993638132,0.0944950464292,-0.0799544679157,-0.2440074952363,0.7681574661779,-0.3355725788128,0.4408197881982,-0.0493902611680,-0.1757148955171,0.0632055213000,0.2239969635257,-0.0026207473355,0.1763877165517,0.1612247427650,0.1980757435148,-0.1574172693216,-0.0190245562020,0.1471218814619,0.1153170281528,0.4002699438905,0.1785587950604,0.5686645804809,0.4052227039966,0.1755164847019,0.6462386180769,0.2763988381886,-0.1207579017771,-0.0565854393100,0.2736448500592,-0.1491764851621,-0.0748057383564,-0.0881713907885
0.1503622782500,-0.1145781332622,0.3614480008225,0.1492967625825,-0.1910590269163,0.5842913636479,0.5620124547634,0.0285422139380,1.0000000000000,-0.1083402966163,0.1301716019091,0.3792543368054,-0.0990158107287,0.5963594903023,0.5364980899006,0.5505187059805,0.0821019011976,0.1011583025552,0.6046032412305,0.3038301324182,-0.1217116498931,-0.0054436248007,-0.0337234138372,0.0368654247995,-0.0895505336011,0.2356377990291,0.3730554394518,0.2128268883353,-0.0920820481755,0.0373672158033,0.1041078482749,-0.0862428904206,0.4138090337021,0.0192603855643,0.1944447225308,-0.1400729088088,-0.2269450383856,0.2897371007006,0.0546796205947,-0.1775598758768,0.6085687468370,0.5151399834424,-0.0921775483902,0.6813802810838,-0.1414365189915,-0.0086384753651,0.4739947593137,-0.1060570686236,0.4837365718430,0.4574516513306,0.1129211308451,0.0943608124145,-0.0469537309638,0.3560973535932,-0.0594394431221,-0.1002154436359,-0.2251841874040,-0.1325057436460,-0.0466368535224,-0.0783447864261,0.2236473787820,0.2540182092047,0.0774309438365,-0.1876161002269,-0.2554206296695,-0.1893122037717,-0.3391329281418,0.2242117794966,-0.1640037452699,0.0130110904772
0.4249269981637,0.2797803051010,0.3942210012343,0.4323165988143,0.5243956867083,-0.3469696912556,0.0181954566205,0.4288024390155,-0.1083402966163,1.0000000000000,0.2051126849383,0.0654325967587,0.5042250642889,0.3202541713630,0.2323301131436,0.3242399848647,0.4373866809704,0.2411595633395,0.0505718910926,0.1229887833988,0.4934214966202,0.5668208872745,0.5280685862017,0.4941430207295,0.6810201093246,0.4103054336467,0.1659253360143,0.4047957312937,0.3664146700489,0.4231324159152,0.3697154037972,-0.0318580945318,-0.2598571597415,0.4229731210117,0.3232668766099,0.3911082433473,0.0394378670125,0.1745424722677,0.4325828872478,0.5299370008230,-0.1483939943811,-0.2759846878552,0.3331840899146,-0.3096825827530,0.8831057267380,0.0912544186646,-0.1376289088756,0.4867883273477,0.3275641600477,-0.0730122806390,0.3730322009179,0.4121080261281,0.1710784661393,-0.1571026175135,-0.0160488435261,0.3952441304273,0.5180336632723,0.4979668847620,0.4109097333042,0.7030532364761,0.3684489014354,-0.0668606583449,0.4141813326551,0.2925532171208,0.3347467891846,0.2382383804261,0.1898148632867,-0.0263203103204,0.3068233597527,0.1793784645963
0.3170126996510,0.0975608662516,-0.1193361129250,0.0913805350931,0.6561234339479,-0.0839761024915,0.5780720268824,0.0248926078854,0.1301716019091,0.2051126849383,1.0000000000000,0.0673408637135,0.6924424001201,0.1984090705460,0.1581714541172,0.2545110906199,0.4089653684752,-0.0175059374717,-0.0561616865025,-0.0494865264062,0.6536647033371,0.4582066112684,0.0120440744808,0.4197877877514,0.3891847118184,0.1037483876907,0.1071403019181,0.1051184086742,0.6083127939262,0.5283124460130,0.3570175919228,0.0112007986163,-0.0673761990280,0.1764725980997,0.4485922703692,0.3047033320895,0.0261452926926,-0.1002061363004,0.1018448258793,0.6263733745183,0.0999668765061,0.3816452368258,0.0424570696790,0.2179168395981,0.2752809628904,0.9171681191483,-0.0599279358103,0.6379669410008,0.2105273961960,0.0407251025012,0.4855525484701,0.3223205246484,0.0704414279039,-0.0618593600943,-0.1007516244405,0.6297821365779,0.3917013741104,-0.0083822687518,0.2334843778421,0.3885084550852,0.0710265926840,-0.0863194696622,0.0620612990300,0.6205965508212,0.3898149152767,0.3762100024582,0.2003808136606,0.2223583056793,0.2680492154304,0.4016762861971
0.1023187398138,0.1874040137207,0.2076083046020,0.1775741517338,-0.0628447955125,0.1746095728471,0.1244150884533,0.0725449561641,0.3792543368054,0.0654325967587,0.0673408637135,1.0000000000000,-0.0692626620597,0.4527077351715,0.2635229627082,0.2849987231490,0.0439042378631,0.2677746112057,0.5434768983813,0.4561745902723,-0.0359482760155,-0.0120865512200,0.0766210635552,0.1546437011376,-0.0031178566515,0.2705972495634,0.3463792167684,0.3034138999872,-0.0097543521034,0.1816543268839,0.0724222640451,0.4694077679505,0.3103209062711,0.2145672974072,0.3353147036076,-0.0303526516183,0.0282355540608,0.2006022645317,0.1850891893732,-0.1248531657142,0.1538209960884,0.0048523397000,-0.0384415032519,0.2046883128121,-0.0078294550390,-0.0373156166657,0.7645508568545,-0.0623868273011,0.3895634003392,0.2395635451401,0.1395354443119,0.0437600173196,0.1760693493092,0.5130259667602,0.3297658381835,-0.0907174949676,-0.0415712970435,0.0337934061436,0.0549054546144,-0.0601635457304,0.2526295296747,0.2206945851949,0.2694960267478,-0.0238087195655,0.0828951330220,-0.0935504337188,0.2402845414954,0.3249983597788,0.1014567391137,0.2213334899065
0.3275205766891,0.1048954671299,-0.0240033329019,0.1692289989351,0.8735916784971,-0.2867774265034,0.4365236859298,0.0570273575850,-0.0990158107287,0.5042250642889,0.6924424001201,-0.0692626620597,1.0000000000000,0.0345378839206,0.0267712171507,0.2305149976845,0.5337501015450,-0.0118184463855,-0.2026174758946,-0.0568631977166,0.8588209153617,0.6082701653577,0.2056474364042,0.5571850912220,0.5282937396584,0.0634310580526,0.0205845779145,0.0674873154019,0.6574149169934,0.5539859119361,0.4189696026753,-0.0682283460469,-0.2767030769529,0.3227892336438,0.3802863923180,0.3510697860487,-0.0185088234885,-0.1320862423426,0.1598533445905,0.8397817837549,-0.1288665629440,0.0794404989099,0.0424322281155,-0.0923206382440,0.5353540222088,0.5873085126433,-0.2309678890081,0.9468999526999,0.0821747370633,-0.1647532193598,0.5151915310719,0.4529588664575,0.1349708036822,-0.2341611470710,-0.1052519930569,0.7762809755643,0.5835152781662,0.2205322011487,0.4245385476233,0.5409112791965,0.0323531640880,-0.2153729309341,0.0540733302768,0.6807108083835,0.5137906357964,0.5043152824456,0.2039834246734,-0.0052021913723,0.3240366280745,0.3381785569827
0.4052404638894,0.1267824984754,0.4496695920112,0.3329689631035,0.0188428491576,0.1428418123787,0.3089623311386,0.2716857945974,0.5963594903023,0.3202541713630,0.1984090705460,0.4527077351715,0.0345378839206,1.0000000000000,0.7022862275147,0.6106339653261,0.2729769437224,0.2084509141341,0.6995089696555,0.2991603012937,0.0481315517887,0.2551675211179,0.2112444726471,0.2221234968988,0.1854923341762,0.5142487289566,0.3158156801537,0.4648850326465,-0.0105523495852,0.3453232933691,0.1537466388203,0.1109391553694,0.1416411324808,0.2137804001567,0.2388611290845,0.1462621081070,-0.1158855509584,0.3549694896121,0.2594409576915,0.0796247338611,0.3574270008003,0.1232282584411,0.1108945092558,0.3271440166457,0.2524317398265,0.0741763421756,0.4837761886802,0.0069879804198,0.8959672363631,0.5025651461587,0.2751259015200,0.2831093555318,-0.0711338847708,0.4585409079564,0.0071421713023,-0.0203169971566,0.0718727459639,0.1272921962096,0.1834795923362,0.2348522239903,0.5836309374760,0.0891337630310,0.3889290105519,-0.1378855799885,0.0393951978749,-0.1802699329780,0.0343822736819,0.2248645436487,-0.0036818374246,-0.0121741868141
0.6649045676994,0.1177463833349,0.4510661996391,0.3072542203918,0.0293336179221,0.1131747411868,0.2553911050993,0.3382025275714,0.5364980899006,0.2323301131436,0.1581714541172,0.2635229627082,0.0267712171507,0.7022862275147,1.0000000000000,0.5426917493228,0.2315680967678,0.4430240880042,0.6700533507315,0.4198706214426,-0.0000310640703,0.2633637462532,0.1899115161752,0.2117962407187,0.1585982809002,0.2477001843638,0.3422104852116,0.4346388478085,-0.0013226702771,0.4766128314902,0.2232894842072,0.1000769066117,0.1927755041664,0.1716754282239,0.1998851749628,0.2855701182354,-0.0763578256701,0.3502752312125,0.2033080636723,0.0892623820822,0.3069386165700,0.1004509825115,0.2397433364240,0.2149554433173,0.2012166578597,0.0249294992471,0.2373199480231,0.0235035085767,0.5784038013902,0.6366286014241,0.3166093197536,0.2361485957039,0.0476498177626,0.3471385232591,0.2000421420954,-0.0658911239108,0.1226947750554,0.1416967012963,0.1899350544821,0.2151048896863,0.4328372136454,0.1778801770474,0.3678174179315,-0.0536519409487,0.1650869406026,-0.0531349597925,0.0799524723818,0.2626006095638,-0.0205864398925,0.0142017525181
0.4373895229900,0.1569637661574,0.4618646284299,0.3607070504744,0.2214599742121,0.2115428407355,0.3993412597268,0.2751408560187,0.5505187059805,0.3242399848647,0.2545110906199,0.2849987231490,0.2305149976845,0.6106339653261,0.5426917493228,1.0000000000000,0.4010089934580,0.2523228261966,0.4158994929981,0.2282739103977,0.2350030877137,0.4206337260299,0.2762144265022,0.3944820982661,0.2594195002603,0.3592664058297,0.2528154455851,0.3480612707056,0.1502774011872,0.4453725477306,0.3290110808526,-0.0740848627965,0.1632682840726,0.1956205202278,0.4017482502545,0.3107640158668,-0.0200042337831,0.2508262542766,0.2296879416675,0.2948932251977,0.4360994565677,0.2532360638275,0.1240860455080,0.2969662020267,0.3093674313123,0.1195818228278,0.3083275756979,0.2126216487753,0.5850090564173,0.4048508262564,0.6842387330508,0.3437947851027,0.1153449624316,0.1356170080037,-0.0012236879976,0.1432847813386,0.2212289173838,0.2099177569146,0.3637320909305,0.3415512832904,0.4476692932744,0.0186672458758,0.2468730292018,0.0566491377664,0.1359303487413,0.0269664955505,0.0294954287432,0.1046184671367,-0.0294079130352,0.2228806919715
0.3843148198509,0.1644497329601,0.2884833517036,0.2202227931550,0.6144323586983,-0.1306572208856,0.1790430799349,0.2155255998305,0.0821019011976,0.4373866809704,0.4089653684752,0.0439042378631,0.5337501015450,0.2729769437224,0.2315680967678,0.4010089934580,1.0000000000000,0.0869764649086,-0.0351861302732,-0.0874380303121,0.5343968296355,0.7948225617416,0.4195206981463,0.7631372867034,0.5221681106378,0.2641601548416,0.1858845705863,0.3372119848137,0.5168349417918,0.5586422696225,0.5604498110197,-0.2715563301084,-0.0639418687387,0.3149126192118,0.4582787359468,0.4655675847037,0.0570131030403,0.3000691217807,0.2639402488765,0.6268149016699,0.0935906669858,-0.0287538364407,0.2184561006512,-0.0115135765796,0.4577467016397,0.3050265447440,-0.0447039310476,0.4801897385187,0.3490972905948,0.0549032269761,0.4156717985634,0.9404398494847,0.1658599629077,-0.1881229341348,-0.1254975739951,0.4055455750232,0.6619206112229,0.4392960365322,0.7200532432331,0.6642124146627,0.2794805445621,0.0010360607237,0.3459296477496,0.4636924007285,0.4171473012197,0.5381414463214,-0.0511328670685,0.0754178211387,0.2333433753355,0.3780765591485
0.4982176111554,0.6552133457014,0.5482238492373,0.6224005010529,-0.0588797396494,-0.2656942193834,0.0308131360108,0.4735619421575,0.1011583025552,0.2411595633395,-0.0175059374717,0.2677746112057,-0.0118184463855,0.2084509141341,0.4430240880042,0.2523228261966,0.0869764649086,1.0000000000000,0.4738363765654,0.7866853688784,0.0285766942819,0.1290237010431,0.5312071145548,0.3237483351537,0.2895279157513,0.3471998189269,0.6187383975146,0.5462442144767,0.1591610430521,0.2537023984039,0.4845359369892,0.0089742626274,-0.2152947158854,0.2561534492403,0.4478849430048,0.2723950418092,0.4795674723720,0.3686196770154,0.4664247670342,-0.0631932652198,-0.1097306309850,-0.3082802268884,0.3729581293976,-0.3240330123933,0.2326482561394,-0.2105738813952,0.0196655530356,-0.0040968149116,0.0174562841508,-0.0011734130227,0.1402861406985,0.0687218780819,0.6998567895797,0.0235947310674,0.5385896207263,0.0480639307027,0.0113639880834,0.4452327906620,0.2561391471558,0.1972997863744,0.4379862992432,0.3397927808195,0.4681843844996,0.0289446430152,-0.0226749397082,0.1095768013650,0.1876420778310,-0.1615175143395,0.0940622209581,0.3020000029437
0.3072966132031,0.1749431100753,0.4893699999932,0.3382170238320,-0.3022166286024,0.1045204347199,0.2508360159539,0.3203017739771,0.6046032412305,0.0505718910926,-0.0561616865025,0.5434768983813,-0.2026174758946,0.6995089696555,0.6700533507315,0.4158994929981,-0.0351861302732,0.4738363765654,1.0000000000000,0.6781918187723,-0.2060740639465,-0.0972926026389,0.1292982296914,-0.0214282641553,0.0240114781478,0.3728601348006,0.5676249449387,0.4569529004988,-0.1469262266490,0.0907394849502,0.0552857295078,0.2453053629919,0.0377586781736,0.1615088763318,0.1329224718954,-0.0800892103862,-0.0329274378161,0.4187842305062,0.2106153346721,-0.2730369797723,0.1822889420939,-0.0328980955381,0.1695009601920,0.1904622286841,-0.0169822043775,-0.2139516709092,0.4579715563120,-0.2163154477937,0.5012124176946,0.4063547656467,0.0555334365520,-0.0257176325545,0.1004492104141,0.5716145744630,0.3470732395050,-0.2242477945181,-0.2558605249016,0.0297211688074,-0.0748259441037,-0.0370688077397,0.4635707094991,0.3743434011364,0.3532535182903,-0.2572943879927,-0.2068775039762,-0.3462294691272,0.0681662119100,0.0076904573671,-0.1151694274057,-0.0977101222666
0.3128331954016,0.4419962441019,0.4589756590962,0.4545872252422,-0.1863596065588,-0.1412594200232,0.1153009770114,0.3187672402689,0.3038301324182,0.1229887833988,-0.0494865264062,0.4561745902723,-0.0568631977166,0.2991603012937,0.4198706214426,0.2282739103977,-0.0874380303121,0.7866853688784,0.6781918187723,1.0000000000000,-0.0592771201231,-0.0717232269589,0.2940594582904,0.1433036484601,0.1083113176930,0.3396267498828,0.6662335409257,0.4467788065947,0.0460096686974,0.1224950457048,0.2494912040751,0.2071376021188,-0.1706335543171,0.2476288829799,0.3463713683965,0.0692939302958,0.2351891348492,0.2961331172250,0.3564315133597,-0.2271259939495,-0.0821870467903,-0.2361838102638,0.1694849514550,-0.1589339051087,0.0401659677029,-0.2292904054873,0.1868934410920,-0.0656419780137,0.0808156477012,0.0478964765278,0.0415433519000,-0.0699294628588,0.4870377430695,0.2760692865416,0.5759897213871,-0.0499682355670,-0.1823440333593,0.2057194410122,0.0306979745441,-0.0341510813155,0.3560105123920,0.4224252536819,0.3267773932522,-0.0888165934029,-0.1150250806321,-0.1171243509877,0.1848860228610,-0.1738690059304,0.1261249190508,0.1750811033867
0.3640562863544,0.1783612686703,-0.0015686439504,0.2193507136143,0.8660080266873,-0.2929092096575,0.2693403108079,0.0365202341946,-0.1217116498931,0.4934214966202,0.6536647033371,-0.0359482760155,0.8588209153617,0.0481315517887,-0.0000310640703,0.2350030877137,0.5343968296355,0.0285766942819,-0.2060740639465,-0.0592771201231,1.0000000000000,0.6345625198251,0.2687300782891,0.5951740294686,0.5185684917195,0.1677792407905,0.0367842101262,0.0861210557204,0.5940395326702,0.5111032504996,0.4240392680043,-0.1174636831046,-0.2738682596249,0.2276305555848,0.4787878389578,0.4642071596870,0.1010647935403,-0.0753081628883,0.2678938389403,0.8294065551673,-0.0790292398116,0.0327059787747,0.0273425682351,-0.0987848470694,0.5284205707208,0.5368990229912,-0.1901646697265,0.8050666788503,0.0623285260645,-0.1453161572594,0.4174943938423,0.4613022888971,0.1621259592935,-0.2513556460391,-0.1133714173511,0.8592682627086,0.5985477044267,0.2767755250716,0.4925088767007,0.5114148770662,0.0871554259212,-0.1697551231719,0.0744212512262,0.5791862721570,0.4609429393762,0.5143600689814,0.1432475170533,-0.0000198294111,0.4709754731606,0.4525866729511
0.5319755041532,0.2052911501254,0.2563858294155,0.2142889757934,0.7495941249150,-0.2340538261853,0.0937839485473,0.1837787672446,-0.0054436248007,0.5668208872745,0.4582066112684,-0.0120865512200,0.6082701653577,0.2551675211179,0.2633637462532,0.4206337260299,0.7948225617416,0.1290237010431,-0.0972926026389,-0.0717232269589,0.6345625198251,1.0000000000000,0.4093267342131,0.8954104385825,0.5057175729210,0.1770354200472,0.0545946519036,0.2591436787106,0.5531060530705,0.6956264684677,0.6355440482830,-0.1419282979717,-0.1199805712771,0.3413492637999,0.4983172104637,0.5861142993076,0.0215138532910,0.1926099993676,0.2295288353101,0.7578550495874,-0.0154766107640,-0.0616875742944,0.1829635295255,-0.0974146675022,0.5738654594002,0.3643657852158,-0.1291647739112,0.5737416130899,0.3461648386651,0.0191224988628,0.5030159643744,0.7682416991019,0.1640421361928,-0.2707997737790,-0.1237483531741,0.4914905920554,0.9079108176514,0.4285594348949,0.8615776104749,0.6700840343866,0.2181625596330,-0.1418982689506,0.3368667358868,0.5128577004051,0.5827105671073,0.6409967221840,0.0733739043325,0.1115261385022,0.3413539225731,0.4006320579208
0.3492560830010,0.6732485576875,0.5491646392002,0.7441441479218,0.1890524929541,-0.3046733510312,0.0073773476205,0.5216740799384,-0.0337234138372,0.5280685862017,0.0120440744808,0.0766210635552,0.2056474364042,0.2112444726471,0.1899115161752,0.2762144265022,0.4195206981463,0.5312071145548,0.1292982296914,0.2940594582904,0.2687300782891,0.4093267342131,1.0000000000000,0.4925069867973,0.6001458834472,0.4691641647278,0.4554568398951,0.5048064117675,0.3606348405497,0.2679582887993,0.6885968413098,-0.1927015556597,-0.3114838254502,0.3047702310818,0.4360846011789,0.3585794873866,0.5280575712609,0.3926827572984,0.6147583648108,0.2164675995629,-0.0522444927814,-0.3180999262192,0.4912882505727,-0.3642891748047,0.5913686989069,-0.1228755071270,-0.0929410333517,0.2111927321095,0.1601901715820,-0.1572913350955,0.1892395520155,0.3880988001889,0.5546185062466,-0.2206550978944,0.1250121766282,0.2690739049630,0.2608124323771,0.9118056677511,0.4732630730799,0.5854140713627,0.4696932721752,0.2178674845521,0.5542971928891,0.1829058077435,0.0677366978376,0.3502992239003,0.0873979668451,-0.1625434680273,0.1482690555120,0.3249334473101
0.4992499437077,0.4114281710768,0.3568304333270,0.3575399325769,0.6467084138130,-0.2671273452206,0.1025687969509,0.2129858864870,0.0368654247995,0.4941430207295,0.4197877877514,0.1546437011376,0.5571850912220,0.2221234968988,0.2117962407187,0.3944820982661,0.7631372867034,0.3237483351537,-0.0214282641553,0.1433036484601,0.5951740294686,0.8954104385825,0.4925069867973,1.0000000000000,0.5030130196896,0.2983838555725,0.2461950598218,0.3728823229995,0.6146681541754,0.6820922251328,0.7264072280842,-0.1310080989331,-0.1751849881574,0.4305008939471,0.6654419181963,0.5645160238116,0.2301813177472,0.2621940888543,0.3875229412007,0.6066783040117,-0.0371747471300,-0.1249793942422,0.1517379247505,-0.1227504013807,0.5000194443436,0.2630296209688,-0.0131239650802,0.5202937165028,0.2584825538191,-0.0695748238639,0.4461000232799,0.7192764261280,0.4003789552658,-0.2204591523643,0.0143861827339,0.4788723316894,0.7827369339878,0.5020691083776,0.8844066695565,0.5770410299586,0.2919003949922,-0.0299983351265,0.4110455445471,0.5351410647241,0.5241502746558,0.6371466542995,0.0920902089980,0.0449876654046,0.4314389031515,0.5546444930452
0.3433745075579,0.4162565770571,0.4519921506552,0.5474216517472,0.5292536567211,-0.3887201296173,0.1745498561990,0.6557572687055,-0.0895505336011,0.6810201093246,0.3891847118184,-0.0031178566515,0.5282937396584,0.1854923341762,0.1585982809002,0.2594195002603,0.5221681106378,0.2895279157513,0.0240114781478,0.1083113176930,0.5185684917195,0.5057175729210,0.6001458834472,0.5030130196896,1.0000000000000,0.4055358005222,0.4258195470784,0.5785799152425,0.7229006149478,0.3373844776435,0.5688580335973,-0.1163122909076,-0.3587193732173,0.2172791776071,0.3268056561409,0.2668633864055,0.2204622093417,0.2723442412502,0.4628246255558,0.5620552966194,-0.1327651147828,-0.1524161723403,0.6027758224974,-0.2798018290436,0.7402504698794,0.2744911875242,-0.2504757609396,0.5087059107392,0.1736935855033,-0.1845445770916,0.3598534833253,0.4192728352238,0.2417875261595,-0.2770606074577,-0.0947391378900,0.5176428533450,0.4337593577293,0.4924971581748,0.3903616702127,0.8656730906381,0.2930645338937,0.1173022489796,0.5051223203694,0.6060891337303,0.1554813504090,0.3690019840905,0.2118921071753,-0.0600267763114,0.1538696330762,0.2209593183111
0.2835355591094,0.5870585394066,0.4730550913651,0.6256451197460,0.0186442333154,-0.1874973566796,0.1388227343100,0.3978895139370,0.2356377990291,0.4103054336467,0.1037483876907,0.2705972495634,0.0634310580526,0.5142487289566,0.2477001843638,0.3592664058297,0.2641601548416,0.3471998189269,0.3728601348006,0.3396267498828,0.1677792407905,0.1770354200472,0.4691641647278,0.2983838555725,0.4055358005222,1.0000000000000,0.5476306408482,0.5916605973965,0.1602738956232,0.0953604612005,0.2698067187877,-0.2112792690773,-0.2377623595284,0.2647854373314,0.4695296442262,0.1950295521216,0.3899989791430,0.3178151402020,0.6529672774876,0.0408654841408,0.0908491520250,-0.1159822407667,0.2418891346272,-0.0786144300206,0.3599204337500,-0.0205096744346,0.0947494468847,0.0260618462345,0.4104807747381,0.0317973223385,0.1025476641719,0.2320355791694,0.2462509856166,0.0011780691647,-0.0177097286586,0.1560946936734,0.0053344571641,0.3938333996304,0.2121070407038,0.3251297190977,0.8094836949611,0.2669210682042,0.4667398120884,-0.0245599727388,-0.1120383617521,-0.1312682368449,-0.0588321791970,-0.0992846589805,0.1944472473420,0.2641089310687
0.2415909026260,0.4979102053736,0.6090165279203,0.5811212501929,-0.0918965035299,-0.1001006071925,0.2988475953967,0.5403970245970,0.3730554394518,0.1659253360143,0.1071403019181,0.3463792167684,0.0205845779145,0.3158156801537,0.3422104852116,0.2528154455851,0.1858845705863,0.6187383975146,0.5676249449387,0.6662335409257,0.0367842101262,0.0545946519036,0.4554568398951,0.2461950598218,0.4258195470784,0.5476306408482,1.0000000000000,0.6992110995818,0.2850678707215,0.0485675354515,0.4537676706978,-0.0993001041335,-0.1866331841658,0.1899871651099,0.3411337876162,0.0057803492101,0.3331841529250,0.5030759161655,0.4861546939273,-0.0983618825254,0.0343530791191,-0.0445891159647,0.4247199650839,0.0094020702250,0.1797414407408,-0.0829219093097,0.0893290326337,-0.0153634137207,0.1811044209430,0.0111290817182,0.0175341009745,0.1662543265610,0.4037686930126,0.1416806631923,0.1956301027446,0.1094226894125,-0.1255890266721,0.3228609412073,0.0968946924380,0.2852638875261,0.4385006169334,0.6427300825437,0.5424343554208,0.0903629799812,-0.2529724700386,0.0100719459262,0.0337612104571,-0.1476749694241,0.0434791935475,0.1445054923193
0.3598749537044,0.5318347553062,0.7306934084352,0.5793876396403,0.0398672817494,-0.1884561875061,0.1218774579565,0.7505426677185,0.2128268883353,0.4047957312937,0.1051184086742,0.3034138999872,0.0674873154019,0.4648850326465,0.4346388478085,0.3480612707056,0.3372119848137,0.5462442144767,0.4569529004988,0.4467788065947,0.0861210557204,0.2591436787106,0.5048064117675,0.3728823229995,0.5785799152425,0.5916605973965,0.6992110995818,1.0000000000000,0.3971197235722,0.1667162167098,0.4358858635630,-0.0863246191402,-0.1259477662821,0.2308461284727,0.2422215125132,0.1365328523404,0.3123921129668,0.5570413090740,0.5441211966191,0.0829033138827,0.0376177536858,-0.1786331796373,0.5496781684279,-0.1103596685104,0.3651045629809,-0.0262416455434,0.0766188181549,0.0318281924268,0.4197030975734,0.1245716303457,0.1477063364909,0.2894373201207,0.2564184319850,0.0495309008003,0.0766712023589,0.1008431840973,0.1470499477163,0.4158170075492,0.2831888349742,0.4985158878713,0.5963296198022,0.3709788296376,0.8560328819243,0.2402743019069,-0.0859099336671,0.0190805477394,0.2237124755678,0.0249010043626,0.0548075653367,0.0641716768731
0.2779108704059,0.2817930653084,0.1950508303435,0.3101262787834,0.6441742793985,-0.4224706137455,0.2930124408402,0.4460380140268,-0.0920820481755,0.3664146700489,0.6083127939262,-0.0097543521034,0.6574149169934,-0.0105523495852,-0.0013226702771,0.1502774011872,0.5168349417918,0.1591610430521,-0.1469262266490,0.0460096686974,0.5940395326702,0.5531060530705,0.3606348405497,0.6146681541754,0.7229006149478,0.1602738956232,0.2850678707215,0.3971197235722,1.0000000000000,0.4072897244144,0.6931565820766,-0.1158137794053,-0.3949903042436,0.1970984728771,0.3600131171433,0.2536781825193,0.1287398353914,0.0303823342732,0.2860431242790,0.6066291975471,-0.1805984137538,-0.0383398714841,0.3862304468133,-0.2248837344895,0.4237039831957,0.4889590232608,-0.2873318121617,0.6280932170798,0.0280628575315,-0.3059497636485,0.3727715675832,0.4070962896804,0.2927809334581,-0.3209195727503,-0.1304294426945,0.6009020908886,0.5047375160220,0.3083914733791,0.4271417837747,0.6197740247405,0.0302811813073,-0.0332878288890,0.3329717356783,0.9136840842517,0.2628843236538,0.5290258313599,0.2702040978625,-0.0652098303322,0.1774276244712,0.2887903605149
0.6295616350048,0.1860808251517,0.1103809117960,0.1803336963757,0.5995700998693,-0.1685267554381,0.2036304219652,0.1044301696148,0.0373672158033,0.4231324159152,0.5283124460130,0.1816543268839,0.5539859119361,0.3453232933691,0.4766128314902,0.4453725477306,0.5586422696225,0.2537023984039,0.0907394849502,0.1224950457048,0.5111032504996,0.6956264684677,0.2679582887993,0.6820922251328,0.3373844776435,0.0953604612005,0.0485675354515,0.1667162167098,0.4072897244144,1.0000000000000,0.4979778891290,0.1145454551435,-0.0182178282508,0.5418843405962,0.5620846990538,0.6248236725955,0.0918803316297,0.0586238402773,0.2110138085497,0.5979958207853,0.0392320712849,-0.0181980092676,0.0714487561267,-0.0211215597332,0.4608312740648,0.4025155800571,0.0885836662667,0.5527820453872,0.3785500633649,0.2308511508442,0.6219454156765,0.4915784915485,0.2604532136827,0.0318578505905,0.1679887399201,0.3670391067047,0.6740862986234,0.3126308042034,0.6079933075907,0.4406636044385,0.2410678867783,-0.1625394417802,0.2009802210293,0.4225476695806,0.8306492509279,0.5209114736589,0.2945844172444,0.2757194605730,0.4467206577059,0.5152991456919
0.4326442785009,0.4583777934440,0.4497229097974,0.5351040785918,0.4282927056640,-0.3025019318414,0.2175010906763,0.4296805664021,0.1041078482749,0.3697154037972,0.3570175919228,0.0724222640451,0.4189696026753,0.1537466388203,0.2232894842072,0.3290110808526,0.5604498110197,0.4845359369892,0.0552857295078,0.2494912040751,0.4240392680043,0.6355440482830,0.6885968413098,0.7264072280842,0.5688580335973,0.2698067187877,0.4537676706978,0.4358858635630,0.6931565820766,0.4979778891290,1.0000000000000,-0.2369739145508,-0.2813231779714,0.3449380986311,0.5921403703231,0.3995214054432,0.3185685712283,0.3208213560540,0.4432020542057,0.4234335320501,-0.0331114388740,-0.1342567758442,0.4133102675806,-0.2130802181997,0.4506048792836,0.1601110762535,-0.1187802947943,0.4207041706972,0.1275634868550,-0.1633038382926,0.3252432624205,0.5091033251923,0.5958656125248,-0.2798368840431,0.0725051244656,0.4313335215654,0.4688304216318,0.6228871386286,0.6248465149825,0.5900441625234,0.2660321077290,0.1499954877564,0.4540028355114,0.5224112632927,0.2101284563396,0.6509707262197,0.0879621374142,-0.1001588425102,0.1922286759476,0.4545721573913
-0.0851882365227,0.0000010338365,-0.2615341178649,-0.2411626831692,0.0093531081210,-0.0030194598739,-0.1625212715894,-0.1439599048208,-0.0862428904206,-0.0318580945318,0.0112007986163,0.4694077679505,-0.0682283460469,0.1109391553694,0.1000769066117,-0.0740848627965,-0.2715563301084,0.0089742626274,0.2453053629919,0.2071376021188,-0.1174636831046,-0.1419282979717,-0.1927015556597,-0.1310080989331,-0.1163122909076,-0.2112792690773,-0.0993001041335,-0.0863246191402,-0.1158137794053,0.1145454551435,-0.2369739145508,1.0000000000000,0.1718538281431,-0.0806718621865,-0.0829803486575,-0.1530372680906,-0.1178166660517,-0.2057415922692,-0.3208997076711,-0.0479045935534,-0.1787353738156,-0.1380849188467,-0.1437209237020,0.0013978355584,-0.0517695413983,0.0297394989525,0.3627572923022,-0.0660670631435,0.0712332696915,0.1147791871634,0.0701417892926,-0.2943514852261,-0.0654021149508,0.5170780242947,0.4439343254406,-0.2755488280908,0.0051732806717,-0.1844637048044,-0.1829525748873,-0.2233134374988,-0.1469719677052,-0.0255498040177,-0.0477627449525,0.0307956022305,0.2311465489951,-0.0703320643358,0.5591294349879,0.2809504144285,0.0699084044006,-0.0712891800868
-0.1385423053845,-0.3038266091954,-0.1232525661047,-0.3193255621449,-0.1760712385296,0.8187047205012,0.0923717033148,-0.3100579082897,0.4138090337021,-0.2598571597415,-0.0673761990280,0.3103209062711,-0.2767030769529,0.1416411324808,0.1927755041664,0.1632682840726,-0.0639418687387,-0.2152947158854,0.0377586781736,-0.1706335543171,-0.2738682596249,-0.1199805712771,-0.3114838254502,-0.1751849881574,-0.3587193732173,-0.2377623595284,-0.1866331841658,-0.1259477662821,-0.3949903042436,-0.0182178282508,-0.2813231779714,0.1718538281431,1.0000000000000,-0.1697469405833,-0.0872699825330,-0.1666622948276,-0.2387569573502,0.0241792921801,-0.3266374802826,-0.1613955252851,0.5670567793044,0.4903502706451,-0.3151907479726,0.5894863657283,-0.2756264244606,-0.0146290261410,0.4984973192384,-0.2500605771772,0.2330462226411,0.4570461182756,-0.0043119286317,0.0074922785435,-0.3056398567746,0.2495704881522,-0.0813145681881,-0.2876063532886,-0.1096110957885,-0.2861628930144,-0.1215439452263,-0.2479019083973,-0.1857055552749,0.0102306949221,-0.1009386920394,-0.3088648893228,0.0094392962532,-0.1242050772872,-0.1462919241434,0.6793566186980,-0.1302459871327,-0.0202812944263
0.3506502140727,0.2143360293412,0.3045351814072,0.3124166093750,0.1580170327231,-0.1775168069819,0.1537936769629,0.2232485474717,0.0192603855643,0.4229731210117,0.1764725980997,0.2145672974072,0.3227892336438,0.2137804001567,0.1716754282239,0.1956205202278,0.3149126192118,0.2561534492403,0.1615088763318,0.2476288829799,0.2276305555848,0.3413492637999,0.3047702310818,0.4305008939471,0.2172791776071,0.2647854373314,0.1899871651099,0.2308461284727,0.1970984728771,0.5418843405962,0.3449380986311,-0.0806718621865,-0.1697469405833,1.0000000000000,0.4929098640208,0.4083295543480,0.1705012551606,0.1759003171364,0.4764171127139,0.1674104177161,0.0164361111002,-0.2030757683773,0.1170421734319,-0.1586827040947,0.3744130569401,0.0843839918187,0.0678337581053,0.3515365240787,0.2168848909456,0.0810772229227,0.2174072519585,0.2985409032064,0.3101279808899,0.0123717873416,0.1606365725287,0.2466032584907,0.3079392445339,0.3659222494497,0.3820169120725,0.2973794930238,0.3554526609755,0.0013789936237,0.2537797167853,0.1596136304438,0.4833518695509,0.1960433506467,0.1563287926409,-0.0029886582610,0.5963754431260,0.4029298528352
0.4311684602953,0.4879213954774,0.2306563169491,0.4693596271851,0.3705378906217,-0.0903115182053,0.2737562509926,0.0803215692053,0.1944447225308,0.3232668766099,0.4485922703692,0.3353147036076,0.3802863923180,0.2388611290845,0.1998851749628,0.4017482502545,0.4582787359468,0.4478849430048,0.1329224718954,0.3463713683965,0.4787878389578,0.4983172104637,0.4360846011789,0.6654419181963,0.3268056561409,0.4695296442262,0.3411337876162,0.2422215125132,0.3600131171433,0.5620846990538,0.5921403703231,-0.0829803486575,-0.0872699825330,0.4929098640208,1.0000000000000,0.5288169529295,0.4269969497087,0.1248437748770,0.5261183341182,0.3220900341234,0.1433700635261,0.0454558072063,0.0279360992974,0.0026085528930,0.3569775648462,0.2550577433131,0.1349975780219,0.3621151929851,0.1725554066341,0.0130530892702,0.3662749389771,0.4006308175014,0.5875762402846,-0.0969431826478,0.2190733742153,0.4207600496343,0.3386328658153,0.4327987028794,0.5418748763869,0.3263861547405,0.4358716827667,0.1110756965901,0.2092943210273,0.2586449065648,0.3582417742748,0.4399908744645,0.0228949451848,0.0899441618946,0.5337110708615,0.8748715713425
