1.0000000000000,-0.0020910957415,0.1473250054752,0.2185779239224,-0.1527256601226,-0.2061350690521,-0.2762939475283,0.3200875371222,-0.0337297454625,0.1871336326614,-0.3650897828642,0.1625380377636,-0.2105967078881,-0.0249736108814,0.6579563533530,-0.1710015509247,-0.2609864581037,0.3580321064485,0.4133584015718,0.5048760389081,-0.1482393988799,-0.3341441290925,0.0346861253290,-0.1853454997568,0.0472913560449,0.2176118108385,0.1089965339948,0.0836248329955,-0.1105925573059,0.0223433835432,0.0123749062807,0.1337839328087,-0.0536077733137,0.0607618088723,0.0687485709797,0.4106706624827,0.0736577827637,0.1020582082785,0.1886965605043,-0.1425380246283,-0.1507678353961,-0.2674121809032,0.4008720717866,-0.0054991370127,0.1075273614045,-0.3623731164666,-0.1169884424335,-0.2798963560291,-0.1123446602710,0.2577016009510,-0.2411456832012,-0.2301353275655,0.1351543644087,0.0807299440551,0.2204975308757,-0.1689260746753,-0.2901145366619,0.0604019280272,-0.2610428912026,0.0280335917992,0.0992536691002,0.1744754623208,-0.0334648306875,-0.1499601411757,-0.2213758647817,-0.1954829983047,0.0707938976823,-0.0884502206732,-0.0185413912074,-0.1124388813504
-0.0020910957415,1.0000000000000,-0.0433280760112,0.4988488496012,-0.0479459846052,-0.2187512083658,0.0389968982945,-0.0781097915558,-0.2151145017552,0.1094932410018,-0.1538516457274,0.2609599371737,0.0717761853692,0.0739278386035,-0.2967325523160,-0.1714611598766,0.2119975085703,0.4321427135103,-0.0498696372295,0.0774511558917,0.1820527554498,0.2908769574913,0.4895988439491,0.3737241653865,0.1645316867920,0.3395106869914,0.5247778873109,0.2059180070599,0.0684630788951,0.2054025102784,0.4337911583447,0.1045297310341,-0.0636306506600,-0.0398084600957,0.4754707899965,0.2917489752368,0.7953813223194,0.4140173381893,0.6034526302436,0.0364232274974,-0.1831371115198,-0.1257058319742,0.0305878715523,-0.2125901905230,0.1601443273245,-0.0108365549554,0.2406996425707,0.1900933561989,0.2105671526339,-0.1338394243624,-0.1240386794032,0.3470089040273,0.5551561556669,0.0916303293046,0.3993414017258,0.2423341409685,0.2802282607460,0.5108857417568,0.4695615819733,0.4229771824942,0.4658861300279,0.2760935278334,0.4603737752293,0.1415577830987,0.1558380638209,0.3497568058861,0.2513706647647,0.0131747161267,0.1081757707596,0.5371921765553
0.1473250054752,-0.0433280760112,1.0000000000000,0.3009633757187,-0.4495754243465,0.2624919155687,0.1249444658376,-0.2009934955163,0.3811364209612,0.1660824808069,-0.3627733352296,0.2644572959169,-0.3253503575069,0.3073317744521,0.1452089950162,0.2731428208455,-0.0500112332858,0.0691724809950,0.2524718946013,0.2716574694397,-0.3565901423180,-0.1002842685786,-0.0617798248000,0.0431249749232,-0.2719688734390,0.1245629709796,0.3019388715240,0.4124544559631,-0.4129134655204,-0.2832689571903,-0.1029284547528,-0.2486360956166,0.0830221292884,-0.1342490561454,-0.2634883848923,-0.1653922972552,-0.1616051004586,0.1787788690964,-0.0493531222434,-0.5157628913914,-0.0427575888168,0.1380331808612,-0.2291077128697,0.2131258834539,0.0305234197908,-0.2846404959252,0.3115853857515,-0.2596061842357,0.1729957781891,0.2064685643313,0.2030245907631,-0.0806453283423,-0.0751633115891,0.1948937275251,0.0298184458157,-0.3288832014795,-0.3028596888835,-0.2051825109898,-0.2928127870245,-0.1614649345040,-0.0363499141374,0.2010433946957,0.0718321370976,-0.5183505527282,-0.2321386261693,-0.4255260087857,-0.2387024016139,-0.2407062379100,-0.1849655562663,-0.2466342234903
0.2185779239224,0.4988488496012,0.3009633757187,1.0000000000000,-0.1768433788125,-0.1227682927687,0.2055186097078,-0.0648058706514,-0.1125649079508,0.5344107999578,-0.2370020169640,0.1742823123728,0.0882720941536,0.1618409156062,-0.0960590692128,-0.0280835781637,-0.0232342346748,0.2881552318597,0.1558105121860,0.2999671442620,0.1567583078172,-0.0869282821888,0.6097646182633,-0.0756619350510,0.0743446368169,0.4135227369293,0.2241615077321,-0.0373360910272,-0.2249699298367,-0.0180493057730,0.0842259396873,-0.1089028677721,-0.1594156974705,0.1939023393371,0.2104508181822,0.3189485690386,0.4750316081911,0.2511203528249,0.6482775014398,-0.1973871396845,-0.0515121059504,-0.0264160111142,0.0419257972484,-0.2256994292079,0.5267392413414,-0.0983579084039,0.2098513110431,0.1457380834966,0.0951124951935,0.0569696771414,-0.0140030652925,0.0752341582889,0.3566633797757,0.1079620270376,0.4007603118746,0.1630019610150,-0.0631136200080,0.5880294064379,0.0045253469125,0.3856894166289,0.2356543458285,0.2177786500600,0.0239666413100,-0.2588799812095,-0.1325480940203,-0.0644150697294,-0.0127484807962,-0.0893928805597,0.1507922593308,0.3445091581931
-0.1527256601226,-0.0479459846052,-0.4495754243465,-0.1768433788125,1.0000000000000,-0.3281190358457,-0.0676611732036,0.3287270509388,-0.4763995961473,0.0886125114256,0.4101596650164,-0.2935608396232,0.4665117495148,-0.1530462955939,-0.1425319886956,-0.2327014457983,0.2928958174500,0.1642889787912,-0.0715757896808,-0.0548715831050,0.6203160620434,0.3957916943603,0.2965693226315,0.2819199636684,0.4375077575176,-0.1351966242707,-0.0977100915393,-0.1759197927226,0.5466680793722,0.3416765043329,0.2390634449801,0.1230208630570,-0.2362252546127,0.1950729230880,0.1595206699147,-0.1787277949050,0.0947879473938,-0.1635950209672,-0.0643196483451,0.8923481847980,-0.1174518233274,-0.2771565084640,0.1226754455875,-0.5128413464619,0.1375675321701,0.3884632666014,-0.2727531719317,0.5323244570279,-0.1067015359093,-0.2498504132155,-0.1837719338547,0.2628734162469,0.1463095711068,-0.2488761888782,-0.0937267941108,0.6081990498251,0.5202053159020,0.2858464416650,0.4009950515442,0.3103218929571,-0.0829269114666,-0.2649673627102,-0.0437276354720,0.5495133950086,0.2281759216632,0.3671176371014,-0.0443860188053,0.1206324535094,0.0797097050267,0.1505473063020
-0.2061350690521,-0.2187512083658,0.2624919155687,-0.1227682927687,-0.3281190358457,1.0000000000000,0.4378825066718,-0.3835896906816,0.7705276549224,-0.0723836970047,0.1719461766733,0.0014087752667,-0.1107511434673,0.1388900303731,0.0510654594661,0.7389015613679,-0.2219681954825,-0.5272829749070,-0.2866380380524,-0.3586326150445,-0.2807512744113,-0.1768635184959,-0.3635760217237,-0.2125274134503,-0.3312195891636,-0.1319746326201,-0.3043420941656,-0.0149831083442,-0.4107318162082,-0.0945091235154,-0.3506133802696,-0.2302863642047,0.6849248103141,-0.0277817634453,-0.1733890358758,-0.2586923396169,-0.2939046641935,-0.2308531055313,-0.2540852178248,-0.3776906293974,0.5882732730210,0.7048253536227,-0.3441368680087,0.6923448278534,-0.0724258137427,0.0387339449378,0.0836921619387,-0.1484470320067,0.0767080993050,0.0928410880907,0.7416599992042,-0.3090414302305,-0.3382940193567,0.0511957271674,-0.2026060983299,-0.2585835751132,-0.2778550066423,-0.3985832749374,-0.2976022896787,-0.4015758835950,-0.1880212065902,-0.1924830560387,-0.2021287831141,-0.4389344543276,0.0158975297593,-0.3139519896047,-0.1252620534450,0.2048257683176,0.1233909139143,-0.1693639692047
-0.2762939475283,0.0389968982945,0.1249444658376,0.2055186097078,-0.0676611732036,0.4378825066718,1.0000000000000,-0.5088069494798,0.3984241248405,0.1899716821833,0.4983377938490,0.0016470826030,0.5869095948826,0.1903585856537,-0.1251560639170,0.5550318679721,-0.1201683558496,-0.1727432463478,-0.2016992608604,-0.1492047801995,0.2902330316305,0.0732862398525,0.0672570156890,-0.0659489929776,-0.2290195387517,-0.1101568312545,-0.1583736135719,-0.2923063291233,-0.2782936155487,0.1138570444407,-0.1275366109091,-0.3300600341768,0.4029703784964,0.0507108553104,-0.0381136048178,-0.2951077513601,-0.0956478669856,-0.2394675193730,0.0050066449034,-0.0874754987441,0.3813788784734,0.7533834403571,-0.5503946674224,0.1386259184441,0.1698589377576,0.4686776147114,0.1823324714598,0.5582721086279,0.0825587243797,0.0325998190820,0.6171824273482,-0.1005839760843,-0.0456716141639,-0.1423964475912,-0.0917361666179,0.2843205820218,0.0248186617892,-0.0179091806968,-0.0344483127531,-0.1104991685516,-0.1861903862634,-0.2420477668910,-0.3212580589220,-0.3095134832860,0.0500334796892,-0.2001053337220,-0.2558303781070,0.3400158582048,0.0883114912484,0.1955967140712
0.3200875371222,-0.0781097915558,-0.2009934955163,-0.0648058706514,0.3287270509388,-0.3835896906816,-0.5088069494798,1.0000000000000,-0.3963651324650,0.2408865423948,-0.0327381702101,-0.0807549049720,-0.0435923985985,-0.1407617837933,0.2679575713966,-0.3748817990136,0.0617792309818,0.2148314179853,0.2403495839019,0.1157902581766,0.1297207931267,0.0354123194325,0.2274667330312,-0.0098031201651,0.6611060440369,0.2000088563058,0.0926514161434,0.1426719383134,0.5605938668161,0.0967504746657,0.3768922727662,0.2665100615460,-0.3200410357339,0.1571986777332,0.0661955991425,0.1415751142509,0.0446728602358,0.1668358133396,0.0875437317241,0.3957856495103,-0.1913210780747,-0.5532566861728,0.7030119799822,-0.3007257626285,0.2573173009187,-0.1996550696921,-0.2561876051360,-0.1272321019863,-0.1330519430322,0.0710940569814,-0.4692382856269,0.0622485324222,0.0166915826073,-0.0092003409242,0.0317219737368,0.0727194956294,0.0519183205135,0.2604988328854,-0.0230211305130,0.4990896068141,0.1071217389304,0.0494328125207,0.1940528280198,0.5451337521514,-0.1130275486060,0.1252209926595,0.1891177920561,-0.0436388072784,-0.0087224364968,-0.1328618650052
-0.0337297454625,-0.2151145017552,0.3811364209612,-0.1125649079508,-0.4763995961473,0.7705276549224,0.3984241248405,-0.3963651324650,1.0000000000000,-0.0776194220649,0.1170099706184,0.2830844750257,-0.1861848796384,0.3318136061296,0.3269570086571,0.7561047197711,-0.3523702454888,-0.4613879212057,-0.0869211587281,-0.2696025430447,-0.3807335053288,-0.2338715776478,-0.4836377141817,-0.2194408461440,-0.4707929414057,0.0192800055038,-0.1942910768760,0.1734299222875,-0.5663228839821,-0.0574636573643,-0.3926065556569,-0.3299032248052,0.5970152764051,-0.1249636872192,-0.2524497471254,-0.0829275818189,-0.3586403217393,-0.0673173159732,-0.1053584449371,-0.4832030786210,0.4097158258159,0.6416578428542,-0.3061503986715,0.7904194185956,-0.1146127835917,-0.0130667563559,0.3157610554918,-0.2567741075405,0.2819247903555,0.3101473128580,0.6591969595529,-0.3844478444585,-0.3104516666361,0.2345489262515,-0.0884679913462,-0.3413885326982,-0.4392638195764,-0.5294980766624,-0.3636783113945,-0.4771717476628,0.0597853954505,-0.0508883736647,-0.0116423822140,-0.5191405669154,0.0051129188409,-0.4901962972277,0.0099559183060,0.1089466443332,0.0540965738467,-0.2161480407265
0.1871336326614,0.1094932410018,0.1660824808069,0.5344107999578,0.0886125114256,-0.0723836970047,0.1899716821833,0.2408865423948,-0.0776194220649,1.0000000000000,-0.1134840080987,-0.0256534362261,0.2743025477558,0.3177785539320,0.1714441467434,0.1443585931974,-0.2061877253046,0.0517077045733,0.1508763017206,0.0384522841680,0.3132654265826,-0.1927591216092,0.4331573018306,-0.2926360854209,0.3197552757672,0.4399344111348,-0.1230228127124,-0.0718910029880,-0.1926651704395,-0.0232471303473,-0.0325706756079,-0.0209961584830,-0.0799524106829,0.1135981728969,-0.1354439282082,0.1027966323522,0.1383438537967,0.0661070026746,0.2487899907460,-0.0089180639330,-0.0108957370129,-0.0447282549257,0.1677548700354,-0.1957308125968,0.8912086585668,-0.1323474851112,0.0516958652228,0.2408313855523,0.1863920605740,0.3536796735616,0.0536499086644,-0.2041317950383,0.1164796238381,0.0429030761825,0.1974140176490,0.2533323537788,-0.1616436148354,0.3247910013751,-0.2191312025464,0.4410632069496,0.0657679607002,-0.1163118201512,-0.0790451220768,-0.2236033052567,-0.0993847987122,-0.2628082418348,-0.0173707744372,0.0546475585171,-0.0315267316529,-0.0484830510102
-0.3650897828642,-0.1538516457274,-0.3627733352296,-0.2370020169640,0.4101596650164,0.1719461766733,0.4983377938490,-0.0327381702101,0.1170099706184,-0.1134840080987,1.0000000000000,-0.2219681148347,0.6337804438179,-0.1068253220324,-0.1761887098054,0.2417412247740,0.0224727508535,-0.1931879244764,-0.2914753036336,-0.2521126127433,0.4705332991699,0.3055007710713,-0.0353071032833,0.1534044720849,0.0887529866958,-0.2422898418786,-0.2760627984652,-0.2455631950556,0.2565852245712,0.3149389548816,0.0219430514647,-0.2128117278784,0.1196648649708,0.2185516686214,0.1115857974565,-0.3096760441357,-0.1425011299157,-0.3283968545250,-0.1152418406417,0.4421941396851,0.2662027507974,0.4038181444496,-0.2417770855565,-0.0216635289204,-0.0643112470291,0.7490851373151,-0.1468670459402,0.5696037349686,-0.1175545549941,-0.1754670511583,0.3124351852076,0.0317843592002,-0.0978008307782,-0.2417578068419,-0.2075077307451,0.4676616139791,0.3011449463481,-0.0442565004992,0.2112421498979,-0.0822610188869,-0.1509443021711,-0.3801323382360,-0.2328021981424,0.2816922270653,0.2139603195471,0.1236635984987,-0.1135564224542,0.2306568414282,0.2628952925950,0.1862345304606
0.1625380377636,0.2609599371737,0.2644572959169,0.1742823123728,-0.2935608396232,0.0014087752667,0.0016470826030,-0.0807549049720,0.2830844750257,-0.0256534362261,-0.2219681148347,1.0000000000000,-0.1373431907023,0.5515775998999,0.3074352665070,0.0061680329470,-0.1092107714305,0.2537108739400,0.3707305352713,0.2213832806214,-0.0758521527044,0.0963988457750,-0.1782127451093,0.2054607424803,-0.1881308396389,0.3576429865461,0.4532861347841,0.4591262464863,-0.1843746961588,0.1712322153208,0.0601842382306,0.0606609126284,0.0695565922337,-0.0756236180642,0.1155331548054,0.2622031106585,0.0174836354801,0.4224704377371,0.3983607935702,-0.1987525046501,-0.0416111084795,-0.0246151987389,-0.0270298911319,0.2067498756071,-0.0921849930747,-0.0417506018662,0.7483627664948,-0.1275516828576,0.6410151330239,0.3265008051181,-0.0491701436138,0.0349480583043,0.1573452524848,0.5538800839387,0.3973621382498,-0.0352753646720,-0.1058517217273,-0.2040647535934,0.0663777747969,-0.0343732532094,0.5883347345262,0.4696188932027,0.5197698190658,-0.0518447716434,0.2695660705916,-0.1143883258536,0.4779126945875,-0.0827442365021,0.1289463509642,0.1117983302001
-0.2105967078881,0.0717761853692,-0.3253503575069,0.0882720941536,0.4665117495148,-0.1107511434673,0.5869095948826,-0.0435923985985,-0.1861848796384,0.2743025477558,0.6337804438179,-0.1373431907023,1.0000000000000,-0.0131498566570,-0.1224886733774,0.1026808148122,-0.0689513557292,0.1139748356979,-0.0153625935257,-0.0031374603892,0.7843134985660,0.2546087407966,0.2411696584725,0.0926693622240,0.1692828522567,-0.1860453159170,-0.0983474456810,-0.3567744462711,0.1455290122830,0.3826917678473,0.1378295587988,-0.1574542275842,-0.0555429321179,0.2236286627216,0.1930294093293,-0.0889704295230,0.0892850365293,-0.1431267885372,0.0719782948439,0.4784710825514,0.1381611018434,0.2397247104774,-0.1664983351891,-0.3363146718688,0.3049572546085,0.5378385418707,-0.0155100637392,0.8920944064919,-0.0219492251068,-0.0345711634606,0.1661955091546,-0.0125765624608,0.2493915231732,-0.1257281629662,0.1086167400610,0.7485863496725,0.3418767066124,0.2235238532888,0.2730817548648,0.1947182322682,-0.1008454745651,-0.1945966704102,-0.1961326252344,0.1795646844099,0.2879732815998,0.1647020495241,-0.0972574134978,0.2834091451231,0.2406853042701,0.3633125853956
-0.0249736108814,0.0739278386035,0.3073317744521,0.1618409156062,-0.1530462955939,0.1388900303731,0.1903585856537,-0.1407617837933,0.3318136061296,0.3177785539320,-0.1068253220324,0.5515775998999,-0.0131498566570,1.0000000000000,0.2722257075775,0.2931492399154,-0.0849157134412,0.0911228206046,0.1903277416927,0.0327747285685,0.0105438331877,0.0311075919535,-0.1508888471139,0.0314508618903,-0.2464444136149,0.4902687213435,0.0974892970165,0.3345393601708,-0.3613031848527,-0.0052102829266,-0.2047791405107,0.0804671806448,0.2886099695589,-0.1888438710050,-0.3540268735520,-0.0435470390890,-0.1569013194551,0.1661120200797,0.1790120371454,-0.1969121841723,0.0086385688014,0.0404364382129,-0.2749672096608,0.1729921557498,0.2374451276728,-0.0562018381172,0.6573812067855,0.0401302792571,0.8636562299156,0.5274262827562,0.1967540228150,-0.0219034909866,-0.0240785528077,0.4086128028811,0.1778724172878,-0.0027266979612,-0.2222983121119,-0.2873105258554,-0.1434042109040,-0.0277823173242,0.4085797470911,0.0707203200090,0.2646089582393,-0.2766431934846,0.1060255501047,-0.4171316213833,0.3123133519910,0.1312227072549,-0.1289904926196,-0.1964028825484
0.6579563533530,-0.2967325523160,0.1452089950162,-0.0960590692128,-0.1425319886956,0.0510654594661,-0.1251560639170,0.2679575713966,0.3269570086571,0.1714441467434,-0.1761887098054,0.3074352665070,-0.1224886733774,0.2722257075775,1.0000000000000,0.1461282209251,-0.4447392720569,0.0651415860088,0.4695914586634,0.3003452784489,-0.1794874671456,-0.4096947006536,-0.3282540406369,-0.3140883066379,-0.1066723564967,0.2067778739434,-0.1137480518002,0.1724564359766,-0.2421024362018,0.0782640753977,-0.2892282652461,0.0796985176152,0.1936963830675,0.0265721464923,-0.2009773754987,0.1974151038818,-0.2721936202861,0.0569708500196,0.0232857542430,-0.1495741545179,0.1187003041281,-0.0634354090570,0.3333000910201,0.2668369649428,0.0891540255838,-0.2608994205826,0.0516133879183,-0.2918930493862,0.1774521892741,0.5099232939456,0.0142146216609,-0.4462399188048,-0.1142958751701,0.2918134312665,0.1594353145291,-0.2182340637434,-0.4380252512745,-0.3280738573670,-0.4085080964852,-0.2223548550227,0.1585189574755,0.0402220818810,0.0118968361803,-0.2198324507783,-0.0668582204316,-0.4417497019395,0.2304101494760,0.1191382182969,0.0153225249631,-0.3665152665749
-0.1710015509247,-0.1714611598766,0.2731428208455,-0.0280835781637,-0.2327014457983,0.7389015613679,0.5550318679721,-0.3748817990136,0.7561047197711,0.1443585931974,0.2417412247740,0.0061680329470,0.1026808148122,0.2931492399154,0.1461282209251,1.0000000000000,-0.3138496598121,-0.4142699256725,-0.1312593009590,-0.2479714830704,-0.1853136082106,-0.1450791661929,-0.2015399311192,-0.1992812039062,-0.4346559688014,-0.0769615286740,-0.3610744872530,0.0052135680811,-0.5396868672085,0.0928979052803,-0.3720213817881,-0.4043661418370,0.5233825302698,0.0725419824768,-0.1958368151727,-0.3068805034359,-0.2540918879152,-0.3074658367340,-0.1975592373442,-0.2730221912789,0.5035983297879,0.6609805813209,-0.4448460653743,0.4905566533818,0.1644623634776,0.0257621246911,0.1592535212447,0.0537405147413,0.1793301459258,0.1588011842447,0.8783307650947,-0.3837425611259,-0.3009865564805,0.0449078578399,-0.1660853559197,-0.1332050306781,-0.3177773078014,-0.3072881491119,-0.3148651255772,-0.4010036222616,-0.1345875604114,-0.3638562638800,-0.2477648101725,-0.5540750419756,0.0603396242415,-0.4874254576061,-0.1733766909898,0.2388145604840,0.1383527489600,-0.1070590304890
-0.2609864581037,0.2119975085703,-0.0500112332858,-0.0232342346748,0.2928958174500,-0.2219681954825,-0.1201683558496,0.0617792309818,-0.3523702454888,-0.2061877253046,0.0224727508535,-0.1092107714305,-0.0689513557292,-0.0849157134412,-0.4447392720569,-0.3138496598121,1.0000000000000,0.1999011390516,-0.2027737066675,-0.0702000420030,0.1945432339102,0.7030433080755,0.3697440790731,0.5984199369293,0.3511507456175,-0.0294296517550,0.2257799076653,-0.0301627684031,0.6065188477889,0.1037194922108,0.5269641835412,0.0853165625177,-0.1023818301330,0.0423964043833,0.1506443552199,-0.1932434108605,0.1807967521901,0.0145427059268,0.0197887894492,0.3409284795094,-0.2379164554464,-0.2409563446386,-0.2314753336354,-0.3069718293646,-0.1686897486724,0.1099480159953,-0.1499764280709,0.1229657193143,-0.0726446171520,-0.3514690131987,-0.2717968713735,0.9230440396794,0.0250294681533,-0.3983899689266,-0.2923563479443,0.2380389624804,0.6800338686599,0.3122971307220,0.5955251143539,0.4617073409506,-0.1184432825200,-0.0921979132212,0.0416400325922,0.5159996259444,0.0165515823431,0.4517402295204,-0.1990523177957,-0.0684407364293,-0.1046472187153,0.1512603713835
0.3580321064485,0.4321427135103,0.0691724809950,0.2881552318597,0.1642889787912,-0.5272829749070,-0.1727432463478,0.2148314179853,-0.4613879212057,0.0517077045733,-0.1931879244764,0.2537108739400,0.1139748356979,0.0911228206046,0.0651415860088,-0.4142699256725,0.1999011390516,1.0000000000000,0.4834321241534,0.7396359703325,0.2666713691277,0.3265216760404,0.4171815385174,0.5172954413690,0.0887358787089,0.1150444208599,0.6293763508677,0.2061919365654,0.2210144845869,0.2528341079640,0.4693763819034,0.2688905692601,-0.2734853438471,0.0535025218276,0.3628234206656,0.1620929557935,0.3775936893227,0.4030331998490,0.3317147728468,0.2255103026660,-0.3330975110457,-0.4999019386629,0.1090447407875,-0.5052122519239,0.0110484074990,-0.1037491101849,0.1540160283335,0.2186541734628,0.1268138357300,-0.0976127180506,-0.4127302946612,0.3621977570403,0.6908620210307,0.1506243388293,0.4763505836044,0.2730094115593,0.2865608044223,0.3549270811486,0.4607327868769,0.2864024050602,0.3007971497464,0.3907010822337,0.3119116553374,0.2198171012417,0.0442696860962,0.2698866731832,0.1508610172321,-0.0410400022779,-0.0128767976497,0.3470659961121
0.4133584015718,-0.0498696372295,0.2524718946013,0.1558105121860,-0.0715757896808,-0.2866380380524,-0.2016992608604,0.2403495839019,-0.0869211587281,0.1508763017206,-0.2914753036336,0.3707305352713,-0.0153625935257,0.1903277416927,0.4695914586634,-0.1312593009590,-0.2027737066675,0.4834321241534,1.0000000000000,0.7102652057723,-0.0193543857097,-0.0838852796896,0.0154268309652,0.0518402431775,-0.0887107637827,0.1639277379067,0.2869880434067,0.2502174294261,-0.0878986939862,0.1379063072655,0.0539875086184,0.0709300753564,-0.2106914691723,0.1234411592572,0.1077747211027,0.1917651528720,-0.0121050151308,0.1629439341644,0.1305536400231,-0.0375293990868,-0.0923200616841,-0.3043613679911,0.1719082870491,-0.2025292802243,0.0577374757975,-0.2590643946576,0.2113986952373,-0.0666884436040,0.1343114387199,0.2798925705921,-0.2357256099807,-0.1205585751668,0.2641333427843,0.3907738433884,0.4046454790838,-0.0714659867052,-0.1529908101677,-0.0127948890506,-0.0727497525246,-0.0517099721330,0.2361536252150,0.2699829927229,0.1323913861472,-0.1025627377762,0.0448870336476,-0.1897671738002,0.0964870533773,0.0073038179551,0.0783763950047,-0.0060789521718
0.5048760389081,0.0774511558917,0.2716574694397,0.2999671442620,-0.0548715831050,-0.3586326150445,-0.1492047801995,0.1157902581766,-0.2696025430447,0.0384522841680,-0.2521126127433,0.2213832806214,-0.0031374603892,0.0327747285685,0.3003452784489,-0.2479714830704,-0.0702000420030,0.7396359703325,0.7102652057723,1.0000000000000,0.0226527501000,-0.0146984315774,0.2008741796496,0.1758706174993,-0.1423813525527,0.0782981158574,0.3778023378409,0.1413609719664,-0.0446701749460,0.1425289183623,0.1145021495747,0.0429149695453,-0.2843601719670,0.2697045423192,0.2521064324470,0.1204172009304,0.1279310394275,0.0852018136640,0.1723684080447,-0.0505046714430,-0.1232401781916,-0.3321628204387,0.0316765107399,-0.3734191874682,-0.0508601784591,-0.1651766380882,0.0295575493320,-0.0068888843522,-0.0690945645643,0.0011217573937,-0.2829796467051,0.0227571795505,0.3669301703307,0.1394966853039,0.3859811050429,0.0068150026034,-0.0390770269460,0.1508898251450,0.0333880982350,-0.0608831276725,0.0869599391244,0.2506252679699,-0.0472262567224,-0.1345605599873,-0.1265629076659,-0.1013128665979,-0.0769595447948,-0.1022836585568,0.1162130869300,0.1484334435705
-0.1482393988799,0.1820527554498,-0.3565901423180,0.1567583078172,0.6203160620434,-0.2807512744113,0.2902330316305,0.1297207931267,-0.3807335053288,0.3132654265826,0.4705332991699,-0.0758521527044,0.7843134985660,0.0105438331877,-0.1794874671456,-0.1853136082106,0.1945432339102,0.2666713691277,-0.0193543857097,0.0226527501000,1.0000000000000,0.4441332687632,0.3834124447766,0.2992810182950,0.3506106646570,0.0004657591191,0.0180231555310,-0.2232485900654,0.3547252543991,0.4220740018580,0.3056693079258,-0.0075855766999,-0.2055166231275,0.2730590231020,0.3264363862340,0.0297986791241,0.2157275717918,0.0177168609494,0.2719215222697,0.6234773667145,-0.0215428818379,-0.0722533519723,-0.0397843897208,-0.4483265452750,0.3605260911573,0.4495501828066,-0.0168200543806,0.7882752291940,0.0768346395704,-0.1543487621407,-0.0927012613248,0.2594709429395,0.3451932117977,-0.1395453528750,0.1360380288455,0.9087039312492,0.5188205829730,0.3590474840456,0.4841128697472,0.4026110248101,0.0753607821968,-0.1695761979105,0.0034455879833,0.3903343210718,0.3194559882950,0.3692909018881,0.0043326939842,0.1736999423397,0.2192236294269,0.3982804156136
-0.3341441290925,0.2908769574913,-0.1002842685786,-0.0869282821888,0.3957916943603,-0.1768635184959,0.0732862398525,0.0354123194325,-0.2338715776478,-0.1927591216092,0.3055007710713,0.0963988457750,0.2546087407966,0.0311075919535,-0.4096947006536,-0.1450791661929,0.7030433080755,0.3265216760404,-0.0838852796896,-0.0146984315774,0.4441332687632,1.0000000000000,0.2951837064324,0.8739035788652,0.2444858159754,-0.0530669073885,0.3672031882789,0.1245563913190,0.5360621518920,0.4831701221351,0.6796900936981,0.0146786074404,-0.0920774134813,0.1587066882422,0.3648686304170,-0.2102025894695,0.2142838435378,0.0528301876594,0.1361126645746,0.5041941079215,-0.1770292926728,-0.1045452484291,-0.3377511305160,-0.3027645532875,-0.1643528301693,0.3657706039459,0.0866575929969,0.4085488420971,0.1200762891515,-0.2989917814950,-0.0994602879190,0.7532498097155,0.1892279353643,-0.2329816581829,-0.1249949347274,0.5112272718907,0.8276694745266,0.2311697575860,0.7774252667155,0.3543499064011,0.0953910187281,-0.0343851187850,0.2270042355569,0.5391306464062,0.3748130365865,0.4913378028436,-0.0641577745343,0.0767651771428,0.0979566231031,0.3763444842041
0.0346861253290,0.4895988439491,-0.0617798248000,0.6097646182633,0.2965693226315,-0.3635760217237,0.0672570156890,0.2274667330312,-0.4836377141817,0.4331573018306,-0.0353071032833,-0.1782127451093,0.2411696584725,-0.1508888471139,-0.3282540406369,-0.2015399311192,0.3697440790731,0.4171815385174,0.0154268309652,0.2008741796496,0.3834124447766,0.2951837064324,1.0000000000000,0.2254555687621,0.4027609369404,0.1478820284389,0.1802816966027,-0.1790595281426,0.2950068201731,0.2181563276391,0.4675682792204,-0.0210035372646,-0.3191134536018,0.3431957535754,0.3402449339756,0.0749183006394,0.5890323529444,0.1470805329076,0.3885088586205,0.3237006085949,-0.1381461775620,-0.2373838505614,0.1104208153162,-0.5989482414320,0.4772545085567,0.0368471585318,-0.1759300359586,0.3437379377363,-0.1915135856933,-0.3007725075474,-0.2035630191755,0.4192954198636,0.4191215428935,-0.2146326854953,0.2085783622690,0.3952978079585,0.3864972929628,0.9104549425566,0.4051568705930,0.6460035010143,0.0078654293450,-0.0353433643547,-0.0331531529711,0.2022696365792,-0.0500982276915,0.3058873932994,-0.1897053268460,-0.0248916227668,0.1525386086180,0.4348196254091
-0.1853454997568,0.3737241653865,0.0431249749232,-0.0756619350510,0.2819199636684,-0.2125274134503,-0.0659489929776,-0.0098031201651,-0.2194408461440,-0.2926360854209,0.1534044720849,0.2054607424803,0.0926693622240,0.0314508618903,-0.3140883066379,-0.1992812039062,0.5984199369293,0.5172954413690,0.0518402431775,0.1758706174993,0.2992810182950,0.8739035788652,0.2254555687621,1.0000000000000,0.0893713164482,-0.0720630788938,0.5426904131975,0.3881567168938,0.4250769014604,0.4313863131595,0.6166086000113,0.0500885055399,-0.1199765011776,0.0825082707117,0.4069406616678,-0.1853880926114,0.2823815677408,0.1982403587446,0.1633715594544,0.4003051387433,-0.2592645487722,-0.2255382045316,-0.2816187988660,-0.2964527244333,-0.2833824811363,0.2064842708967,0.1440177058958,0.2575461264241,0.1631917407674,-0.3521085913605,-0.1790243891469,0.6755090078636,0.3337728335498,-0.0521393814281,0.0264446638042,0.3808467553727,0.6682290228957,0.1575259050932,0.7901894451759,0.1688606711416,0.2106532905669,0.0961076260475,0.4038429147162,0.4349729893612,0.3258183663043,0.4560642247662,0.0579841305784,-0.0595637837101,0.0802011078016,0.3528228817080
0.0472913560449,0.1645316867920,-0.2719688734390,0.0743446368169,0.4375077575176,-0.3312195891636,-0.2290195387517,0.6611060440369,-0.4707929414057,0.3197552757672,0.0887529866958,-0.1881308396389,0.1692828522567,-0.2464444136149,-0.1066723564967,-0.4346559688014,0.3511507456175,0.0887358787089,-0.0887107637827,-0.1423813525527,0.3506106646570,0.2444858159754,0.4027609369404,0.0893713164482,1.0000000000000,0.1544550395810,0.1284362289336,-0.1099371999629,0.7416129017278,0.1302868115444,0.4841660488227,0.2279012780672,-0.2908832092659,0.1166085889396,0.1494383267807,0.0506321440650,0.2221310154362,0.1275814510867,0.1460565874959,0.4627911934170,-0.1901264661531,-0.2892759005092,0.5031254723043,-0.3467744109683,0.3268388686919,0.1006275816242,-0.3220802124851,0.1345898963315,-0.2244722453627,-0.1196994190193,-0.4208529465195,0.3231566313604,0.0666850411721,-0.2623371028604,-0.0808876259053,0.3247800556079,0.4197514317153,0.4511076727037,0.2432484985628,0.7990841291597,-0.0397061925724,-0.0143775959450,0.1088470146760,0.7019926950998,-0.0000195615577,0.3981225925504,0.0260805373499,-0.0406039806331,0.0537906918092,0.0399483003476
0.2176118108385,0.3395106869914,0.1245629709796,0.4135227369293,-0.1351966242707,-0.1319746326201,-0.1101568312545,0.2000088563058,0.0192800055038,0.4399344111348,-0.2422898418786,0.3576429865461,-0.1860453159170,0.4902687213435,0.2067778739434,-0.0769615286740,-0.0294296517550,0.1150444208599,0.1639277379067,0.0782981158574,0.0004657591191,-0.0530669073885,0.1478820284389,-0.0720630788938,0.1544550395810,1.0000000000000,0.1987519753134,0.2910192447283,-0.1151368952294,0.0303390026216,0.0599901567013,0.2022439501212,0.0115176226644,0.0624933390860,-0.0051700350196,0.2853052257934,0.2306740914576,0.1626573127720,0.5141366288757,-0.1657014891886,-0.1101302073528,-0.2023778792415,0.1212164506247,-0.0109862248384,0.3905447021092,-0.1784974739810,0.2670305340185,-0.1448211578610,0.3984404471608,0.4169010947763,-0.1533428428476,0.0280745330570,0.0268807630633,0.0839491296161,0.1492007614261,-0.0246903685243,-0.1660806169134,0.1194691519144,-0.1648691918607,0.2747849495032,0.4811127910169,0.1026132096485,0.2692572283310,-0.0762596001655,-0.0366532282536,-0.2119089982700,0.2058253534226,0.0750247099651,-0.0226506060488,-0.0381667745848
0.1089965339948,0.5247778873109,0.3019388715240,0.2241615077321,-0.0977100915393,-0.3043420941656,-0.1583736135719,0.0926514161434,-0.1942910768760,-0.1230228127124,-0.2760627984652,0.4532861347841,-0.0983474456810,0.0974892970165,-0.1137480518002,-0.3610744872530,0.2257799076653,0.6293763508677,0.2869880434067,0.3778023378409,0.0180231555310,0.3672031882789,0.1802816966027,0.5426904131975,0.1284362289336,0.1987519753134,1.0000000000000,0.4556522969193,0.1780210970325,0.0998428084816,0.5646883106826,0.1709640970723,-0.1948782830107,-0.1549501419897,0.3366339155819,0.1194011515279,0.2805129745514,0.5431793013452,0.3338549496547,-0.0178355755612,-0.4248574607877,-0.3187794453578,0.0365614830420,-0.2043607648356,-0.1568322567951,-0.1475941865261,0.3386869203951,-0.0084832417932,0.2014675701815,-0.0853401639378,-0.3620320530994,0.3978546460033,0.4615736403698,0.2014139155859,0.2865618128477,0.0295370779092,0.2097379199000,0.1850473037611,0.3770418353834,0.2890370500610,0.3770850423683,0.6131256332615,0.5565348499500,0.2158079287090,-0.0020631238576,0.2498811908200,0.2068691661901,-0.2035986136289,-0.1310609875870,0.2899999986026
0.0836248329955,0.2059180070599,0.4124544559631,-0.0373360910272,-0.1759197927226,-0.0149831083442,-0.2923063291233,0.1426719383134,0.1734299222875,-0.0718910029880,-0.2455631950556,0.4591262464863,-0.3567744462711,0.3345393601708,0.1724564359766,0.0052135680811,-0.0301627684031,0.2061919365654,0.2502174294261,0.1413609719664,-0.2232485900654,0.1245563913190,-0.1790595281426,0.3881567168938,-0.1099371999629,0.2910192447283,0.4556522969193,1.0000000000000,-0.0984776180217,-0.0383822795066,0.0195332529271,-0.0176442047477,-0.0026721712724,-0.1397654044246,-0.0379194190059,-0.0048242587935,0.0375172240185,0.4022208762345,0.2063038006685,-0.1382055931114,-0.1654197451222,-0.2620176597254,0.0621315393432,0.0992760490029,-0.1050012176622,-0.3241237173976,0.3581927061523,-0.3415288684350,0.4049073293310,0.0973345679379,-0.0850523793853,0.0433469740623,0.0494820842869,0.3733684260179,0.1789626271408,-0.2030804176563,-0.1466778869711,-0.2237695167134,0.0531488757363,-0.1488300070547,0.4986616727129,0.1946179326006,0.7232014808312,-0.0173152918327,0.0048656351999,-0.1702481244107,0.3408544783108,-0.1849491752092,-0.0614136456255,-0.1904753901894
-0.1105925573059,0.0684630788951,-0.4129134655204,-0.2249699298367,0.5466680793722,-0.4107318162082,-0.2782936155487,0.5605938668161,-0.5663228839821,-0.1926651704395,0.2565852245712,-0.1843746961588,0.1455290122830,-0.3613031848527,-0.2421024362018,-0.5396868672085,0.6065188477889,0.2210144845869,-0.0878986939862,-0.0446701749460,0.3547252543991,0.5360621518920,0.2950068201731,0.4250769014604,0.7416129017278,-0.1151368952294,0.1780210970325,-0.0984776180217,1.0000000000000,0.2751066744496,0.5899564010012,0.1889580895546,-0.3160823136882,0.1581913845547,0.2530033880292,-0.1148811954522,0.1264402975549,0.0206007929610,-0.0468453723980,0.6400185623688,-0.2448074966382,-0.3511069801312,0.2746190086199,-0.4386436116761,-0.1521426234104,0.2794424821769,-0.3334729905363,0.1867785275166,-0.2779339440756,-0.3835925052551,-0.4843456664398,0.5987567957154,0.0511857617879,-0.3467286210780,-0.2099301502499,0.3535229109632,0.6685097122087,0.3418199244126,0.5159066116054,0.5550363130158,-0.0857371529296,-0.0325620966557,0.0859325226879,0.9328515946658,0.1445842020544,0.6143083867335,-0.0152953630876,-0.0446132787069,0.0837995042069,0.1480371386550
0.0223433835432,0.2054025102784,-0.2832689571903,-0.0180493057730,0.3416765043329,-0.0945091235154,0.1138570444407,0.0967504746657,-0.0574636573643,-0.0232471303473,0.3149389548816,0.1712322153208,0.3826917678473,-0.0052102829266,0.0782640753977,0.0928979052803,0.1037194922108,0.2528341079640,0.1379063072655,0.1425289183623,0.4220740018580,0.4831701221351,0.2181563276391,0.4313863131595,0.1302868115444,0.0303390026216,0.0998428084816,-0.0383822795066,0.2751066744496,1.0000000000000,0.4441303147028,-0.1142143020035,-0.0510310014571,0.5461439487725,0.5517437817010,0.0002710681224,0.3068007245159,-0.1057313332678,0.1957004007695,0.4629493357038,0.0708303426719,0.0088304056024,-0.1140230662488,-0.2370259118494,0.0411972420463,0.3200737628520,0.0181364794873,0.4093973050141,0.0607342246715,-0.2064948352327,0.0314217325890,0.1399546370423,0.2453285551639,-0.0861879790915,0.0765196870380,0.4953254378274,0.4064461853972,0.2125949092890,0.4465782448221,0.1340388038968,0.1576083192222,-0.1059988877340,0.0600333395435,0.2929853871491,0.6714445565787,0.3239471309439,0.0060148641035,0.1891495553255,0.4956862453578,0.4901473477182
0.0123749062807,0.4337911583447,-0.1029284547528,0.0842259396873,0.2390634449801,-0.3506133802696,-0.1275366109091,0.3768922727662,-0.3926065556569,-0.0325706756079,0.0219430514647,0.0601842382306,0.1378295587988,-0.2047791405107,-0.2892282652461,-0.3720213817881,0.5269641835412,0.4693763819034,0.0539875086184,0.1145021495747,0.3056693079258,0.6796900936981,0.4675682792204,0.6166086000113,0.4841660488227,0.0599901567013,0.5646883106826,0.0195332529271,0.5899564010012,0.4441303147028,1.0000000000000,0.1881210411364,-0.2547772412262,0.1377244522393,0.5118278171175,0.0736631877043,0.4169776086149,0.2112301192803,0.2366426435068,0.3939827993558,-0.3580484158981,-0.2955939841358,0.0825710765123,-0.3835443757963,-0.0380967476011,0.1160847130358,-0.0634243461760,0.2682124585717,-0.1170199725439,-0.2316675285558,-0.3922721420731,0.6070177966362,0.3762106244876,-0.2346697697037,0.0174948416238,0.3695854582463,0.6231880683718,0.4811753580927,0.6046900626232,0.6030480974092,0.0678612109494,0.2598350172485,0.2387154996624,0.5685444553689,0.2242553802906,0.6091375265815,-0.0576451447763,-0.0251076426674,0.0230340089255,0.4686574621963
0.1337839328087,0.1045297310341,-0.2486360956166,-0.1089028677721,0.1230208630570,-0.2302863642047,-0.3300600341768,0.2665100615460,-0.3299032248052,-0.0209961584830,-0.2128117278784,0.0606609126284,-0.1574542275842,0.0804671806448,0.0796985176152,-0.4043661418370,0.0853165625177,0.2688905692601,0.0709300753564,0.0429149695453,-0.0075855766999,0.0146786074404,-0.0210035372646,0.0500885055399,0.2279012780672,0.2022439501212,0.1709640970723,-0.0176442047477,0.1889580895546,-0.1142143020035,0.1881210411364,1.0000000000000,-0.0502326574013,-0.1703828777721,0.0032996952055,0.1512869365609,0.1316980158366,0.2099969378760,0.0828254235252,0.1311000754691,-0.1438619798803,-0.3439428135299,0.3145971869903,-0.1025553409607,-0.0601852021544,-0.1263235306274,0.0190385972281,-0.0873464193015,0.1005282887392,0.1496419928005,-0.3422713292392,0.1184018692621,0.2004952978114,0.1037152004806,0.1428763755563,-0.0148577413753,0.0580213642404,-0.0137730395216,0.0867723576798,0.1959252260229,0.1739593639837,0.3019344756452,0.2310326142834,0.2402651774720,0.0025457836405,0.2021507095934,0.3748102146208,0.1219027869937,-0.1552633721587,-0.0038685111525
-0.0536077733137,-0.0636306506600,0.0830221292884,-0.1594156974705,-0.2362252546127,0.6849248103141,0.4029703784964,-0.3200410357339,0.5970152764051,-0.0799524106829,0.1196648649708,0.0695565922337,-0.0555429321179,0.2886099695589,0.1936963830675,0.5233825302698,-0.1023818301330,-0.2734853438471,-0.2106914691723,-0.2843601719670,-0.2055166231275,-0.0920774134813,-0.3191134536018,-0.1199765011776,-0.2908832092659,0.0115176226644,-0.1948782830107,-0.0026721712724,-0.3160823136882,-0.0510310014571,-0.2547772412262,-0.0502326574013,1.0000000000000,-0.2406090348594,-0.2141549346540,-0.2142586546143,-0.1792401116967,-0.1506799633928,-0.1097018955662,-0.2496006655159,0.3791747930052,0.5326234031518,-0.2528663827269,0.6053351417495,-0.0782610908183,-0.0248843681194,0.1304380017947,-0.0729159364605,0.2558355906517,0.2388967530442,0.5725618943641,-0.1673180746833,-0.2003130439680,-0.0044852473133,-0.1633844327567,-0.1726309164661,-0.1635259474494,-0.3412210195605,-0.1540029171042,-0.2738137503219,0.0017387394542,-0.1256504135841,-0.0791117428194,-0.2965860083401,-0.0057539304589,-0.2359121595063,0.0789711059696,0.4495488436120,-0.0384320346696,-0.1858856985446
0.0607618088723,-0.0398084600957,-0.1342490561454,0.1939023393371,0.1950729230880,-0.0277817634453,0.0507108553104,0.1571986777332,-0.1249636872192,0.1135981728969,0.2185516686214,-0.0756236180642,0.2236286627216,-0.1888438710050,0.0265721464923,0.0725419824768,0.0423964043833,0.0535025218276,0.1234411592572,0.2697045423192,0.2730590231020,0.1587066882422,0.3431957535754,0.0825082707117,0.1166085889396,0.0624933390860,-0.1549501419897,-0.1397654044246,0.1581913845547,0.5461439487725,0.1377244522393,-0.1703828777721,-0.2406090348594,1.0000000000000,0.4547886435298,0.0192778851407,0.1418527506373,-0.2328831819077,0.2097273578040,0.2090382062726,0.2774027918741,0.0218398678777,-0.0165883517013,-0.2488182566305,0.1786058188416,0.1726441417464,-0.2892726642622,0.1493740563956,-0.2778184133541,-0.2358157368709,0.0372852191368,0.0190279292351,0.0157718934071,-0.1934831125827,0.0277772482882,0.2681576922690,0.1969602112908,0.3426107034015,0.1234324753039,0.0664903825539,-0.0687704224974,-0.2377424885493,-0.2488572510569,0.0536662301631,0.2116190902597,0.0880004763732,-0.2462391302172,0.0098909854865,0.6850132570440,0.3334046247145
