1.0000000000000,-0.0892097447857,0.0240561703666,0.0078426624846,0.4553787223386,-0.0046197682491,0.3619070994074,0.0552007609601,0.0651588375005,-0.0160747915178,0.4275382494825,0.0209067478817,0.4400459789800,-0.2518114705302,0.7176720959469,-0.0833033658937,0.3684813943632,0.3058156579400,0.0039047012060,0.2113287141508,0.4715023672097,0.5742891680267,0.1248641699326,0.3620518898841,0.0665507777471,-0.1558402302258,-0.0413907219699,0.1020773611223,0.4084646207943,0.6217205113730,0.2748135928051,0.0702148602244,0.1689588201199,0.5510956291604,0.2375169020174,0.7258046371433,0.0583664502228,-0.1587278780728,-0.0822699849627,0.3607554535768,-0.0584054754734,0.3236926176767,-0.1575435170535,-0.0839631791812,-0.1146856494328,0.3539638667207,-0.1749440700080,0.3896705374375,-0.2897433609372,0.2667822584523,0.0242194488238,0.3750055477984,0.1057503990229,-0.3293860095178,-0.0364304620083,0.4050562637925,0.4679137802149,0.2198308294746,0.3633414304794,-0.0335631627087,-0.2175684072411,-0.1900972739152,0.0899402005362,0.2538505108086,0.4205175498318,0.2852037717860,0.0803453812020,0.2310184202507,0.2354465367859,0.1163641240890
-0.0892097447857,1.0000000000000,0.0753757960259,0.6399583545701,-0.0826842133564,-0.0215518495679,-0.2195046396650,0.1556814736076,-0.2242387503517,0.2952980421404,-0.2092952967253,0.0313874402547,-0.1102686583823,0.1169965706277,-0.2764240082945,-0.1577674799382,0.0556068378649,0.2605241513132,-0.0949383507613,0.0449416025725,-0.1813797201044,0.0952818778841,0.4681576792411,0.2357382043681,0.2635633843052,0.3587160560371,0.4330021930852,0.1178783309803,-0.0539378096000,-0.0704963325547,0.2636987686699,-0.1374225739758,-0.1119554283611,0.0611774500634,0.3508580239693,-0.0747848343255,0.7165737347825,0.1218931977788,0.5002623212442,-0.0746139221896,0.0450308450102,-0.2312210741041,0.2398281299054,-0.1215381250521,0.3105327447947,-0.1984031451993,0.2571642474229,-0.1637298685010,0.2088679965146,-0.2257107808963,-0.1815342975301,-0.0293431942791,0.2626481063303,0.0956880935735,0.1661300415757,-0.1488652945519,-0.0417015962231,0.3801750735375,0.1958983941538,0.2125939710017,0.4518923248109,0.3381566637847,0.1297580318045,-0.1046774355324,0.0304985084320,0.1618260621985,-0.0057043226669,-0.0495313345732,0.0948975537322,0.4133442031343
0.0240561703666,0.0753757960259,1.0000000000000,0.1988381488857,0.0439024664907,-0.1861594942472,-0.1048534768726,0.3967023536266,-0.1421770278928,0.2565331940447,-0.1127005606177,-0.0206301072895,0.0125395692552,0.0758114052379,-0.0222267356136,-0.0394489168909,0.4699091473685,0.2357728737167,0.0335350268184,0.1400338942870,0.0049308674930,0.4635817288526,0.3569440494755,0.6461300552820,0.3922521756834,0.2144738724724,0.4247420088069,0.7837975183996,0.4164399597916,-0.2156441522017,0.4132459981404,-0.1402661100272,-0.1866813645028,-0.0574389392701,-0.0936895801163,-0.0821814393019,-0.0181929660896,0.6417961148008,0.0877613203136,0.0099929916947,-0.2084465000405,-0.2810125592287,0.2850410300856,-0.1895103856790,0.1359467385757,-0.1134874934996,-0.0835752311036,-0.0948537609622,-0.0332584811348,-0.1027964973934,-0.0932489485186,0.4945798108378,0.1871491356882,0.0801223309758,0.0717552742750,-0.0577558986290,0.3318509634352,0.3355813936816,0.4175781817814,0.3576398024560,0.0597318911786,0.1384841954537,0.7350521890184,0.2641964575693,-0.2646781344150,0.3785995395832,0.0717485972908,-0.2464031196033,-0.1110746277631,-0.1418860181200
0.0078426624846,0.6399583545701,0.1988381488857,1.0000000000000,-0.0643848392082,-0.1619106028382,-0.0714253423693,0.3110941966131,-0.2689871462423,0.4394786797335,-0.2037665600289,0.0121795687537,-0.0108708702577,0.2172623931357,-0.1700874892532,0.0197588569446,-0.0220243705048,0.2640831553522,-0.1601378775799,0.1420396698728,-0.2027899053008,0.1282846811102,0.5778478727720,0.2311157693352,0.3085552064657,0.4350770061645,0.5152848595751,0.1868890120312,-0.0345267139319,0.0565050694376,0.3858524179329,-0.0149207375085,-0.1661014566267,0.2189019204982,0.3804683803501,-0.0089074230400,0.5363813427585,0.2312703010536,0.8254687805220,-0.0606701678266,-0.0737008628040,-0.2527258040482,0.4063782914180,-0.1510164727036,0.5321936612129,-0.2051764774618,0.2825537727584,-0.1760210988963,0.3122704812589,-0.1229606348525,-0.0702454745669,-0.0460612645400,0.4449115823135,0.1283988375453,0.3330638186164,-0.2412964571325,-0.0845904928712,0.4913791089967,0.1608552594284,0.3035945337070,0.5604927002421,0.4091837351291,0.2859532839601,-0.1345287109734,0.0841859186739,0.2078727500200,0.0831756053441,-0.0486608678270,0.1001391149136,0.4568551927890
0.4553787223386,-0.0826842133564,0.0439024664907,-0.0643848392082,1.0000000000000,-0.1392937870191,0.1884210797446,0.0912157068896,-0.1327173321370,0.2316285986274,0.5358419667528,-0.1427038146054,0.6200399543174,-0.2476002512078,0.3732537240806,-0.0781627059424,0.3669981253925,0.0511627443686,-0.2472374312874,-0.0498444298830,0.8368608683543,0.5189360569415,0.1137762491206,0.2885831254081,0.4728066090236,-0.1432788665305,-0.2071634674640,0.0617135856633,0.5380423372657,0.2291616232365,0.1577322656315,-0.0188220330645,-0.0786364920562,0.1310060653692,-0.1213414012440,0.4620664126215,0.0577053486228,-0.0117135769176,-0.0635700557496,0.8978342695990,-0.1346853559326,0.2813382719666,0.0059548192001,-0.1482317681719,0.1700409022206,0.5340649241209,-0.2911859403067,0.6708968123533,-0.2719546529353,0.2641982239817,0.1544136198826,0.3169225472338,0.0515073069126,-0.3429320960300,-0.0888597826271,0.8011241110470,0.4630947990056,0.1981048732307,0.3144171165144,0.4072089390455,-0.2575162042947,-0.2311044281617,0.1299026127194,0.4015387135541,0.1829749201265,0.2419055603593,0.0779611690311,-0.0600623757334,-0.0303617671557,-0.0722856226701
-0.0046197682491,-0.0215518495679,-0.1861594942472,-0.1619106028382,-0.1392937870191,1.0000000000000,0.1359920842226,-0.2556248424530,0.5700641300467,-0.1354044091896,-0.0584679720494,0.3839788875458,-0.2604512516916,0.2326689736354,0.0618020366813,0.2973252512289,-0.0742664169810,-0.1239346139775,0.2702285268691,0.0407475584466,-0.1399534614621,-0.1122728780441,-0.0788404654728,-0.1862346186821,-0.2492942832495,-0.0823317852494,-0.2095722266710,-0.2499123262374,-0.1554165094961,0.1296367037574,-0.0955072648335,-0.0607643419562,0.6923267308134,0.0826444679972,0.1219493041204,-0.0019166541927,-0.0030330433037,-0.1609108563930,-0.1621211481923,-0.1259033867013,0.7757622662319,0.4284325161329,-0.3078231516326,0.5611844192430,-0.1510669393300,-0.1204352634159,0.3479876283518,-0.1298502165349,0.1851655395195,0.1347858896957,0.3030557303598,-0.0552764435814,-0.2639380854887,0.0195017038348,-0.2540490812767,-0.1099733186260,-0.1208491556949,-0.1091295443221,-0.1692243608979,-0.2130561553570,-0.0629238044066,-0.1656219473137,-0.3084715483443,-0.2201694068240,0.1675561952157,-0.1510003104940,-0.2877132000677,0.4646146051471,0.1135972712567,0.1326824984534
0.3619070994074,-0.2195046396650,-0.1048534768726,-0.0714253423693,0.1884210797446,0.1359920842226,1.0000000000000,0.0919224943599,0.3182393774695,0.0723760197363,0.6794843698906,0.0943961534081,0.6150388642977,0.0075981330682,0.3695456023535,0.3609561502138,0.1129259944429,0.0282330932182,0.1074066210501,0.3135415778425,0.3299015118634,0.1796026342539,-0.1020885255323,0.0147599503256,0.0002009560384,-0.1373461153458,-0.1492810046842,-0.1970366946536,0.1789575229125,0.3567010622764,0.1586135420376,-0.0633251741597,0.1545530372175,0.3247488468775,0.3553450194642,0.1343260190773,-0.1931653214952,-0.3240443959009,-0.1272935606606,0.1775249036829,0.2316163744159,0.7134761035870,-0.2509246633425,0.2775517006174,-0.0732720890531,0.4549737957099,-0.0615149199507,0.4896987383422,-0.0684336074654,-0.0729074313997,0.4967189691220,0.1520915303651,-0.1338365903773,-0.3205811526995,-0.1476151029630,0.2202737794057,-0.0574328848037,-0.1470017522148,-0.0953967662588,-0.0690299560393,-0.2989043130953,-0.3651257134552,-0.2349092747000,-0.0245350690013,0.0436180253576,-0.0818380180085,-0.0658620076923,0.2769741415115,0.1008473953649,0.0565660069043
0.0552007609601,0.1556814736076,0.3967023536266,0.3110941966131,0.0912157068896,-0.2556248424530,0.0919224943599,1.0000000000000,-0.1620864412966,0.5778169591746,0.0720365688232,0.0197002668464,0.1839715683696,0.0471396573882,0.0203157850924,-0.0051509449162,0.0454675442152,0.1650058665510,0.1019801205895,0.0937448183917,0.0777425596860,0.1483723625847,0.1848011267804,0.0923001015994,0.5261004917774,0.3235666579116,0.2565694784401,0.1928215667755,0.2353161008093,-0.0619112784409,0.1415696250666,0.0493772262861,-0.2797555545576,0.0118018787918,0.0533217806069,-0.1907172815269,0.0430762158906,0.1555987090678,0.0998485352452,0.0382335560091,-0.2365124949397,-0.2478097641863,0.5876782925691,-0.3177609112689,0.3168444401907,-0.0298395763869,-0.0854448490545,0.0336754609826,0.2602478298436,-0.2835167025472,-0.0645515687803,0.0293351521926,-0.0178939638323,-0.0391510122184,0.0199340959985,-0.0101860538404,-0.1369649748569,0.1445596890437,-0.1005391696275,0.3334042649668,0.2070656886393,-0.0393408830278,0.1834045765985,0.1697383339766,-0.2720824782318,-0.1055957321391,0.3577246118097,-0.1315814587603,-0.0415633316988,-0.1753591623654
0.0651588375005,-0.2242387503517,-0.1421770278928,-0.2689871462423,-0.1327173321370,0.5700641300467,0.3182393774695,-0.1620864412966,1.0000000000000,-0.2952157297681,0.1205166935050,0.5314372767314,-0.0991622628327,0.2927933346730,0.2900417671253,0.4338153259942,-0.1087324153712,-0.1490134375953,0.5073975749035,0.2956786535245,-0.0973801623209,-0.1686012477162,-0.3141083910606,-0.1944663370458,-0.2586289865836,-0.0518727822331,-0.0823100866420,-0.3414427794311,0.0087027858145,0.2079896105511,0.0223117952134,-0.1894780869884,0.4781038554618,0.0264844006621,0.0791994979081,-0.0480861471407,-0.2659583443772,-0.1823599531448,-0.2732671562141,-0.1530005867880,0.4909577953373,0.4958682241382,-0.3841706480022,0.6595927549616,-0.2624047926138,0.0439874135394,0.3206331248886,0.0221565218343,0.0846137084222,0.0804591251159,0.3709474194626,-0.0381387817674,-0.2793136479208,-0.0026390276700,-0.2204435200249,-0.0609102952882,-0.1648346372307,-0.3779574242058,-0.2251526219286,-0.3115578464903,-0.1470146784191,-0.1192660487945,-0.3765455579897,-0.0902277550447,0.0491767276392,-0.1521485687853,-0.3489874577455,0.2439820753182,-0.0516184599474,-0.0023532174347
-0.0160747915178,0.2952980421404,0.2565331940447,0.4394786797335,0.2316285986274,-0.1354044091896,0.0723760197363,0.5778169591746,-0.2952157297681,1.0000000000000,0.1037409036984,-0.0232241788849,0.2322901172887,0.1986321671759,0.0025777479393,0.1428758096371,0.0000655015176,0.2212036691825,-0.1006852708483,0.0559724396224,0.1573876422306,0.1821821977139,0.2489557468283,0.1038398780489,0.5119067004461,0.4661241291321,0.0728049795195,0.1745488733707,-0.0422063175931,-0.0741054448851,-0.0708027280245,-0.0094624135984,-0.1478037379749,0.1160115114534,0.0812501931046,-0.1837894015054,0.0936859005491,0.1070934498204,0.3644157433901,0.1867589401562,-0.0603704936250,-0.0788445321214,0.3758402477615,-0.1571717383245,0.7107575651108,0.0032845510926,-0.0670832164372,0.1321643398279,0.3106774565524,-0.0850917584493,0.1427342229780,-0.0492587025246,-0.0156555860259,-0.0427589866506,0.1413462189612,0.0849855489026,-0.0159209514987,0.1860701681315,-0.0160021764766,0.4208938996784,0.2879995282596,-0.1127864714045,0.1931246492066,-0.1239837244775,-0.1877270665669,-0.1660727118049,0.2048590816383,-0.0337312822733,-0.0537447964049,-0.0291412742510
0.4275382494825,-0.2092952967253,-0.1127005606177,-0.2037665600289,0.5358419667528,-0.0584679720494,0.6794843698906,0.0720365688232,0.1205166935050,0.1037409036984,1.0000000000000,-0.0569390428284,0.7603244817399,-0.1693505420786,0.4834142786675,0.1104647661915,0.2191088899443,0.0926647787693,-0.0421227072898,0.1576629537362,0.7231528040524,0.3908087067689,-0.0483522537917,0.1524615223899,0.1442267682574,-0.2127104278184,-0.2612578556038,-0.1104983818499,0.3591420727979,0.3410349252800,0.1132968088005,-0.0166318058762,-0.0196531339312,0.2769574121054,0.1182059895465,0.3383439421841,-0.1085485053711,-0.2910424718998,-0.1761784908219,0.5210491406504,-0.0128041574895,0.6031430224019,-0.2265238203977,0.0784905730341,-0.0634667109886,0.8571976169441,-0.2830444252406,0.7781605130567,-0.2926636120642,0.1401459159786,0.3523004426308,0.2027855009901,-0.0863467373068,-0.4018526228712,-0.1294405789643,0.6553673757200,0.2777185075443,-0.0978451782606,0.1374465788442,0.0568864779802,-0.4085008189540,-0.4399821616826,-0.1403554595006,0.2203175988162,0.1378054775392,0.0344262182376,0.0297206031173,0.0742536064043,0.1021422385419,-0.0470120688486
0.0209067478817,0.0313874402547,-0.0206301072895,0.0121795687537,-0.1427038146054,0.3839788875458,0.0943961534081,0.0197002668464,0.5314372767314,-0.0232241788849,-0.0569390428284,1.0000000000000,-0.1439367826114,0.6056114135704,0.2802673805835,0.4144520910261,0.0095913688654,0.1640594949618,0.6730093782135,0.3626254207339,-0.1339081446274,-0.1362430087266,-0.1435376563134,-0.1070390954963,-0.1367624124290,0.3862687589217,0.0674489141243,0.0164053048039,-0.0812752503822,0.1951459718214,-0.0249805988582,-0.0455173573187,0.2692958179960,-0.0301469384457,0.0667942598256,-0.1301904798416,-0.0488761097466,-0.0958585290462,-0.0671376422888,-0.1749712059930,0.3240528289195,0.1332719106525,-0.1928062429313,0.3145899961078,-0.1190829681472,-0.0978534680598,0.6468584259770,-0.1295779118258,0.4285496582021,0.0949243193786,0.2051430754730,0.0304871624042,-0.1114715997370,0.2438565136121,-0.0224639589879,-0.1370356870746,-0.1383354335326,-0.1912162197051,-0.1490602402098,-0.2234754574042,0.2962711881756,-0.0708313096134,-0.0661385837504,-0.1169162872346,0.1238352720791,-0.1776600302554,-0.2071407007823,0.0999183224946,-0.0642812057409,0.0699243788498
0.4400459789800,-0.1102686583823,0.0125395692552,-0.0108708702577,0.6200399543174,-0.2604512516916,0.6150388642977,0.1839715683696,-0.0991622628327,0.2322901172887,0.7603244817399,-0.1439367826114,1.0000000000000,-0.2385850532469,0.4439505801211,0.0815454377494,0.2774731766446,0.2835258009032,-0.1392985202976,0.2281672889133,0.7883107167878,0.4143493734764,0.0794205732787,0.2845044916068,0.2855058861646,-0.1201794028807,-0.1114397775268,-0.0214428925129,0.4010587757896,0.3243172051583,0.2761797129270,0.0115460331692,-0.1597166032936,0.2993259676631,0.1640451772349,0.3413820848414,0.0020002489989,-0.1778286088474,-0.0017650955097,0.5833705190881,-0.2007584648207,0.4272865969363,-0.0903065948867,-0.1239525497712,0.0609511158383,0.6709272339307,-0.3299389089197,0.8678871117059,-0.2605901827433,0.1105825926321,0.2674981240318,0.2441669742705,0.1610222764424,-0.3213888728551,0.0853850050146,0.7006349623104,0.2539143111720,0.0658547518273,0.2448244392552,0.1668876427914,-0.2714500584034,-0.2603895552196,-0.0155181687329,0.2486705434636,0.1537108731238,0.1301780394766,0.1759798737797,-0.0285980856094,0.1162574330009,0.0546277571906
-0.2518114705302,0.1169965706277,0.0758114052379,0.2172623931357,-0.2476002512078,0.2326689736354,0.0075981330682,0.0471396573882,0.2927933346730,0.1986321671759,-0.1693505420786,0.6056114135704,-0.2385850532469,1.0000000000000,-0.0527767558789,0.5463046154897,-0.1254772398934,-0.0297574394823,0.4329209795341,0.2634514348669,-0.2984516390871,-0.1795528507573,-0.1000691965157,-0.1088533961038,-0.0918116870912,0.6542928738854,0.2406626247122,0.1035228213636,-0.2568589545205,-0.0250717999300,-0.1201381063135,-0.0232962917047,0.1031940108789,0.0097015133132,0.0770834438799,-0.3753948806813,-0.0555460635360,0.0092661119378,0.2318816455125,-0.2749597703040,0.3197447686313,-0.0187837375386,-0.0623801470301,0.3857970830988,0.1524275367271,-0.1793642881493,0.6020741534807,-0.2375475552094,0.6148595434368,0.0504855444649,0.3478093688874,-0.1200509074299,-0.1214448277960,0.3578353371667,0.0367600085658,-0.3046032554733,-0.2138799653859,-0.1607355649657,-0.1963207283519,-0.1243170193799,0.4714277764822,0.0677469708699,0.0484830270198,-0.2856636183183,-0.0022187911699,-0.2478757043848,-0.2627938115284,0.0277876664280,-0.1375973710026,0.1531830957894
0.7176720959469,-0.2764240082945,-0.0222267356136,-0.1700874892532,0.3732537240806,0.0618020366813,0.3695456023535,0.0203157850924,0.2900417671253,0.0025777479393,0.4834142786675,0.2802673805835,0.4439505801211,-0.0527767558789,1.0000000000000,0.1725052468010,0.1969346863874,0.3673295895578,0.2174343676998,0.3541746045900,0.4582305878184,0.3961528191658,-0.0738957791232,0.2130197630696,-0.0649452823054,-0.0487977941583,-0.1646806651139,0.0292700906451,0.2443548971717,0.6931533272924,0.1183096139629,0.1359947997945,0.2142047414176,0.3944540702008,0.0902636396542,0.5658374452826,-0.1730922035366,-0.2373225073166,-0.1849820925917,0.2884889915855,0.0137643780787,0.4009814273326,-0.3118548828134,0.0697228043676,-0.1900538057135,0.4185492362284,-0.0980410130864,0.4124771071169,-0.2105452766641,0.4929383117745,0.2070968715605,0.2182274607178,0.0242311197274,-0.2252712287336,0.0777315233179,0.3866729738915,0.3484913063234,-0.0545802345065,0.1856997221033,-0.1925883069203,-0.2556006297420,-0.3496224552397,-0.0182284785787,0.1041796182081,0.4281579998797,0.0627151723918,0.0580144035667,0.2099573490048,0.1361976941659,0.0151409487012
-0.0833033658937,-0.1577674799382,-0.0394489168909,0.0197588569446,-0.0781627059424,0.2973252512289,0.3609561502138,-0.0051509449162,0.4338153259942,0.1428758096371,0.1104647661915,0.4144520910261,0.0815454377494,0.5463046154897,0.1725052468010,1.0000000000000,-0.1463233128344,-0.0357521556848,0.2916491598767,0.3277452957299,-0.0561206319425,-0.1387456849495,-0.1435128353254,-0.1543735914494,-0.0615293455490,0.2655846993266,-0.0191190912821,-0.1037382999082,-0.1393867116865,0.1793113702241,-0.0800151395564,0.1013405316783,0.2729936462631,0.1450248594114,0.0807571074467,-0.1408756009336,-0.2229941101046,-0.1883795943353,0.0810883766020,-0.1220923469581,0.3077068599992,0.3053881540407,-0.2025200711221,0.4055893315430,0.1209915291195,0.1130628457103,0.2950668792073,0.0915710818579,0.3063124275750,0.1857424912878,0.6582999319021,-0.1229726225860,-0.1123283829481,0.0993509433216,0.0362887492489,-0.0633835554750,-0.1680034898012,-0.2425494071383,-0.2459045550743,-0.1249052195552,0.0358741887146,-0.1374875161395,-0.1245898562763,-0.1434775302314,0.1138539260600,-0.2426021460362,-0.0957817144481,0.1806690907864,-0.0652821191267,0.1278601256507
0.3684813943632,0.0556068378649,0.4699091473685,-0.0220243705048,0.3669981253925,-0.0742664169810,0.1129259944429,0.0454675442152,-0.1087324153712,0.0000655015176,0.2191088899443,0.0095913688654,0.2774731766446,-0.1254772398934,0.1969346863874,-0.1463233128344,1.0000000000000,0.0703327878998,-0.0410858640702,0.0765029539717,0.3447573291194,0.6610398604911,0.3247390891945,0.6433238962844,0.3211536497478,-0.0086912655192,-0.0223493363909,0.4884621058095,0.5497755955839,0.0899416891286,0.3170227463314,-0.1660265551524,-0.0345948034246,0.0882676014936,0.0326199703359,0.2772614799106,0.1194538009026,0.3239377654314,-0.1538426663372,0.3706465337591,-0.0929879177129,0.0230501439208,0.0017284603760,-0.1708545558456,-0.1379037459231,0.1894644347184,-0.0851342953640,0.2021236703466,-0.1942132394006,0.0290106583466,0.0179839132609,0.9406309184311,0.0571508674811,-0.1119521315669,-0.0524654490187,0.2980292146373,0.6864899250592,0.3542654417290,0.6934769212689,0.3291558523493,-0.1202195456994,-0.1154176378286,0.4515783106214,0.4426805784325,0.0885124313428,0.4902369583957,-0.0010130159034,-0.0946361211190,0.0166685137549,0.0166414153536
0.3058156579400,0.2605241513132,0.2357728737167,0.2640831553522,0.0511627443686,-0.1239346139775,0.0282330932182,0.1650058665510,-0.1490134375953,0.2212036691825,0.0926647787693,0.1640594949618,0.2835258009032,-0.0297574394823,0.3673295895578,-0.0357521556848,0.0703327878998,1.0000000000000,0.1892404968482,0.5655245813344,0.1899369331609,0.2465730111870,0.2368687548880,0.4694396658245,0.0010674406411,0.2566966914984,0.4360874799447,0.3705921084549,0.0955407719695,0.2794532115688,0.2877877227808,0.1273762085943,-0.1304660480531,0.2836655316688,0.3163916197136,0.1398701995629,0.2110406104107,-0.0277304221620,0.2082023700102,-0.0450329129827,-0.1811029263318,-0.0723203502112,-0.1318798017480,-0.1848124815407,0.0138558953645,0.0580725847047,-0.0998669790545,0.1505074420029,-0.1022210678830,-0.0533868110004,-0.1158554734222,0.1041441115855,0.4614887466996,-0.0556105845538,0.3628815820044,0.1238598451854,0.1150759179072,0.1754091878818,0.2971664684666,-0.1504232447040,0.0925734159544,0.0625767949081,0.2486087407515,-0.1215669725669,0.0657396426349,0.0410320620308,0.2258205952446,-0.0719455213989,0.1570638923621,0.1441887999036
0.0039047012060,-0.0949383507613,0.0335350268184,-0.1601378775799,-0.2472374312874,0.2702285268691,0.1074066210501,0.1019801205895,0.5073975749035,-0.1006852708483,-0.0421227072898,0.6730093782135,-0.1392985202976,0.4329209795341,0.2174343676998,0.2916491598767,-0.0410858640702,0.1892404968482,1.0000000000000,0.4826040683193,-0.1464013418782,-0.1736256062590,-0.2196773738267,-0.0722193486784,-0.2693101703187,0.3133368717618,0.1009478637765,-0.0077217372963,-0.0695628386504,0.0875256628061,-0.0656664204816,-0.1589439284216,0.1481135897475,-0.0942907944261,0.1137521095648,-0.1141346111695,-0.1696371411561,-0.1741466856452,-0.2285776155730,-0.3168191270750,0.2333951800712,0.0660601566983,-0.2118786164183,0.2704715778973,-0.2549963822321,-0.0764538662069,0.4127842064351,-0.1188413783009,0.1503981919880,-0.0758454143051,0.1430086731949,-0.0070130661047,-0.1164727628927,0.3610518256062,-0.0096144592135,-0.1376915571590,-0.1353260684746,-0.3129899693407,-0.1271558166778,-0.3972224471740,0.1294637260056,-0.0719730784057,-0.1887979077294,-0.1109632473937,-0.0486698742963,-0.2279527301239,-0.1675340973081,0.0686572073286,0.0001202925136,-0.0010122036617
0.2113287141508,0.0449416025725,0.1400338942870,0.1420396698728,-0.0498444298830,0.0407475584466,0.3135415778425,0.0937448183917,0.2956786535245,0.0559724396224,0.1576629537362,0.3626254207339,0.2281672889133,0.2634514348669,0.3541746045900,0.3277452957299,0.0765029539717,0.5655245813344,0.4826040683193,1.0000000000000,0.0922448530467,0.0610182554953,0.0304020312350,0.2706993411972,-0.1505614241259,0.2946453028741,0.2881455399291,0.0806268722343,0.0407963501984,0.3005865239563,0.2117289747227,-0.0092968090298,0.0406460264758,0.2705307189716,0.4851718644715,-0.0255229176638,-0.0618010662781,-0.1071569155916,0.1079108627375,-0.1448987072235,0.0705064768250,0.1473037373523,-0.2572996738448,0.1996408021991,-0.1166273418230,0.0899879664105,0.1289842217116,0.1136711827199,-0.0501403017387,-0.0725083738127,0.2773721488203,0.1256918667400,0.2254800690475,0.1225542505295,0.3824808607227,0.0215204742686,-0.0567016358466,-0.0891601340743,0.1368929043200,-0.3065816708478,0.0518643085715,0.0115259320004,-0.0265801523911,-0.2167242727096,0.0417832427806,-0.1064214207728,-0.0632984670983,0.0115830927365,0.0266677347601,0.2587500897576
0.4715023672097,-0.1813797201044,0.0049308674930,-0.2027899053008,0.8368608683543,-0.1399534614621,0.3299015118634,0.0777425596860,-0.0973801623209,0.1573876422306,0.7231528040524,-0.1339081446274,0.7883107167878,-0.2984516390871,0.4582305878184,-0.0561206319425,0.3447573291194,0.1899369331609,-0.1464013418782,0.0922448530467,1.0000000000000,0.4871298702259,0.0136091838660,0.3037538585439,0.3081072355405,-0.2055610599538,-0.2651263025194,0.0413278282573,0.5138097366527,0.2486704841976,0.1572014096236,0.0860947496132,-0.0624200340543,0.1850648891620,-0.0635492783010,0.4336526755652,-0.0217094984784,-0.1224956484873,-0.1576914047080,0.7563622433039,-0.1980350418644,0.3333457509408,-0.1273409716667,-0.1419008073379,0.0119159156853,0.6656312473060,-0.3820950382685,0.8339880084425,-0.3720593229926,0.2048657287340,0.1346960347649,0.2990419601942,0.0384396579012,-0.3210671794104,-0.0566702338136,0.9300821366623,0.4481532698202,0.0447019812601,0.3186170952621,0.1940564481244,-0.3444941915492,-0.3313800230371,0.0350867454781,0.3696977579867,0.1428534451624,0.1590455749479,0.1896470001664,-0.0471969731879,0.0740700195847,-0.1056784021816
0.5742891680267,0.0952818778841,0.4635817288526,0.1282846811102,0.5189360569415,-0.1122728780441,0.1796026342539,0.1483723625847,-0.1686012477162,0.1821821977139,0.3908087067689,-0.1362430087266,0.4143493734764,-0.1795528507573,0.3961528191658,-0.1387456849495,0.6610398604911,0.2465730111870,-0.1736256062590,0.0610182554953,0.4871298702259,1.0000000000000,0.3820304255231,0.7873165048338,0.3518476294658,-0.0137587879101,0.0859377279967,0.4757137134522,0.5690654725421,0.3581652447065,0.4389140513984,-0.0202495462578,-0.0803890375082,0.3514955325040,0.1354533890146,0.4858126599270,0.2081733249218,0.1936385595106,0.0292267663133,0.4608736158141,-0.0564978658660,0.1558099015812,-0.0044435018921,-0.1606219211390,0.0498266651340,0.3274018015140,-0.1887412914681,0.3270052404656,-0.2462941785155,0.1854111123831,0.0783253155051,0.6275348696691,0.1228575194577,-0.2113204730152,-0.0083589654203,0.3953793868754,0.7517993607329,0.4689266377188,0.7081077211790,0.3170290877325,-0.1247166508769,-0.1315937342444,0.4831478257885,0.3458624656221,0.2949423161029,0.5014710082849,0.0692560758798,-0.0074247013116,0.2064196757420,0.1314939412161
0.1248641699326,0.4681576792411,0.3569440494755,0.5778478727720,0.1137762491206,-0.0788404654728,-0.1020885255323,0.1848011267804,-0.3141083910606,0.2489557468283,-0.0483522537917,-0.1435376563134,0.0794205732787,-0.1000691965157,-0.0738957791232,-0.1435128353254,0.3247390891945,0.2368687548880,-0.2196773738267,0.0304020312350,0.0136091838660,0.3820304255231,1.0000000000000,0.4698801009315,0.3577642475032,0.1645825525641,0.2971352078017,0.3294179729640,0.1926049633902,0.1398028860791,0.5685339232315,-0.0361747394032,-0.0536675666122,0.1916963396734,0.2611964569212,0.2149279546124,0.5141420578545,0.3323730307318,0.4688122138493,0.1332098265144,-0.0721921434321,-0.2171921591846,0.2938777129371,-0.2916291263342,0.2802884386036,0.0095618051469,0.0432142564229,-0.0811673333519,0.0002442861122,-0.0761865275482,-0.1378935618551,0.2629401109485,0.3723544620943,-0.0371321239623,0.2447577052236,-0.0100476657102,0.2675857715763,0.8442430905896,0.4204076633990,0.3535365599800,0.2334126875791,0.2262341313708,0.3702897562208,0.1148114509951,0.1705379692486,0.4811866758948,0.1391397800218,0.0189678460082,0.2769226720723,0.3550586939293
0.3620518898841,0.2357382043681,0.6461300552820,0.2311157693352,0.2885831254081,-0.1862346186821,0.0147599503256,0.0923001015994,-0.1944663370458,0.1038398780489,0.1524615223899,-0.1070390954963,0.2845044916068,-0.1088533961038,0.2130197630696,-0.1543735914494,0.6433238962844,0.4694396658245,-0.0722193486784,0.2706993411972,0.3037538585439,0.7873165048338,0.4698801009315,1.0000000000000,0.2651481553169,0.0777227537255,0.3451672542897,0.6438725913200,0.5289977538928,0.1635875959813,0.5777164211857,-0.1338170933173,-0.1816602021468,0.2746969379236,0.2125748376498,0.2877387187687,0.2999865078031,0.3463317240161,0.1323448568517,0.2075804403516,-0.1720827883521,-0.0825402097581,-0.0516650799911,-0.1968991854648,-0.0071326052585,0.1424758846654,-0.1364296617747,0.1584191840760,-0.2997391407946,-0.0006993929158,-0.0254409450896,0.6445380282824,0.3802203558005,-0.0767085419363,0.1640162475289,0.2298143906551,0.6025569152902,0.4617875036501,0.8081029672360,0.1908554369091,-0.0454568705909,0.0671312833772,0.5840274557766,0.2605326116244,0.1012959260835,0.5192465338255,-0.0046563097716,-0.1627622679666,0.1450165478201,0.1960051414430
0.0665507777471,0.2635633843052,0.3922521756834,0.3085552064657,0.4728066090236,-0.2492942832495,0.0002009560384,0.5261004917774,-0.2586289865836,0.5119067004461,0.1442267682574,-0.1367624124290,0.2855058861646,-0.0918116870912,-0.0649452823054,-0.0615293455490,0.3211536497478,0.0010674406411,-0.2693101703187,-0.1505614241259,0.3081072355405,0.3518476294658,0.3577642475032,0.2651481553169,1.0000000000000,0.1729672192266,0.1660588371132,0.2575585048270,0.5726094391994,-0.1766976760936,0.3060261043738,-0.0908534466465,-0.2451453628584,-0.0769682324992,-0.0888433644865,-0.0102862226555,0.1671760986822,0.3258637595254,0.1738687058413,0.4703806400334,-0.2119375000290,-0.1445694155987,0.5443895095494,-0.2716732989241,0.5093170486205,0.1400965604308,-0.1729427378020,0.2112959830578,0.0968954863645,-0.1194636945059,0.0339156637573,0.2585170095869,0.0521689430137,-0.1759547266008,-0.0567986020801,0.2769008385711,0.1820620458202,0.3358390326553,0.1536546401165,0.8456210675843,0.0735032135953,0.0108940474395,0.3749644920105,0.4543974176913,-0.2106993410461,0.2948153832394,0.2481620145613,-0.1931686670370,-0.1700200850564,-0.1241624500069
-0.1558402302258,0.3587160560371,0.2144738724724,0.4350770061645,-0.1432788665305,-0.0823317852494,-0.1373461153458,0.3235666579116,-0.0518727822331,0.4661241291321,-0.2127104278184,0.3862687589217,-0.1201794028807,0.6542928738854,-0.0487977941583,0.2655846993266,-0.0086912655192,0.2566966914984,0.3133368717618,0.2946453028741,-0.2055610599538,-0.0137587879101,0.1645825525641,0.0777227537255,0.1729672192266,1.0000000000000,0.4272553118271,0.3366558769786,-0.1391905089166,-0.0823904063573,-0.0148565068283,-0.0358696474494,-0.0930410696818,-0.0256937512077,0.2282041864244,-0.3342299289483,0.0827924718694,0.1236265121244,0.3946271091480,-0.2371811045617,-0.0242950713803,-0.2816371900809,0.1759944679571,0.0184172678581,0.3001766210672,-0.1769850939373,0.3439486241699,-0.2262361653541,0.4366748527008,-0.0363906352343,0.0998176375659,-0.0272118075649,0.0071599418784,0.3486848257488,0.2116281875018,-0.2250389966153,-0.0509266101467,0.0695425949327,-0.0057498450219,0.0422709134400,0.6821006349615,0.1662590612163,0.2992364334378,-0.1122861056348,-0.1568137794704,-0.1079833624624,0.1004649871631,-0.1280083279821,-0.0228698873364,0.2159156368530
-0.0413907219699,0.4330021930852,0.4247420088069,0.5152848595751,-0.2071634674640,-0.2095722266710,-0.1492810046842,0.2565694784401,-0.0823100866420,0.0728049795195,-0.2612578556038,0.0674489141243,-0.1114397775268,0.2406626247122,-0.1646806651139,-0.0191190912821,-0.0223493363909,0.4360874799447,0.1009478637765,0.2881455399291,-0.2651263025194,0.0859377279967,0.2971352078017,0.3451672542897,0.1660588371132,0.4272553118271,1.0000000000000,0.4395711170273,0.1264534969361,-0.0295318230581,0.4625655500779,-0.0554657264791,-0.2750257242421,0.0641277167933,0.3449181024333,-0.1812976906628,0.2619300060929,0.3142125554881,0.4421668241798,-0.2578218764834,-0.1366599617986,-0.3283137999549,0.2138270802309,-0.1158378819140,0.1521508841440,-0.2405024186850,0.1827880052226,-0.2316706201176,0.1365414821763,-0.2525393672203,-0.1479141624336,-0.0007070790096,0.4272773121088,0.2069752674009,0.2411382088060,-0.2850550627973,-0.0889685092143,0.2565578962919,0.1455810532925,0.1068298932584,0.3844530067011,0.6068632272431,0.4515322502772,-0.0064357931445,-0.1463850251649,0.2155998546573,0.0481016430411,-0.2660197997443,-0.0340479605468,0.2111261373762
0.1020773611223,0.1178783309803,0.7837975183996,0.1868890120312,0.0617135856633,-0.2499123262374,-0.1970366946536,0.1928215667755,-0.3414427794311,0.1745488733707,-0.1104983818499,0.0164053048039,-0.0214428925129,0.1035228213636,0.0292700906451,-0.1037382999082,0.4884621058095,0.3705921084549,-0.0077217372963,0.0806268722343,0.0413278282573,0.4757137134522,0.3294179729640,0.6438725913200,0.2575585048270,0.3366558769786,0.4395711170273,1.0000000000000,0.3742843602382,-0.1749386991817,0.3245432795749,0.1116217552694,-0.2231858965455,-0.0756486422259,-0.1168447309787,0.0126564311886,0.0507000287754,0.4924797958707,0.1171685995373,-0.0069427103828,-0.3058279412320,-0.3478678105279,0.1366173877219,-0.3392950959428,0.0199088551171,-0.0543371997922,-0.1017911962095,-0.1046151586602,-0.0853142939766,-0.0432087617248,-0.1732455520490,0.5015905296050,0.1974428988085,0.0696112830243,0.0480890490255,-0.0148915761739,0.5141420881211,0.3403266406930,0.5265883884653,0.2131647234598,0.1275740667465,0.0968477707567,0.8886336249597,0.2906795933181,-0.1526893915451,0.4501670326283,0.1632782543112,-0.2936778784919,-0.0455591833881,-0.1326656517912
0.4084646207943,-0.0539378096000,0.4164399597916,-0.0345267139319,0.5380423372657,-0.1554165094961,0.1789575229125,0.2353161008093,0.0087027858145,-0.0422063175931,0.3591420727979,-0.0812752503822,0.4010587757896,-0.2568589545205,0.2443548971717,-0.1393867116865,0.5497755955839,0.0955407719695,-0.0695628386504,0.0407963501984,0.5138097366527,0.5690654725421,0.1926049633902,0.5289977538928,0.5726094391994,-0.1391905089166,0.1264534969361,0.3742843602382,1.0000000000000,0.0356410183515,0.5408449330947,0.0038040360983,-0.1057753633878,0.0638042053533,-0.0797017862457,0.2719560624258,0.0075921067363,0.1643028090853,-0.1518116226126,0.4735487282583,-0.2087389619715,0.0820407625995,0.0866170236826,-0.1734295677953,-0.1046571613916,0.3582239642296,-0.2577000158858,0.3674315166227,-0.3312398960479,-0.0262773401234,-0.0155392053137,0.5385018780775,0.0745475279520,-0.2055307197358,-0.1773137667290,0.4637739275717,0.4913852743054,0.1941945481153,0.4415839465227,0.4077625391486,-0.2746339369473,-0.0708442066639,0.3506622753093,0.7479633142871,-0.0228794671319,0.5413238262099,0.1226282543924,-0.1231416419537,-0.0642101647890,-0.1383676480377
0.6217205113730,-0.0704963325547,-0.2156441522017,0.0565050694376,0.2291616232365,0.1296367037574,0.3567010622764,-0.0619112784409,0.2079896105511,-0.0741054448851,0.3410349252800,0.1951459718214,0.3243172051583,-0.0250717999300,0.6931533272924,0.1793113702241,0.0899416891286,0.2794532115688,0.0875256628061,0.3005865239563,0.2486704841976,0.3581652447065,0.1398028860791,0.1635875959813,-0.1766976760936,-0.0823904063573,-0.0295318230581,-0.1749386991817,0.0356410183515,1.0000000000000,0.2091302348415,0.0307422798567,0.2339651049095,0.5928034388564,0.3923629464088,0.5948933374424,0.1358630143587,-0.2750312093080,0.0331999803834,0.1916956702155,0.1997838022545,0.3689400696896,-0.2817224866674,0.0652982876992,-0.1287467080348,0.2519946061247,0.0874748068347,0.2239524102094,-0.1095693685738,0.3272420160219,0.2378700287827,0.0885986851042,0.1815015322918,-0.2440229644958,0.1527960378860,0.1747686016995,0.1791472349102,0.1932764273600,0.1556745903988,-0.2144611637544,-0.1230160010505,-0.1211368042483,-0.1389215499861,-0.1113704886211,0.6903838185834,0.0692302679247,-0.0875685133381,0.3292344845253,0.3638912364854,0.3708247059521
0.2748135928051,0.2636987686699,0.4132459981404,0.3858524179329,0.1577322656315,-0.0955072648335,0.1586135420376,0.1415696250666,0.0223117952134,-0.0708027280245,0.1132968088005,-0.0249805988582,0.2761797129270,-0.1201381063135,0.1183096139629,-0.0800151395564,0.3170227463314,0.2877877227808,-0.0656664204816,0.2117289747227,0.1572014096236,0.4389140513984,0.5685339232315,0.5777164211857,0.3060261043738,-0.0148565068283,0.4625655500779,0.3245432795749,0.5408449330947,0.2091302348415,1.0000000000000,-0.0434138935608,-0.0744824781427,0.2130982030239,0.3508262867157,0.2352207459239,0.3531873663712,0.1594655034311,0.2711148276185,0.1396448621555,-0.0582961681743,-0.0173502496276,0.0275471232681,-0.1400641470243,-0.0525292687974,0.1278502435441,0.0272637713055,0.1315196259248,-0.2257027850752,-0.1508920756539,-0.0633432472629,0.3376565734197,0.3702515743368,-0.0365914132031,0.1157947690931,0.1214177882681,0.2228995159640,0.4991505114858,0.4335326229228,0.1835907002789,0.0155982887974,0.2422957817128,0.2856182624405,0.2770453347320,0.1589148321758,0.6015587154776,0.0183435225817,-0.0422416332673,0.1985779760458,0.3576520188053
0.0702148602244,-0.1374225739758,-0.1402661100272,-0.0149207375085,-0.0188220330645,-0.0607643419562,-0.0633251741597,0.0493772262861,-0.1894780869884,-0.0094624135984,-0.0166318058762,-0.0455173573187,0.0115460331692,-0.0232962917047,0.1359947997945,0.1013405316783,-0.1660265551524,0.1273762085943,-0.1589439284216,-0.0092968090298,0.0860947496132,-0.0202495462578,-0.0361747394032,-0.1338170933173,-0.0908534466465,-0.0358696474494,-0.0554657264791,0.1116217552694,0.0038040360983,0.0307422798567,-0.0434138935608,1.0000000000000,0.0568756347596,0.0748820230683,-0.2055298391084,0.0012884390379,-0.1687831988367,-0.2629425398193,0.0551763576846,-0.0230149891469,-0.2095375148042,-0.0696843145338,-0.0557812819585,-0.2115188692095,-0.1121422130891,0.0299074464930,-0.2140842093100,0.0352820856622,0.1077332934236,0.1058757835227,-0.0752373834007,-0.1623399479748,-0.0956081589819,-0.0230377640102,0.0563018116946,0.0595012650169,0.0517714428424,-0.0025371409199,-0.0965056757057,-0.1503648700204,-0.0676538853463,-0.1793196731777,0.0567820927201,0.0919915057354,0.1562097353964,-0.0767197658342,0.4705159587605,0.0242611477287,0.0628205452788,-0.1686617878501
0.1689588201199,-0.1119554283611,-0.1866813645028,-0.1661014566267,-0.0786364920562,0.6923267308134,0.1545530372175,-0.2797555545576,0.4781038554618,-0.1478037379749,-0.0196531339312,0.2692958179960,-0.1597166032936,0.1031940108789,0.2142047414176,0.2729936462631,-0.0345948034246,-0.1304660480531,0.1481135897475,0.0406460264758,-0.0624200340543,-0.0803890375082,-0.0536675666122,-0.1816602021468,-0.2451453628584,-0.0930410696818,-0.2750257242421,-0.2231858965455,-0.1057753633878,0.2339651049095,-0.0744824781427,0.0568756347596,1.0000000000000,0.2543412865132,0.0793764754894,0.0809266818120,-0.1422494987543,-0.1577278268834,-0.1155739512066,-0.0504426258611,0.4827038591232,0.4178220891249,-0.3072116160568,0.4207232439698,-0.1536582002677,-0.0008256538145,0.1223144166626,-0.0357286125830,0.0351710508562,0.2487397678445,0.2318082919163,-0.0099591414625,-0.3191947913914,-0.1210415882792,-0.1941127391333,-0.0417737401112,-0.0125048879330,-0.0294857066245,-0.1578681172686,-0.2082778152478,-0.0973184782625,-0.2140835019179,-0.2621461011545,-0.0989514058357,0.1866669667476,-0.0567233394632,-0.2345448577054,0.6812282959688,0.1389610470207,0.0716243692072
0.5510956291604,0.0611774500634,-0.0574389392701,0.2189019204982,0.1310060653692,0.0826444679972,0.3247488468775,0.0118018787918,0.0264844006621,0.1160115114534,0.2769574121054,-0.0301469384457,0.2993259676631,0.0097015133132,0.3944540702008,0.1450248594114,0.0882676014936,0.2836655316688,-0.0942907944261,0.2705307189716,0.1850648891620,0.3514955325040,0.1916963396734,0.2746969379236,-0.0769682324992,-0.0256937512077,0.0641277167933,-0.0756486422259,0.0638042053533,0.5928034388564,0.2130982030239,0.0748820230683,0.2543412865132,1.0000000000000,0.4233168832091,0.3370882326013,0.1506139119182,-0.2080020085740,0.1944928174396,0.0788953843657,0.0876460546226,0.2695709136926,-0.2105623364283,0.0459402284407,0.0098588643275,0.2051641163356,-0.0687769338091,0.2071899980466,-0.0550979483423,0.1248133740444,0.1746602974665,0.0718480511267,0.1328804303182,-0.2868728058003,0.0900840778890,0.0718679281238,0.1146544999147,0.2259204075321,0.1631732937902,-0.1364966883943,-0.0780111931244,-0.1242062862413,-0.0623379933324,-0.1549011565434,0.4079627172594,0.0124092155294,-0.1132167615955,0.3902929962565,0.2754684039376,0.3144115855030
