1.0000000000000,0.1324818898145,0.2246517215164,0.4005711531842,0.5847707982211,0.1970191857843,0.3948261655993,0.1476856144195,0.3741856218412,0.2536635517697,0.5327954736494,0.4285037086563,0.4767482385505,0.4613264299208,0.6054991458810,0.3832110324809,0.5536589191495,0.4306157122074,0.3182097375051,0.5101000247105,0.6213306726941,0.5983815941096,0.5003043221564,0.5753246817891,0.3220267835833,0.2423270912154,0.2066998866103,0.0558777479363,0.4864911057393,0.7134716945369,0.5063755616780,0.1877393016330,0.1010264785710,0.5417781469527,0.5018111105253,0.3011345947739,0.1263947031162,-0.2158550784868,0.2167757766481,0.5577299992528,0.1656564505271,0.3018614077352,-0.1431961502899,0.0736452948896,0.2162972122224,0.2545115996195,0.2726625242358,0.4327914029602,0.1800668991318,-0.1212584484998,0.3591498079462,0.5799255971840,0.0645595068941,-0.0724795339919,0.0158898520070,0.4760757823080,0.3775583561509,0.3250540678168,0.3869823233692,0.2806201799984,0.0998505928655,-0.2464332649071,-0.1397264871009,0.4069496425395,0.3841509262155,-0.0115041478602,0.1502783145769,0.1233978488273,0.4461972851106,0.3637756065063
0.1324818898145,1.0000000000000,0.1241095888889,0.4875486072116,-0.1014217185925,0.1583499325667,0.0221471463969,0.2433122639592,-0.0448634443841,0.1937104260967,-0.0036113609080,0.3291698298154,-0.0068006795984,0.1732165870872,0.2468282487395,0.0493169582546,0.0350160089318,0.3271652856222,0.1214497562169,0.3317164022085,-0.0024570757190,0.1683266656174,0.5829281983732,0.3246195689796,0.4004143067061,0.3668128196069,0.3833928312998,0.3034190903038,0.1551814303172,0.3466034961512,0.3534718336899,0.2993578393890,0.1280468752860,0.2754463798295,0.4859648687242,0.3866452739088,0.8025601117792,-0.0827559660104,0.3891105782882,-0.1448838386780,0.1537214114156,-0.0752601036496,0.0327691907767,-0.2087532449118,0.0652368976472,-0.0798216438994,0.2093597349697,-0.0108453927355,0.0024733924774,0.0602713150542,-0.0496709551474,0.0509640166758,0.2808991301636,-0.0605272740898,0.2213474198962,-0.1315985664448,0.0491160112007,0.4472667277125,0.2912751136770,0.2185876153421,0.3008368961864,0.0711239359390,0.1891120907334,0.0605593058845,0.2463653287654,0.2751315475887,0.0633311737461,0.2874686863917,0.1155611597121,0.4816806957518
0.2246517215164,0.1241095888889,1.0000000000000,0.4593878357270,0.0703355694133,0.1874630581206,0.0729256224506,0.7405907654008,0.3063892224533,0.3541350742264,0.0936057657489,0.4975175119591,-0.1121602961180,0.3189937060574,0.4453189129965,0.1917631238393,0.1487150871000,0.5974857574469,0.5764432026713,0.5626790010359,0.0751297817882,0.2276000511105,0.3117721558606,0.4301213803123,0.4426459276692,0.4246123709148,0.7276209141627,0.7080373862338,0.4094493846303,0.0982485290881,0.5515117852287,0.5336799753766,0.1489172341457,0.1719542602875,0.3171788269845,-0.1087298575983,0.0455928754090,0.5172242367502,0.3827244720717,-0.0361040673033,0.1519440454625,-0.1133962208741,0.3108201051124,-0.0662130013067,0.1285736288006,-0.2148623656080,0.4177966864673,-0.1243297790545,0.1576998151480,0.0195814129974,0.1533225306722,0.2574301769190,0.2232032063696,-0.0564065098309,-0.0475343721391,-0.0005250103972,-0.1206606976220,0.1605924276483,-0.0254857951388,0.1743801657451,0.3453540003614,0.2728990787663,0.5399201319575,0.0981341877208,-0.2786740420500,-0.3558968872902,0.1523411703367,0.0649145213382,0.0386919966094,0.1450238021385
0.4005711531842,0.4875486072116,0.4593878357270,1.0000000000000,0.1844701511112,0.2946906487192,0.3214535943328,0.4681563685959,0.3280483945627,0.5626985070119,0.3240672045941,0.4926527969136,0.1796309672686,0.5197050114696,0.5080107346993,0.4166951117586,0.0921486511513,0.5336587157508,0.3136878001750,0.5854757076327,0.3498756378039,0.1143108815642,0.6873399417330,0.2863506603312,0.6650344415447,0.6358609160974,0.4960583454461,0.3385904779382,0.2457934627365,0.3648968098885,0.5517338627891,0.4329127264351,0.1405740083314,0.4090521836751,0.6661029890115,0.3608397017103,0.4956288531194,0.2473740590863,0.8100726256477,0.0426381502283,0.2633354769645,0.0707142274787,0.3045087981653,-0.0261282618588,0.4845660199110,-0.0276093222627,0.5374551818002,0.0991819179958,0.4171923949444,0.1264816710567,0.2996300420560,0.1451674315701,0.4489258882292,0.0755137058918,0.1792212412424,0.0315598852976,-0.2051263876043,0.5801048419699,0.0394835139679,0.5393157418342,0.6469000650741,0.1557666781033,0.2547151075329,0.0048239141504,-0.0323747343744,-0.1391942987695,0.3335211459405,0.2278615855855,0.2909624541297,0.5743632358277
0.5847707982211,-0.1014217185925,0.0703355694133,0.1844701511112,1.0000000000000,0.1168370470242,0.4109289874200,0.0578850878927,0.3181838006339,0.3089922192829,0.6285893094664,0.1501990003291,0.6984360115644,0.3047882142013,0.3542995516153,0.4304165926758,0.4741646288897,0.1937585391940,0.0915705126527,0.1408764921054,0.7718906516685,0.5760809081744,0.2465912920436,0.3969763140456,0.2389664298506,0.0341916120388,0.0318270482767,-0.0308933499257,0.5352421629538,0.4942277973284,0.3114107268178,0.1191996197877,0.1106714313209,0.4224508333234,0.1989402915677,-0.0369827315944,-0.0868268816144,-0.2151294494155,0.1221356740645,0.9152254343111,0.0861421062085,0.3811309838508,-0.1354584954878,0.1494683278109,0.3497211074108,0.4165669746909,-0.0042101055435,0.6737728798896,0.1427491767771,-0.2836552183026,0.4423028123277,0.5155567357180,-0.1521115610064,-0.1707795037256,-0.2281297631593,0.7405671155012,0.4558107165412,0.1562830816629,0.3374012896949,0.3196466711729,-0.0306673700324,-0.2450523864263,-0.2021352795208,0.5477408455172,0.3032143968548,-0.0422458724136,0.1494130088948,-0.0283422826443,0.3544330396649,0.0968878289144
0.1970191857843,0.1583499325667,0.1874630581206,0.2946906487192,0.1168370470242,1.0000000000000,0.5949920496212,0.0381092478173,0.5430885516115,0.3745618749298,0.2870257985099,0.3976099425124,0.0803044778113,0.2807841041449,0.5342148605753,0.5454476558834,0.1703563453893,0.2082189480965,0.1354744104153,0.2364238893422,0.0864829650814,0.0335936781875,0.2511000092242,0.1633747206285,0.2855835594483,0.2628008855228,0.3584603734887,0.2338666048686,-0.0730637282138,0.1904027192676,0.2404944842331,0.1915659909878,0.6308476850582,0.3204169522856,0.4489195030297,0.0713176716866,0.1055233584929,0.0261847073937,0.3347237389995,-0.0254380256410,0.9083836258754,0.5513289264980,0.0271435823197,0.5964454793421,0.2728035889186,0.0712635333647,0.2659077224651,0.0320908001901,0.2144175904936,0.2986806314747,0.4979012159121,0.1298485353159,0.1073787266990,-0.1114760421226,-0.0911036939791,-0.0581078638923,-0.2028592855863,0.1933997005566,-0.0369170368661,0.2578032764406,0.1793819742342,0.0850917546166,0.1938288978294,-0.1888385463040,-0.0387746769356,-0.1316878146021,0.0004224493332,0.4488924422990,0.0749701831944,0.2509383549774
0.3948261655993,0.0221471463969,0.0729256224506,0.3214535943328,0.4109289874200,0.5949920496212,1.0000000000000,-0.0122875738340,0.8522046142521,0.2830083802902,0.7245677511103,0.4733642294239,0.4861081834051,0.4359262282860,0.6720980822030,0.7797250313630,0.1731820004778,0.1358185069911,0.1456185565934,0.2141880158746,0.3855810735436,0.1712191584179,0.1158930523285,0.1052071952051,0.1632478289240,0.2043487690082,0.2940308838627,0.0936731708557,0.0792128856489,0.4370642443793,0.3101840227100,0.1553144267191,0.4486903567451,0.3644469291248,0.3586512826955,0.0760067644916,-0.0998237386524,-0.1500690856879,0.2335220000682,0.3455627353813,0.5235025990699,0.8158489495587,-0.2034438566231,0.6782437001376,0.2179296664994,0.4092116026784,0.3053794652328,0.4154010991689,0.3013660620002,0.1243988117847,0.6251211217837,0.1831878744373,-0.0683941205658,0.0590849025074,-0.1804974768720,0.2499420766924,-0.0798512008117,-0.0137874960548,-0.0657078659739,0.1804314384760,0.0900334686027,-0.0686953456733,0.0541835477262,0.0342020877492,0.0263842781678,-0.3119018552624,0.0738059472475,0.3061937436925,0.0828580932261,0.1352833727580
0.1476856144195,0.2433122639592,0.7405907654008,0.4681563685959,0.0578850878927,0.0381092478173,-0.0122875738340,1.0000000000000,0.0982553378258,0.4166844387457,0.0544698179563,0.3503055746504,-0.0803768514464,0.1779747121677,0.3696557581340,0.0885245797880,-0.0744094241244,0.4432407473413,0.3941147536621,0.4039265315072,0.0698137338823,0.1099418500696,0.3020684474403,0.2109678914337,0.5887036058574,0.3806014923738,0.5390917905926,0.5088323161479,0.4528394900417,0.1206805659928,0.5196463508736,0.6156664159438,0.0553396542410,0.0831309693216,0.1892292920351,0.0592949169707,0.1923786933672,0.3495405469064,0.3977239265162,0.0054526747399,0.0344059318055,-0.1654864836919,0.5065050182497,-0.2455592591185,0.2441000069615,-0.1704703452977,0.3119259603868,-0.0834407797687,0.0843743181761,0.0712496917960,0.0698221818747,0.0743100680257,0.2197134419524,0.0003209234448,-0.0433360713714,0.0209026090533,-0.1544285227899,0.1861901996314,-0.0650224564305,0.3085854370793,0.2790117361185,0.2903862481713,0.4298734561350,0.2427776621809,-0.2253552016295,-0.2110981596385,0.3106390885329,0.1666195311069,-0.0507679037762,0.0445901623610
0.3741856218412,-0.0448634443841,0.3063892224533,0.3280483945627,0.3181838006339,0.5430885516115,0.8522046142521,0.0982553378258,1.0000000000000,0.1736815306164,0.6668501660761,0.5565029657327,0.2995039638759,0.4361355948280,0.7192958041844,0.7280937507235,0.1996925168018,0.2623569423767,0.2899887127457,0.3162026000355,0.2921350185381,0.1716389983054,0.0853987734962,0.1798922522049,0.1129769675077,0.2133527260309,0.4373087201286,0.2074643146243,0.1769063111964,0.3764102652777,0.4673597910779,0.1709507038215,0.4040300961120,0.3288308349010,0.3668431714947,-0.0470859762368,-0.1878417634508,0.0436623727431,0.2454453128326,0.2470217271388,0.4370837305714,0.6077759584345,-0.1244171592433,0.6963819925542,0.0444710013037,0.2480727289959,0.3945188084755,0.2133447242904,0.3046033248061,0.1141786302241,0.5850796655379,0.2272083774257,0.0348868949963,0.1464244680721,-0.2150884518335,0.1473366689926,-0.1575978079547,-0.0680852472175,-0.0954651999511,0.0766358046501,0.1518313225441,0.0102040070639,0.1800607069723,0.0515011733331,-0.0607774737384,-0.3442172276715,0.0430046322686,0.1903372479857,0.0362090604913,0.1120796494720
0.2536635517697,0.1937104260967,0.3541350742264,0.5626985070119,0.3089922192829,0.3745618749298,0.2830083802902,0.4166844387457,0.1736815306164,1.0000000000000,0.2234378917609,0.4097690337510,0.1273454048339,0.5444636654869,0.3928366685138,0.4471270961619,0.0187498812895,0.4514152945679,0.3303048178132,0.4469971384778,0.2546084353770,-0.0228688481933,0.4842600060012,0.1252070527085,0.6958099269690,0.5394682843856,0.3331281324330,0.3905374334626,0.0861284436476,0.1657902463632,0.2726517564080,0.3930403369966,0.3457135481784,0.2609928602438,0.3572476581622,0.1884789935118,0.1834335394474,0.1041226704839,0.6204769609801,0.1315830516058,0.3301937523371,0.1867312144418,0.3479671356698,0.0005374484720,0.7632364525081,-0.1006143978279,0.3212671654633,0.0983652989616,0.5098051816710,0.1732036161573,0.4497295176931,0.0168337153501,0.1796191672019,-0.1821194059078,0.1307424770165,0.0316214080990,-0.2252292524095,0.3711854696838,-0.1059630936981,0.6226183416426,0.4701666199827,-0.0451843356434,0.1939658507264,-0.1092569645821,-0.0893066976118,-0.1724177450484,0.2630383552704,0.3194698989008,0.0868024976621,0.2548477470576
0.5327954736494,-0.0036113609080,0.0936057657489,0.3240672045941,0.6285893094664,0.2870257985099,0.7245677511103,0.0544698179563,0.6668501660761,0.2234378917609,1.0000000000000,0.3652293311003,0.7160538213459,0.4590463724170,0.5634933175656,0.6491878391973,0.3207383463564,0.2127016107337,0.2074751053179,0.3078414019486,0.6404604787836,0.4266546373854,0.2047248816195,0.2792512755340,0.1358843942712,0.1418363667541,0.2208297451406,0.0401814511126,0.3764627048207,0.5406334371451,0.4503445959460,0.0530884706666,0.2073369918759,0.4261076830615,0.3556763799219,0.0438474625439,-0.0668992301818,-0.1458211017876,0.1923295239290,0.6284519291201,0.2320418599965,0.6138227530596,-0.1664856318611,0.4709172354666,0.2487993251786,0.6710663276001,0.1830523183371,0.6742809584145,0.2817496961384,-0.1282790315381,0.5697076895777,0.3309244955846,-0.0347961736767,0.0794822810754,-0.1264658399927,0.5330020943375,0.2070033486480,0.0738268038517,0.1550655783303,0.1483381089551,0.0640730020044,-0.1751302356789,-0.0559779273185,0.3528598994299,0.1606769858408,-0.1337318104533,0.1082415630182,0.0830075851217,0.2664176263376,0.1899167930355
0.4285037086563,0.3291698298154,0.4975175119591,0.4926527969136,0.1501990003291,0.3976099425124,0.4733642294239,0.3503055746504,0.5565029657327,0.4097690337510,0.3652293311003,1.0000000000000,0.0859521607164,0.6270310823558,0.7614029299002,0.4457134176508,0.1291241296772,0.5687966240264,0.7076849736252,0.6605480018467,0.2144089692786,0.2125354660519,0.3556823256027,0.3638986145206,0.3835444980907,0.5607167605984,0.6572168477198,0.5329224082850,0.2259138478695,0.4737488265968,0.5308802347028,0.4948158253519,0.3548048782750,0.3202149503097,0.5438694630232,0.1664359054620,0.1589329603614,0.0301913874791,0.4142611577714,0.0302588703717,0.3257432949340,0.2239148884412,-0.0210949326412,0.1823288238734,0.1236824906742,-0.1042144982811,0.7159423419126,0.0274131909415,0.4216067412006,0.1763182136791,0.4050153266300,0.1585518723360,0.1929195558394,0.1357460545055,0.1058061514080,-0.0340041883681,-0.1677300618396,0.1379547784548,-0.0330597840723,0.1564023935153,0.3850395323194,-0.0021631309216,0.3065939499923,0.0025345220771,0.0221444034367,-0.2875032293664,0.2077358801557,0.3098746914058,0.0538465908963,0.3040368692141
0.4767482385505,-0.0068006795984,-0.1121602961180,0.1796309672686,0.6984360115644,0.0803044778113,0.4861081834051,-0.0803768514464,0.2995039638759,0.1273454048339,0.7160538213459,0.0859521607164,1.0000000000000,0.2179642310927,0.2073520764773,0.4133865308201,0.3518147845949,0.0531341539148,0.0394724230938,0.0674099462581,0.8198171673962,0.4792892305120,0.1523107271907,0.2994164170839,0.0599016474729,-0.0765995461320,-0.0395019675888,-0.1315417142046,0.3532094623446,0.4252206749468,0.2074261759671,-0.1081419774272,-0.0193631913413,0.3091305640183,0.1781264598421,0.0611827935700,-0.0000133414950,-0.3083003551702,0.0162130318014,0.7400658305639,0.1001123477330,0.5533945300601,-0.2613215362389,0.2327501357680,0.2913737120478,0.6969794486558,-0.0068267852802,0.9187160807865,0.0944773797454,-0.2669471603981,0.4046645201683,0.3635590472253,-0.1480490129845,0.0367926510720,-0.1478878949583,0.7767211090524,0.4472041365221,0.1242260141464,0.3275851638053,0.1244890958142,-0.1084866232073,-0.2633003565741,-0.2735157877625,0.4093349560963,0.3285624566016,0.0487418390731,0.0866131437460,-0.0257396701138,0.3027272255210,0.1608487771884
0.4613264299208,0.1732165870872,0.3189937060574,0.5197050114696,0.3047882142013,0.2807841041449,0.4359262282860,0.1779747121677,0.4361355948280,0.5444636654869,0.4590463724170,0.6270310823558,0.2179642310927,1.0000000000000,0.5302535115420,0.5756065121524,0.2466373891176,0.4759353438807,0.5488633826674,0.5237690820841,0.3228591970510,0.2145579573247,0.3738767927932,0.3265187078437,0.3458740660091,0.4805348902251,0.4016563248524,0.4240805583759,0.1468351067120,0.3814393906344,0.3266979049917,0.2390574391084,0.2279921830746,0.3743430800028,0.3881496647343,0.0929519758155,0.0677441101565,-0.0239915512777,0.3482456740405,0.1641874390409,0.2253734921854,0.2578986571517,-0.1150413553322,0.1648086680551,0.2962236046013,0.1242133820712,0.4551630792170,0.1645366923633,0.6980954344405,0.0487966411621,0.5051387326782,0.2835398993338,0.1130970557182,0.0731934670681,0.1106823694456,0.0645655064672,0.0088657925344,0.1881449945657,0.0713206429299,0.2641444912159,0.3575699764991,-0.1910095918398,0.1600603434886,-0.0404689595320,0.0695314821279,-0.3046300939014,0.2694381265911,0.2159891031661,0.2396083557061,0.2669192310560
0.6054991458810,0.2468282487395,0.4453189129965,0.5080107346993,0.3542995516153,0.5342148605753,0.6720980822030,0.3696557581340,0.7192958041844,0.3928366685138,0.5634933175656,0.7614029299002,0.2073520764773,0.5302535115420,1.0000000000000,0.5942031958806,0.2181393647478,0.5030451922464,0.5260064480718,0.5681215238952,0.3219598892709,0.2886636752263,0.3873056657338,0.3738517029294,0.3983074283813,0.4240046474023,0.5917576505695,0.4009093678824,0.2600478548239,0.6569895669867,0.5839817840721,0.4513922562533,0.4148581610585,0.4752333820570,0.5836450966003,0.2234956479005,0.0867795847683,-0.0380274582728,0.3617633901053,0.2517102995390,0.4356846723799,0.4045671468482,-0.0617399920744,0.3709859275015,0.1484958877355,0.0837801377404,0.4883372069824,0.1482524806698,0.2385708050924,0.2345096547449,0.4860774074382,0.2606039816942,0.1024337201356,0.0724219442741,-0.1069753224337,0.1496662243467,-0.1008643144464,0.1423691802614,0.0157216484970,0.2453512456264,0.1952377142380,-0.0555720457154,0.2349564353708,0.0953801414131,0.0618225873939,-0.3129967750257,0.1610641650919,0.3039914339822,0.1789491813296,0.2506673779702
0.3832110324809,0.0493169582546,0.1917631238393,0.4166951117586,0.4304165926758,0.5454476558834,0.7797250313630,0.0885245797880,0.7280937507235,0.4471270961619,0.6491878391973,0.4457134176508,0.4133865308201,0.5756065121524,0.5942031958806,1.0000000000000,0.2791485555226,0.3422728366297,0.2080996941403,0.3253176002142,0.3860274075088,0.2327516306853,0.2914283062661,0.2490601579177,0.2312348975017,0.2294775750676,0.2984203865191,0.1750422691408,0.1417832984310,0.3830440230655,0.3963117728392,0.1455537610373,0.5688164545546,0.4710100756467,0.4377131824033,0.0443364679144,-0.0062872057905,-0.0231397251868,0.3653418501845,0.3315218048125,0.4863207352058,0.5973856396034,-0.0550417400115,0.4925604917411,0.3442495433383,0.2873162363856,0.2723956317212,0.3553764428712,0.4681289528562,0.0650375285387,0.7515449607061,0.2861760895973,0.1051359341207,0.0142038104501,-0.0482209870582,0.2232286094598,-0.0305130048008,0.1366952675615,0.0511839822251,0.2819153749783,0.2281644680374,-0.1163611607711,0.1071153481240,0.0246121393923,0.0508554044121,-0.2769558656362,0.1681678206690,0.3688423803985,0.1973644035844,0.2575541722926
0.5536589191495,0.0350160089318,0.1487150871000,0.0921486511513,0.4741646288897,0.1703563453893,0.1731820004778,-0.0744094241244,0.1996925168018,0.0187498812895,0.3207383463564,0.1291241296772,0.3518147845949,0.2466373891176,0.2181393647478,0.2791485555226,1.0000000000000,0.2685537119058,0.0520512311386,0.1844584995250,0.4129178429244,0.6590489173248,0.4243245116817,0.6501139575602,0.1209674493423,-0.0643076051061,0.0875569069847,0.0316678753214,0.4523477600493,0.3497471608247,0.3881317336442,-0.0612946351489,0.1158332841443,0.3410725562241,0.2775908997206,0.0214499657330,0.1620685105274,-0.0967033638256,0.0536161024779,0.4697309185717,0.1258640295900,0.1669415993400,-0.1260397343840,0.0885122757665,0.0381204017978,0.2168635904668,0.0030438853360,0.2830822883430,0.1413120164925,-0.2271701837181,0.2559365804010,0.9130999344963,0.0005421162475,-0.1202415560111,-0.1186207041052,0.3160985332289,0.4986517915691,0.4214970632620,0.5364658342769,0.2063893489679,0.0146713088230,-0.1230039106662,-0.0869600277785,0.4294554694183,0.3168015058409,0.1979138609174,0.1271051879395,-0.0267283089370,0.3321384900178,0.2319031001870
0.4306157122074,0.3271652856222,0.5974857574469,0.5336587157508,0.1937585391940,0.2082189480965,0.1358185069911,0.4432407473413,0.2623569423767,0.4514152945679,0.2127016107337,0.5687966240264,0.0531341539148,0.4759353438807,0.5030451922464,0.3422728366297,0.2685537119058,1.0000000000000,0.5687137819500,0.8526987594803,0.2193646341420,0.2822655641092,0.5646494690962,0.6445583676625,0.3830393234871,0.2807761185627,0.5565207118449,0.4654666121416,0.3205905346866,0.3334406103409,0.6367208833687,0.3152620481136,0.3003136288246,0.3650939825003,0.5770501911240,0.1556699230015,0.2462187669048,0.0998647570144,0.3995942109321,0.0708210573944,0.1321772895242,-0.0637188123764,0.1239851167217,-0.1509815910535,0.1217009612433,-0.1418853392562,0.3116849112654,0.0062867704900,0.1934573113434,-0.0497328036529,0.1993520874268,0.2917874233161,0.5289745890406,-0.0212275671988,0.3457817867866,0.0132517035862,0.0439263116486,0.3157048202633,0.2182467620633,0.1593774831075,0.2897104406617,-0.0660002266738,0.1308105640073,0.0754209396530,0.0318737352278,-0.0240632765347,0.2023251428277,0.1815026077254,0.2549353618482,0.4341661329453
0.3182097375051,0.1214497562169,0.5764432026713,0.3136878001750,0.0915705126527,0.1354744104153,0.1456185565934,0.3941147536621,0.2899887127457,0.3303048178132,0.2074751053179,0.7076849736252,0.0394724230938,0.5488633826674,0.5260064480718,0.2080996941403,0.0520512311386,0.5687137819500,1.0000000000000,0.6792318531791,0.1544863862670,0.1729074120260,0.1752371152830,0.3624477558385,0.2502790960359,0.3263876091817,0.5309616672134,0.5377998110349,0.1987676742376,0.2767961706676,0.3037499866520,0.3482788011620,0.1263312381365,0.1546871653718,0.2784633429222,-0.0497676065419,-0.0673807454605,0.0192694547115,0.1428220749367,0.0289672490961,0.0539579386039,0.0079641357654,-0.0599673179261,-0.0302731724461,0.0479715541847,-0.0312663055060,0.4590110939368,0.0496375802325,0.2700068899524,0.0937702892350,0.1844471828116,0.1040586954081,0.0808649267382,0.1638406672853,0.1231379681883,0.0636203204620,-0.0462300297344,-0.0276519584203,-0.0533287731731,0.0193456142640,0.1721072335729,-0.1156453089522,0.2026381179681,-0.0006646824826,0.0020850387009,-0.3747026107313,0.1159317955911,0.0723252260937,0.0552987603906,0.0741123834828
0.5101000247105,0.3317164022085,0.5626790010359,0.5854757076327,0.1408764921054,0.2364238893422,0.2141880158746,0.4039265315072,0.3162026000355,0.4469971384778,0.3078414019486,0.6605480018467,0.0674099462581,0.5237690820841,0.5681215238952,0.3253176002142,0.1844584995250,0.8526987594803,0.6792318531791,1.0000000000000,0.2456116439649,0.2300184367211,0.5609945565250,0.5255105180948,0.4330814917442,0.4843588318904,0.6044098152704,0.4447391176328,0.2654782351952,0.3893746312592,0.6076812663997,0.3801771834431,0.2750773891648,0.3343824612372,0.6774239861830,0.2339829231285,0.2273895733685,0.0576174877685,0.4473195378931,0.0225365007628,0.1664842407380,-0.0220380638435,0.1117319898840,-0.1050136700319,0.1729154788611,-0.0680797307469,0.4366150880084,0.0270787795308,0.2382550300325,0.0226889166155,0.2066682899920,0.2109230939378,0.4767043967706,-0.0130887815664,0.4314091422823,0.0208353667470,-0.0772240794717,0.3249600656188,0.0868788676510,0.1980130361080,0.3983683845496,-0.0367362661681,0.1544430878456,0.0276017928557,-0.0018303761858,-0.0930339545882,0.1327974079552,0.1925730291330,0.2337595119067,0.5043031403990
0.6213306726941,-0.0024570757190,0.0751297817882,0.3498756378039,0.7718906516685,0.0864829650814,0.3855810735436,0.0698137338823,0.2921350185381,0.2546084353770,0.6404604787836,0.2144089692786,0.8198171673962,0.3228591970510,0.3219598892709,0.3860274075088,0.4129178429244,0.2193646341420,0.1544863862670,0.2456116439649,1.0000000000000,0.5086206175454,0.3168331248050,0.4262199442937,0.2417581120298,0.0962900410505,0.0440753526579,-0.0598257974666,0.4445424602375,0.4836473162850,0.3570453627332,0.0439763498108,-0.0466917797870,0.3692126020764,0.3279840379966,0.0977712653267,0.0488177531847,-0.1972609500280,0.1886875528372,0.7368440552491,0.0954416896471,0.3503750367598,-0.1180945465130,0.0917169549258,0.3440951735232,0.4429517111660,0.1235562542284,0.7237947341535,0.1688163921607,-0.2898699703606,0.4227739809675,0.4381419153415,-0.0504213573252,-0.0379316405039,-0.1261220176636,0.8118217705662,0.3801753214182,0.2838862735994,0.3404377819954,0.2476214143815,0.0657917946494,-0.2676035557242,-0.2582825391715,0.4300580752837,0.2768985679659,0.0356762161399,0.2055262412239,-0.0481505670509,0.4234420672968,0.2710892727339
0.5983815941096,0.1683266656174,0.2276000511105,0.1143108815642,0.5760809081744,0.0335936781875,0.1712191584179,0.1099418500696,0.1716389983054,-0.0228688481933,0.4266546373854,0.2125354660519,0.4792892305120,0.2145579573247,0.2886636752263,0.2327516306853,0.6590489173248,0.2822655641092,0.1729074120260,0.2300184367211,0.5086206175454,1.0000000000000,0.3707909319670,0.8042806548953,0.0902096350090,-0.0489826476311,0.1247842113317,0.0781240538976,0.7194429207894,0.5923188086726,0.5266477128007,0.1808584652876,0.0508353713025,0.4986895948109,0.3074289800417,-0.0317406781048,0.1604055990518,-0.1562617150405,-0.0455616161880,0.6110977092905,0.0225761842982,0.1438313101813,-0.2698792941074,-0.0501854033004,0.0329951463674,0.2920363642130,0.0236016553698,0.4901056436489,-0.0469416464529,-0.3966122819564,0.1615070667395,0.7336342963615,-0.0288643494560,-0.1111485791506,-0.1110856045052,0.5313039222795,0.7801105057915,0.2414192092190,0.7339103999968,0.0921371615468,-0.1398863376823,-0.1813748642047,-0.0311550989239,0.6713727387432,0.4296321850157,0.1071283841949,0.0463369825774,0.0397159631623,0.4412398805695,0.2435092911107
0.5003043221564,0.5829281983732,0.3117721558606,0.6873399417330,0.2465912920436,0.2511000092242,0.1158930523285,0.3020684474403,0.0853987734962,0.4842600060012,0.2047248816195,0.3556823256027,0.1523107271907,0.3738767927932,0.3873056657338,0.2914283062661,0.4243245116817,0.5646494690962,0.1752371152830,0.5609945565250,0.3168331248050,0.3707909319670,1.0000000000000,0.5434824710068,0.6544633516620,0.4340130643580,0.3691045557114,0.2836565026900,0.3530692113297,0.4331888187413,0.6032041932521,0.3008760037071,0.1991904711736,0.4644375515682,0.6805663012775,0.3586422026579,0.6214661580367,0.0452665742256,0.5903488332056,0.1437317607781,0.2356472222701,-0.0141398641844,0.2342492230908,-0.1829249282399,0.3876660951590,-0.1018222762917,0.2594437491750,0.0918341888372,0.2025277450884,-0.0350566878653,0.2180006984112,0.4113823697268,0.4139683679005,-0.1787320313896,0.2590334992192,0.0785763952946,0.1169727541964,0.8296949895657,0.3244298402961,0.5743693782897,0.4176977314880,-0.0278186277508,0.1306043644136,0.2014645758742,0.1629877199676,0.2312666967637,0.1850780208349,0.2497417557189,0.3931433358884,0.5921761312028
0.5753246817891,0.3246195689796,0.4301213803123,0.2863506603312,0.3969763140456,0.1633747206285,0.1052071952051,0.2109678914337,0.1798922522049,0.1252070527085,0.2792512755340,0.3638986145206,0.2994164170839,0.3265187078437,0.3738517029294,0.2490601579177,0.6501139575602,0.6445583676625,0.3624477558385,0.5255105180948,0.4262199442937,0.8042806548953,0.5434824710068,1.0000000000000,0.2195447022160,0.0493692458569,0.3387944768743,0.2841568353587,0.6051130237371,0.5229781051804,0.6478707362219,0.1869711730331,0.1311010777598,0.4920472120401,0.4952568587463,0.0274495263582,0.2960235850099,-0.0396776460791,0.1333801248667,0.3477399286730,0.1316608987635,0.0238499051619,-0.1577880066776,-0.1014873444277,0.0124585222156,0.0949936325369,0.1244467802513,0.2737154463433,-0.0020283339150,-0.3272343665914,0.1535227995368,0.6748196681686,0.2366897454009,-0.1003409728403,0.0837622831082,0.3400317211561,0.5634268711001,0.3775012192295,0.6856694080245,0.0917009544217,0.0050680313397,-0.1481974843129,0.0356116317603,0.4370448255803,0.3502999638297,0.1625198994315,0.0589902777054,0.0576063370500,0.4459788333924,0.4065045922832
0.3220267835833,0.4004143067061,0.4426459276692,0.6650344415447,0.2389664298506,0.2855835594483,0.1632478289240,0.5887036058574,0.1129769675077,0.6958099269690,0.1358843942712,0.3835444980907,0.0599016474729,0.3458740660091,0.3983074283813,0.2312348975017,0.1209674493423,0.3830393234871,0.2502790960359,0.4330814917442,0.2417581120298,0.0902096350090,0.6544633516620,0.2195447022160,1.0000000000000,0.5788942614896,0.4705349677471,0.3659598609859,0.3453673003467,0.2179283385917,0.4722610491695,0.4696047856233,0.1327217125662,0.2134818807445,0.4702872218438,0.2929446442202,0.4109935371706,0.1904108841161,0.6827592690695,0.0773645056225,0.2754607884855,0.0676328962704,0.5123105615169,-0.0621328117160,0.6117613215572,-0.1713131363624,0.3754825710472,-0.0186747920513,0.3438459278195,0.1790692170870,0.2690549352148,0.1253372478374,0.2377245967639,-0.1187710473334,0.0994572935303,0.0059559753112,-0.2201678889704,0.6247835553742,-0.0543928192755,0.8486667434181,0.5021828706992,0.1752497082917,0.2912700782673,0.1185627082937,-0.1106464027312,0.0092450103876,0.2380543711487,0.1686746488500,0.1275606802451,0.3517659724881
0.2423270912154,0.3668128196069,0.4246123709148,0.6358609160974,0.0341916120388,0.2628008855228,0.2043487690082,0.3806014923738,0.2133527260309,0.5394682843856,0.1418363667541,0.5607167605984,-0.0765995461320,0.4805348902251,0.4240046474023,0.2294775750676,-0.0643076051061,0.2807761185627,0.3263876091817,0.4843588318904,0.0962900410505,-0.0489826476311,0.4340130643580,0.0493692458569,0.5788942614896,1.0000000000000,0.5385468630259,0.5181308824341,0.0717421720896,0.1474660744761,0.3157832640303,0.5331057183783,0.1890832731350,0.2244508406432,0.5403700248802,0.2877006013978,0.3382665320210,0.3139096415835,0.6704169773168,-0.1260602491983,0.2705355720154,0.0229633554272,0.3031410689274,-0.0287728712339,0.4616784012203,-0.1664176106447,0.6345749273938,-0.0982283818882,0.5007649992820,0.2566717848287,0.2285317716693,-0.0144343976202,0.1993014035340,-0.1252030595008,0.1172863157142,-0.0879815281640,-0.3371913857054,0.3345519900157,-0.1494253954021,0.4372971238682,0.7703347131681,0.2001806544206,0.4838603178410,-0.1288334932830,-0.2294956714687,-0.2639659846375,0.1669689971741,0.2396878879488,0.0751487360884,0.4643830448654
0.2066998866103,0.3833928312998,0.7276209141627,0.4960583454461,0.0318270482767,0.3584603734887,0.2940308838627,0.5390917905926,0.4373087201286,0.3331281324330,0.2208297451406,0.6572168477198,-0.0395019675888,0.4016563248524,0.5917576505695,0.2984203865191,0.0875569069847,0.5565207118449,0.5309616672134,0.6044098152704,0.0440753526579,0.1247842113317,0.3691045557114,0.3387944768743,0.4705349677471,0.5385468630259,1.0000000000000,0.7601178672128,0.2038972306912,0.2090985341352,0.5507251092466,0.4658094201435,0.2800804080204,0.1698254179581,0.4916590800812,0.0413730165187,0.1974934214165,0.2868933847760,0.4363906482659,-0.1192574088964,0.2916755948995,0.0704222220803,0.1644292878900,0.1453463373168,0.0810318030002,-0.1481727013317,0.4768136390328,-0.0967490668728,0.1835115131875,0.1225184088701,0.1622520895062,0.1384523011956,0.2985453299827,0.0345485020300,0.0337339946325,-0.1009427411166,-0.2643460365396,0.1720320477248,-0.0749668678988,0.2114897133262,0.3672131250987,0.3339048270523,0.5514417389249,-0.0733316819587,-0.2894823512862,-0.2496205411593,0.1036776606842,0.1225268383827,-0.0536038275561,0.2750997979268
0.0558777479363,0.3034190903038,0.7080373862338,0.3385904779382,-0.0308933499257,0.2338666048686,0.0936731708557,0.5088323161479,0.2074643146243,0.3905374334626,0.0401814511126,0.5329224082850,-0.1315417142046,0.4240805583759,0.4009093678824,0.1750422691408,0.0316678753214,0.4654666121416,0.5377998110349,0.4447391176328,-0.0598257974666,0.0781240538976,0.2836565026900,0.2841568353587,0.3659598609859,0.5181308824341,0.7601178672128,1.0000000000000,0.1194479152956,-0.0105824067409,0.3002398102468,0.4423981646401,0.2193597668687,0.0887111895018,0.3033554744634,-0.0213452344463,0.1592657593162,0.3708934944967,0.2887567272804,-0.1664231473478,0.2143193060999,-0.0248932395056,0.0907499908383,0.0194311223331,0.0722916331531,-0.1957668992481,0.3758969753064,-0.1582363885062,0.1882565542135,0.1426335581136,0.1190623215437,0.1336349445866,0.1275451547438,-0.1076527822943,-0.0041975046497,-0.1242779049984,-0.1222303818312,0.1109537496273,0.0250692129776,0.0961415195361,0.3442637758261,0.1252526937029,0.7342688017208,-0.1258911641499,-0.3056201410428,-0.2680590308651,0.1292963041649,0.1458503066151,-0.0041451397653,0.1537541038107
0.4864911057393,0.1551814303172,0.4094493846303,0.2457934627365,0.5352421629538,-0.0730637282138,0.0792128856489,0.4528394900417,0.1769063111964,0.0861284436476,0.3764627048207,0.2259138478695,0.3532094623446,0.1468351067120,0.2600478548239,0.1417832984310,0.4523477600493,0.3205905346866,0.1987676742376,0.2654782351952,0.4445424602375,0.7194429207894,0.3530692113297,0.6051130237371,0.3453673003467,0.0717421720896,0.2038972306912,0.1194479152956,1.0000000000000,0.4014350176194,0.6272271700615,0.4211734272482,-0.0329066006458,0.2967207790144,0.1991810262894,-0.1025425499997,0.0942534321691,0.0300324062761,0.1404041309857,0.5472566101542,-0.0746800682370,0.0151945673172,0.1113335720928,-0.1475518028237,0.0915121428255,0.1847161590901,0.0908057469258,0.3679960869136,-0.0408570034854,-0.3881994962520,0.1836193782151,0.5585124276787,0.0044869396015,-0.1448944798012,-0.1716685852349,0.4560579384110,0.4695836056137,0.2409661686888,0.4075415236238,0.2325933419221,-0.0097620449803,-0.0187384444741,0.0275704044040,0.8709822729372,0.1774524115649,0.1345289713305,0.1727506297344,0.0175501864672,0.2127226046246,0.0889617206498
0.7134716945369,0.3466034961512,0.0982485290881,0.3648968098885,0.4942277973284,0.1904027192676,0.4370642443793,0.1206805659928,0.3764102652777,0.1657902463632,0.5406334371451,0.4737488265968,0.4252206749468,0.3814393906344,0.6569895669867,0.3830440230655,0.3497471608247,0.3334406103409,0.2767961706676,0.3893746312592,0.4836473162850,0.5923188086726,0.4331888187413,0.5229781051804,0.2179283385917,0.1474660744761,0.2090985341352,-0.0105824067409,0.4014350176194,1.0000000000000,0.5401522961183,0.2464843293206,0.1375939094965,0.7060488072172,0.5007693085015,0.2510641274976,0.2480530882648,-0.2944154106738,0.1460686499504,0.4911928980461,0.1397619415916,0.2581516011737,-0.2595199595821,0.0720232476984,0.1125807011271,0.2167290819272,0.2703715990197,0.4516795407978,0.0717683872098,-0.1376390766341,0.3207526599829,0.3634452069040,0.0708349704485,0.1163132625210,0.0190868927235,0.3887702351037,0.3627616824787,0.2098861982756,0.3774998573302,0.1546342599254,-0.0413795415851,-0.1754163417270,-0.1522226862332,0.3638574067779,0.6202248559162,0.0196910387523,0.0845346301726,0.1730166199052,0.4483701143264,0.3718821573369
0.5063755616780,0.3534718336899,0.5515117852287,0.5517338627891,0.3114107268178,0.2404944842331,0.3101840227100,0.5196463508736,0.4673597910779,0.2726517564080,0.4503445959460,0.5308802347028,0.2074261759671,0.3266979049917,0.5839817840721,0.3963117728392,0.3881317336442,0.6367208833687,0.3037499866520,0.6076812663997,0.3570453627332,0.5266477128007,0.6032041932521,0.6478707362219,0.4722610491695,0.3157832640303,0.5507251092466,0.3002398102468,0.6272271700615,0.5401522961183,1.0000000000000,0.4081260459166,0.2579613038172,0.4444193837978,0.6077514832734,0.1609983722528,0.3105442591041,0.1357615916297,0.4462726990070,0.2232358706526,0.1632273435447,0.0631471317758,0.1805956585393,0.0230920632616,0.1249005174916,0.0119548511757,0.3771934487517,0.1612453055461,0.1271922673535,-0.1266854474209,0.2677679361666,0.4093740214773,0.4576746930235,0.0075610531206,0.1218118810559,0.1763253321812,0.0636994701133,0.4239902942450,0.2763707336287,0.2718452940402,0.2589928532368,0.1046466312322,0.2042680534493,0.3795703046474,0.0952032901555,0.1240622888865,0.1111236759179,0.1874932794406,0.2030021303613,0.4347902151270
0.1877393016330,0.2993578393890,0.5336799753766,0.4329127264351,0.1191996197877,0.1915659909878,0.1553144267191,0.6156664159438,0.1709507038215,0.3930403369966,0.0530884706666,0.4948158253519,-0.1081419774272,0.2390574391084,0.4513922562533,0.1455537610373,-0.0612946351489,0.3152620481136,0.3482788011620,0.3801771834431,0.0439763498108,0.1808584652876,0.3008760037071,0.1869711730331,0.4696047856233,0.5331057183783,0.4658094201435,0.4423981646401,0.4211734272482,0.2464843293206,0.4081260459166,1.0000000000000,0.1682449996287,0.2123565961178,0.3406695625674,0.1288427461560,0.1492003693776,0.2083734004667,0.3958155984681,0.0154135841089,0.2022330317472,-0.0848053308774,0.2254521760709,-0.1925862842190,0.2081603946565,-0.2419700137444,0.4153164511674,-0.0630235181300,0.0813715588149,0.0730763096707,0.1427804907894,0.0874356116272,0.1203264802476,-0.1684422188030,-0.0218069336134,0.0047564221591,-0.1169935776309,0.1181918687060,-0.0732200637038,0.2685200572589,0.2834419132216,0.2805453539570,0.3987063362967,0.2734616671130,-0.1884062663182,-0.2564244021975,0.3859334047601,0.3432729268186,0.0183318422731,0.1617846159935
0.1010264785710,0.1280468752860,0.1489172341457,0.1405740083314,0.1106714313209,0.6308476850582,0.4486903567451,0.0553396542410,0.4040300961120,0.3457135481784,0.2073369918759,0.3548048782750,-0.0193631913413,0.2279921830746,0.4148581610585,0.5688164545546,0.1158332841443,0.3003136288246,0.1263312381365,0.2750773891648,-0.0466917797870,0.0508353713025,0.1991904711736,0.1311010777598,0.1327217125662,0.1890832731350,0.2800804080204,0.2193597668687,-0.0329066006458,0.1375939094965,0.2579613038172,0.1682449996287,1.0000000000000,0.2009715053420,0.3454975031227,0.0142361796522,0.0547781489204,-0.0343626487185,0.2484950858743,-0.0031218992709,0.5332645112407,0.3440422416174,-0.0141215062567,0.2990262645522,0.1770234457142,-0.0582858893820,0.1371783396435,-0.0051493059645,0.1760618336023,0.1252781928601,0.3412094260443,0.1205162958323,0.0989222317406,-0.1733148149892,-0.0115466866944,-0.1204419879647,-0.1468606987371,0.0481581929463,-0.0174886376165,0.1243192046734,0.1538006354378,-0.0755392688843,0.1370637863671,-0.1277872972954,-0.0398746220775,-0.1182478856257,0.0218648428150,0.6695654012805,-0.1087881196970,0.1702600207737
0.5417781469527,0.2754463798295,0.1719542602875,0.4090521836751,0.4224508333234,0.3204169522856,0.3644469291248,0.0831309693216,0.3288308349010,0.2609928602438,0.4261076830615,0.3202149503097,0.3091305640183,0.3743430800028,0.4752333820570,0.4710100756467,0.3410725562241,0.3650939825003,0.1546871653718,0.3343824612372,0.3692126020764,0.4986895948109,0.4644375515682,0.4920472120401,0.2134818807445,0.2244508406432,0.1698254179581,0.0887111895018,0.2967207790144,0.7060488072172,0.4444193837978,0.2123565961178,0.2009715053420,1.0000000000000,0.5501838421258,0.1343904676705,0.2662744788916,-0.0473440075460,0.2943770918279,0.3882291510971,0.2792850925785,0.2399489912145,-0.1355909121008,0.0830211589641,0.2490044693982,0.1553332179110,0.1956813955868,0.3474754366603,0.1446530193701,-0.1864898306766,0.3758975839285,0.3634949681792,0.1816190205973,-0.0284836298725,0.0302715230026,0.2933308846615,0.3134228809419,0.2966383115678,0.4020388601805,0.1898929975071,0.1020132416343,-0.1173792768112,0.0015457584951,0.1920038793763,0.4306865763714,-0.0217505976983,0.0613979931124,0.2372272653681,0.6902240502513,0.4541768032673
0.5018111105253,0.4859648687242,0.3171788269845,0.6661029890115,0.1989402915677,0.4489195030297,0.3586512826955,0.1892292920351,0.3668431714947,0.3572476581622,0.3556763799219,0.5438694630232,0.1781264598421,0.3881496647343,0.5836450966003,0.4377131824033,0.2775908997206,0.5770501911240,0.2784633429222,0.6774239861830,0.3279840379966,0.3074289800417,0.6805663012775,0.4952568587463,0.4702872218438,0.5403700248802,0.4916590800812,0.3033554744634,0.1991810262894,0.5007693085015,0.6077514832734,0.3406695625674,0.3454975031227,0.5501838421258,1.0000000000000,0.4029796876427,0.4701577526333,0.0700889915271,0.5710510414237,0.0421919845265,0.4225153395781,0.1572126521928,0.0473945769060,0.0939304053763,0.2437026882071,0.0089182280367,0.4279698052832,0.0923837343883,0.1778025047539,0.0632177291319,0.2976399897496,0.2711197760122,0.4557665984621,-0.0064642511536,0.2564295601991,0.0551679762170,-0.0323457610308,0.5320808173946,0.2484572996113,0.3039876869351,0.4414966068138,0.0232187100065,0.1814122499258,-0.0019906405847,0.0881347852818,0.0640143922903,0.1481086343864,0.3224672452746,0.5194340480462,0.8448920067749
