10.6277499927088,165.698196411133,112.255244235335,104.621424974714,107.452783203125,87.3285934448242,93.0574604670207,33.5349219380773,45.8560386291536,86.0202845059908,74.4351788525605,135.126609359962,108.470119476318,155.796005249023,21.8305346488292,67.4405409495036,139.638610839844,106.14821851197,146.117482185364,141.953267372979,133.765289306641,85.2552264706119,0,93.3303021313672,103.071917964988,0,133.301971261625,137.39270404634,99.0855523315244,29.0867115626802,34.6539457717117,156.341857910156,101.404095458984,58.2251192594829,76.1675331996037,0,0,153.547320556641,227.729080200195,207.763000488281,0,0,0,194.541549682617,0,0,0,0,0,203.549522399902,0,116.440132141113,0,0,0,0,0,220.44108581543,209.677810668945,162.470488071442,0,188.49137878418,183.246566772461,154.369671325684,170.291259765625,0,0,0,0,149.989753723145
165.698196411133,8.96965630113962,50.1716393280029,36.5351775924036,102.149061838786,112.561403910319,127.066647847493,147.183290481567,136.724130630493,75.330235859371,161.06388092041,67.0908971826236,118.001960754395,53.49373892716,156.519070625305,111.526006698608,64.0336578704499,90.3688530617572,82.5824383629693,92.5618845621745,0,106.959299087524,21.9344562527361,78.3274306569781,85.7692402729398,26.7691181291433,57.5772035954947,36.4568950171516,115.751602082025,146.398334757487,108.138801574707,74.791371998034,108.33996158176,143.306652069092,94.6605537264955,0,151.074745178223,110.038686479841,82.2801965077718,152.739753723145,0,0,235.146118164062,0,0,0,0,160.365615844727,121.972093582153,246.169036865234,0,201.839340209961,159.19797261556,223.167419433594,0,0,183.312927246094,0,123.09903717041,145.669499323918,144.145590464274,123.909033711751,130.608529395798,164.054504394531,0,0,155.57201385498,0,0,217.159973144531
112.255244235335,50.1716393280029,11.8280048313929,53.6883555007855,141.038221232096,232.045639038086,154.188050603292,100.45135519262,123.689577862061,116.8350537618,124.959541409959,106.562486774259,170.691577617939,106.467285069552,120.272821851281,149.32575378418,129.893912064402,52.3458009781076,118.88303149586,101.031967579579,156.269197463989,66.8231750587114,74.2868118286133,36.4079606258512,117.430855626645,128.366271972656,50.1674977640711,35.0453133694747,94.3227724098578,138.301793289185,100.355261974198,103.649641058418,177.574120521545,130.737103804102,68.0409518807335,175.384246826172,112.430663790022,100.90404905377,72.2525548184856,185.108693440755,0,210.302581787109,172.063774772312,182.616526285807,184.700327555339,217.819480895996,174.383168538411,0,159.180458068848,203.337340037028,0,131.117654381729,124.725202443648,0,157.38857199929,201.126373291016,140.36109495163,97.8438241141183,112.209260123117,168.782829049917,177.622817993164,119.580502827962,107.975293527242,175.815131129051,202.322573575107,156.504400889079,191.043853759766,0,201.719291687012,147.348851984197
104.621424974714,36.5351775924036,53.6883555007855,37.1986409660938,68.2783805376863,91.3195495605469,128.173961141835,73.9451758299159,110.379359372457,29.0035232086959,113.644765869645,86.6302743685448,125.492433435777,64.0183962515031,111.499241212828,109.85018825531,44.7159650765495,97.8146875075872,86.9908770243327,98.5615437205245,110.14377339681,64.8249357828026,20.8506338886156,56.1452377429309,54.5999418262819,20.3920127286686,62.1160349893729,45.3255159471641,72.6744418609499,92.6784207026164,63.1216736597731,77.7255912549568,121.418939208984,83.0906090081907,91.8885668704384,84.955202143243,89.2312879562378,100.864128690777,57.8521445592244,96.0626680374146,149.822906494141,142.389970143636,78.6140307480434,127.210603986468,59.5210773891873,124.755863584321,0,103.190937805176,115.529589080811,108.613196096113,93.4951171875,60.0193486739732,136.875907262166,114.251834869385,153.424620310465,92.7819961547852,74.4074091877971,67.2338690934358,77.1052703416416,63.2370967581896,76.7121493021647,125.919206486192,100.886918450023,75.8391025066376,91.3907907274034,73.1219496849256,0,0,84.2527975194594,98.3162136077881
107.452783203125,102.149061838786,141.038221232096,68.2783805376863,11.8431438926268,111.259559631348,67.4645770186085,61.6773206346175,104.600037509448,47.7968191844505,25.6143504741893,178.532150268555,32.0587723058201,167.420616149902,121.992278205024,68.2228123591496,118.726619720459,172.715750558036,206.949981689453,0,16.991937328783,0,58.8438211017185,135.108585357666,13.7842518822453,150.456916809082,188.777206420898,123.575868567642,22.6303229650875,120.878573241057,132.69568157196,0,150.110916137695,98.8045218331473,123.01878108149,141.271809895833,0,0,77.8208089556013,13.492951900277,0,160.357587640936,149.769855499268,173.30122756958,92.9280012221563,144.033217430115,0,23.6981271767035,0,157.250175476074,128.594100952148,204.646347045898,0,0,0,18.8879309051177,155.240219116211,0,213.771560668945,118.663870130266,0,215.719612121582,178.376235961914,143.697487682104,173.909311930339,162.240884780884,0,0,148.009841918945,185.993039449056
87.3285934448242,112.561403910319,232.045639038086,91.3195495605469,111.259559631348,7.97502769022171,19.8874258489786,136.137699551053,21.2592496799069,63.9480351039342,127.300879584418,69.6702851140222,92.2363996505737,85.4542325337728,25.5012336777882,11.4151284589621,0,189.751383463542,97.5564749344535,94.4670140883502,144.120193481445,0,106.33498840332,177.903869628906,92.1192818959554,97.1199398040771,110.146470569429,126.434768676758,131.27457017165,26.8660139256278,129.228973388672,109.408699035645,11.1896035886632,0,39.4984051028624,0,0,0,0,0,0,0,0,0,0,0,0,0,0,0,0,0,0,0,0,0,0,0,0,0,224.910034179688,153.5673828125,168.098663330078,196.349741617839,0,0,0,0,0,0
93.0574604670207,127.066647847493,154.188050603292,128.173961141835,67.4645770186085,19.8874258489786,11.065849950048,73.9966600655531,23.093347012933,95.8656538033191,42.9010911137238,91.4366700901008,24.0763109345446,99.8711342682709,38.2167440248063,12.6742347014902,148.626068115234,171.551381055047,112.352058342525,136.979515303427,50.2109275576216,151.343786942331,119.388028462728,155.181929042197,92.7983183194015,96.0113961356027,165.8648478246,156.920897071041,71.2012146297938,50.0609050656309,121.00048233481,124.080268314907,22.1282185306628,130.006225987485,81.2673931954399,188.328872680664,0,216.925439834595,0,156.996134281158,0,222.086410522461,204.68234761556,189.45041402181,138.711888631185,198.621164422286,0,142.215192159017,0,197.65907981179,216.082702636719,188.359977722168,0,0,0,207.705907185872,196.293548583984,158.860626220703,221.380055745443,163.694537460804,159.342132568359,220.585444132487,211.133385976156,179.029371323124,204.68388027615,208.113212585449,0,0,203.961849975586,213.562098185221
33.5349219380773,147.183290481567,100.45135519262,73.9451758299159,61.6773206346175,136.137699551053,73.9966600655531,11.7449057198957,58.4958776587589,65.1333675214222,23.2452340631695,169.904915913497,70.4034520156092,186.589705247145,53.666652001358,92.7071378303297,115.869784545898,119.558539537346,182.612992364007,166.634917753289,86.9691663221879,77.7672693467635,80.5130240496467,80.0665449860637,57.779600157274,174.621719360352,144.460476164215,144.70321744572,28.4550532193677,79.1657402290283,21.6288738123794,193.881394704183,133.532241312663,78.035369067768,92.9842038829699,140.80879452354,142.690460205078,177.82654204192,123.969468688965,146.153574228287,0,176.380151922053,143.80620601721,161.45819271312,123.33764684768,168.693847123967,206.308952331543,166.73844909668,0,162.918164962377,0,178.548146057129,219.526779174805,0,207.47981262207,183.121856689453,184.113513183594,186.606938680013,185.574661254883,128.055634979019,0,208.01490020752,186.159165413149,140.877781772835,158.399915274927,151.029637654622,0,0,155.134920560397,155.908011087557
45.8560386291536,136.724130630493,123.689577862061,110.379359372457,104.600037509448,21.2592496799069,23.093347012933,58.4958776587589,13.0374013920667,107.801941048015,41.3043371689649,94.0958645035677,76.5141421215168,111.481351134974,24.0154610783904,42.323434796506,166.454734802246,139.04307658477,112.404788310203,137.648546903877,99.1335373571363,123.796476188613,140.895792447604,111.742677713843,89.0586649877471,98.9515465630425,149.770394414135,147.780985743703,90.7521732681584,40.1827717851237,86.00952085664,131.649299856333,14.4997471737663,109.120439910889,78.7689801409275,191.874465942383,177.046112060547,192.03063552444,127.124726295471,171.370749253493,0,199.751759120396,174.922593434652,188.798747253418,137.222691218058,184.091302659776,0,0,192.215766906738,189.487399727958,0,182.996090975675,212.389846801758,0,229.208969116211,0,180.411891937256,178.116134643555,208.10993680087,148.613828148161,0,200.738820693072,192.572282173264,163.702674642423,196.795056915283,180.294486999512,183.463012695312,0,157.894626617432,192.833774342256
86.0202845059908,75.330235859371,116.8350537618,29.0035232086959,47.7968191844505,63.9480351039342,95.8656538033191,65.1333675214222,107.801941048015,8.37866573701251,86.8172539393107,135.319956109075,8.82012827644454,130.688615731754,105.260079984312,24.4402236595632,99.142385398017,145.733642366197,161.321574619838,164.992279052734,34.9690948175449,112.557139176589,30.471481120326,133.542226067905,29.2559293310879,116.769767615446,133.212750873868,116.74065933083,60.6341865185855,96.6801304374773,79.7385054368239,150.14179284232,161.440986633301,70.759740083114,110.033799994482,175.13134765625,0,181.10002746582,114.966983795166,105.354649734497,0,167.223393249512,128.424963378906,132.198921203613,60.853700703588,132.556238446917,164.206176757812,82.0865300496419,199.158772786458,159.083276748657,59.2802612304688,104.912630353655,190.24914932251,0,0,149.17431640625,134.727848052979,0,162.376167297363,92.5102916081746,200.830917358398,199.525659897748,196.164657964939,122.123030419443,117.46487903595,133.382612609863,244.128707885742,0,121.637275695801,137.951368331909
74.4351788525605,161.06388092041,124.959541409959,113.644765869645,25.6143504741893,127.300879584418,42.9010911137238,23.2452340631695,41.3043371689649,86.8172539393107,14.1787400117612,168.856984685679,28.9814910116017,190.533398946126,73.8003862470397,79.6690122113909,152.870859781901,158.843318604026,179.121235304612,182.356248022805,19.8432810251755,131.045626813715,110.789698674129,118.239448350409,67.7315939845796,141.652547200521,170.656956175454,173.200969122852,45.0886700976385,111.902923302607,121.614919749173,199.480255126953,131.050274823163,104.725630025754,103.962391202291,186.067672729492,168.422912597656,205.199356842041,127.435264110565,66.868920123496,0,190.856289672852,159.822694566515,187.217935289655,118.571433604847,178.414487950942,0,61.0258860262958,224.496566772461,201.213017463684,118.685707092285,178.160236358643,228.37370300293,0,246.178741455078,101.578915155851,177.938270568848,154.564708709717,209.111163330078,141.046437336848,0,223.015973177823,207.964848271123,165.492603373977,186.278028106689,190.392049153646,0,0,200.75564793178,198.028055826823
135.126609359962,67.0908971826236,106.562486774259,86.6302743685448,178.532150268555,69.6702851140222,91.4366700901008,169.904915913497,94.0958645035677,135.319956109075,168.856984685679,16.3131608335434,179.417975531684,27.7301148565118,98.8184164392612,92.3227157592773,143.493879699707,80.1317660646005,26.0241687019874,31.6976337579486,156.675552368164,112.030461164621,108.146617595966,108.524558682239,166.501874957168,39.8340904675131,35.0026760750813,68.1956326480442,169.861058707189,86.6762699021234,120.269750848517,44.2734337721781,70.9761442751498,119.761871610369,28.325025429708,236.777183532715,142.137919108073,184.330743408203,58.2327566146851,0,0,0,0,0,0,0,108.067497798375,0,89.0531033399628,0,0,0,193.80810546875,128.466901506696,165.114224243164,0,0,167.353164672852,221.02875773112,202.821376800537,88.7885496077999,119.719315988046,117.600342995451,229.653137207031,233.433013916016,204.133926391602,112.395587158203,0,0,169.519208908081
108.470119476318,118.001960754395,170.691577617939,125.492433435777,32.0587723058201,92.2363996505737,24.0763109345446,70.4034520156092,76.5141421215168,8.82012827644454,28.9814910116017,179.417975531684,9.42592973343388,143.172027587891,118.29766439219,13.961136651229,0,194.113730536567,188.224553426107,191.204200744629,13.7004376105523,0,90.8861781529018,153.068808746338,18.1028676339679,0,191.152556046196,168.472525787354,56.6552167832618,118.993751328567,148.78192392985,220.742904663086,123.835675375802,120.41748936971,111.3243332315,0,0,232.053199768066,0,79.6437511299596,0,182.905527750651,202.777364095052,231.984924316406,92.7482237382369,161.0629307429,0,16.0281725071572,0,193.884384155273,56.4921480814616,0,0,0,0,16.8825402693315,197.595092773438,158.196876525879,0,137.230199255594,178.632354736328,245.772354125977,210.418472290039,158.570819377899,220.215805053711,0,0,0,232.878890991211,168.229644775391
155.796005249023,53.49373892716,106.467285069552,64.0183962515031,167.420616149902,85.4542325337728,99.8711342682709,186.589705247145,111.481351134974,130.688615731754,190.533398946126,27.7301148565118,143.172027587891,9.76556121985231,107.737832982489,0,134.372088114421,147.553843688965,68.0266899108887,103.663057599749,0,177.295028686523,99.3541366945323,131.772868565151,147.054087112199,24.0135916965906,55.9600872547168,38.4781803448886,180.752252197266,95.6272757096724,169.018424987793,22.4455634778417,80.9351762135824,182.545936584473,59.2940594695863,0,124.922369003296,197.337051391602,49.657972822384,0,119.546127319336,0,247.487731933594,0,215.254119873047,0,87.9023963080512,0,78.0233329479511,0,0,0,172.733139038086,114.285153388977,107.695604960124,0,0,137.251719156901,169.391860961914,166.613510131836,70.1180114746094,113.596669977362,109.542840994626,0,144.803237915039,0,108.131262779236,0,0,185.783111572266
21.8305346488292,156.519070625305,120.272821851281,111.499241212828,121.992278205024,25.5012336777882,38.2167440248063,53.666652001358,24.0154610783904,105.260079984312,73.8003862470397,98.8184164392612,118.29766439219,107.737832982489,11.7129533374288,55.8525735681707,152.602804819743,125.975811203843,114.659281652678,134.990235334385,112.621662902832,107.479632753888,140.667089125689,107.908419111679,115.512002377655,120.484507127242,141.125220828355,139.259950735507,106.003156950858,28.3858471332795,63.8657220592131,133.000648498535,19.0999856022237,72.183503926969,66.6844221258689,181.094212849935,0,188.070004167228,169.308187484741,167.306297302246,0,171.17505645752,170.548831939697,186.562421798706,144.968694414411,188.979545593262,235.949310302734,0,154.441248575846,206.993019104004,0,130.518585205078,198.172317504883,0,216.370519002279,0,209.725036621094,216.770492553711,188.853016444615,168.066155904134,151.904360453288,202.935377038043,191.105631246195,175.701889855521,183.784943898519,199.845036097935,0,0,230.273040771484,197.806207275391
67.4405409495036,111.526006698608,149.32575378418,109.85018825531,68.2228123591496,11.4151284589621,12.6742347014902,92.7071378303297,42.323434796506,24.4402236595632,79.6690122113909,92.3227157592773,13.961136651229,0,55.8525735681707,6.80253159669333,196.396026611328,157.246073041643,105.233039855957,0,49.7363528730857,0,82.1225408935547,133.293132781982,56.1588377544871,0,181.517256418864,151.081139998002,85.6434160727822,51.261897390539,94.2337207794189,241.9013671875,42.0813670603434,141.446521759033,72.5431280136108,0,0,204.498924255371,105.756858825684,153.43087387085,0,0,0,0,0,196.285659790039,0,54.5083923339844,0,0,0,0,0,0,0,0,0,0,238.734008789062,163.643077087402,0,0,0,197.916870117188,0,0,0,0,0,0
139.638610839844,64.0336578704499,129.893912064402,44.7159650765495,118.726619720459,0,148.626068115234,115.869784545898,166.454734802246,99.142385398017,152.870859781901,143.493879699707,0,134.372088114421,152.602804819743,196.396026611328,15.5437962958167,118.362687457692,157.317081451416,134.610565458025,112.456680297852,28.0741398253889,31.396286280947,17.9278340914225,33.5181804217559,134.209392547607,114.670984441584,29.5657168234364,47.5012023491474,164.532243347168,77.8584626835885,123.904685974121,0,43.6986656188965,106.669343312581,143.355241775513,157.636627197266,118.430803642898,76.5737722570246,0,0,0,144.618978326971,178.15212097168,0,208.311706542969,0,0,0,187.937871297201,0,105.729646459119,151.777689615885,0,0,191.164016723633,121.359710615109,63.4844011860509,107.634361394957,132.491853396098,0,147.287512673272,116.023352795493,132.991292504703,153.247024536133,123.091226850237,0,0,122.342356363932,157.783260345459
106.14821851197,90.3688530617572,52.3458009781076,97.8146875075872,172.715750558036,189.751383463542,171.551381055047,119.558539537346,139.04307658477,145.733642366197,158.843318604026,80.1317660646005,194.113730536567,147.553843688965,125.975811203843,157.246073041643,118.362687457692,12.2187958119212,66.2034309988832,28.2751982263603,178.422157287598,68.0503997144446,102.031142934163,31.9612114342826,143.849561009679,116.998523712158,40.7001821077063,74.1419912215029,130.13765548024,115.690373650313,83.0809329251596,137.960722351074,181.293690999349,110.624084750811,53.8754760743837,0,103.841548919678,119.544689083888,85.9939783944024,0,0,0,194.573728288923,233.705612182617,149.411483764648,0,0,0,0,208.109786987305,0,164.911656697591,128.175659380461,198.012672424316,172.036325628107,0,158.379335675921,132.101654052734,135.716777454723,198.640279433307,154.802978515625,126.95159005606,127.766321843402,208.94723842455,194.561111450195,173.030811854771,208.727554321289,0,0,137.53519821167
146.117482185364,82.5824383629693,118.88303149586,86.9908770243327,206.949981689453,97.5564749344535,112.352058342525,182.612992364007,112.404788310203,161.321574619838,179.121235304612,26.0241687019874,188.224553426107,68.0266899108887,114.659281652678,105.233039855957,157.317081451416,66.2034309988832,12.0793619531882,19.8253963924741,189.032470703125,128.79614535245,120.171571095785,116.390844021203,182.58952331543,52.2422771907988,41.6204876877846,81.1730693114431,194.004424124053,109.375363832818,131.667616584084,58.2135762108697,98.6615230372695,133.134902812816,61.9177392505223,0,144.201080322266,181.689138793945,75.003990650177,0,0,0,0,0,0,0,112.246181781475,0,99.987305105549,0,0,179.919342041016,126.548835754395,117.800721168518,138.610493977865,0,0,0,0,233.155838012695,80.1829388141632,115.994649363088,114.538823260537,245.824462890625,0,0,110.53661884981,0,0,0
141.953267372979,92.5618845621745,101.031967579579,98.5615437205245,0,94.4670140883502,136.979515303427,166.634917753289,137.648546903877,164.992279052734,182.356248022805,31.6976337579486,191.204200744629,103.663057599749,134.990235334385,0,134.610565458025,28.2751982263603,19.8253963924741,12.677845490807,187.022018432617,113.250504473594,119.554652622768,91.7687793200133,173.264540863037,57.608457438151,35.3835048281078,85.5792634918513,161.687024275462,125.125271218361,113.998640960693,76.6171772003174,107.163730688262,114.63033048071,53.0469875234546,228.679489135742,153.572704315186,152.504953557795,131.000335693359,0,0,0,188.7529296875,0,0,0,114.365229288737,0,112.784748077393,0,0,170.727485656738,140.221849714007,130.66953531901,135.185984802246,0,199.878021240234,0,165.405787658691,219.576563517253,106.245161873954,118.967710074732,119.932579508588,211.477242606027,0,226.763687133789,126.707151624891,0,0,0
133.765289306641,0,156.269197463989,110.14377339681,16.991937328783,144.120193481445,50.2109275576216,86.9691663221879,99.1335373571363,34.9690948175449,19.8432810251755,156.675552368164,13.7004376105523,0,112.621662902832,49.7363528730857,112.456680297852,178.422157287598,189.032470703125,187.022018432617,10.4619964911459,0,95.8390426635742,153.75799369812,29.1823890392116,175.818237304688,179.346507679332,177.880777994792,35.3503751245352,114.600989341736,136.937445322673,195.342742919922,138.695688883464,105.493488311768,106.33409845829,186.537002563477,0,229.689743041992,0,30.1435315608978,0,176.848678588867,0,168.78678894043,105.435601552327,177.748720441546,0,12.1352058710054,0,198.009437561035,134.140045166016,193.574554443359,0,0,0,13.0073892450333,0,0,233.021362304688,134.329432843679,0,0,201.827072143555,159.385577275203,166.425109863281,164.242385864258,0,0,0,169.150283813477
85.2552264706119,106.959299087524,66.8231750587114,64.8249357828026,0,0,151.343786942331,77.7672693467635,123.796476188613,112.557139176589,131.045626813715,112.030461164621,0,177.295028686523,107.479632753888,0,28.0741398253889,68.0503997144446,128.79614535245,113.250504473594,0,11.81539841408,57.9012678847116,26.6429890378573,43.4647501092969,142.654067993164,117.349102209249,81.9430956861364,36.5480329845754,86.0549520401728,32.3443907650582,153.437652587891,121.237617492676,58.893976499868,57.3116360661315,136.548977715628,133.247085571289,150.985229145397,130.127970377604,163.700866699219,0,0,136.39520839769,169.636747360229,0,178.744769009677,182.643859863281,204.875778198242,177.436569213867,165.263633541945,0,116.39018535614,196.289527893066,0,194.047035217285,189.943908691406,128.807207141243,80.9517548697335,138.220114813911,129.388209364931,0,189.111189842224,153.81109583928,132.718526436301,150.367579221725,126.72892259125,0,0,127.589357896285,148.483537462023
0,21.9344562527361,74.2868118286133,20.8506338886156,58.8438211017185,106.33498840332,119.388028462728,80.5130240496467,140.895792447604,30.471481120326,110.789698674129,108.146617595966,90.8861781529018,99.3541366945323,140.667089125689,82.1225408935547,31.396286280947,102.031142934163,120.171571095785,119.554652622768,95.8390426635742,57.9012678847116,9.43836820576785,50.7284171654503,33.7740661007451,83.4200342631661,105.695071382343,49.9627024129986,67.6629362133187,119.209302728826,60.263040341829,117.710233394916,156.627059936523,75.5363189697266,123.241131591797,105.567888259888,185.813179016113,116.196182837853,53.5707869810217,134.689924621582,0,161.120346069336,116.020051574707,206.663818359375,88.9763565063477,190.084159851074,246.256301879883,0,148.811218261719,120.845172458225,164.072887420654,58.0633482146032,158.504147847493,0,0,0,73.271848970301,27.9184771884571,74.9389533996582,92.6569894836063,0,163.348002226456,138.910310560657,105.650455811444,97.2619178771973,69.5551822299049,220.775382995605,0,100.964594841003,66.7265777587891
93.3303021313672,78.3274306569781,36.4079606258512,56.1452377429309,135.108585357666,177.903869628906,155.181929042197,80.0665449860637,111.742677713843,133.542226067905,118.239448350409,108.524558682239,153.068808746338,131.772868565151,107.908419111679,133.293132781982,17.9278340914225,31.9612114342826,116.390844021203,91.7687793200133,153.75799369812,26.6429890378573,50.7284171654503,15.1928614985231,94.3838984135063,125.800590515137,81.7229411506141,52.4284348316294,60.7182048940065,102.408428868843,53.1665763064595,143.548710909757,159.214004516602,87.5872710045348,58.4770980582064,146.063461303711,116.845999145508,104.923545250526,84.2491103756812,174.789324951172,0,0,164.69981963059,173.765250069754,0,190.229606628418,0,0,179.677307128906,188.46634165446,0,111.371324054847,159.345544668344,199.490982055664,173.645105997721,0,127.195828395334,70.8603258054118,114.626099403658,148.378398361206,0,151.149485620959,112.3710882792,152.727596374879,153.844314575195,131.162103168035,0,0,161.206912994385,164.182178751628
103.071917964988,85.7692402729398,117.430855626645,54.5999418262819,13.7842518822453,92.1192818959554,92.7983183194015,57.779600157274,89.0586649877471,29.2559293310879,67.7315939845796,166.501874957168,18.1028676339679,147.054087112199,115.512002377655,56.1588377544871,33.5181804217559,143.849561009679,182.58952331543,173.264540863037,29.1823890392116,43.4647501092969,33.7740661007451,94.3838984135063,12.8149690263219,126.973204462152,146.097470892929,98.9821846824972,21.8628956435199,101.505131765659,81.614904394997,167.106966101605,134.522618974958,81.4325628071806,110.42320959998,145.028173735647,140.669960021973,165.253557986305,94.9989989028018,125.801847118542,135.766578674316,155.846625993837,134.716175915236,157.992672293527,83.8912851670209,148.906849187215,217.481587001256,131.412924106304,0,158.58177559276,98.9700810750326,113.910956178036,197.260740915934,233.900390625,220.253681727818,141.258043289185,135.726925054245,116.756879972375,157.898399773545,109.612604503942,202.799026489258,198.373530733413,168.491325167224,130.374045771385,150.772164026896,133.443464090536,235.260299682617,231.378082275391,141.063131555334,152.07176290976
0,26.7691181291433,128.366271972656,20.3920127286686,150.456916809082,97.1199398040771,96.0113961356027,174.621719360352,98.9515465630425,116.769767615446,141.652547200521,39.8340904675131,0,24.0135916965906,120.484507127242,0,134.209392547607,116.998523712158,52.2422771907988,57.608457438151,175.818237304688,142.654067993164,83.4200342631661,125.800590515137,126.973204462152,8.39394424342279,48.1281891441345,30.9108787007192,173.585739135742,102.408217163086,0,50.6492327451706,84.920146208543,0,73.7450330668482,231.240386962891,146.49094136556,142.261505126953,44.9867365062237,0,0,0,0,0,0,0,117.143115520477,0,80.8228832244873,0,0,182.602676391602,0,105.982334136963,85.8369140625,0,0,198.677993774414,0,169.82341003418,46.3825420477451,107.303601250282,92.0920336410289,227.306816101074,211.959701538086,188.844757080078,94.2048042560446,0,0,0
133.301971261625,57.5772035954947,50.1674977640711,62.1160349893729,188.777206420898,110.146470569429,165.8648478246,144.460476164215,149.770394414135,133.212750873868,170.656956175454,35.0026760750813,191.152556046196,55.9600872547168,141.125220828355,181.517256418864,114.670984441584,40.7001821077063,41.6204876877846,35.3835048281078,179.346507679332,117.349102209249,105.695071382343,81.7229411506141,146.097470892929,48.1281891441345,18.2981005294271,40.3762811778326,146.80334521047,130.174678950859,125.637672968566,32.5848474495602,110.398305330662,130.112535036527,67.5462018537765,201.279225667318,123.704315287272,131.720969136556,77.6816222381592,0,195.318771362305,0,195.633038064708,235.125015258789,194.250372992622,231.460006713867,124.08163729581,0,97.128466215776,214.739252726237,246.599517822266,147.36269124349,120.537771197063,121.103872680664,116.056626316392,226.311752319336,177.494372049967,148.93763552214,161.165162860223,201.883169239965,89.7156197648299,104.913583072836,106.845161673444,206.808521069978,211.427562713623,186.656642368862,112.728002578176,0,182.183563232422,139.475407631167
137.39270404634,36.4568950171516,35.0453133694747,45.3255159471641,123.575868567642,126.434768676758,156.920897071041,144.70321744572,147.780985743703,116.74065933083,173.200969122852,68.1956326480442,168.472525787354,38.4781803448886,139.259950735507,151.081139998002,29.5657168234364,74.1419912215029,81.1730693114431,85.5792634918513,177.880777994792,81.9430956861364,49.9627024129986,52.4284348316294,98.9821846824972,30.9108787007192,40.3762811778326,19.832210382316,93.0253673858643,132.14578683623,121.253009155369,26.9374888459216,122.122041047509,137.141196764432,76.2518243474319,195.811796824137,118.409527434243,103.759730950087,69.6884538579561,191.094976986156,0,208.973510742188,186.478143188477,196.217554092407,179.790293643349,207.304172515869,136.32846512333,185.242347717285,106.862003326416,201.942307826451,0,114.473877851514,126.021074803443,131.728364061189,135.060866977007,0,154.180238044125,118.643877071186,114.978564550651,168.427407004616,93.1484654744466,111.919184761112,110.404580506756,180.780584860974,190.70324605306,173.062893079675,123.868880786727,0,166.81819152832,141.434633562642
99.0855523315244,115.751602082025,94.3227724098578,72.6744418609499,22.6303229650875,131.27457017165,71.2012146297938,28.4550532193677,90.7521732681584,60.6341865185855,45.0886700976385,169.861058707189,56.6552167832618,180.752252197266,106.003156950858,85.6434160727822,47.5012023491474,130.13765548024,194.004424124053,161.687024275462,35.3503751245352,36.5480329845754,67.6629362133187,60.7182048940065,21.8628956435199,173.585739135742,146.80334521047,93.0253673858643,14.2986597899817,101.203158197343,43.0992599133434,182.068290993019,151.660581588745,77.2183135386263,83.8140093338288,149.661525678031,172.622950236003,168.74143817378,111.736803761235,94.8003626297834,0,171.546341822698,141.537541514949,168.019190637689,103.63733004866,163.721279587857,224.887748718262,125.617528486252,204.452667236328,169.006627682169,114.521206537882,123.400916612217,199.686236426944,0,220.571361541748,141.405821595873,140.571933587392,117.844653274074,164.186735153198,124.261583922549,173.88996887207,207.956488320994,171.869855842127,140.818928386611,159.63681418264,135.121455524745,242.60546875,216.448806762695,148.255457636136,157.674832056439
29.0867115626802,146.398334757487,138.301793289185,92.6784207026164,120.878573241057,26.8660139256278,50.0609050656309,79.1657402290283,40.1827717851237,96.6801304374773,111.902923302607,86.6762699021234,118.993751328567,95.6272757096724,28.3858471332795,51.261897390539,164.532243347168,115.690373650313,109.375363832818,125.125271218361,114.600989341736,86.0549520401728,119.209302728826,102.408428868843,101.505131765659,102.408217163086,130.174678950859,132.14578683623,101.203158197343,14.372661127052,38.4186534480566,113.209886214312,13.2750245361545,19.0409073219761,53.0719624405264,187.697016398112,232.875305175781,193.334772109985,197.391911824544,165.068032073975,230.101684570312,215.51169128418,174.006897481283,199.865995134626,132.79541015625,179.969930013021,0,0,0,190.830758836534,0,180.586446126302,161.848342895508,0,225.722793579102,0,177.016469319661,0,189.427130126953,159.54968027483,0,193.625115966797,193.854541990492,166.157387739775,187.604826983284,146.630468096052,0,0,143.357882908412,179.756594085693
34.6539457717117,108.138801574707,100.355261974198,63.1216736597731,132.69568157196,129.228973388672,121.00048233481,21.6288738123794,86.00952085664,79.7385054368239,121.614919749173,120.269750848517,148.78192392985,169.018424987793,63.8657220592131,94.2337207794189,77.8584626835885,83.0809329251596,131.667616584084,113.998640960693,136.937445322673,32.3443907650582,60.263040341829,53.1665763064595,81.614904394997,0,125.637672968566,121.253009155369,43.0992599133434,38.4186534480566,13.2047429421209,182.278942108154,137.501328604562,38.8066167290531,44.6719990147773,155.396159580776,0,166.993905639648,135.651354789734,159.497395833333,0,186.190017700195,152.093376159668,175.633967472957,146.727172851562,169.917443847656,0,205.671295166016,0,170.556977844238,172.348052978516,109.957438741411,0,0,216.091842651367,0,126.791112405282,86.3101100921631,154.85336710612,130.910625126051,0,198.830883026123,181.09491036155,129.756791763034,161.779887608119,121.915335870558,0,0,145.142922141335,153.390256609235
156.341857910156,74.791371998034,103.649641058418,77.7255912549568,0,109.408699035645,124.080268314907,193.881394704183,131.649299856333,150.14179284232,199.480255126953,44.2734337721781,220.742904663086,22.4455634778417,133.000648498535,241.9013671875,123.904685974121,137.960722351074,58.2135762108697,76.6171772003174,195.342742919922,153.437652587891,117.710233394916,143.548710909757,167.106966101605,50.6492327451706,32.5848474495602,26.9374888459216,182.068290993019,113.209886214312,182.278942108154,8.23252109657145,107.213944144871,161.753463745117,83.3650023720481,0,139.07339630127,223.980903625488,71.2556200663249,0,0,0,0,200.348358154297,222.13737487793,0,130.399479916221,0,95.6501657914142,0,0,0,209.144485473633,120.258136325412,122.093521118164,0,0,153.404373168945,163.454193115234,0,85.0581280634953,118.488850297599,115.350749925886,0,0,0,115.797210881739,0,0,175.553974151611
101.404095458984,108.33996158176,177.574120521545,121.418939208984,150.110916137695,11.1896035886632,22.1282185306628,133.532241312663,14.4997471737663,161.440986633301,131.050274823163,70.9761442751498,123.835675375802,80.9351762135824,19.0999856022237,42.0813670603434,0,181.293690999349,98.6615230372695,107.163730688262,138.695688883464,121.237617492676,156.627059936523,159.214004516602,134.522618974958,84.920146208543,110.398305330662,122.122041047509,151.660581588745,13.2750245361545,137.501328604562,107.213944144871,5.31733536472575,153.046340942383,38.4679693934893,0,0,245.912246704102,0,0,0,0,0,0,0,230.637619018555,0,0,150.543670654297,0,0,0,0,0,196.18115234375,0,0,0,0,181.695373535156,0,0,172.753616333008,186.93465423584,0,0,170.300567626953,0,0,0
58.2251192594829,143.306652069092,130.737103804102,83.0906090081907,98.8045218331473,0,130.006225987485,78.035369067768,109.120439910889,70.759740083114,104.725630025754,119.761871610369,120.41748936971,182.545936584473,72.183503926969,141.446521759033,43.6986656188965,110.624084750811,133.134902812816,114.63033048071,105.493488311768,58.893976499868,75.5363189697266,87.5872710045348,81.4325628071806,0,130.112535036527,137.141196764432,77.2183135386263,19.0409073219761,38.8066167290531,161.753463745117,153.046340942383,8.52851756791929,43.1134988893865,175.311757405599,0,205.14924621582,0,162.01318359375,0,165.351608276367,146.55667368571,157.244506835938,148.154998779297,182.283340454102,0,0,0,185.880126953125,0,126.643623352051,0,0,0,0,213.31282043457,0,190.453338623047,147.62724199482,200.578002929688,195.201797485352,191.773571777344,152.631187639738,160.077095031738,136.414810180664,0,0,0,164.560600280762
76.1675331996037,94.6605537264955,68.0409518807335,91.8885668704384,123.01878108149,39.4984051028624,81.2673931954399,92.9842038829699,78.7689801409275,110.033799994482,103.962391202291,28.325025429708,111.3243332315,59.2940594695863,66.6844221258689,72.5431280136108,106.669343312581,53.8754760743837,61.9177392505223,53.0469875234546,106.33409845829,57.3116360661315,123.241131591797,58.4770980582064,110.42320959998,73.7450330668482,67.5462018537765,76.2518243474319,83.8140093338288,53.0719624405264,44.6719990147773,83.3650023720481,38.4679693934893,43.1134988893865,13.0369225539782,174.36680094401,160.102928161621,124.948600203903,102.313035964966,168.404921637641,0,192.032188415527,183.422860145569,194.149968465169,116.247535705566,186.501425606864,171.902519226074,150.185709635417,170.72900390625,182.772028142756,0,156.973062955416,157.553522109985,0,163.688562393188,0,152.553738185338,148.64016172621,149.166038751602,157.687007980347,220.225234985352,148.85223520538,140.228595665523,166.379998976184,176.861396789551,172.107961214506,142.357788085938,0,170.889450073242,188.33194647895
0,0,175.384246826172,84.955202143243,141.271809895833,0,188.328872680664,140.80879452354,191.874465942383,175.13134765625,186.067672729492,236.777183532715,0,0,181.094212849935,0,143.355241775513,0,0,228.679489135742,186.537002563477,136.548977715628,105.567888259888,146.063461303711,145.028173735647,231.240386962891,201.279225667318,195.811796824137,149.661525678031,187.697016398112,155.396159580776,0,0,175.311757405599,174.36680094401,14.5876465082632,154.750289916992,130.493436318857,102.37069979581,96.4964270340769,86.3955581665039,103.66691840874,27.8129021492225,72.6097673488569,84.7717353820801,82.7456795634748,125.305678858902,121.138381958008,173.22554397583,21.2886295634068,80.1293277740479,86.6274110412598,128.811431254237,150.273554184858,140.948058686433,117.775506973267,85.1976052679197,89.3167064666748,106.175613760948,82.0718852209176,0,150.241480084167,150.141012232938,82.9821361168395,19.7272557955199,24.6902895757067,172.564251986417,111.196463267008,36.8818954923651,77.2008610947491
0,151.074745178223,112.430663790022,89.2312879562378,0,0,0,142.690460205078,177.046112060547,0,168.422912597656,142.137919108073,0,124.922369003296,0,0,157.636627197266,103.841548919678,144.201080322266,153.572704315186,0,133.247085571289,185.813179016113,116.845999145508,140.669960021973,146.49094136556,123.704315287272,118.409527434243,172.622950236003,232.875305175781,0,139.07339630127,0,0,160.102928161621,154.750289916992,7.94426597244001,47.5914362006717,31.5370253269162,102.426974369929,0,124.263534545898,117.546980539958,198.995941162109,69.0162192017067,142.111078898112,78.3340614514473,92.9064788818359,52.4424560776084,135.087066650391,105.427211761475,46.970478964324,67.388842851102,98.3791587466285,77.3293498411017,0,84.8314390182495,21.348076929359,79.0821942416104,82.0158486542878,21.3190922414134,56.8218021583081,32.564929584257,109.063583064724,146.641310373942,137.383645057678,75.830123098273,0,101.987274169922,86.3192876669077
153.547320556641,110.038686479841,100.90404905377,100.864128690777,0,0,216.925439834595,177.82654204192,192.03063552444,181.10002746582,205.199356842041,184.330743408203,232.053199768066,197.337051391602,188.070004167228,204.498924255371,118.430803642898,119.544689083888,181.689138793945,152.504953557795,229.689743041992,150.985229145397,116.196182837853,104.923545250526,165.253557986305,142.261505126953,131.720969136556,103.759730950087,168.74143817378,193.334772109985,166.993905639648,223.980903625488,245.912246704102,205.14924621582,124.948600203903,130.493436318857,47.5914362006717,11.2994135009168,47.9117921669938,126.844564216081,226.786071777344,149.867026875814,104.835162639883,141.031139296715,115.949360438756,133.103726788297,97.113114386797,144.923234303792,109.775386137121,139.318623691797,161.847427368164,83.3188710334973,51.6542357215134,102.655000889555,90.1050679989826,169.330958048503,72.8328670864431,59.7529781129625,35.885171050116,103.387955431668,84.2711766560872,42.2441772864235,35.7958559425657,99.2084192001188,146.6038471828,103.546135179387,103.969026353624,154.988151550293,125.813455721227,70.2451994068596
227.729080200195,82.2801965077718,72.2525548184856,57.8521445592244,77.8208089556013,0,0,123.969468688965,127.124726295471,114.966983795166,127.435264110565,58.2327566146851,0,49.657972822384,169.308187484741,105.756858825684,76.5737722570246,85.9939783944024,75.003990650177,131.000335693359,0,130.127970377604,53.5707869810217,84.2491103756812,94.9989989028018,44.9867365062237,77.6816222381592,69.6884538579561,111.736803761235,197.391911824544,135.651354789734,71.2556200663249,0,0,102.313035964966,102.37069979581,31.5370253269162,47.9117921669938,18.0862369922063,61.2765815799887,58.2204246520996,98.9899201644094,106.173124869665,90.9139643949621,22.9194503339834,87.7588097512185,86.9130793621666,68.8889718306692,31.5345774660761,99.2871757415404,57.09313419887,49.4226235336399,71.7053460998535,97.6564648946126,77.0576921833886,73.9059219360352,95.1855643728505,24.3208233371729,63.1759460685179,41.1787450072081,20.2556130913873,53.3667258178839,42.1052526511749,74.4987538163507,111.021414677302,110.937294483185,65.2663324074667,0,89.4421727107121,89.9903757998818
207.763000488281,152.739753723145,185.108693440755,96.0626680374146,13.492951900277,0,156.996134281158,146.153574228287,171.370749253493,105.354649734497,66.868920123496,0,79.6437511299596,0,167.306297302246,153.43087387085,0,0,0,0,30.1435315608978,163.700866699219,134.689924621582,174.789324951172,125.801847118542,0,0,191.094976986156,94.8003626297834,165.068032073975,159.497395833333,0,0,162.01318359375,168.404921637641,96.4964270340769,102.426974369929,126.844564216081,61.2765815799887,10.7231164285296,0,62.6735149457437,80.1086761837914,92.5471757388284,52.1408631169519,23.2171952919389,146.995040893555,31.7085160980158,0,106.577565450517,81.1822386980057,77.6831481036018,163.049902108999,202.244369506836,188.698387145996,16.460357278003,118.50484085083,64.8379435683742,139.00311505353,17.7846014168178,0,162.378393608227,120.010226174006,25.3656559423021,106.1130300098,95.2441111344557,207.907348632812,0,94.8068360038426,112.375785827637
