23127,1,1002,136,10,4,253,8968,5804,93,672,6,72,0,11149,8,1,476,2,22,27,395,27,1650,212,0,138,162,502,21206,8405,1,32,244,367,0,0,15,4,0,0,4,17,2,2,4,0,2,1,1,0,2,2,0,0,1,3,2,19,12,0,0,33,35,6,7,0,0,2,3
1,2687,276,961,2,0,2,6,6,371,5,143,4,667,0,5,38,359,28,88,0,10,2049,80,69,1899,616,7027,34,2,16,16,0,6,234,0,10,36,22,1,0,0,3,0,3,1,3,0,47,1,1,1,35,1,18,0,0,2,15,1,69,101,214,2,1,0,3,0,0,8
1002,276,38116,777,2,15,677,1643,2067,36,850,124,54,90,1145,25,102,4005,7,162,12,341,429,20495,190,26,22145,8499,1054,641,993,10,35,61,1474,6,50,1309,92,0,0,4,72,20,7,13,5,0,1,42,3,27,443,5,45,1,49,78,992,22,13,412,3746,59,9,31,0,0,1,147
136,961,777,307,49,2,390,994,316,332,646,66,174,180,140,12,597,471,17,86,135,1153,829,745,4490,418,1182,13285,2376,441,1826,17,6,248,652,15,5,65,95,4,2,49,186,48,44,69,7,22,20,29,2,45,26,1,11,13,145,27,81,370,42,96,356,453,65,152,2,2,8,42
10,2,2,49,16207,3,244,34,55,240,3746,0,6320,1,43,115,2,2,0,0,21815,1,11,4,4390,0,0,11,8949,69,5,0,2,15,59,2,0,0,29,1787,0,114,42,50,61,330,1,287,0,19,14,0,0,0,0,544,0,1,3,386,0,0,3,468,12,2,0,0,0,20
4,0,15,2,3,4226,7718,26,1994,14,39,7,38,1,326,2819,0,4,1,0,6,1,3,5,14,0,3,1,9,343,3,0,6257,0,113,0,0,0,0,0,0,0,2,0,1,0,0,0,0,0,0,0,0,0,0,0,0,0,0,2,0,0,2,0,0,0,0,0,0,1
253,2,677,390,244,7718,92950,3932,41343,301,12338,33,10118,11,6128,6353,15,92,1,7,881,78,64,382,430,1,129,190,1783,5583,165,3,5867,102,1451,2,2,17,9,41,1,126,131,91,13,197,0,53,0,30,2,1,0,0,2,38,2,4,47,310,1,2,34,425,24,18,0,0,3,24
8968,6,1643,994,34,26,3932,96071,7657,773,23514,6,521,16,6459,106,25,145,0,3,311,466,214,2181,1478,2,222,704,19090,4070,20851,0,94,1028,1729,12,1,24,39,21,0,92,220,77,23,100,0,28,0,43,5,6,11,0,3,25,14,11,150,348,0,14,86,653,71,76,0,2,6,42
5804,6,2067,316,55,1994,41343,7657,86713,223,12025,75,1272,14,44267,907,11,450,6,16,214,314,74,1648,439,2,380,399,1315,5703,1049,1,7649,89,1277,4,0,25,4,6,1,35,103,46,9,42,0,8,1,16,0,3,9,0,1,10,3,4,58,117,2,9,88,196,16,14,0,0,4,17
93,371,36,332,240,14,301,773,223,9560,569,63,4017,172,73,648,19,28,13,10,843,39,1367,73,13685,149,137,1211,2100,462,856,5,6,319,321,8,0,6,76,29,0,46,92,33,68,82,2,35,2,19,1,1,1,2,2,34,5,5,26,300,8,17,38,349,29,24,1,1,5,16
672,5,850,646,3746,39,12338,23514,12025,569,93545,3,13815,4,2664,162,15,58,0,2,10866,99,100,585,1080,0,98,311,11740,1895,196,0,101,265,1623,4,1,7,62,757,0,351,222,170,75,528,2,263,1,46,17,3,6,1,2,167,4,9,78,728,0,2,51,998,34,17,0,3,2,57
6,143,124,66,0,7,33,6,75,63,3,78476,1,21905,47,1,8,268,14507,3591,1,32,68,82,2,2252,28476,2285,19,296,23,1258,26,5,6823,0,7,3,32,0,0,0,0,0,4,0,21,0,138,0,0,1,6,41,54,0,0,2,9,0,330,332,480,1,1,1,16,0,0,12
72,4,54,174,6320,38,10118,521,1272,4017,13815,1,85444,0,498,4375,2,12,0,0,27469,6,30,26,2567,2,6,45,2871,857,13,0,59,46,772,0,0,1,11,147,2,165,73,69,39,240,2,2430,0,19,11,0,0,0,0,725,0,1,4,277,0,0,6,404,9,4,0,0,1,22
0,667,90,180,1,1,11,16,14,172,4,21905,0,31366,4,1,2,28,716,160,1,3,255,13,5,4745,5340,9055,7,42,2,3779,5,1,616,1,22,8,187,0,0,0,1,2,12,0,133,0,769,2,1,0,9,91,84,0,0,6,5,2,1397,452,816,1,0,2,60,0,0,39
11149,0,1145,140,43,326,6128,6459,44267,73,2664,47,498,4,84600,54,4,336,3,16,109,223,24,1088,237,2,186,210,658,18654,1514,1,10212,188,1019,2,0,10,2,0,0,9,21,10,6,8,0,3,0,5,0,1,3,0,1,3,0,1,18,27,0,3,34,49,1,8,0,0,0,5
8,5,25,12,115,2819,6353,106,907,648,162,1,4375,1,54,10747,0,1,0,1,139,4,34,10,439,1,9,33,208,142,11,0,163,18,53,1,0,1,3,9,0,7,1,1,14,13,0,15,0,1,1,0,0,0,0,9,0,1,2,21,0,0,2,37,0,1,0,0,0,0
1,38,102,597,2,0,15,25,11,19,15,8,2,2,4,0,26483,160,0,20,0,2689,7365,9403,1995,2,100,8255,764,17,347,1,0,20,482,1,0,16,6,2,0,2,14,5,11,5,0,1,0,3,0,95,11,0,5,0,160,53,828,41,0,9,106,114,15,81,0,0,2,13
476,359,4005,471,2,4,92,145,450,28,58,268,12,28,336,1,160,50449,394,13076,2,1923,292,15308,125,41,11369,7121,375,1368,2215,8,9,278,8589,4,39,298,39,0,0,1,12,11,3,1,3,0,4,16,0,12,185,4,59,0,33,25,237,7,7,369,1102,29,5,17,0,0,1,43
2,28,7,17,0,1,1,0,6,13,0,14507,0,716,3,0,0,394,17742,6306,0,7,17,16,0,258,11768,595,0,18,8,172,3,4,649,0,3,0,7,0,0,0,0,1,2,0,6,0,14,0,0,1,1,14,15,0,0,1,1,0,68,111,162,0,0,1,4,0,0,9
22,88,162,86,0,0,7,3,16,10,2,3591,0,160,16,1,20,13076,6306,16399,0,268,48,1062,13,331,12857,1605,54,147,199,53,3,32,3776,0,10,15,12,0,0,1,0,0,1,0,5,0,8,0,0,1,22,15,64,0,3,4,22,1,27,321,396,4,3,1,3,0,1,12
27,0,12,135,21815,6,881,311,214,843,10866,1,27469,1,109,139,0,2,0,0,10131,2,20,4,4746,0,2,14,5873,209,5,0,17,30,202,0,0,1,14,1393,0,147,103,69,61,272,1,292,0,20,5,1,1,0,0,575,0,1,5,384,0,1,6,628,9,2,0,0,1,19
395,10,341,1153,1,1,78,466,314,39,99,32,6,3,223,4,2689,1923,7,268,2,83275,1716,36656,417,1,263,1323,8457,1816,21694,2,9,698,10550,7,2,19,10,0,0,3,25,3,8,2,1,0,0,2,1,138,10,0,8,0,423,36,619,82,0,16,98,270,22,214,0,0,5,51
27,2049,429,829,11,3,64,214,74,1367,100,68,30,255,24,34,7365,292,17,48,20,1716,13227,7745,7592,225,222,8374,1401,91,782,11,1,67,793,3,6,68,8,3,0,7,25,5,11,9,2,3,9,9,2,348,41,2,10,0,232,62,1457,55,10,24,364,114,5,67,1,0,2,19
1650,80,20495,745,4,5,382,2181,1648,73,585,82,26,13,1088,10,9403,15308,16,1062,4,36656,7745,123439,791,9,2353,21919,7404,2405,10396,4,26,492,10621,5,13,475,19,1,0,13,115,37,9,15,1,3,2,28,1,498,159,1,24,1,516,276,6858,104,2,120,2054,321,18,140,0,0,4,98
212,69,190,4490,4390,14,430,1478,439,13685,1080,2,2567,5,237,439,1995,125,0,13,4746,417,7592,791,64801,13,88,2889,19974,1471,1867,1,15,1024,1257,57,2,29,174,162,2,402,668,326,207,538,4,225,0,131,29,16,24,1,4,153,52,21,166,1442,2,14,94,2407,182,251,0,3,34,133
0,1899,26,418,0,0,1,2,2,149,0,2252,2,4745,2,1,2,41,258,331,0,1,225,9,13,13395,1146,9308,8,12,0,92,0,0,299,1,10,2,127,0,0,1,0,1,2,0,43,0,448,1,0,0,5,50,37,0,0,8,1,0,815,273,465,1,2,0,26,0,0,15
138,616,22145,1182,0,3,129,222,380,137,98,28476,6,5340,186,9,100,11369,11768,12857,2,263,222,2353,88,1146,147330,36113,210,339,297,2676,18,53,6964,9,384,274,187,1,0,1,25,18,21,4,95,1,170,16,3,13,585,141,749,0,30,49,142,14,488,4255,5398,25,12,30,29,0,4,193
162,7027,8499,13285,11,1,190,704,399,1211,311,2285,45,9055,210,33,8255,7121,595,1605,14,1323,8374,21919,2889,9308,36113,160187,3756,340,479,3231,9,89,7482,16,321,2070,440,2,0,11,130,50,33,25,143,1,334,76,6,113,953,166,665,3,138,303,3183,73,905,4378,11823,207,26,88,38,1,4,399
502,34,1054,2376,8949,9,1783,19090,1315,2100,11740,19,2871,7,658,208,764,375,0,54,5873,8457,1401,7404,19974,8,210,3756,75507,2753,11648,3,21,2351,5556,80,2,56,149,331,4,407,850,239,198,733,8,273,0,136,27,46,40,0,10,221,158,46,339,1892,2,29,144,3055,306,475,0,6,32,166
21206,2,641,441,69,343,5583,4070,5703,462,1895,296,857,42,18654,142,17,1368,18,147,209,1816,91,2405,1471,12,339,340,2753,115893,11915,5,4642,5540,3952,11,1,7,13,8,0,23,102,25,14,34,2,4,0,14,2,0,9,0,4,5,5,5,42,119,2,8,46,241,32,59,0,0,1,18
8405,16,993,1826,5,3,165,20851,1049,856,196,23,13,2,1514,11,347,2215,8,199,5,21694,782,10396,1867,0,297,479,11648,11915,104561,2,24,1843,9318,20,0,27,41,1,0,24,136,28,46,10,1,3,1,29,4,38,12,0,4,2,155,14,114,224,0,16,70,665,82,265,0,1,19,58
1,16,10,17,0,0,3,0,1,5,0,1258,0,3779,1,0,1,8,172,53,0,2,11,4,1,92,2676,3231,3,5,2,4760,2,0,130,0,8,2,13,0,0,0,0,0,0,1,11,0,24,0,0,0,4,9,20,0,0,1,0,0,89,90,140,0,0,0,4,0,0,2
32,0,35,6,2,6257,5867,94,7649,6,101,26,59,5,10212,163,0,9,3,3,17,9,1,26,15,0,18,9,21,4642,24,2,27491,10,290,0,0,1,0,0,0,0,2,0,0,0,0,0,0,0,0,0,0,0,0,0,0,0,2,3,0,0,0,1,1,1,0,0,1,0
244,6,61,248,15,0,102,1028,89,319,265,5,46,1,188,18,20,278,4,32,30,698,67,492,1024,0,53,89,2351,5540,1843,0,10,5748,1517,4,1,1,10,4,0,5,45,12,4,9,0,5,0,6,0,0,3,0,0,3,4,2,24,70,0,1,3,140,13,37,0,0,2,10
367,234,1474,652,59,113,1451,1729,1277,321,1623,6823,772,616,1019,53,482,8589,649,3776,202,10550,793,10621,1257,299,6964,7482,5556,3952,9318,130,290,1517,42037,12,14,166,41,3,0,19,103,25,13,18,7,7,12,23,1,24,88,9,52,7,81,49,563,132,38,301,792,249,26,81,3,0,5,49
0,0,6,15,2,0,2,12,4,8,4,0,0,1,2,1,1,4,0,0,0,7,3,5,57,1,9,16,80,11,20,0,0,4,12,8070,1,272,187,7,3,65,9841,701,98,337,37,11,2,7953,20,10,346,17,251,10,141,14,227,268,1,531,125,617,13249,2212,2,9,51,345
0,10,50,5,0,0,2,1,0,0,1,7,0,22,0,0,0,39,3,10,0,2,6,13,2,10,384,321,2,1,0,8,0,1,14,1,3942,120,537,0,0,1,11,8,631,1,67,1,146,7,20,16,419,24,239,0,26,2081,107,211,4547,830,7575,22,11,20,5,0,2,209
15,36,1309,65,0,0,17,24,25,6,7,3,1,8,10,1,16,298,0,15,1,19,68,475,29,2,274,2070,56,7,27,2,1,1,166,272,120,17639,358,2,4,291,2039,1689,35,466,39,6,9,1694,20,12,5213,18,298,6,164,184,10734,70,7,13768,7834,795,164,392,2,6,11,819
4,22,92,95,29,0,9,39,4,76,62,32,11,187,2,3,6,39,7,12,14,10,8,19,174,127,187,440,149,13,41,13,0,10,41,187,537,358,343,79,4,277,1955,457,609,467,59,83,232,393,19,41,513,24,211,64,61,354,203,4766,1530,1227,8415,2857,683,560,10,7,68,418
0,1,0,4,1787,0,41,21,6,29,757,0,147,0,0,9,2,0,0,0,1393,0,3,1,162,0,1,2,331,8,1,0,0,4,3,7,0,2,79,15227,1,341,27,72,391,6742,2,6977,0,50,136,0,0,0,0,17040,0,9,4,5833,0,1,15,8819,54,4,0,7,4,73
0,0,0,2,0,0,1,0,1,0,0,0,2,0,0,0,0,0,0,0,0,0,0,0,2,0,0,0,4,0,0,0,0,0,0,3,0,4,4,1,4522,6758,32,3026,2,36,49,17,8,787,2791,0,3,3,2,8,3,1,10,12,1,6,3,21,373,0,0,1095,0,131
4,0,4,49,114,0,126,92,35,46,351,0,165,0,9,7,2,1,0,1,147,3,7,13,402,1,1,11,407,23,24,0,0,5,19,65,1,291,277,341,6758,88916,4925,35270,195,25673,116,9305,17,4040,9500,7,38,5,17,1447,13,33,346,1418,0,157,187,6050,2111,42,0,3316,5,726
17,3,72,186,42,2,131,220,103,92,222,0,73,1,21,1,14,12,0,0,103,25,25,115,668,0,25,130,850,102,136,0,2,45,103,9841,11,2039,1955,27,32,4925,88921,7581,659,18727,75,95,5,15471,136,58,1776,30,525,41,669,183,4332,1959,1,1553,1543,20609,5606,10739,2,77,216,2219
2,0,20,48,50,0,91,77,46,33,170,0,69,2,10,1,5,11,1,0,69,3,5,37,326,1,18,50,239,25,28,0,0,12,25,701,8,1689,457,72,3026,35270,7581,100725,204,13363,468,922,65,32926,1859,9,264,31,101,259,65,39,1695,1034,1,1056,555,2434,7636,190,10,7149,14,1384
2,3,7,44,61,1,13,23,9,68,75,4,39,12,6,14,11,3,2,1,61,8,11,9,207,2,21,33,198,14,46,0,0,4,13,98,631,35,609,391,2,195,659,204,8994,220,32,1238,110,216,1388,61,52,10,28,473,60,2026,79,11941,754,159,1221,2176,479,503,12,5,95,280
4,1,13,69,330,0,197,100,42,82,528,0,240,0,8,13,5,1,0,0,272,2,9,15,538,0,4,25,733,34,10,1,0,9,18,337,1,466,467,6742,36,25673,18727,13363,220,79841,87,10723,11,2755,254,13,54,3,18,9469,46,35,759,1538,0,170,242,16913,1442,118,4,88,22,1348
0,3,5,7,1,0,0,0,0,2,2,21,2,133,0,0,0,3,6,5,1,1,2,1,4,43,95,143,8,2,1,11,0,0,7,37,67,39,59,2,49,116,75,468,32,87,59979,39,23902,698,8,0,483,13013,3573,11,139,23,154,23,619,14443,2047,74,813,169,6009,271,19,9360
2,0,0,22,287,0,53,28,8,35,263,0,2430,0,3,15,1,0,0,0,292,0,3,3,225,0,1,1,273,4,3,0,0,5,7,11,1,6,83,6977,17,9305,95,922,1238,10723,39,54867,3,461,3855,0,2,3,2,23173,1,15,12,3470,2,8,14,5613,277,9,1,45,2,360
1,47,1,20,0,0,0,0,1,2,1,138,0,769,0,0,0,4,14,8,0,0,9,2,0,448,170,334,0,0,1,24,0,0,12,2,146,9,232,0,8,17,5,65,110,11,23902,3,36337,69,2,0,11,1175,241,1,6,63,7,22,2265,4658,6395,14,91,9,6257,38,2,781
1,1,42,29,19,0,30,43,16,19,46,0,19,2,5,1,3,16,0,0,20,2,9,28,131,1,16,76,136,14,29,0,0,6,23,7953,7,1694,393,50,787,4040,15471,32926,216,2755,698,461,69,98822,469,8,675,72,340,214,130,39,1507,596,4,1666,505,1910,16990,706,9,5754,62,3449
0,1,3,2,14,0,2,5,0,1,17,0,11,1,0,1,0,0,0,0,5,1,2,1,29,0,3,6,27,2,4,0,0,0,1,20,20,20,19,136,2791,9500,136,1859,1388,254,8,3855,2,469,10514,0,5,0,1,150,0,60,23,496,11,25,55,289,109,3,0,83,3,49
2,1,27,45,0,0,1,6,3,1,3,1,0,0,1,0,95,12,1,1,1,138,348,498,16,0,13,113,46,0,38,0,0,0,24,10,16,12,41,0,0,7,58,9,61,13,0,0,0,8,0,21721,43,0,15,2,4212,8155,15574,2953,2,28,6844,2757,22,162,0,0,5,82
2,35,443,26,0,0,0,11,9,1,6,6,0,9,3,0,11,185,1,22,1,10,41,159,24,5,585,953,40,9,12,4,0,3,88,346,419,5213,513,0,3,38,1776,264,52,54,483,2,11,675,5,43,30252,231,12617,1,4331,194,13546,87,26,8709,8410,532,828,4398,7,1,48,6556
0,1,5,1,0,0,0,0,0,2,1,41,0,91,0,0,0,4,14,15,0,0,2,1,1,50,141,166,0,0,0,9,0,0,9,17,24,18,24,0,3,5,30,31,10,3,13013,3,1175,72,0,0,231,15232,9391,1,42,7,68,5,129,8945,994,14,86,80,557,13,2,805
0,18,45,11,0,0,2,3,1,2,2,54,0,84,1,0,5,59,15,64,0,8,10,24,4,37,749,665,10,4,4,20,0,0,52,251,239,298,211,0,2,17,525,101,28,18,3573,2,241,340,1,15,12617,9391,43150,0,854,31,1785,42,132,20527,2580,209,625,1481,132,9,68,5695
1,0,1,13,544,0,38,25,10,34,167,0,725,0,3,9,0,0,0,0,575,0,0,1,153,0,0,3,221,5,2,0,0,3,7,10,0,6,64,17040,8,1447,41,259,473,9469,11,23173,1,214,150,2,1,1,0,6323,1,2,3,2308,0,4,4,5476,92,3,0,9,1,143
3,0,49,145,0,0,2,14,3,5,4,0,0,0,0,0,160,33,0,3,0,423,232,516,52,0,30,138,158,5,155,0,0,4,81,141,26,164,61,0,3,13,669,65,60,46,139,1,6,130,0,4212,4331,42,854,1,66311,1011,27120,1116,1,483,1022,4326,786,19689,2,0,284,7992
2,2,78,27,1,0,4,11,4,5,9,2,1,6,1,1,53,25,1,4,1,36,62,276,21,8,49,303,46,5,14,1,0,2,49,14,2081,184,354,9,1,33,183,39,2026,35,23,15,63,39,60,8155,194,7,31,2,1011,11961,9512,8637,713,144,11061,2092,81,458,4,0,23,189
19,15,992,81,3,0,47,150,58,26,78,9,4,5,18,2,828,237,1,22,5,619,1457,6858,166,1,142,3183,339,42,114,0,2,24,563,227,107,10734,203,4,10,346,4332,1695,79,759,154,12,7,1507,23,15574,13546,68,1785,3,27120,9512,90879,621,10,2909,13714,10401,453,7758,2,7,89,5837
12,1,22,370,386,2,310,348,117,300,728,0,277,2,27,21,41,7,0,1,384,82,55,104,1442,0,14,73,1892,119,224,0,3,70,132,268,211,70,4766,5833,12,1418,1959,1034,11941,1538,23,3470,22,596,496,2953,87,5,42,2308,1116,8637,621,67812,115,129,2231,22652,1315,801,1,13,181,781
0,69,13,42,0,0,1,0,2,8,0,330,0,1397,0,0,0,7,68,27,0,0,10,2,2,815,488,905,2,2,0,89,0,0,38,1,4547,7,1530,0,1,0,1,1,754,0,619,2,2265,4,11,2,26,129,132,0,1,713,10,115,11192,751,5285,8,3,0,70,1,1,123
0,101,412,96,0,0,2,14,9,17,2,332,0,452,3,0,9,369,111,321,1,16,24,120,14,273,4255,4378,29,8,16,90,0,1,301,531,830,13768,1227,1,6,157,1553,1056,159,170,14443,8,4658,1666,25,28,8709,8945,20527,4,483,144,2909,129,751,120557,34139,461,705,1115,2813,28,64,5707
33,214,3746,356,3,2,34,86,88,38,51,480,6,816,34,2,106,1102,162,396,6,98,364,2054,94,465,5398,11823,144,46,70,140,0,3,792,125,7575,7834,8415,15,3,187,1543,555,1221,242,2047,14,6395,505,55,6844,8410,994,2580,4,1022,11061,13714,2231,5285,34139,169781,3710,280,693,3333,13,46,4952
35,2,59,453,468,0,425,653,196,349,998,1,404,1,49,37,114,29,0,4,628,270,114,321,2407,1,25,207,3055,241,665,0,1,140,249,617,22,795,2857,8819,21,6050,20609,2434,2176,16913,74,5613,14,1910,289,2757,532,14,209,5476,4326,2092,10401,22652,8,461,3710,95582,4124,12952,2,43,893,4755
6,1,9,65,12,0,24,71,16,29,34,1,9,0,1,0,15,5,0,3,9,22,5,18,182,2,12,26,306,32,82,0,1,13,26,13249,11,164,683,54,373,2111,5606,7636,479,1442,813,277,91,16990,109,22,828,86,625,92,786,81,453,1315,3,705,280,4124,126075,6707,15,6027,5644,4171
7,0,31,152,2,0,18,76,14,24,17,1,4,2,8,1,81,17,1,1,2,214,67,140,251,0,30,88,475,59,265,0,1,37,81,2212,20,392,560,4,0,42,10739,190,503,118,169,9,9,706,3,162,4398,80,1481,3,19689,458,7758,801,0,1115,693,12952,6707,61655,0,4,762,7563
0,3,0,2,0,0,0,0,0,1,0,16,0,60,0,0,0,0,4,3,0,0,1,0,0,26,29,38,0,0,0,4,0,0,3,2,5,2,10,0,0,0,2,10,12,4,6009,1,6257,9,0,0,7,557,132,0,2,4,2,1,70,2813,3333,2,15,0,3626,5,1,139
0,0,0,2,0,0,0,2,0,1,3,0,0,0,0,0,0,0,0,0,0,0,0,0,3,0,0,1,6,0,1,0,0,0,0,9,0,6,7,7,1095,3316,77,7149,5,88,271,45,38,5754,83,0,1,13,9,9,0,0,7,13,1,28,13,43,6027,4,5,11531,1,655
2,0,1,8,0,0,3,6,4,5,2,0,1,0,0,0,2,1,0,1,1,5,2,4,34,0,4,4,32,1,19,0,1,2,5,51,2,11,68,4,0,5,216,14,95,22,19,2,2,62,3,5,48,2,68,1,284,23,89,181,1,64,46,893,5644,762,1,1,2687,819
3,8,147,42,20,1,24,42,17,16,57,12,22,39,5,0,13,43,9,12,19,51,19,98,133,15,193,399,166,18,58,2,0,10,49,345,209,819,418,73,131,726,2219,1384,280,1348,9360,360,781,3449,49,82,6556,805,5695,143,7992,189,5837,781,123,5707,4952,4755,4171,7563,139,655,819,37145
